0.000000000000000000e+00 3.591665166681463006e+01 3.517310995214425162e+01 1.000000000000000000e+00 nan nan
1.000000000000000000e+00 3.591665166681463006e+01 3.517447358850802885e+01 1.000000000000000000e+00 nan nan
2.000000000000000000e+00 3.591665166681463006e+01 3.517583722487181319e+01 1.000000000000000000e+00 nan nan
3.000000000000000000e+00 3.591665166681463006e+01 3.517720086123559042e+01 nan nan nan
4.000000000000000000e+00 3.591665166681463717e+01 3.517856449759937476e+01 nan 1.000000000000000000e+00 nan
5.000000000000000000e+00 3.591665166681463006e+01 3.517992813396315199e+01 nan 1.000000000000000000e+00 nan
6.000000000000000000e+00 3.591665166681463006e+01 3.518129177032693633e+01 nan 1.000000000000000000e+00 nan
7.000000000000000000e+00 3.591665166681463717e+01 3.518265540669071356e+01 nan 1.000000000000000000e+00 nan
8.000000000000000000e+00 3.591665166681463717e+01 3.518401904305449079e+01 nan 1.000000000000000000e+00 nan
9.000000000000000000e+00 3.591665166681463006e+01 3.518538267941828224e+01 nan 1.000000000000000000e+00 nan
1.000000000000000000e+01 3.591665166681463006e+01 3.518674631578205236e+01 nan 1.000000000000000000e+00 nan
1.100000000000000000e+01 3.591665166681463717e+01 3.518810995214583670e+01 nan 1.000000000000000000e+00 nan
1.200000000000000000e+01 3.591665166681463006e+01 3.518947358850962104e+01 nan 1.000000000000000000e+00 nan
1.300000000000000000e+01 3.591665166681463006e+01 3.519083722487339827e+01 nan 1.000000000000000000e+00 nan
1.400000000000000000e+01 3.591665166681463717e+01 3.519220086123717550e+01 nan 1.000000000000000000e+00 nan
1.500000000000000000e+01 3.591665166681463717e+01 3.519356449760095984e+01 nan 1.000000000000000000e+00 nan
1.600000000000000000e+01 3.591665166681463006e+01 3.519492813396475128e+01 nan 1.000000000000000000e+00 nan
1.700000000000000000e+01 3.591665166681463006e+01 3.519629177032852851e+01 nan 1.000000000000000000e+00 nan
1.800000000000000000e+01 3.591665166681463006e+01 3.519765540669229864e+01 nan nan nan
1.900000000000000000e+01 3.591665166681463717e+01 3.519901904305608298e+01 nan nan nan
2.000000000000000000e+01 3.591665166681463006e+01 3.520038267941986732e+01 nan nan nan
2.100000000000000000e+01 3.591665166681463006e+01 3.520174631578365876e+01 nan nan nan
2.200000000000000000e+01 3.591665166681463006e+01 3.520310995214742888e+01 nan nan nan
2.300000000000000000e+01 3.591665166681463006e+01 3.520447358851120612e+01 nan nan nan
2.400000000000000000e+01 3.591665166681463006e+01 3.520583722487499045e+01 nan nan nan
2.500000000000000000e+01 3.591665166681463717e+01 3.520720086123876769e+01 nan nan nan
2.600000000000000000e+01 3.591665166681463717e+01 3.520856449760256623e+01 nan nan nan
2.700000000000000000e+01 3.591665166681463006e+01 3.520992813396632926e+01 nan nan nan
2.800000000000000000e+01 3.591665166681463717e+01 3.521129177033011359e+01 nan nan nan
2.900000000000000000e+01 3.591665166681463717e+01 3.521265540669388372e+01 nan nan nan
3.000000000000000000e+01 3.591665166681463006e+01 3.521401904305767516e+01 nan nan nan
3.100000000000000000e+01 3.591665166681463717e+01 3.521538267942145950e+01 nan nan nan
3.200000000000000000e+01 3.591801530317827229e+01 3.517310995214425162e+01 1.000000000000000000e+00 nan nan
3.300000000000000000e+01 3.591801530317827229e+01 3.517447358850802885e+01 1.000000000000000000e+00 nan nan
3.400000000000000000e+01 3.591801530317826519e+01 3.517583722487181319e+01 1.000000000000000000e+00 nan nan
3.500000000000000000e+01 3.591801530317826519e+01 3.517720086123559042e+01 1.000000000000000000e+00 nan nan
3.600000000000000000e+01 3.591801530317827229e+01 3.517856449759937476e+01 nan 1.000000000000000000e+00 nan
3.700000000000000000e+01 3.591801530317826519e+01 3.517992813396315199e+01 nan 1.000000000000000000e+00 nan
3.800000000000000000e+01 3.591801530317826519e+01 3.518129177032693633e+01 nan 1.000000000000000000e+00 nan
3.900000000000000000e+01 3.591801530317826519e+01 3.518265540669071356e+01 nan 1.000000000000000000e+00 nan
4.000000000000000000e+01 3.591801530317827229e+01 3.518401904305449079e+01 nan 1.000000000000000000e+00 nan
4.100000000000000000e+01 3.591801530317826519e+01 3.518538267941828224e+01 nan 1.000000000000000000e+00 nan
4.200000000000000000e+01 3.591801530317826519e+01 3.518674631578205236e+01 nan 1.000000000000000000e+00 nan
4.300000000000000000e+01 3.591801530317827229e+01 3.518810995214583670e+01 nan 1.000000000000000000e+00 nan
4.400000000000000000e+01 3.591801530317825808e+01 3.518947358850962104e+01 nan 1.000000000000000000e+00 nan
4.500000000000000000e+01 3.591801530317825808e+01 3.519083722487339827e+01 nan 1.000000000000000000e+00 nan
4.600000000000000000e+01 3.591801530317827229e+01 3.519220086123717550e+01 nan 1.000000000000000000e+00 nan
4.700000000000000000e+01 3.591801530317826519e+01 3.519356449760095984e+01 nan 1.000000000000000000e+00 nan
4.800000000000000000e+01 3.591801530317826519e+01 3.519492813396475128e+01 nan 1.000000000000000000e+00 nan
4.900000000000000000e+01 3.591801530317827229e+01 3.519629177032852851e+01 nan 1.000000000000000000e+00 nan
5.000000000000000000e+01 3.591801530317826519e+01 3.519765540669229864e+01 nan nan nan
5.100000000000000000e+01 3.591801530317825808e+01 3.519901904305608298e+01 nan nan nan
5.200000000000000000e+01 3.591801530317826519e+01 3.520038267941986732e+01 nan nan nan
5.300000000000000000e+01 3.591801530317827229e+01 3.520174631578365876e+01 nan nan nan
5.400000000000000000e+01 3.591801530317826519e+01 3.520310995214742888e+01 nan nan nan
5.500000000000000000e+01 3.591801530317826519e+01 3.520447358851120612e+01 nan nan nan
5.600000000000000000e+01 3.591801530317826519e+01 3.520583722487499045e+01 nan nan nan
5.700000000000000000e+01 3.591801530317826519e+01 3.520720086123876769e+01 nan nan nan
5.800000000000000000e+01 3.591801530317825808e+01 3.520856449760256623e+01 nan nan nan
5.900000000000000000e+01 3.591801530317826519e+01 3.520992813396632926e+01 nan nan nan
6.000000000000000000e+01 3.591801530317825808e+01 3.521129177033011359e+01 nan nan nan
6.100000000000000000e+01 3.591801530317825808e+01 3.521265540669388372e+01 nan nan nan
6.200000000000000000e+01 3.591801530317827229e+01 3.521401904305767516e+01 nan nan nan
6.300000000000000000e+01 3.591801530317825808e+01 3.521538267942145950e+01 nan nan nan
6.400000000000000000e+01 3.591937893954190741e+01 3.517310995214424452e+01 1.000000000000000000e+00 nan nan
6.500000000000000000e+01 3.591937893954190031e+01 3.517447358850802885e+01 1.000000000000000000e+00 nan nan
6.600000000000000000e+01 3.591937893954190031e+01 3.517583722487181319e+01 1.000000000000000000e+00 nan nan
6.700000000000000000e+01 3.591937893954190031e+01 3.517720086123559042e+01 1.000000000000000000e+00 nan nan
6.800000000000000000e+01 3.591937893954190741e+01 3.517856449759938187e+01 nan 1.000000000000000000e+00 nan
6.900000000000000000e+01 3.591937893954190031e+01 3.517992813396315199e+01 nan 1.000000000000000000e+00 nan
7.000000000000000000e+01 3.591937893954190031e+01 3.518129177032693633e+01 nan 1.000000000000000000e+00 nan
7.100000000000000000e+01 3.591937893954190031e+01 3.518265540669071356e+01 nan 1.000000000000000000e+00 nan
7.200000000000000000e+01 3.591937893954190741e+01 3.518401904305450500e+01 nan 1.000000000000000000e+00 nan
7.300000000000000000e+01 3.591937893954190031e+01 3.518538267941827513e+01 nan 1.000000000000000000e+00 nan
7.400000000000000000e+01 3.591937893954190031e+01 3.518674631578205236e+01 nan 1.000000000000000000e+00 nan
7.500000000000000000e+01 3.591937893954190031e+01 3.518810995214582960e+01 nan 1.000000000000000000e+00 nan
7.600000000000000000e+01 3.591937893954190741e+01 3.518947358850962104e+01 1.000000000000000000e+00 1.000000000000000000e+00 1.000000000000000000e+00
7.700000000000000000e+01 3.591937893954190741e+01 3.519083722487339116e+01 nan 1.000000000000000000e+00 nan
7.800000000000000000e+01 3.591937893954190031e+01 3.519220086123717550e+01 nan 1.000000000000000000e+00 nan
7.900000000000000000e+01 3.591937893954190031e+01 3.519356449760095984e+01 nan 1.000000000000000000e+00 nan
8.000000000000000000e+01 3.591937893954190031e+01 3.519492813396474418e+01 nan 1.000000000000000000e+00 nan
8.100000000000000000e+01 3.591937893954190031e+01 3.519629177032852851e+01 nan 1.000000000000000000e+00 nan
8.200000000000000000e+01 3.591937893954190031e+01 3.519765540669230575e+01 nan nan nan
8.300000000000000000e+01 3.591937893954190031e+01 3.519901904305608298e+01 nan nan nan
8.400000000000000000e+01 3.591937893954190031e+01 3.520038267941986732e+01 nan nan nan
8.500000000000000000e+01 3.591937893954190031e+01 3.520174631578365165e+01 nan nan nan
8.600000000000000000e+01 3.591937893954190031e+01 3.520310995214742888e+01 nan nan nan
8.700000000000000000e+01 3.591937893954190741e+01 3.520447358851121322e+01 nan nan nan
8.800000000000000000e+01 3.591937893954190741e+01 3.520583722487498335e+01 nan nan nan
8.900000000000000000e+01 3.591937893954190031e+01 3.520720086123878190e+01 nan nan nan
9.000000000000000000e+01 3.591937893954190031e+01 3.520856449760255202e+01 nan nan nan
9.100000000000000000e+01 3.591937893954190031e+01 3.520992813396634347e+01 nan nan nan
9.200000000000000000e+01 3.591937893954190031e+01 3.521129177033011359e+01 nan nan nan
9.300000000000000000e+01 3.591937893954190741e+01 3.521265540669389793e+01 nan nan nan
9.400000000000000000e+01 3.591937893954190741e+01 3.521401904305768227e+01 nan nan nan
9.500000000000000000e+01 3.591937893954190031e+01 3.521538267942145950e+01 nan nan nan
9.600000000000000000e+01 3.592074257590554254e+01 3.517310995214425162e+01 nan nan nan
9.700000000000000000e+01 3.592074257590553543e+01 3.517447358850802885e+01 1.000000000000000000e+00 nan nan
9.800000000000000000e+01 3.592074257590554254e+01 3.517583722487181319e+01 1.000000000000000000e+00 nan nan
9.900000000000000000e+01 3.592074257590553543e+01 3.517720086123559042e+01 1.000000000000000000e+00 nan nan
1.000000000000000000e+02 3.592074257590553543e+01 3.517856449759937476e+01 1.000000000000000000e+00 1.000000000000000000e+00 1.000000000000000000e+00
1.010000000000000000e+02 3.592074257590554254e+01 3.517992813396315199e+01 1.000000000000000000e+00 1.000000000000000000e+00 1.000000000000000000e+00
1.020000000000000000e+02 3.592074257590554254e+01 3.518129177032693633e+01 1.000000000000000000e+00 1.000000000000000000e+00 1.000000000000000000e+00
1.030000000000000000e+02 3.592074257590554254e+01 3.518265540669071356e+01 nan 1.000000000000000000e+00 nan
1.040000000000000000e+02 3.592074257590554254e+01 3.518401904305449079e+01 1.000000000000000000e+00 1.000000000000000000e+00 1.000000000000000000e+00
1.050000000000000000e+02 3.592074257590553543e+01 3.518538267941828224e+01 nan 1.000000000000000000e+00 nan
1.060000000000000000e+02 3.592074257590554254e+01 3.518674631578205236e+01 nan 1.000000000000000000e+00 nan
1.070000000000000000e+02 3.592074257590554254e+01 3.518810995214583670e+01 nan 1.000000000000000000e+00 nan
1.080000000000000000e+02 3.592074257590553543e+01 3.518947358850962104e+01 nan 1.000000000000000000e+00 nan
1.090000000000000000e+02 3.592074257590554254e+01 3.519083722487339827e+01 nan 1.000000000000000000e+00 nan
1.100000000000000000e+02 3.592074257590554254e+01 3.519220086123717550e+01 nan 1.000000000000000000e+00 nan
1.110000000000000000e+02 3.592074257590554254e+01 3.519356449760095984e+01 nan 1.000000000000000000e+00 nan
1.120000000000000000e+02 3.592074257590554964e+01 3.519492813396475128e+01 1.000000000000000000e+00 1.000000000000000000e+00 1.000000000000000000e+00
1.130000000000000000e+02 3.592074257590554254e+01 3.519629177032852851e+01 nan 1.000000000000000000e+00 nan
1.140000000000000000e+02 3.592074257590554254e+01 3.519765540669229864e+01 nan nan nan
1.150000000000000000e+02 3.592074257590554254e+01 3.519901904305608298e+01 nan nan nan
1.160000000000000000e+02 3.592074257590553543e+01 3.520038267941986732e+01 nan nan nan
1.170000000000000000e+02 3.592074257590553543e+01 3.520174631578365876e+01 nan nan nan
1.180000000000000000e+02 3.592074257590553543e+01 3.520310995214742888e+01 nan nan nan
1.190000000000000000e+02 3.592074257590554964e+01 3.520447358851120612e+01 nan nan nan
1.200000000000000000e+02 3.592074257590553543e+01 3.520583722487499045e+01 nan nan nan
1.210000000000000000e+02 3.592074257590553543e+01 3.520720086123876769e+01 nan nan nan
1.220000000000000000e+02 3.592074257590554254e+01 3.520856449760256623e+01 nan nan nan
1.230000000000000000e+02 3.592074257590554254e+01 3.520992813396632926e+01 nan nan nan
1.240000000000000000e+02 3.592074257590554254e+01 3.521129177033011359e+01 nan nan nan
1.250000000000000000e+02 3.592074257590553543e+01 3.521265540669388372e+01 nan nan nan
1.260000000000000000e+02 3.592074257590554254e+01 3.521401904305767516e+01 nan nan nan
1.270000000000000000e+02 3.592074257590553543e+01 3.521538267942145950e+01 nan nan nan
1.280000000000000000e+02 3.592210621226917766e+01 3.517310995214425162e+01 nan nan nan
1.290000000000000000e+02 3.592210621226917766e+01 3.517447358850802885e+01 1.000000000000000000e+00 nan nan
1.300000000000000000e+02 3.592210621226917766e+01 3.517583722487181319e+01 1.000000000000000000e+00 nan nan
1.310000000000000000e+02 3.592210621226917056e+01 3.517720086123559042e+01 1.000000000000000000e+00 nan nan
1.320000000000000000e+02 3.592210621226918477e+01 3.517856449759938187e+01 1.000000000000000000e+00 1.000000000000000000e+00 1.000000000000000000e+00
1.330000000000000000e+02 3.592210621226917766e+01 3.517992813396315199e+01 1.000000000000000000e+00 1.000000000000000000e+00 1.000000000000000000e+00
1.340000000000000000e+02 3.592210621226917766e+01 3.518129177032693633e+01 1.000000000000000000e+00 1.000000000000000000e+00 1.000000000000000000e+00
1.350000000000000000e+02 3.592210621226917766e+01 3.518265540669071356e+01 1.000000000000000000e+00 1.000000000000000000e+00 1.000000000000000000e+00
1.360000000000000000e+02 3.592210621226917766e+01 3.518401904305449079e+01 1.000000000000000000e+00 1.000000000000000000e+00 1.000000000000000000e+00
1.370000000000000000e+02 3.592210621226918477e+01 3.518538267941828224e+01 nan 1.000000000000000000e+00 nan
1.380000000000000000e+02 3.592210621226918477e+01 3.518674631578205236e+01 1.000000000000000000e+00 1.000000000000000000e+00 1.000000000000000000e+00
1.390000000000000000e+02 3.592210621226917766e+01 3.518810995214583670e+01 nan 1.000000000000000000e+00 nan
1.400000000000000000e+02 3.592210621226917766e+01 3.518947358850962104e+01 1.000000000000000000e+00 1.000000000000000000e+00 1.000000000000000000e+00
1.410000000000000000e+02 3.592210621226917766e+01 3.519083722487339827e+01 nan 1.000000000000000000e+00 nan
1.420000000000000000e+02 3.592210621226917766e+01 3.519220086123718261e+01 nan 1.000000000000000000e+00 nan
1.430000000000000000e+02 3.592210621226917766e+01 3.519356449760096694e+01 nan nan nan
1.440000000000000000e+02 3.592210621226917766e+01 3.519492813396475128e+01 1.000000000000000000e+00 nan nan
1.450000000000000000e+02 3.592210621226917766e+01 3.519629177032853562e+01 nan nan nan
1.460000000000000000e+02 3.592210621226917766e+01 3.519765540669230575e+01 1.000000000000000000e+00 nan nan
1.470000000000000000e+02 3.592210621226917766e+01 3.519901904305608298e+01 nan nan nan
1.480000000000000000e+02 3.592210621226917766e+01 3.520038267941986732e+01 nan nan nan
1.490000000000000000e+02 3.592210621226917766e+01 3.520174631578365876e+01 nan nan nan
1.500000000000000000e+02 3.592210621226917766e+01 3.520310995214742178e+01 nan nan nan
1.510000000000000000e+02 3.592210621226917766e+01 3.520447358851120612e+01 nan nan nan
1.520000000000000000e+02 3.592210621226917766e+01 3.520583722487498335e+01 nan nan nan
1.530000000000000000e+02 3.592210621226917766e+01 3.520720086123876769e+01 nan nan nan
1.540000000000000000e+02 3.592210621226917766e+01 3.520856449760256623e+01 nan nan nan
1.550000000000000000e+02 3.592210621226917766e+01 3.520992813396633636e+01 nan nan nan
1.560000000000000000e+02 3.592210621226917766e+01 3.521129177033011359e+01 nan nan nan
1.570000000000000000e+02 3.592210621226917766e+01 3.521265540669389793e+01 nan nan nan
1.580000000000000000e+02 3.592210621226917766e+01 3.521401904305767516e+01 nan nan nan
1.590000000000000000e+02 3.592210621226917766e+01 3.521538267942145950e+01 1.000000000000000000e+00 nan nan
1.600000000000000000e+02 3.592346984863281278e+01 3.517310995214425162e+01 nan nan nan
1.610000000000000000e+02 3.592346984863280568e+01 3.517447358850802885e+01 nan nan nan
1.620000000000000000e+02 3.592346984863281278e+01 3.517583722487181319e+01 nan nan nan
1.630000000000000000e+02 3.592346984863281278e+01 3.517720086123559042e+01 1.000000000000000000e+00 nan nan
1.640000000000000000e+02 3.592346984863281989e+01 3.517856449759937476e+01 1.000000000000000000e+00 1.000000000000000000e+00 1.000000000000000000e+00
1.650000000000000000e+02 3.592346984863281989e+01 3.517992813396315199e+01 1.000000000000000000e+00 1.000000000000000000e+00 1.000000000000000000e+00
1.660000000000000000e+02 3.592346984863280568e+01 3.518129177032693633e+01 1.000000000000000000e+00 1.000000000000000000e+00 1.000000000000000000e+00
1.670000000000000000e+02 3.592346984863281989e+01 3.518265540669071356e+01 1.000000000000000000e+00 1.000000000000000000e+00 1.000000000000000000e+00
1.680000000000000000e+02 3.592346984863281278e+01 3.518401904305449079e+01 1.000000000000000000e+00 1.000000000000000000e+00 1.000000000000000000e+00
1.690000000000000000e+02 3.592346984863281989e+01 3.518538267941828224e+01 nan 1.000000000000000000e+00 nan
1.700000000000000000e+02 3.592346984863281278e+01 3.518674631578205236e+01 1.000000000000000000e+00 1.000000000000000000e+00 1.000000000000000000e+00
1.710000000000000000e+02 3.592346984863281989e+01 3.518810995214583670e+01 1.000000000000000000e+00 1.000000000000000000e+00 1.000000000000000000e+00
1.720000000000000000e+02 3.592346984863281989e+01 3.518947358850962104e+01 1.000000000000000000e+00 1.000000000000000000e+00 1.000000000000000000e+00
1.730000000000000000e+02 3.592346984863281278e+01 3.519083722487339827e+01 1.000000000000000000e+00 1.000000000000000000e+00 1.000000000000000000e+00
1.740000000000000000e+02 3.592346984863280568e+01 3.519220086123717550e+01 1.000000000000000000e+00 1.000000000000000000e+00 1.000000000000000000e+00
1.750000000000000000e+02 3.592346984863281278e+01 3.519356449760095984e+01 1.000000000000000000e+00 nan nan
1.760000000000000000e+02 3.592346984863281989e+01 3.519492813396475128e+01 1.000000000000000000e+00 nan nan
1.770000000000000000e+02 3.592346984863281278e+01 3.519629177032852851e+01 nan nan nan
1.780000000000000000e+02 3.592346984863281989e+01 3.519765540669229864e+01 1.000000000000000000e+00 nan nan
1.790000000000000000e+02 3.592346984863280568e+01 3.519901904305608298e+01 1.000000000000000000e+00 nan nan
1.800000000000000000e+02 3.592346984863281278e+01 3.520038267941986732e+01 nan nan nan
1.810000000000000000e+02 3.592346984863281278e+01 3.520174631578365876e+01 1.000000000000000000e+00 nan nan
1.820000000000000000e+02 3.592346984863281278e+01 3.520310995214742888e+01 1.000000000000000000e+00 nan nan
1.830000000000000000e+02 3.592346984863281989e+01 3.520447358851120612e+01 nan nan nan
1.840000000000000000e+02 3.592346984863281989e+01 3.520583722487499045e+01 nan nan nan
1.850000000000000000e+02 3.592346984863280568e+01 3.520720086123876769e+01 nan 1.000000000000000000e+00 nan
1.860000000000000000e+02 3.592346984863281278e+01 3.520856449760256623e+01 nan 1.000000000000000000e+00 nan
1.870000000000000000e+02 3.592346984863280568e+01 3.520992813396632926e+01 nan 1.000000000000000000e+00 nan
1.880000000000000000e+02 3.592346984863281989e+01 3.521129177033011359e+01 nan 1.000000000000000000e+00 nan
1.890000000000000000e+02 3.592346984863281989e+01 3.521265540669388372e+01 nan 1.000000000000000000e+00 nan
1.900000000000000000e+02 3.592346984863281989e+01 3.521401904305767516e+01 nan 1.000000000000000000e+00 nan
1.910000000000000000e+02 3.592346984863280568e+01 3.521538267942145950e+01 nan 1.000000000000000000e+00 nan
1.920000000000000000e+02 3.592483348499644791e+01 3.517310995214424452e+01 nan nan nan
1.930000000000000000e+02 3.592483348499644791e+01 3.517447358850802885e+01 nan nan nan
1.940000000000000000e+02 3.592483348499644791e+01 3.517583722487180609e+01 nan nan nan
1.950000000000000000e+02 3.592483348499644791e+01 3.517720086123559042e+01 1.000000000000000000e+00 nan nan
1.960000000000000000e+02 3.592483348499644791e+01 3.517856449759938187e+01 1.000000000000000000e+00 1.000000000000000000e+00 1.000000000000000000e+00
1.970000000000000000e+02 3.592483348499644791e+01 3.517992813396315199e+01 1.000000000000000000e+00 1.000000000000000000e+00 1.000000000000000000e+00
1.980000000000000000e+02 3.592483348499644791e+01 3.518129177032693633e+01 1.000000000000000000e+00 1.000000000000000000e+00 1.000000000000000000e+00
1.990000000000000000e+02 3.592483348499644791e+01 3.518265540669071356e+01 1.000000000000000000e+00 1.000000000000000000e+00 1.000000000000000000e+00
2.000000000000000000e+02 3.592483348499645501e+01 3.518401904305450500e+01 1.000000000000000000e+00 1.000000000000000000e+00 1.000000000000000000e+00
2.010000000000000000e+02 3.592483348499644080e+01 3.518538267941828224e+01 nan 1.000000000000000000e+00 nan
2.020000000000000000e+02 3.592483348499644791e+01 3.518674631578205236e+01 1.000000000000000000e+00 1.000000000000000000e+00 1.000000000000000000e+00
2.030000000000000000e+02 3.592483348499644791e+01 3.518810995214583670e+01 1.000000000000000000e+00 1.000000000000000000e+00 1.000000000000000000e+00
2.040000000000000000e+02 3.592483348499644080e+01 3.518947358850962104e+01 1.000000000000000000e+00 1.000000000000000000e+00 1.000000000000000000e+00
2.050000000000000000e+02 3.592483348499644791e+01 3.519083722487339116e+01 1.000000000000000000e+00 nan nan
2.060000000000000000e+02 3.592483348499644791e+01 3.519220086123718261e+01 1.000000000000000000e+00 nan nan
2.070000000000000000e+02 3.592483348499644791e+01 3.519356449760095984e+01 1.000000000000000000e+00 nan nan
2.080000000000000000e+02 3.592483348499644791e+01 3.519492813396475128e+01 1.000000000000000000e+00 nan nan
2.090000000000000000e+02 3.592483348499644791e+01 3.519629177032852851e+01 1.000000000000000000e+00 nan nan
2.100000000000000000e+02 3.592483348499644080e+01 3.519765540669229864e+01 nan nan nan
2.110000000000000000e+02 3.592483348499644791e+01 3.519901904305608298e+01 nan nan nan
2.120000000000000000e+02 3.592483348499644791e+01 3.520038267941986732e+01 1.000000000000000000e+00 nan nan
2.130000000000000000e+02 3.592483348499644791e+01 3.520174631578365876e+01 1.000000000000000000e+00 nan nan
2.140000000000000000e+02 3.592483348499644791e+01 3.520310995214742888e+01 1.000000000000000000e+00 nan nan
2.150000000000000000e+02 3.592483348499644791e+01 3.520447358851120612e+01 nan nan nan
2.160000000000000000e+02 3.592483348499644791e+01 3.520583722487498335e+01 nan nan nan
2.170000000000000000e+02 3.592483348499644080e+01 3.520720086123876769e+01 nan 1.000000000000000000e+00 nan
2.180000000000000000e+02 3.592483348499644791e+01 3.520856449760256623e+01 nan 1.000000000000000000e+00 nan
2.190000000000000000e+02 3.592483348499644791e+01 3.520992813396632926e+01 1.000000000000000000e+00 1.000000000000000000e+00 1.000000000000000000e+00
2.200000000000000000e+02 3.592483348499644791e+01 3.521129177033011359e+01 nan 1.000000000000000000e+00 nan
2.210000000000000000e+02 3.592483348499644080e+01 3.521265540669389793e+01 nan 1.000000000000000000e+00 nan
2.220000000000000000e+02 3.592483348499644791e+01 3.521401904305767516e+01 1.000000000000000000e+00 1.000000000000000000e+00 1.000000000000000000e+00
2.230000000000000000e+02 3.592483348499644080e+01 3.521538267942145239e+01 nan 1.000000000000000000e+00 nan
2.240000000000000000e+02 3.592619712136008303e+01 3.517310995214424452e+01 nan nan nan
2.250000000000000000e+02 3.592619712136008303e+01 3.517447358850802885e+01 nan nan nan
2.260000000000000000e+02 3.592619712136008303e+01 3.517583722487180609e+01 nan nan nan
2.270000000000000000e+02 3.592619712136008303e+01 3.517720086123559042e+01 nan nan nan
2.280000000000000000e+02 3.592619712136008303e+01 3.517856449759938187e+01 1.000000000000000000e+00 1.000000000000000000e+00 1.000000000000000000e+00
2.290000000000000000e+02 3.592619712136008303e+01 3.517992813396315199e+01 1.000000000000000000e+00 1.000000000000000000e+00 1.000000000000000000e+00
2.300000000000000000e+02 3.592619712136008303e+01 3.518129177032693633e+01 1.000000000000000000e+00 1.000000000000000000e+00 1.000000000000000000e+00
2.310000000000000000e+02 3.592619712136008303e+01 3.518265540669071356e+01 1.000000000000000000e+00 1.000000000000000000e+00 1.000000000000000000e+00
2.320000000000000000e+02 3.592619712136008303e+01 3.518401904305450500e+01 1.000000000000000000e+00 1.000000000000000000e+00 1.000000000000000000e+00
2.330000000000000000e+02 3.592619712136008303e+01 3.518538267941828224e+01 1.000000000000000000e+00 1.000000000000000000e+00 1.000000000000000000e+00
2.340000000000000000e+02 3.592619712136008303e+01 3.518674631578205236e+01 1.000000000000000000e+00 1.000000000000000000e+00 1.000000000000000000e+00
2.350000000000000000e+02 3.592619712136008303e+01 3.518810995214583670e+01 1.000000000000000000e+00 1.000000000000000000e+00 1.000000000000000000e+00
2.360000000000000000e+02 3.592619712136008303e+01 3.518947358850962104e+01 1.000000000000000000e+00 1.000000000000000000e+00 1.000000000000000000e+00
2.370000000000000000e+02 3.592619712136008303e+01 3.519083722487339116e+01 1.000000000000000000e+00 1.000000000000000000e+00 1.000000000000000000e+00
2.380000000000000000e+02 3.592619712136008303e+01 3.519220086123718261e+01 1.000000000000000000e+00 1.000000000000000000e+00 1.000000000000000000e+00
2.390000000000000000e+02 3.592619712136008303e+01 3.519356449760095984e+01 1.000000000000000000e+00 1.000000000000000000e+00 1.000000000000000000e+00
2.400000000000000000e+02 3.592619712136008303e+01 3.519492813396475128e+01 1.000000000000000000e+00 1.000000000000000000e+00 1.000000000000000000e+00
2.410000000000000000e+02 3.592619712136008303e+01 3.519629177032852851e+01 1.000000000000000000e+00 1.000000000000000000e+00 1.000000000000000000e+00
2.420000000000000000e+02 3.592619712136008303e+01 3.519765540669229864e+01 nan nan nan
2.430000000000000000e+02 3.592619712136008303e+01 3.519901904305608298e+01 1.000000000000000000e+00 nan nan
2.440000000000000000e+02 3.592619712136008303e+01 3.520038267941986732e+01 1.000000000000000000e+00 nan nan
2.450000000000000000e+02 3.592619712136008303e+01 3.520174631578365876e+01 nan nan nan
2.460000000000000000e+02 3.592619712136008303e+01 3.520310995214742888e+01 1.000000000000000000e+00 1.000000000000000000e+00 1.000000000000000000e+00
2.470000000000000000e+02 3.592619712136008303e+01 3.520447358851120612e+01 nan 1.000000000000000000e+00 nan
2.480000000000000000e+02 3.592619712136009014e+01 3.520583722487498335e+01 nan 1.000000000000000000e+00 nan
2.490000000000000000e+02 3.592619712136008303e+01 3.520720086123876769e+01 nan 1.000000000000000000e+00 nan
2.500000000000000000e+02 3.592619712136008303e+01 3.520856449760256623e+01 nan 1.000000000000000000e+00 nan
2.510000000000000000e+02 3.592619712136008303e+01 3.520992813396632926e+01 1.000000000000000000e+00 1.000000000000000000e+00 1.000000000000000000e+00
2.520000000000000000e+02 3.592619712136008303e+01 3.521129177033011359e+01 nan 1.000000000000000000e+00 nan
2.530000000000000000e+02 3.592619712136008303e+01 3.521265540669389793e+01 nan 1.000000000000000000e+00 nan
2.540000000000000000e+02 3.592619712136008303e+01 3.521401904305767516e+01 nan 1.000000000000000000e+00 nan
2.550000000000000000e+02 3.592619712136008303e+01 3.521538267942145239e+01 nan 1.000000000000000000e+00 nan
2.560000000000000000e+02 3.592756075772372526e+01 3.517310995214425162e+01 nan nan nan
2.570000000000000000e+02 3.592756075772371815e+01 3.517447358850802885e+01 nan nan nan
2.580000000000000000e+02 3.592756075772371815e+01 3.517583722487181319e+01 1.000000000000000000e+00 nan nan
2.590000000000000000e+02 3.592756075772371815e+01 3.517720086123559042e+01 nan nan nan
2.600000000000000000e+02 3.592756075772371815e+01 3.517856449759938187e+01 1.000000000000000000e+00 1.000000000000000000e+00 1.000000000000000000e+00
2.610000000000000000e+02 3.592756075772371815e+01 3.517992813396315199e+01 1.000000000000000000e+00 1.000000000000000000e+00 1.000000000000000000e+00
2.620000000000000000e+02 3.592756075772371815e+01 3.518129177032693633e+01 nan 1.000000000000000000e+00 nan
2.630000000000000000e+02 3.592756075772371815e+01 3.518265540669071356e+01 1.000000000000000000e+00 1.000000000000000000e+00 1.000000000000000000e+00
2.640000000000000000e+02 3.592756075772372526e+01 3.518401904305449079e+01 1.000000000000000000e+00 1.000000000000000000e+00 1.000000000000000000e+00
2.650000000000000000e+02 3.592756075772372526e+01 3.518538267941828224e+01 1.000000000000000000e+00 1.000000000000000000e+00 1.000000000000000000e+00
2.660000000000000000e+02 3.592756075772372526e+01 3.518674631578205236e+01 1.000000000000000000e+00 1.000000000000000000e+00 1.000000000000000000e+00
2.670000000000000000e+02 3.592756075772371815e+01 3.518810995214583670e+01 1.000000000000000000e+00 1.000000000000000000e+00 1.000000000000000000e+00
2.680000000000000000e+02 3.592756075772371815e+01 3.518947358850962104e+01 1.000000000000000000e+00 1.000000000000000000e+00 1.000000000000000000e+00
2.690000000000000000e+02 3.592756075772371815e+01 3.519083722487339827e+01 1.000000000000000000e+00 1.000000000000000000e+00 1.000000000000000000e+00
2.700000000000000000e+02 3.592756075772371815e+01 3.519220086123718261e+01 1.000000000000000000e+00 1.000000000000000000e+00 1.000000000000000000e+00
2.710000000000000000e+02 3.592756075772371815e+01 3.519356449760096694e+01 1.000000000000000000e+00 1.000000000000000000e+00 1.000000000000000000e+00
2.720000000000000000e+02 3.592756075772371815e+01 3.519492813396475128e+01 1.000000000000000000e+00 1.000000000000000000e+00 1.000000000000000000e+00
2.730000000000000000e+02 3.592756075772371815e+01 3.519629177032853562e+01 1.000000000000000000e+00 1.000000000000000000e+00 1.000000000000000000e+00
2.740000000000000000e+02 3.592756075772371815e+01 3.519765540669230575e+01 1.000000000000000000e+00 nan nan
2.750000000000000000e+02 3.592756075772371815e+01 3.519901904305608298e+01 1.000000000000000000e+00 nan nan
2.760000000000000000e+02 3.592756075772371815e+01 3.520038267941986732e+01 1.000000000000000000e+00 nan nan
2.770000000000000000e+02 3.592756075772371815e+01 3.520174631578365876e+01 nan nan nan
2.780000000000000000e+02 3.592756075772371815e+01 3.520310995214742178e+01 1.000000000000000000e+00 1.000000000000000000e+00 1.000000000000000000e+00
2.790000000000000000e+02 3.592756075772371815e+01 3.520447358851120612e+01 1.000000000000000000e+00 1.000000000000000000e+00 1.000000000000000000e+00
2.800000000000000000e+02 3.592756075772372526e+01 3.520583722487498335e+01 1.000000000000000000e+00 1.000000000000000000e+00 1.000000000000000000e+00
2.810000000000000000e+02 3.592756075772371815e+01 3.520720086123876769e+01 1.000000000000000000e+00 1.000000000000000000e+00 1.000000000000000000e+00
2.820000000000000000e+02 3.592756075772371815e+01 3.520856449760256623e+01 nan 1.000000000000000000e+00 nan
2.830000000000000000e+02 3.592756075772372526e+01 3.520992813396633636e+01 nan 1.000000000000000000e+00 nan
2.840000000000000000e+02 3.592756075772371815e+01 3.521129177033011359e+01 nan 1.000000000000000000e+00 nan
2.850000000000000000e+02 3.592756075772371815e+01 3.521265540669389793e+01 1.000000000000000000e+00 1.000000000000000000e+00 1.000000000000000000e+00
2.860000000000000000e+02 3.592756075772371815e+01 3.521401904305767516e+01 nan 1.000000000000000000e+00 nan
2.870000000000000000e+02 3.592756075772371815e+01 3.521538267942145950e+01 nan 1.000000000000000000e+00 nan
2.880000000000000000e+02 3.592892439408736749e+01 3.517310995214425162e+01 nan nan nan
2.890000000000000000e+02 3.592892439408736749e+01 3.517447358850802885e+01 nan nan nan
2.900000000000000000e+02 3.592892439408736749e+01 3.517583722487181319e+01 nan nan nan
2.910000000000000000e+02 3.592892439408736749e+01 3.517720086123559042e+01 nan nan nan
2.920000000000000000e+02 3.592892439408736749e+01 3.517856449759938187e+01 1.000000000000000000e+00 1.000000000000000000e+00 1.000000000000000000e+00
2.930000000000000000e+02 3.592892439408736038e+01 3.517992813396315199e+01 1.000000000000000000e+00 1.000000000000000000e+00 1.000000000000000000e+00
2.940000000000000000e+02 3.592892439408736038e+01 3.518129177032693633e+01 nan 1.000000000000000000e+00 nan
2.950000000000000000e+02 3.592892439408736038e+01 3.518265540669071356e+01 1.000000000000000000e+00 1.000000000000000000e+00 1.000000000000000000e+00
2.960000000000000000e+02 3.592892439408736749e+01 3.518401904305449079e+01 1.000000000000000000e+00 1.000000000000000000e+00 1.000000000000000000e+00
2.970000000000000000e+02 3.592892439408736749e+01 3.518538267941828224e+01 1.000000000000000000e+00 1.000000000000000000e+00 1.000000000000000000e+00
2.980000000000000000e+02 3.592892439408736038e+01 3.518674631578205236e+01 1.000000000000000000e+00 1.000000000000000000e+00 1.000000000000000000e+00
2.990000000000000000e+02 3.592892439408736749e+01 3.518810995214583670e+01 1.000000000000000000e+00 1.000000000000000000e+00 1.000000000000000000e+00
3.000000000000000000e+02 3.592892439408736749e+01 3.518947358850962104e+01 1.000000000000000000e+00 1.000000000000000000e+00 1.000000000000000000e+00
3.010000000000000000e+02 3.592892439408736749e+01 3.519083722487339827e+01 1.000000000000000000e+00 1.000000000000000000e+00 1.000000000000000000e+00
3.020000000000000000e+02 3.592892439408736749e+01 3.519220086123718261e+01 1.000000000000000000e+00 1.000000000000000000e+00 1.000000000000000000e+00
3.030000000000000000e+02 3.592892439408736749e+01 3.519356449760096694e+01 nan 1.000000000000000000e+00 nan
3.040000000000000000e+02 3.592892439408736038e+01 3.519492813396475128e+01 1.000000000000000000e+00 1.000000000000000000e+00 1.000000000000000000e+00
3.050000000000000000e+02 3.592892439408736749e+01 3.519629177032853562e+01 1.000000000000000000e+00 1.000000000000000000e+00 1.000000000000000000e+00
3.060000000000000000e+02 3.592892439408736749e+01 3.519765540669230575e+01 1.000000000000000000e+00 1.000000000000000000e+00 1.000000000000000000e+00
3.070000000000000000e+02 3.592892439408736749e+01 3.519901904305608298e+01 1.000000000000000000e+00 1.000000000000000000e+00 1.000000000000000000e+00
3.080000000000000000e+02 3.592892439408736038e+01 3.520038267941986732e+01 1.000000000000000000e+00 1.000000000000000000e+00 1.000000000000000000e+00
3.090000000000000000e+02 3.592892439408736749e+01 3.520174631578365876e+01 1.000000000000000000e+00 1.000000000000000000e+00 1.000000000000000000e+00
3.100000000000000000e+02 3.592892439408736038e+01 3.520310995214742178e+01 nan 1.000000000000000000e+00 nan
3.110000000000000000e+02 3.592892439408736749e+01 3.520447358851120612e+01 1.000000000000000000e+00 1.000000000000000000e+00 1.000000000000000000e+00
3.120000000000000000e+02 3.592892439408736749e+01 3.520583722487498335e+01 1.000000000000000000e+00 1.000000000000000000e+00 1.000000000000000000e+00
3.130000000000000000e+02 3.592892439408736749e+01 3.520720086123876769e+01 1.000000000000000000e+00 1.000000000000000000e+00 1.000000000000000000e+00
3.140000000000000000e+02 3.592892439408736038e+01 3.520856449760256623e+01 1.000000000000000000e+00 1.000000000000000000e+00 1.000000000000000000e+00
3.150000000000000000e+02 3.592892439408736749e+01 3.520992813396633636e+01 nan 1.000000000000000000e+00 nan
3.160000000000000000e+02 3.592892439408736749e+01 3.521129177033011359e+01 nan 1.000000000000000000e+00 nan
3.170000000000000000e+02 3.592892439408736749e+01 3.521265540669389793e+01 nan 1.000000000000000000e+00 nan
3.180000000000000000e+02 3.592892439408736038e+01 3.521401904305767516e+01 nan 1.000000000000000000e+00 nan
3.190000000000000000e+02 3.592892439408736749e+01 3.521538267942145950e+01 nan 1.000000000000000000e+00 nan
3.200000000000000000e+02 3.593028803045099551e+01 3.517310995214425162e+01 nan nan nan
3.210000000000000000e+02 3.593028803045099551e+01 3.517447358850802885e+01 nan nan nan
3.220000000000000000e+02 3.593028803045099551e+01 3.517583722487181319e+01 nan nan nan
3.230000000000000000e+02 3.593028803045099551e+01 3.517720086123559042e+01 nan nan nan
3.240000000000000000e+02 3.593028803045099551e+01 3.517856449759937476e+01 1.000000000000000000e+00 nan nan
3.250000000000000000e+02 3.593028803045099551e+01 3.517992813396315199e+01 1.000000000000000000e+00 1.000000000000000000e+00 1.000000000000000000e+00
3.260000000000000000e+02 3.593028803045099551e+01 3.518129177032693633e+01 1.000000000000000000e+00 1.000000000000000000e+00 1.000000000000000000e+00
3.270000000000000000e+02 3.593028803045099551e+01 3.518265540669071356e+01 nan 1.000000000000000000e+00 nan
3.280000000000000000e+02 3.593028803045099551e+01 3.518401904305449079e+01 1.000000000000000000e+00 1.000000000000000000e+00 1.000000000000000000e+00
3.290000000000000000e+02 3.593028803045099551e+01 3.518538267941828224e+01 1.000000000000000000e+00 1.000000000000000000e+00 1.000000000000000000e+00
3.300000000000000000e+02 3.593028803045099551e+01 3.518674631578205236e+01 1.000000000000000000e+00 1.000000000000000000e+00 1.000000000000000000e+00
3.310000000000000000e+02 3.593028803045099551e+01 3.518810995214583670e+01 1.000000000000000000e+00 1.000000000000000000e+00 1.000000000000000000e+00
3.320000000000000000e+02 3.593028803045099551e+01 3.518947358850962104e+01 1.000000000000000000e+00 1.000000000000000000e+00 1.000000000000000000e+00
3.330000000000000000e+02 3.593028803045099551e+01 3.519083722487339827e+01 1.000000000000000000e+00 1.000000000000000000e+00 1.000000000000000000e+00
3.340000000000000000e+02 3.593028803045100261e+01 3.519220086123717550e+01 1.000000000000000000e+00 1.000000000000000000e+00 1.000000000000000000e+00
3.350000000000000000e+02 3.593028803045099551e+01 3.519356449760095984e+01 1.000000000000000000e+00 1.000000000000000000e+00 1.000000000000000000e+00
3.360000000000000000e+02 3.593028803045098840e+01 3.519492813396475128e+01 1.000000000000000000e+00 1.000000000000000000e+00 1.000000000000000000e+00
3.370000000000000000e+02 3.593028803045099551e+01 3.519629177032852851e+01 1.000000000000000000e+00 1.000000000000000000e+00 1.000000000000000000e+00
3.380000000000000000e+02 3.593028803045099551e+01 3.519765540669229864e+01 1.000000000000000000e+00 1.000000000000000000e+00 1.000000000000000000e+00
3.390000000000000000e+02 3.593028803045100261e+01 3.519901904305608298e+01 1.000000000000000000e+00 1.000000000000000000e+00 1.000000000000000000e+00
3.400000000000000000e+02 3.593028803045099551e+01 3.520038267941986732e+01 1.000000000000000000e+00 1.000000000000000000e+00 1.000000000000000000e+00
3.410000000000000000e+02 3.593028803045099551e+01 3.520174631578365876e+01 1.000000000000000000e+00 1.000000000000000000e+00 1.000000000000000000e+00
3.420000000000000000e+02 3.593028803045099551e+01 3.520310995214742888e+01 1.000000000000000000e+00 1.000000000000000000e+00 1.000000000000000000e+00
3.430000000000000000e+02 3.593028803045099551e+01 3.520447358851120612e+01 1.000000000000000000e+00 1.000000000000000000e+00 1.000000000000000000e+00
3.440000000000000000e+02 3.593028803045099551e+01 3.520583722487499045e+01 1.000000000000000000e+00 1.000000000000000000e+00 1.000000000000000000e+00
3.450000000000000000e+02 3.593028803045099551e+01 3.520720086123876769e+01 1.000000000000000000e+00 1.000000000000000000e+00 1.000000000000000000e+00
3.460000000000000000e+02 3.593028803045099551e+01 3.520856449760256623e+01 1.000000000000000000e+00 1.000000000000000000e+00 1.000000000000000000e+00
3.470000000000000000e+02 3.593028803045099551e+01 3.520992813396632926e+01 1.000000000000000000e+00 1.000000000000000000e+00 1.000000000000000000e+00
3.480000000000000000e+02 3.593028803045099551e+01 3.521129177033011359e+01 1.000000000000000000e+00 1.000000000000000000e+00 1.000000000000000000e+00
3.490000000000000000e+02 3.593028803045099551e+01 3.521265540669388372e+01 1.000000000000000000e+00 1.000000000000000000e+00 1.000000000000000000e+00
3.500000000000000000e+02 3.593028803045100261e+01 3.521401904305767516e+01 nan 1.000000000000000000e+00 nan
3.510000000000000000e+02 3.593028803045099551e+01 3.521538267942145950e+01 nan 1.000000000000000000e+00 nan
3.520000000000000000e+02 3.593165166681463063e+01 3.517310995214425162e+01 nan nan nan
3.530000000000000000e+02 3.593165166681462352e+01 3.517447358850802885e+01 nan nan nan
3.540000000000000000e+02 3.593165166681462352e+01 3.517583722487181319e+01 nan nan nan
3.550000000000000000e+02 3.593165166681463774e+01 3.517720086123559042e+01 nan nan nan
3.560000000000000000e+02 3.593165166681463063e+01 3.517856449759937476e+01 nan nan nan
3.570000000000000000e+02 3.593165166681463063e+01 3.517992813396315199e+01 nan 1.000000000000000000e+00 nan
3.580000000000000000e+02 3.593165166681462352e+01 3.518129177032693633e+01 nan 1.000000000000000000e+00 nan
3.590000000000000000e+02 3.593165166681463063e+01 3.518265540669071356e+01 1.000000000000000000e+00 1.000000000000000000e+00 1.000000000000000000e+00
3.600000000000000000e+02 3.593165166681463063e+01 3.518401904305449079e+01 1.000000000000000000e+00 1.000000000000000000e+00 1.000000000000000000e+00
3.610000000000000000e+02 3.593165166681463774e+01 3.518538267941828224e+01 nan 1.000000000000000000e+00 nan
3.620000000000000000e+02 3.593165166681462352e+01 3.518674631578205236e+01 1.000000000000000000e+00 1.000000000000000000e+00 1.000000000000000000e+00
3.630000000000000000e+02 3.593165166681463063e+01 3.518810995214583670e+01 1.000000000000000000e+00 1.000000000000000000e+00 1.000000000000000000e+00
3.640000000000000000e+02 3.593165166681462352e+01 3.518947358850962104e+01 1.000000000000000000e+00 1.000000000000000000e+00 1.000000000000000000e+00
3.650000000000000000e+02 3.593165166681462352e+01 3.519083722487339827e+01 1.000000000000000000e+00 1.000000000000000000e+00 1.000000000000000000e+00
3.660000000000000000e+02 3.593165166681463063e+01 3.519220086123717550e+01 1.000000000000000000e+00 1.000000000000000000e+00 1.000000000000000000e+00
3.670000000000000000e+02 3.593165166681462352e+01 3.519356449760095984e+01 1.000000000000000000e+00 1.000000000000000000e+00 1.000000000000000000e+00
3.680000000000000000e+02 3.593165166681462352e+01 3.519492813396475128e+01 1.000000000000000000e+00 1.000000000000000000e+00 1.000000000000000000e+00
3.690000000000000000e+02 3.593165166681462352e+01 3.519629177032852851e+01 1.000000000000000000e+00 1.000000000000000000e+00 1.000000000000000000e+00
3.700000000000000000e+02 3.593165166681463063e+01 3.519765540669229864e+01 1.000000000000000000e+00 1.000000000000000000e+00 1.000000000000000000e+00
3.710000000000000000e+02 3.593165166681463063e+01 3.519901904305608298e+01 1.000000000000000000e+00 1.000000000000000000e+00 1.000000000000000000e+00
3.720000000000000000e+02 3.593165166681462352e+01 3.520038267941986732e+01 1.000000000000000000e+00 1.000000000000000000e+00 1.000000000000000000e+00
3.730000000000000000e+02 3.593165166681463063e+01 3.520174631578365876e+01 1.000000000000000000e+00 1.000000000000000000e+00 1.000000000000000000e+00
3.740000000000000000e+02 3.593165166681463774e+01 3.520310995214742888e+01 1.000000000000000000e+00 1.000000000000000000e+00 1.000000000000000000e+00
3.750000000000000000e+02 3.593165166681463774e+01 3.520447358851120612e+01 1.000000000000000000e+00 1.000000000000000000e+00 1.000000000000000000e+00
3.760000000000000000e+02 3.593165166681463774e+01 3.520583722487499045e+01 1.000000000000000000e+00 1.000000000000000000e+00 1.000000000000000000e+00
3.770000000000000000e+02 3.593165166681462352e+01 3.520720086123876769e+01 nan 1.000000000000000000e+00 nan
3.780000000000000000e+02 3.593165166681463063e+01 3.520856449760256623e+01 1.000000000000000000e+00 1.000000000000000000e+00 1.000000000000000000e+00
3.790000000000000000e+02 3.593165166681462352e+01 3.520992813396632926e+01 nan 1.000000000000000000e+00 nan
3.800000000000000000e+02 3.593165166681462352e+01 3.521129177033011359e+01 nan 1.000000000000000000e+00 nan
3.810000000000000000e+02 3.593165166681463063e+01 3.521265540669388372e+01 nan 1.000000000000000000e+00 nan
3.820000000000000000e+02 3.593165166681463063e+01 3.521401904305767516e+01 nan 1.000000000000000000e+00 nan
3.830000000000000000e+02 3.593165166681463774e+01 3.521538267942145950e+01 nan 1.000000000000000000e+00 nan
3.840000000000000000e+02 3.593301530317826575e+01 3.517310995214425162e+01 nan nan nan
3.850000000000000000e+02 3.593301530317826575e+01 3.517447358850802885e+01 nan nan nan
3.860000000000000000e+02 3.593301530317827286e+01 3.517583722487181319e+01 nan nan nan
3.870000000000000000e+02 3.593301530317827286e+01 3.517720086123559042e+01 nan nan nan
3.880000000000000000e+02 3.593301530317827286e+01 3.517856449759938187e+01 nan nan nan
3.890000000000000000e+02 3.593301530317827286e+01 3.517992813396315199e+01 nan nan nan
3.900000000000000000e+02 3.593301530317826575e+01 3.518129177032693633e+01 nan nan nan
3.910000000000000000e+02 3.593301530317827286e+01 3.518265540669071356e+01 1.000000000000000000e+00 1.000000000000000000e+00 1.000000000000000000e+00
3.920000000000000000e+02 3.593301530317827286e+01 3.518401904305449079e+01 nan 1.000000000000000000e+00 nan
3.930000000000000000e+02 3.593301530317827286e+01 3.518538267941828224e+01 nan 1.000000000000000000e+00 nan
3.940000000000000000e+02 3.593301530317827286e+01 3.518674631578205236e+01 1.000000000000000000e+00 1.000000000000000000e+00 1.000000000000000000e+00
3.950000000000000000e+02 3.593301530317826575e+01 3.518810995214583670e+01 nan 1.000000000000000000e+00 nan
3.960000000000000000e+02 3.593301530317827286e+01 3.518947358850962104e+01 nan 1.000000000000000000e+00 nan
3.970000000000000000e+02 3.593301530317827286e+01 3.519083722487339827e+01 nan 1.000000000000000000e+00 nan
3.980000000000000000e+02 3.593301530317827286e+01 3.519220086123718261e+01 nan 1.000000000000000000e+00 nan
3.990000000000000000e+02 3.593301530317827286e+01 3.519356449760096694e+01 nan 1.000000000000000000e+00 nan
4.000000000000000000e+02 3.593301530317827286e+01 3.519492813396475128e+01 1.000000000000000000e+00 1.000000000000000000e+00 1.000000000000000000e+00
4.010000000000000000e+02 3.593301530317827286e+01 3.519629177032853562e+01 1.000000000000000000e+00 1.000000000000000000e+00 1.000000000000000000e+00
4.020000000000000000e+02 3.593301530317827286e+01 3.519765540669230575e+01 1.000000000000000000e+00 1.000000000000000000e+00 1.000000000000000000e+00
4.030000000000000000e+02 3.593301530317827286e+01 3.519901904305608298e+01 1.000000000000000000e+00 1.000000000000000000e+00 1.000000000000000000e+00
4.040000000000000000e+02 3.593301530317826575e+01 3.520038267941986732e+01 1.000000000000000000e+00 1.000000000000000000e+00 1.000000000000000000e+00
4.050000000000000000e+02 3.593301530317827286e+01 3.520174631578365876e+01 1.000000000000000000e+00 1.000000000000000000e+00 1.000000000000000000e+00
4.060000000000000000e+02 3.593301530317826575e+01 3.520310995214742178e+01 nan 1.000000000000000000e+00 nan
4.070000000000000000e+02 3.593301530317826575e+01 3.520447358851120612e+01 1.000000000000000000e+00 1.000000000000000000e+00 1.000000000000000000e+00
4.080000000000000000e+02 3.593301530317827286e+01 3.520583722487498335e+01 1.000000000000000000e+00 1.000000000000000000e+00 1.000000000000000000e+00
4.090000000000000000e+02 3.593301530317826575e+01 3.520720086123876769e+01 1.000000000000000000e+00 1.000000000000000000e+00 1.000000000000000000e+00
4.100000000000000000e+02 3.593301530317827286e+01 3.520856449760256623e+01 1.000000000000000000e+00 1.000000000000000000e+00 1.000000000000000000e+00
4.110000000000000000e+02 3.593301530317827286e+01 3.520992813396633636e+01 1.000000000000000000e+00 1.000000000000000000e+00 1.000000000000000000e+00
4.120000000000000000e+02 3.593301530317827286e+01 3.521129177033011359e+01 1.000000000000000000e+00 1.000000000000000000e+00 1.000000000000000000e+00
4.130000000000000000e+02 3.593301530317827286e+01 3.521265540669389793e+01 1.000000000000000000e+00 1.000000000000000000e+00 1.000000000000000000e+00
4.140000000000000000e+02 3.593301530317827286e+01 3.521401904305767516e+01 nan 1.000000000000000000e+00 nan
4.150000000000000000e+02 3.593301530317827286e+01 3.521538267942145950e+01 nan 1.000000000000000000e+00 nan
4.160000000000000000e+02 3.593437893954190088e+01 3.517310995214425162e+01 nan nan nan
4.170000000000000000e+02 3.593437893954190088e+01 3.517447358850802885e+01 nan nan nan
4.180000000000000000e+02 3.593437893954190088e+01 3.517583722487181319e+01 nan nan nan
4.190000000000000000e+02 3.593437893954190798e+01 3.517720086123559042e+01 nan nan nan
4.200000000000000000e+02 3.593437893954190088e+01 3.517856449759937476e+01 nan nan nan
4.210000000000000000e+02 3.593437893954190798e+01 3.517992813396315199e+01 nan nan nan
4.220000000000000000e+02 3.593437893954190088e+01 3.518129177032693633e+01 nan nan nan
4.230000000000000000e+02 3.593437893954190088e+01 3.518265540669071356e+01 nan 1.000000000000000000e+00 nan
4.240000000000000000e+02 3.593437893954189377e+01 3.518401904305449079e+01 nan 1.000000000000000000e+00 nan
4.250000000000000000e+02 3.593437893954190798e+01 3.518538267941828224e+01 1.000000000000000000e+00 1.000000000000000000e+00 1.000000000000000000e+00
4.260000000000000000e+02 3.593437893954190798e+01 3.518674631578205236e+01 nan 1.000000000000000000e+00 nan
4.270000000000000000e+02 3.593437893954190798e+01 3.518810995214583670e+01 nan 1.000000000000000000e+00 nan
4.280000000000000000e+02 3.593437893954189377e+01 3.518947358850962104e+01 nan 1.000000000000000000e+00 nan
4.290000000000000000e+02 3.593437893954190798e+01 3.519083722487339827e+01 nan 1.000000000000000000e+00 nan
4.300000000000000000e+02 3.593437893954190798e+01 3.519220086123717550e+01 1.000000000000000000e+00 1.000000000000000000e+00 1.000000000000000000e+00
4.310000000000000000e+02 3.593437893954190088e+01 3.519356449760095984e+01 1.000000000000000000e+00 1.000000000000000000e+00 1.000000000000000000e+00
4.320000000000000000e+02 3.593437893954190798e+01 3.519492813396475128e+01 1.000000000000000000e+00 1.000000000000000000e+00 1.000000000000000000e+00
4.330000000000000000e+02 3.593437893954190798e+01 3.519629177032852851e+01 1.000000000000000000e+00 1.000000000000000000e+00 1.000000000000000000e+00
4.340000000000000000e+02 3.593437893954190798e+01 3.519765540669229864e+01 nan 1.000000000000000000e+00 nan
4.350000000000000000e+02 3.593437893954190798e+01 3.519901904305608298e+01 nan 1.000000000000000000e+00 nan
4.360000000000000000e+02 3.593437893954190088e+01 3.520038267941986732e+01 1.000000000000000000e+00 1.000000000000000000e+00 1.000000000000000000e+00
4.370000000000000000e+02 3.593437893954190798e+01 3.520174631578365876e+01 nan 1.000000000000000000e+00 nan
4.380000000000000000e+02 3.593437893954190088e+01 3.520310995214742888e+01 nan 1.000000000000000000e+00 nan
4.390000000000000000e+02 3.593437893954190798e+01 3.520447358851120612e+01 nan 1.000000000000000000e+00 nan
4.400000000000000000e+02 3.593437893954190798e+01 3.520583722487499045e+01 1.000000000000000000e+00 1.000000000000000000e+00 1.000000000000000000e+00
4.410000000000000000e+02 3.593437893954190798e+01 3.520720086123876769e+01 1.000000000000000000e+00 1.000000000000000000e+00 1.000000000000000000e+00
4.420000000000000000e+02 3.593437893954190088e+01 3.520856449760256623e+01 nan 1.000000000000000000e+00 nan
4.430000000000000000e+02 3.593437893954190798e+01 3.520992813396632926e+01 1.000000000000000000e+00 1.000000000000000000e+00 1.000000000000000000e+00
4.440000000000000000e+02 3.593437893954189377e+01 3.521129177033011359e+01 1.000000000000000000e+00 1.000000000000000000e+00 1.000000000000000000e+00
4.450000000000000000e+02 3.593437893954190088e+01 3.521265540669388372e+01 nan 1.000000000000000000e+00 nan
4.460000000000000000e+02 3.593437893954190088e+01 3.521401904305767516e+01 nan 1.000000000000000000e+00 nan
4.470000000000000000e+02 3.593437893954190798e+01 3.521538267942145950e+01 nan 1.000000000000000000e+00 nan
4.480000000000000000e+02 3.593574257590553600e+01 3.517310995214424452e+01 nan nan nan
4.490000000000000000e+02 3.593574257590554311e+01 3.517447358850802885e+01 nan nan nan
4.500000000000000000e+02 3.593574257590554311e+01 3.517583722487181319e+01 nan nan nan
4.510000000000000000e+02 3.593574257590554311e+01 3.517720086123559042e+01 nan nan nan
4.520000000000000000e+02 3.593574257590554311e+01 3.517856449759938187e+01 nan nan nan
4.530000000000000000e+02 3.593574257590554311e+01 3.517992813396315199e+01 nan nan nan
4.540000000000000000e+02 3.593574257590554311e+01 3.518129177032693633e+01 nan nan nan
4.550000000000000000e+02 3.593574257590554311e+01 3.518265540669071356e+01 nan 1.000000000000000000e+00 nan
4.560000000000000000e+02 3.593574257590554311e+01 3.518401904305450500e+01 nan 1.000000000000000000e+00 nan
4.570000000000000000e+02 3.593574257590554311e+01 3.518538267941827513e+01 nan 1.000000000000000000e+00 nan
4.580000000000000000e+02 3.593574257590553600e+01 3.518674631578205236e+01 nan 1.000000000000000000e+00 nan
4.590000000000000000e+02 3.593574257590555021e+01 3.518810995214582960e+01 nan 1.000000000000000000e+00 nan
4.600000000000000000e+02 3.593574257590554311e+01 3.518947358850962104e+01 nan 1.000000000000000000e+00 nan
4.610000000000000000e+02 3.593574257590554311e+01 3.519083722487339116e+01 nan 1.000000000000000000e+00 nan
4.620000000000000000e+02 3.593574257590552889e+01 3.519220086123717550e+01 nan 1.000000000000000000e+00 nan
4.630000000000000000e+02 3.593574257590553600e+01 3.519356449760095984e+01 1.000000000000000000e+00 1.000000000000000000e+00 1.000000000000000000e+00
4.640000000000000000e+02 3.593574257590554311e+01 3.519492813396474418e+01 1.000000000000000000e+00 1.000000000000000000e+00 1.000000000000000000e+00
4.650000000000000000e+02 3.593574257590554311e+01 3.519629177032852851e+01 1.000000000000000000e+00 1.000000000000000000e+00 1.000000000000000000e+00
4.660000000000000000e+02 3.593574257590554311e+01 3.519765540669230575e+01 1.000000000000000000e+00 1.000000000000000000e+00 1.000000000000000000e+00
4.670000000000000000e+02 3.593574257590553600e+01 3.519901904305608298e+01 1.000000000000000000e+00 1.000000000000000000e+00 1.000000000000000000e+00
4.680000000000000000e+02 3.593574257590554311e+01 3.520038267941986732e+01 1.000000000000000000e+00 1.000000000000000000e+00 1.000000000000000000e+00
4.690000000000000000e+02 3.593574257590554311e+01 3.520174631578365165e+01 nan 1.000000000000000000e+00 nan
4.700000000000000000e+02 3.593574257590555021e+01 3.520310995214742888e+01 1.000000000000000000e+00 1.000000000000000000e+00 1.000000000000000000e+00
4.710000000000000000e+02 3.593574257590553600e+01 3.520447358851121322e+01 1.000000000000000000e+00 1.000000000000000000e+00 1.000000000000000000e+00
4.720000000000000000e+02 3.593574257590554311e+01 3.520583722487498335e+01 nan 1.000000000000000000e+00 nan
4.730000000000000000e+02 3.593574257590553600e+01 3.520720086123878190e+01 nan 1.000000000000000000e+00 nan
4.740000000000000000e+02 3.593574257590554311e+01 3.520856449760255202e+01 nan 1.000000000000000000e+00 nan
4.750000000000000000e+02 3.593574257590554311e+01 3.520992813396634347e+01 1.000000000000000000e+00 1.000000000000000000e+00 1.000000000000000000e+00
4.760000000000000000e+02 3.593574257590554311e+01 3.521129177033011359e+01 nan 1.000000000000000000e+00 nan
4.770000000000000000e+02 3.593574257590554311e+01 3.521265540669389793e+01 1.000000000000000000e+00 1.000000000000000000e+00 1.000000000000000000e+00
4.780000000000000000e+02 3.593574257590553600e+01 3.521401904305768227e+01 nan 1.000000000000000000e+00 nan
4.790000000000000000e+02 3.593574257590554311e+01 3.521538267942145950e+01 nan 1.000000000000000000e+00 nan
4.800000000000000000e+02 3.593710621226917823e+01 3.517310995214425162e+01 nan nan nan
4.810000000000000000e+02 3.593710621226917112e+01 3.517447358850802885e+01 nan nan nan
4.820000000000000000e+02 3.593710621226917823e+01 3.517583722487181319e+01 nan nan nan
4.830000000000000000e+02 3.593710621226917823e+01 3.517720086123559042e+01 nan nan nan
4.840000000000000000e+02 3.593710621226917823e+01 3.517856449759937476e+01 nan nan nan
4.850000000000000000e+02 3.593710621226917823e+01 3.517992813396315199e+01 nan nan nan
4.860000000000000000e+02 3.593710621226917823e+01 3.518129177032693633e+01 nan nan nan
4.870000000000000000e+02 3.593710621226917823e+01 3.518265540669071356e+01 nan 1.000000000000000000e+00 nan
4.880000000000000000e+02 3.593710621226917823e+01 3.518401904305449079e+01 nan 1.000000000000000000e+00 nan
4.890000000000000000e+02 3.593710621226917823e+01 3.518538267941828224e+01 nan 1.000000000000000000e+00 nan
4.900000000000000000e+02 3.593710621226917823e+01 3.518674631578205236e+01 nan 1.000000000000000000e+00 nan
4.910000000000000000e+02 3.593710621226917823e+01 3.518810995214583670e+01 nan 1.000000000000000000e+00 nan
4.920000000000000000e+02 3.593710621226917112e+01 3.518947358850962104e+01 nan 1.000000000000000000e+00 nan
4.930000000000000000e+02 3.593710621226917823e+01 3.519083722487339827e+01 nan 1.000000000000000000e+00 nan
4.940000000000000000e+02 3.593710621226917112e+01 3.519220086123717550e+01 nan 1.000000000000000000e+00 nan
4.950000000000000000e+02 3.593710621226917112e+01 3.519356449760095984e+01 nan 1.000000000000000000e+00 nan
4.960000000000000000e+02 3.593710621226917823e+01 3.519492813396475128e+01 1.000000000000000000e+00 1.000000000000000000e+00 1.000000000000000000e+00
4.970000000000000000e+02 3.593710621226917823e+01 3.519629177032852851e+01 nan 1.000000000000000000e+00 nan
4.980000000000000000e+02 3.593710621226917823e+01 3.519765540669229864e+01 nan 1.000000000000000000e+00 nan
4.990000000000000000e+02 3.593710621226917823e+01 3.519901904305608298e+01 1.000000000000000000e+00 1.000000000000000000e+00 1.000000000000000000e+00
5.000000000000000000e+02 3.593710621226917823e+01 3.520038267941986732e+01 1.000000000000000000e+00 1.000000000000000000e+00 1.000000000000000000e+00
5.010000000000000000e+02 3.593710621226917112e+01 3.520174631578365876e+01 1.000000000000000000e+00 1.000000000000000000e+00 1.000000000000000000e+00
5.020000000000000000e+02 3.593710621226917823e+01 3.520310995214742888e+01 1.000000000000000000e+00 1.000000000000000000e+00 1.000000000000000000e+00
5.030000000000000000e+02 3.593710621226917823e+01 3.520447358851120612e+01 nan 1.000000000000000000e+00 nan
5.040000000000000000e+02 3.593710621226917112e+01 3.520583722487499045e+01 1.000000000000000000e+00 1.000000000000000000e+00 1.000000000000000000e+00
5.050000000000000000e+02 3.593710621226917823e+01 3.520720086123876769e+01 nan 1.000000000000000000e+00 nan
5.060000000000000000e+02 3.593710621226917112e+01 3.520856449760256623e+01 nan 1.000000000000000000e+00 nan
5.070000000000000000e+02 3.593710621226917823e+01 3.520992813396632926e+01 1.000000000000000000e+00 1.000000000000000000e+00 1.000000000000000000e+00
5.080000000000000000e+02 3.593710621226917823e+01 3.521129177033011359e+01 nan 1.000000000000000000e+00 nan
5.090000000000000000e+02 3.593710621226917823e+01 3.521265540669388372e+01 nan 1.000000000000000000e+00 nan
5.100000000000000000e+02 3.593710621226917823e+01 3.521401904305767516e+01 nan 1.000000000000000000e+00 nan
5.110000000000000000e+02 3.593710621226917823e+01 3.521538267942145950e+01 1.000000000000000000e+00 1.000000000000000000e+00 1.000000000000000000e+00
5.120000000000000000e+02 3.593846984863281335e+01 3.517310995214424452e+01 nan nan nan
5.130000000000000000e+02 3.593846984863280625e+01 3.517447358850802885e+01 nan nan nan
5.140000000000000000e+02 3.593846984863281335e+01 3.517583722487180609e+01 nan nan nan
5.150000000000000000e+02 3.593846984863282046e+01 3.517720086123559042e+01 nan nan nan
5.160000000000000000e+02 3.593846984863281335e+01 3.517856449759938187e+01 nan nan nan
5.170000000000000000e+02 3.593846984863281335e+01 3.517992813396315199e+01 nan nan nan
5.180000000000000000e+02 3.593846984863281335e+01 3.518129177032693633e+01 nan nan nan
5.190000000000000000e+02 3.593846984863280625e+01 3.518265540669071356e+01 nan nan nan
5.200000000000000000e+02 3.593846984863281335e+01 3.518401904305450500e+01 nan nan nan
5.210000000000000000e+02 3.593846984863280625e+01 3.518538267941828224e+01 nan nan nan
5.220000000000000000e+02 3.593846984863281335e+01 3.518674631578205236e+01 nan 1.000000000000000000e+00 nan
5.230000000000000000e+02 3.593846984863281335e+01 3.518810995214583670e+01 nan 1.000000000000000000e+00 nan
5.240000000000000000e+02 3.593846984863279914e+01 3.518947358850962104e+01 nan 1.000000000000000000e+00 nan
5.250000000000000000e+02 3.593846984863280625e+01 3.519083722487339116e+01 nan 1.000000000000000000e+00 nan
5.260000000000000000e+02 3.593846984863281335e+01 3.519220086123718261e+01 nan 1.000000000000000000e+00 nan
5.270000000000000000e+02 3.593846984863281335e+01 3.519356449760095984e+01 1.000000000000000000e+00 1.000000000000000000e+00 1.000000000000000000e+00
5.280000000000000000e+02 3.593846984863281335e+01 3.519492813396475128e+01 1.000000000000000000e+00 1.000000000000000000e+00 1.000000000000000000e+00
5.290000000000000000e+02 3.593846984863281335e+01 3.519629177032852851e+01 1.000000000000000000e+00 1.000000000000000000e+00 1.000000000000000000e+00
5.300000000000000000e+02 3.593846984863280625e+01 3.519765540669229864e+01 1.000000000000000000e+00 1.000000000000000000e+00 1.000000000000000000e+00
5.310000000000000000e+02 3.593846984863280625e+01 3.519901904305608298e+01 1.000000000000000000e+00 1.000000000000000000e+00 1.000000000000000000e+00
5.320000000000000000e+02 3.593846984863281335e+01 3.520038267941986732e+01 nan 1.000000000000000000e+00 nan
5.330000000000000000e+02 3.593846984863280625e+01 3.520174631578365876e+01 nan 1.000000000000000000e+00 nan
5.340000000000000000e+02 3.593846984863281335e+01 3.520310995214742888e+01 nan 1.000000000000000000e+00 nan
5.350000000000000000e+02 3.593846984863281335e+01 3.520447358851120612e+01 1.000000000000000000e+00 1.000000000000000000e+00 1.000000000000000000e+00
5.360000000000000000e+02 3.593846984863281335e+01 3.520583722487498335e+01 1.000000000000000000e+00 1.000000000000000000e+00 1.000000000000000000e+00
5.370000000000000000e+02 3.593846984863281335e+01 3.520720086123876769e+01 nan 1.000000000000000000e+00 nan
5.380000000000000000e+02 3.593846984863281335e+01 3.520856449760256623e+01 nan 1.000000000000000000e+00 nan
5.390000000000000000e+02 3.593846984863280625e+01 3.520992813396632926e+01 nan 1.000000000000000000e+00 nan
5.400000000000000000e+02 3.593846984863281335e+01 3.521129177033011359e+01 nan 1.000000000000000000e+00 nan
5.410000000000000000e+02 3.593846984863279914e+01 3.521265540669389793e+01 nan 1.000000000000000000e+00 nan
5.420000000000000000e+02 3.593846984863281335e+01 3.521401904305767516e+01 nan 1.000000000000000000e+00 nan
5.430000000000000000e+02 3.593846984863281335e+01 3.521538267942145239e+01 nan 1.000000000000000000e+00 nan
5.440000000000000000e+02 3.593983348499645558e+01 3.517310995214424452e+01 nan nan nan
5.450000000000000000e+02 3.593983348499645558e+01 3.517447358850802885e+01 nan nan nan
5.460000000000000000e+02 3.593983348499644848e+01 3.517583722487180609e+01 nan nan nan
5.470000000000000000e+02 3.593983348499645558e+01 3.517720086123559042e+01 nan nan nan
5.480000000000000000e+02 3.593983348499644848e+01 3.517856449759938187e+01 nan nan nan
5.490000000000000000e+02 3.593983348499645558e+01 3.517992813396315199e+01 nan nan nan
5.500000000000000000e+02 3.593983348499645558e+01 3.518129177032693633e+01 nan nan nan
5.510000000000000000e+02 3.593983348499645558e+01 3.518265540669071356e+01 nan nan nan
5.520000000000000000e+02 3.593983348499645558e+01 3.518401904305450500e+01 nan nan nan
5.530000000000000000e+02 3.593983348499645558e+01 3.518538267941828224e+01 nan nan nan
5.540000000000000000e+02 3.593983348499645558e+01 3.518674631578205236e+01 nan 1.000000000000000000e+00 nan
5.550000000000000000e+02 3.593983348499645558e+01 3.518810995214583670e+01 nan 1.000000000000000000e+00 nan
5.560000000000000000e+02 3.593983348499645558e+01 3.518947358850962104e+01 nan 1.000000000000000000e+00 nan
5.570000000000000000e+02 3.593983348499644848e+01 3.519083722487339116e+01 nan 1.000000000000000000e+00 nan
5.580000000000000000e+02 3.593983348499645558e+01 3.519220086123718261e+01 nan 1.000000000000000000e+00 nan
5.590000000000000000e+02 3.593983348499645558e+01 3.519356449760095984e+01 nan 1.000000000000000000e+00 nan
5.600000000000000000e+02 3.593983348499645558e+01 3.519492813396475128e+01 nan 1.000000000000000000e+00 nan
5.610000000000000000e+02 3.593983348499644848e+01 3.519629177032852851e+01 nan 1.000000000000000000e+00 nan
5.620000000000000000e+02 3.593983348499644848e+01 3.519765540669229864e+01 nan 1.000000000000000000e+00 nan
5.630000000000000000e+02 3.593983348499644848e+01 3.519901904305608298e+01 nan 1.000000000000000000e+00 nan
5.640000000000000000e+02 3.593983348499645558e+01 3.520038267941986732e+01 nan 1.000000000000000000e+00 nan
5.650000000000000000e+02 3.593983348499645558e+01 3.520174631578365876e+01 1.000000000000000000e+00 1.000000000000000000e+00 1.000000000000000000e+00
5.660000000000000000e+02 3.593983348499645558e+01 3.520310995214742888e+01 1.000000000000000000e+00 1.000000000000000000e+00 1.000000000000000000e+00
5.670000000000000000e+02 3.593983348499645558e+01 3.520447358851120612e+01 1.000000000000000000e+00 1.000000000000000000e+00 1.000000000000000000e+00
5.680000000000000000e+02 3.593983348499644848e+01 3.520583722487498335e+01 nan 1.000000000000000000e+00 nan
5.690000000000000000e+02 3.593983348499645558e+01 3.520720086123876769e+01 1.000000000000000000e+00 1.000000000000000000e+00 1.000000000000000000e+00
5.700000000000000000e+02 3.593983348499645558e+01 3.520856449760256623e+01 1.000000000000000000e+00 1.000000000000000000e+00 1.000000000000000000e+00
5.710000000000000000e+02 3.593983348499645558e+01 3.520992813396632926e+01 nan 1.000000000000000000e+00 nan
5.720000000000000000e+02 3.593983348499645558e+01 3.521129177033011359e+01 nan 1.000000000000000000e+00 nan
5.730000000000000000e+02 3.593983348499644848e+01 3.521265540669389793e+01 nan 1.000000000000000000e+00 nan
5.740000000000000000e+02 3.593983348499644848e+01 3.521401904305767516e+01 nan 1.000000000000000000e+00 nan
5.750000000000000000e+02 3.593983348499645558e+01 3.521538267942145239e+01 nan 1.000000000000000000e+00 nan
5.760000000000000000e+02 3.594119712136008360e+01 3.517310995214424452e+01 nan nan nan
5.770000000000000000e+02 3.594119712136008360e+01 3.517447358850802885e+01 nan nan nan
5.780000000000000000e+02 3.594119712136008360e+01 3.517583722487180609e+01 nan nan nan
5.790000000000000000e+02 3.594119712136008360e+01 3.517720086123559042e+01 nan nan nan
5.800000000000000000e+02 3.594119712136008360e+01 3.517856449759938187e+01 nan nan nan
5.810000000000000000e+02 3.594119712136008360e+01 3.517992813396315199e+01 nan nan nan
5.820000000000000000e+02 3.594119712136009070e+01 3.518129177032693633e+01 nan nan nan
5.830000000000000000e+02 3.594119712136008360e+01 3.518265540669071356e+01 nan nan nan
5.840000000000000000e+02 3.594119712136009070e+01 3.518401904305450500e+01 nan nan nan
5.850000000000000000e+02 3.594119712136009070e+01 3.518538267941828224e+01 nan nan nan
5.860000000000000000e+02 3.594119712136009070e+01 3.518674631578205236e+01 nan nan nan
5.870000000000000000e+02 3.594119712136008360e+01 3.518810995214583670e+01 nan nan nan
5.880000000000000000e+02 3.594119712136008360e+01 3.518947358850962104e+01 nan 1.000000000000000000e+00 nan
5.890000000000000000e+02 3.594119712136008360e+01 3.519083722487339116e+01 nan 1.000000000000000000e+00 nan
5.900000000000000000e+02 3.594119712136009070e+01 3.519220086123718261e+01 nan 1.000000000000000000e+00 nan
5.910000000000000000e+02 3.594119712136009070e+01 3.519356449760095984e+01 nan 1.000000000000000000e+00 nan
5.920000000000000000e+02 3.594119712136008360e+01 3.519492813396475128e+01 nan 1.000000000000000000e+00 nan
5.930000000000000000e+02 3.594119712136008360e+01 3.519629177032852851e+01 1.000000000000000000e+00 1.000000000000000000e+00 1.000000000000000000e+00
5.940000000000000000e+02 3.594119712136009070e+01 3.519765540669229864e+01 nan 1.000000000000000000e+00 nan
5.950000000000000000e+02 3.594119712136008360e+01 3.519901904305608298e+01 nan 1.000000000000000000e+00 nan
5.960000000000000000e+02 3.594119712136008360e+01 3.520038267941986732e+01 nan 1.000000000000000000e+00 nan
5.970000000000000000e+02 3.594119712136008360e+01 3.520174631578365876e+01 1.000000000000000000e+00 1.000000000000000000e+00 1.000000000000000000e+00
5.980000000000000000e+02 3.594119712136008360e+01 3.520310995214742888e+01 nan 1.000000000000000000e+00 nan
5.990000000000000000e+02 3.594119712136008360e+01 3.520447358851120612e+01 nan 1.000000000000000000e+00 nan
6.000000000000000000e+02 3.594119712136008360e+01 3.520583722487498335e+01 nan 1.000000000000000000e+00 nan
6.010000000000000000e+02 3.594119712136008360e+01 3.520720086123876769e+01 nan 1.000000000000000000e+00 nan
6.020000000000000000e+02 3.594119712136008360e+01 3.520856449760256623e+01 nan 1.000000000000000000e+00 nan
6.030000000000000000e+02 3.594119712136009070e+01 3.520992813396632926e+01 nan 1.000000000000000000e+00 nan
6.040000000000000000e+02 3.594119712136008360e+01 3.521129177033011359e+01 nan 1.000000000000000000e+00 nan
6.050000000000000000e+02 3.594119712136007649e+01 3.521265540669389793e+01 nan nan nan
6.060000000000000000e+02 3.594119712136008360e+01 3.521401904305767516e+01 nan nan nan
6.070000000000000000e+02 3.594119712136008360e+01 3.521538267942145239e+01 nan 1.000000000000000000e+00 nan
6.080000000000000000e+02 3.594256075772372583e+01 3.517310995214425162e+01 nan nan nan
6.090000000000000000e+02 3.594256075772371872e+01 3.517447358850802885e+01 nan nan nan
6.100000000000000000e+02 3.594256075772371872e+01 3.517583722487181319e+01 nan nan nan
6.110000000000000000e+02 3.594256075772371872e+01 3.517720086123559042e+01 nan nan nan
6.120000000000000000e+02 3.594256075772371872e+01 3.517856449759937476e+01 nan nan nan
6.130000000000000000e+02 3.594256075772371872e+01 3.517992813396315199e+01 nan nan nan
6.140000000000000000e+02 3.594256075772371872e+01 3.518129177032693633e+01 nan nan nan
6.150000000000000000e+02 3.594256075772371872e+01 3.518265540669071356e+01 nan nan nan
6.160000000000000000e+02 3.594256075772371872e+01 3.518401904305449079e+01 nan nan nan
6.170000000000000000e+02 3.594256075772371872e+01 3.518538267941828224e+01 nan nan nan
6.180000000000000000e+02 3.594256075772371872e+01 3.518674631578205236e+01 nan nan nan
6.190000000000000000e+02 3.594256075772371872e+01 3.518810995214583670e+01 nan nan nan
6.200000000000000000e+02 3.594256075772371872e+01 3.518947358850962104e+01 nan 1.000000000000000000e+00 nan
6.210000000000000000e+02 3.594256075772371872e+01 3.519083722487339827e+01 nan 1.000000000000000000e+00 nan
6.220000000000000000e+02 3.594256075772372583e+01 3.519220086123717550e+01 nan 1.000000000000000000e+00 nan
6.230000000000000000e+02 3.594256075772372583e+01 3.519356449760095984e+01 nan 1.000000000000000000e+00 nan
6.240000000000000000e+02 3.594256075772371872e+01 3.519492813396475128e+01 nan 1.000000000000000000e+00 nan
6.250000000000000000e+02 3.594256075772372583e+01 3.519629177032852851e+01 nan 1.000000000000000000e+00 nan
6.260000000000000000e+02 3.594256075772371872e+01 3.519765540669229864e+01 nan 1.000000000000000000e+00 nan
6.270000000000000000e+02 3.594256075772371872e+01 3.519901904305608298e+01 1.000000000000000000e+00 1.000000000000000000e+00 1.000000000000000000e+00
6.280000000000000000e+02 3.594256075772371872e+01 3.520038267941986732e+01 nan 1.000000000000000000e+00 nan
6.290000000000000000e+02 3.594256075772371872e+01 3.520174631578365876e+01 nan 1.000000000000000000e+00 nan
6.300000000000000000e+02 3.594256075772371872e+01 3.520310995214742888e+01 nan 1.000000000000000000e+00 nan
6.310000000000000000e+02 3.594256075772371162e+01 3.520447358851120612e+01 nan 1.000000000000000000e+00 nan
6.320000000000000000e+02 3.594256075772371872e+01 3.520583722487499045e+01 nan 1.000000000000000000e+00 nan
6.330000000000000000e+02 3.594256075772372583e+01 3.520720086123876769e+01 1.000000000000000000e+00 1.000000000000000000e+00 1.000000000000000000e+00
6.340000000000000000e+02 3.594256075772371872e+01 3.520856449760256623e+01 nan 1.000000000000000000e+00 nan
6.350000000000000000e+02 3.594256075772371872e+01 3.520992813396632926e+01 nan 1.000000000000000000e+00 nan
6.360000000000000000e+02 3.594256075772371872e+01 3.521129177033011359e+01 nan 1.000000000000000000e+00 nan
6.370000000000000000e+02 3.594256075772371872e+01 3.521265540669388372e+01 nan nan nan
6.380000000000000000e+02 3.594256075772371872e+01 3.521401904305767516e+01 nan nan nan
6.390000000000000000e+02 3.594256075772371872e+01 3.521538267942145950e+01 nan 1.000000000000000000e+00 nan
