1.000000000000000000e+00 5.761124121779859220e-01
3.000000000000000000e+00 6.452517871622566181e-01
5.000000000000000000e+00 6.852737575677708692e-01
7.000000000000000000e+00 7.139097014003725761e-01
9.000000000000000000e+00 7.379430026005218135e-01
1.100000000000000000e+01 7.589819424310252360e-01
1.300000000000000000e+01 7.779883571909551598e-01
1.500000000000000000e+01 7.949502186262280556e-01
1.700000000000000000e+01 8.095596801257555208e-01
1.900000000000000000e+01 8.221874917758515977e-01
2.100000000000000000e+01 8.329920126436317629e-01
2.300000000000000000e+01 8.421408849718681200e-01
2.500000000000000000e+01 8.498507002578540304e-01
2.700000000000000000e+01 8.561946257178016939e-01
2.900000000000000000e+01 8.611976980369793200e-01
3.100000000000000000e+01 8.648063871532750690e-01
3.300000000000000000e+01 8.672590970784733733e-01
3.500000000000000000e+01 8.688296050218057287e-01
3.700000000000000000e+01 8.698102792314592602e-01
3.900000000000000000e+01 8.703835404231703432e-01
4.100000000000000000e+01 8.707119192699848131e-01
4.300000000000000000e+01 8.708756044619175851e-01
4.500000000000000000e+01 8.708348937681463786e-01
4.700000000000000000e+01 8.706291197831989015e-01
4.900000000000000000e+01 8.702566159368905208e-01
5.100000000000000000e+01 8.698004852894377636e-01
5.300000000000000000e+01 8.691851947739634987e-01
5.500000000000000000e+01 8.683353751010296495e-01
5.700000000000000000e+01 8.673004121470501149e-01
5.900000000000000000e+01 8.660718697266661659e-01
6.100000000000000000e+01 8.647286422840179121e-01
6.300000000000000000e+01 8.633319550365767814e-01
6.500000000000000000e+01 8.618154125592352166e-01
6.700000000000000000e+01 8.602412214062712392e-01
6.900000000000000000e+01 8.587112536927088424e-01
7.100000000000000000e+01 8.572405515984364843e-01
7.300000000000000000e+01 8.557352799204434035e-01
7.500000000000000000e+01 8.541797363164640444e-01
7.700000000000000000e+01 8.525970258061382756e-01
7.900000000000000000e+01 8.510396648062510394e-01
8.100000000000000000e+01 8.494746321145030254e-01
8.300000000000000000e+01 8.479826976757262047e-01
8.500000000000000000e+01 8.466149612484330511e-01
8.700000000000000000e+01 8.452705700402327604e-01
8.900000000000000000e+01 8.439724501257328537e-01
9.100000000000000000e+01 8.428235061073761081e-01
9.300000000000000000e+01 8.417532694734297660e-01
9.500000000000000000e+01 8.407471743907513062e-01
9.700000000000000000e+01 8.398144176439774622e-01
9.900000000000000000e+01 8.390460673746324982e-01
1.010000000000000000e+02 8.383289063257479690e-01
1.030000000000000000e+02 8.376850817093903778e-01
1.050000000000000000e+02 8.371844138469389796e-01
1.070000000000000000e+02 8.368612215252039244e-01
1.090000000000000000e+02 8.367843674374251250e-01
1.110000000000000000e+02 8.367843674374241258e-01
1.130000000000000000e+02 8.367843674374241258e-01
1.150000000000000000e+02 8.367843674374242369e-01
1.170000000000000000e+02 8.367843674374240148e-01
1.190000000000000000e+02 8.367843674374240148e-01
1.210000000000000000e+02 8.367843674374243479e-01
1.230000000000000000e+02 8.367843674374249030e-01
1.250000000000000000e+02 8.367843674374249030e-01
1.270000000000000000e+02 8.367843674374245699e-01
1.290000000000000000e+02 8.367843674374242369e-01
1.310000000000000000e+02 8.367843674374242369e-01
1.330000000000000000e+02 8.367843674374242369e-01
1.350000000000000000e+02 8.367843674374245699e-01
1.370000000000000000e+02 8.367843674374241258e-01
1.390000000000000000e+02 8.367843674374249030e-01
1.410000000000000000e+02 8.367843674374241258e-01
1.430000000000000000e+02 8.367843674374243479e-01
1.450000000000000000e+02 8.367843674374244589e-01
1.470000000000000000e+02 8.367843674374240148e-01
1.490000000000000000e+02 8.367843674374241258e-01
