1.000000000000000000e+00 4.378455220344337206e-01
3.000000000000000000e+00 4.853180508776967494e-01
5.000000000000000000e+00 5.085537416599978933e-01
7.000000000000000000e+00 5.230127331280630676e-01
9.000000000000000000e+00 5.337746293430014610e-01
1.100000000000000000e+01 5.426352265354104087e-01
1.300000000000000000e+01 5.503280645147069494e-01
1.500000000000000000e+01 5.572519890456409941e-01
1.700000000000000000e+01 5.636676620977301155e-01
1.900000000000000000e+01 5.697632655363802368e-01
2.100000000000000000e+01 5.755941678827914965e-01
2.300000000000000000e+01 5.811849161173947564e-01
2.500000000000000000e+01 5.865682620952910042e-01
2.700000000000000000e+01 5.917683355181333482e-01
2.900000000000000000e+01 5.967971399956514267e-01
3.100000000000000000e+01 6.016749186957501827e-01
3.300000000000000000e+01 6.063913604626266496e-01
3.500000000000000000e+01 6.109171930234180703e-01
3.700000000000000000e+01 6.152961225607624929e-01
3.900000000000000000e+01 6.195586680428941673e-01
4.100000000000000000e+01 6.237310832918713244e-01
4.300000000000000000e+01 6.278304107828930336e-01
4.500000000000000000e+01 6.318610316210855338e-01
4.700000000000000000e+01 6.357970353277098141e-01
4.900000000000000000e+01 6.396487435541218236e-01
5.100000000000000000e+01 6.434173841821717588e-01
5.300000000000000000e+01 6.470943917997230566e-01
5.500000000000000000e+01 6.506854134680988277e-01
5.700000000000000000e+01 6.541563261619107728e-01
5.900000000000000000e+01 6.575077391392669668e-01
6.100000000000000000e+01 6.607438370449821852e-01
6.300000000000000000e+01 6.638787735602840190e-01
6.500000000000000000e+01 6.668859806046751881e-01
6.700000000000000000e+01 6.697686471636846717e-01
6.900000000000000000e+01 6.725066148706557723e-01
7.100000000000000000e+01 6.751038391916301951e-01
7.300000000000000000e+01 6.775630329414226161e-01
7.500000000000000000e+01 6.798938131063906321e-01
7.700000000000000000e+01 6.820838137118089284e-01
7.900000000000000000e+01 6.841334562522557450e-01
8.100000000000000000e+01 6.860412959090376184e-01
8.300000000000000000e+01 6.878295537912157975e-01
8.500000000000000000e+01 6.895110026980120210e-01
8.700000000000000000e+01 6.910807942890646594e-01
8.900000000000000000e+01 6.925231846343073983e-01
9.100000000000000000e+01 6.938710136540169326e-01
9.300000000000000000e+01 6.950984544529048570e-01
9.500000000000000000e+01 6.961944257400431990e-01
9.700000000000000000e+01 6.971661664458743690e-01
9.900000000000000000e+01 6.980096512405680187e-01
1.010000000000000000e+02 6.987294590009633932e-01
1.030000000000000000e+02 6.993521287783056595e-01
1.050000000000000000e+02 6.998933073818571771e-01
1.070000000000000000e+02 7.003200635465568480e-01
1.090000000000000000e+02 7.006005749284590634e-01
1.110000000000000000e+02 7.007794217891714084e-01
1.130000000000000000e+02 7.008999085930192052e-01
1.150000000000000000e+02 7.009545860249268845e-01
1.170000000000000000e+02 7.009326474148127595e-01
1.190000000000000000e+02 7.008372572089029973e-01
1.210000000000000000e+02 7.006639467684828704e-01
1.230000000000000000e+02 7.004166314639500568e-01
1.250000000000000000e+02 7.001205909310885822e-01
1.270000000000000000e+02 6.997845424389397273e-01
1.290000000000000000e+02 6.994057716597925634e-01
1.310000000000000000e+02 6.989777347520282902e-01
1.330000000000000000e+02 6.985149472616305477e-01
1.350000000000000000e+02 6.980186644698548326e-01
1.370000000000000000e+02 6.975391728570827787e-01
1.390000000000000000e+02 6.970633744396520504e-01
1.410000000000000000e+02 6.966118703051000782e-01
1.430000000000000000e+02 6.962001321374762242e-01
1.450000000000000000e+02 6.958294627522378928e-01
1.470000000000000000e+02 6.955103779165510147e-01
1.490000000000000000e+02 6.952439149542544161e-01
