1.000000000000000000e+00 6.282850507272952356e-02
3.000000000000000000e+00 6.804833370298279949e-02
5.000000000000000000e+00 7.017919208327372260e-02
7.000000000000000000e+00 7.170964406617685860e-02
9.000000000000000000e+00 7.300027622161009422e-02
1.100000000000000000e+01 7.407691860552645391e-02
1.300000000000000000e+01 7.502747702972545341e-02
1.500000000000000000e+01 7.586197526077531617e-02
1.700000000000000000e+01 7.657178270033693224e-02
1.900000000000000000e+01 7.720346290135893241e-02
2.100000000000000000e+01 7.776939088052181592e-02
2.300000000000000000e+01 7.827057744364163128e-02
2.500000000000000000e+01 7.871933579933798608e-02
2.700000000000000000e+01 7.912451647054741244e-02
2.900000000000000000e+01 7.949664503351094869e-02
3.100000000000000000e+01 7.984859788303577677e-02
3.300000000000000000e+01 8.017923513698377302e-02
3.500000000000000000e+01 8.049468387733316188e-02
3.700000000000000000e+01 8.081084246853487141e-02
3.900000000000000000e+01 8.112877041796218158e-02
4.100000000000000000e+01 8.143915510277111025e-02
4.300000000000000000e+01 8.174703691153628604e-02
4.500000000000000000e+01 8.204926958237201973e-02
4.700000000000000000e+01 8.234655000404844660e-02
4.900000000000000000e+01 8.263654209178084020e-02
5.100000000000000000e+01 8.290253561220106704e-02
5.300000000000000000e+01 8.316203792111331872e-02
5.500000000000000000e+01 8.340673203093351695e-02
5.700000000000000000e+01 8.363813876281600557e-02
5.900000000000000000e+01 8.386301036834609146e-02
6.100000000000000000e+01 8.408124883929368742e-02
6.300000000000000000e+01 8.430259037213017059e-02
6.500000000000000000e+01 8.452543524279476639e-02
6.700000000000000000e+01 8.474821289199352403e-02
6.900000000000000000e+01 8.497015465615609386e-02
7.100000000000000000e+01 8.519202913093892882e-02
7.300000000000000000e+01 8.541433677965537541e-02
7.500000000000000000e+01 8.563575092948871870e-02
7.700000000000000000e+01 8.585538773911116639e-02
7.900000000000000000e+01 8.604508767460605778e-02
8.100000000000000000e+01 8.621350411466666142e-02
8.300000000000000000e+01 8.636090478974034479e-02
8.500000000000000000e+01 8.649934171402628991e-02
8.700000000000000000e+01 8.662859752699436644e-02
8.900000000000000000e+01 8.675521730237267803e-02
9.100000000000000000e+01 8.687915589559080942e-02
9.300000000000000000e+01 8.698656438030605287e-02
9.500000000000000000e+01 8.707805246111266495e-02
9.700000000000000000e+01 8.716259984983754094e-02
9.900000000000000000e+01 8.724018475313155552e-02
1.010000000000000000e+02 8.732034427928092590e-02
1.030000000000000000e+02 8.739797730830556333e-02
1.050000000000000000e+02 8.747349376202817606e-02
1.070000000000000000e+02 8.753039428020681356e-02
1.090000000000000000e+02 8.757554887006080424e-02
1.110000000000000000e+02 8.761050423716931768e-02
1.130000000000000000e+02 8.764805685151932924e-02
1.150000000000000000e+02 8.768300292691588727e-02
1.170000000000000000e+02 8.771586076860571346e-02
1.190000000000000000e+02 8.774730845434730586e-02
1.210000000000000000e+02 8.776739212088335851e-02
1.230000000000000000e+02 8.778041463052654869e-02
1.250000000000000000e+02 8.778724830929607315e-02
1.270000000000000000e+02 8.779115471133014381e-02
1.290000000000000000e+02 8.778128569562682060e-02
1.310000000000000000e+02 8.777187849794909624e-02
1.330000000000000000e+02 8.776354806605257686e-02
1.350000000000000000e+02 8.776387829389675765e-02
1.370000000000000000e+02 8.777286666329975340e-02
1.390000000000000000e+02 8.779107968376298476e-02
1.410000000000000000e+02 8.780658701978749647e-02
1.430000000000000000e+02 8.781888080284228071e-02
1.450000000000000000e+02 8.782294792070355349e-02
1.470000000000000000e+02 8.782630357167908741e-02
1.490000000000000000e+02 8.782888612484562874e-02
