1.000000000000000000e+00 1.083259856405083266e-02
3.000000000000000000e+00 1.141413346966058118e-02
5.000000000000000000e+00 1.183629618512382908e-02
7.000000000000000000e+00 1.223132199175458457e-02
9.000000000000000000e+00 1.254333277002572800e-02
1.100000000000000000e+01 1.271264837275787318e-02
1.300000000000000000e+01 1.275917560670536410e-02
1.500000000000000000e+01 1.273240356313309896e-02
1.700000000000000000e+01 1.263010853508539366e-02
1.900000000000000000e+01 1.249578272139117985e-02
2.100000000000000000e+01 1.236167506435403851e-02
2.300000000000000000e+01 1.224000115148005108e-02
2.500000000000000000e+01 1.216546847489652361e-02
2.700000000000000000e+01 1.212363546415573534e-02
2.900000000000000000e+01 1.210730037857832286e-02
3.100000000000000000e+01 1.211184638127749125e-02
3.300000000000000000e+01 1.213245627934733673e-02
3.500000000000000000e+01 1.216725364907500495e-02
3.700000000000000000e+01 1.221333371641109000e-02
3.900000000000000000e+01 1.226649270779145429e-02
4.100000000000000000e+01 1.232317132917404301e-02
4.300000000000000000e+01 1.238253277930922991e-02
4.500000000000000000e+01 1.242286547700133248e-02
4.700000000000000000e+01 1.244782558815094031e-02
4.900000000000000000e+01 1.245853351702841394e-02
5.100000000000000000e+01 1.245623934533757193e-02
5.300000000000000000e+01 1.245547432427696055e-02
5.500000000000000000e+01 1.245502808792076088e-02
5.700000000000000000e+01 1.245726133770974631e-02
5.900000000000000000e+01 1.246092716867230887e-02
6.100000000000000000e+01 1.246516481116599628e-02
6.300000000000000000e+01 1.247058976218184956e-02
6.500000000000000000e+01 1.247721991038264200e-02
6.700000000000000000e+01 1.248494410142775290e-02
6.900000000000000000e+01 1.249276252139464027e-02
7.100000000000000000e+01 1.249988461903273063e-02
7.300000000000000000e+01 1.249735128314810595e-02
7.500000000000000000e+01 1.248522048452982425e-02
7.700000000000000000e+01 1.246395364951446982e-02
7.900000000000000000e+01 1.244369336010997529e-02
8.100000000000000000e+01 1.242382092106530944e-02
8.300000000000000000e+01 1.240360905710791162e-02
8.500000000000000000e+01 1.238298073374310970e-02
8.700000000000000000e+01 1.236194680503266419e-02
8.900000000000000000e+01 1.234059448813218385e-02
9.100000000000000000e+01 1.231892143919288696e-02
9.300000000000000000e+01 1.229696538657409910e-02
9.500000000000000000e+01 1.226963120692015075e-02
9.700000000000000000e+01 1.223691149701433556e-02
9.900000000000000000e+01 1.219925595965254406e-02
1.010000000000000000e+02 1.215727776975417118e-02
1.030000000000000000e+02 1.211146848417943289e-02
1.050000000000000000e+02 1.206707556495212330e-02
1.070000000000000000e+02 1.202413420407844047e-02
1.090000000000000000e+02 1.198288257495117026e-02
1.110000000000000000e+02 1.194327435593267595e-02
1.130000000000000000e+02 1.190547250712215011e-02
1.150000000000000000e+02 1.186997305763093369e-02
1.170000000000000000e+02 1.183678133016363709e-02
1.190000000000000000e+02 1.180587622306639162e-02
1.210000000000000000e+02 1.177691522214097120e-02
1.230000000000000000e+02 1.175024455624096298e-02
1.250000000000000000e+02 1.172595522189046058e-02
1.270000000000000000e+02 1.170446705056460424e-02
1.290000000000000000e+02 1.168598607655968458e-02
1.310000000000000000e+02 1.167038508267992380e-02
1.330000000000000000e+02 1.165757912391574003e-02
1.350000000000000000e+02 1.164768711480002050e-02
1.370000000000000000e+02 1.164096395677993723e-02
1.390000000000000000e+02 1.163742906029918700e-02
1.410000000000000000e+02 1.163708077627767512e-02
1.430000000000000000e+02 1.163977669568039275e-02
1.450000000000000000e+02 1.164550819791532188e-02
1.470000000000000000e+02 1.165415861137131248e-02
1.490000000000000000e+02 1.166548400951827880e-02
