1.000000000000000000e+00 3.585871512669567274e-01
3.000000000000000000e+00 3.890821209271450032e-01
5.000000000000000000e+00 4.030708557415487725e-01
7.000000000000000000e+00 4.115733820508407081e-01
9.000000000000000000e+00 4.182242407629618297e-01
1.100000000000000000e+01 4.241723161421376842e-01
1.300000000000000000e+01 4.299168642946344931e-01
1.500000000000000000e+01 4.355596889954280737e-01
1.700000000000000000e+01 4.411301429439520305e-01
1.900000000000000000e+01 4.466462632344214700e-01
2.100000000000000000e+01 4.522166001219225517e-01
2.300000000000000000e+01 4.578750277983713035e-01
2.500000000000000000e+01 4.636735933736043647e-01
2.700000000000000000e+01 4.695827029894713567e-01
2.900000000000000000e+01 4.756482924933992384e-01
3.100000000000000000e+01 4.819075610130599818e-01
3.300000000000000000e+01 4.883192931366638900e-01
3.500000000000000000e+01 4.948780543597888215e-01
3.700000000000000000e+01 5.016287952529216998e-01
3.900000000000000000e+01 5.085436345094423993e-01
4.100000000000000000e+01 5.156240420937638902e-01
4.300000000000000000e+01 5.228776008614257620e-01
4.500000000000000000e+01 5.303249673411650766e-01
4.700000000000000000e+01 5.379557968635736431e-01
4.900000000000000000e+01 5.457028817398497100e-01
5.100000000000000000e+01 5.535709328549303088e-01
5.300000000000000000e+01 5.615389982693856918e-01
5.500000000000000000e+01 5.695485679564280534e-01
5.700000000000000000e+01 5.775719656762352550e-01
5.900000000000000000e+01 5.855831882614808137e-01
6.100000000000000000e+01 5.935374069144933040e-01
6.300000000000000000e+01 6.013518213253412625e-01
6.500000000000000000e+01 6.089985211506629970e-01
6.700000000000000000e+01 6.165286828078703207e-01
6.900000000000000000e+01 6.239548086483701628e-01
7.100000000000000000e+01 6.312805429829604353e-01
7.300000000000000000e+01 6.384825735600588859e-01
7.500000000000000000e+01 6.455640657119358083e-01
7.700000000000000000e+01 6.525490991452989054e-01
7.900000000000000000e+01 6.594750151491703960e-01
8.100000000000000000e+01 6.663123298739387357e-01
8.300000000000000000e+01 6.730923294383557298e-01
8.500000000000000000e+01 6.797903606637691887e-01
8.700000000000000000e+01 6.864129445227595827e-01
8.900000000000000000e+01 6.929818795893309957e-01
9.100000000000000000e+01 6.994499363426676108e-01
9.300000000000000000e+01 7.057798064331367582e-01
9.500000000000000000e+01 7.119711017795298247e-01
9.700000000000000000e+01 7.180349618061245831e-01
9.900000000000000000e+01 7.239759558402256712e-01
1.010000000000000000e+02 7.297695075601120518e-01
1.030000000000000000e+02 7.353831671119190894e-01
1.050000000000000000e+02 7.407971527861021421e-01
1.070000000000000000e+02 7.459988616400637929e-01
1.090000000000000000e+02 7.509925427714732038e-01
1.110000000000000000e+02 7.557768551740375873e-01
1.130000000000000000e+02 7.603517570935375280e-01
1.150000000000000000e+02 7.646936689876701054e-01
1.170000000000000000e+02 7.688070650077322155e-01
1.190000000000000000e+02 7.726709367340619528e-01
1.210000000000000000e+02 7.763049482267840862e-01
1.230000000000000000e+02 7.797656080072182805e-01
1.250000000000000000e+02 7.830424410369475341e-01
1.270000000000000000e+02 7.861469575391479836e-01
1.290000000000000000e+02 7.891315902846013364e-01
1.310000000000000000e+02 7.920189561880196516e-01
1.330000000000000000e+02 7.948373724330017875e-01
1.350000000000000000e+02 7.975763939486242293e-01
1.370000000000000000e+02 8.002464308578048913e-01
1.390000000000000000e+02 8.028514731522565784e-01
1.410000000000000000e+02 8.053992722618235067e-01
1.430000000000000000e+02 8.079193991379571838e-01
1.450000000000000000e+02 8.104128957290772650e-01
1.470000000000000000e+02 8.128960721884829210e-01
1.490000000000000000e+02 8.152817014936881712e-01
