1.000000000000000000e+00 3.552689112374289859e-01
3.000000000000000000e+00 3.908632241043947797e-01
5.000000000000000000e+00 4.067820487953742736e-01
7.000000000000000000e+00 4.151576168704592673e-01
9.000000000000000000e+00 4.206484681874794740e-01
1.100000000000000000e+01 4.248757840869049618e-01
1.300000000000000000e+01 4.282715681577884403e-01
1.500000000000000000e+01 4.310975639656738911e-01
1.700000000000000000e+01 4.335336707751628049e-01
1.900000000000000000e+01 4.356062860357396982e-01
2.100000000000000000e+01 4.373192450152252331e-01
2.300000000000000000e+01 4.387475440439905228e-01
2.500000000000000000e+01 4.398990697648320625e-01
2.700000000000000000e+01 4.408307542116421951e-01
2.900000000000000000e+01 4.416041578875361528e-01
3.100000000000000000e+01 4.422904482678262639e-01
3.300000000000000000e+01 4.429474529134436178e-01
3.500000000000000000e+01 4.436351353905453321e-01
3.700000000000000000e+01 4.443919031073674253e-01
3.900000000000000000e+01 4.452317911424980013e-01
4.100000000000000000e+01 4.461888314058113369e-01
4.300000000000000000e+01 4.472752028204658448e-01
4.500000000000000000e+01 4.485028427749290225e-01
4.700000000000000000e+01 4.498802622676775220e-01
4.900000000000000000e+01 4.514094704153992499e-01
5.100000000000000000e+01 4.530830747888224819e-01
5.300000000000000000e+01 4.549085179936135370e-01
5.500000000000000000e+01 4.568948024945138631e-01
5.700000000000000000e+01 4.590493646970967845e-01
5.900000000000000000e+01 4.613564614063503377e-01
6.100000000000000000e+01 4.638072018329884028e-01
6.300000000000000000e+01 4.664004935656745898e-01
6.500000000000000000e+01 4.691194998928179816e-01
6.700000000000000000e+01 4.719495620565977712e-01
6.900000000000000000e+01 4.748672487106547768e-01
7.100000000000000000e+01 4.778682488349154101e-01
7.300000000000000000e+01 4.809547525914404931e-01
7.500000000000000000e+01 4.841093525283330923e-01
7.700000000000000000e+01 4.872967997645925031e-01
7.900000000000000000e+01 4.905044034337442405e-01
8.100000000000000000e+01 4.937343316212247091e-01
8.300000000000000000e+01 4.969798774563890520e-01
8.500000000000000000e+01 5.002436374202534619e-01
8.700000000000000000e+01 5.034963630861823969e-01
8.900000000000000000e+01 5.067295899001929005e-01
9.100000000000000000e+01 5.099509482559620999e-01
9.300000000000000000e+01 5.131587345180526061e-01
9.500000000000000000e+01 5.163452958285985606e-01
9.700000000000000000e+01 5.195158849044159144e-01
9.900000000000000000e+01 5.226817996584625092e-01
1.010000000000000000e+02 5.258443833234044407e-01
1.030000000000000000e+02 5.289971591277657925e-01
1.050000000000000000e+02 5.321520227117368940e-01
1.070000000000000000e+02 5.352890097557534421e-01
1.090000000000000000e+02 5.383970078542332782e-01
1.110000000000000000e+02 5.414906296555548337e-01
1.130000000000000000e+02 5.445649512546575366e-01
1.150000000000000000e+02 5.476200426590166481e-01
1.170000000000000000e+02 5.506566313015963665e-01
1.190000000000000000e+02 5.536601214389855752e-01
1.210000000000000000e+02 5.566263414732108838e-01
1.230000000000000000e+02 5.595647974285949955e-01
1.250000000000000000e+02 5.624749711980350231e-01
1.270000000000000000e+02 5.653380584687304200e-01
1.290000000000000000e+02 5.681629327496227067e-01
1.310000000000000000e+02 5.709280660516959927e-01
1.330000000000000000e+02 5.736194976457054118e-01
1.350000000000000000e+02 5.762508029204282956e-01
1.370000000000000000e+02 5.788124592941652491e-01
1.390000000000000000e+02 5.813010146254030674e-01
1.410000000000000000e+02 5.837313884052250934e-01
1.430000000000000000e+02 5.860979722683749005e-01
1.450000000000000000e+02 5.883970581443618286e-01
1.470000000000000000e+02 5.906035580849303690e-01
1.490000000000000000e+02 5.927472767721917446e-01
