1.000000000000000000e+00 4.225504322766570064e-01
3.000000000000000000e+00 4.748903047802696120e-01
5.000000000000000000e+00 4.988075941380795131e-01
7.000000000000000000e+00 5.139316366817332504e-01
9.000000000000000000e+00 5.255709787907074659e-01
1.100000000000000000e+01 5.352350513690873335e-01
1.300000000000000000e+01 5.437997344946857714e-01
1.500000000000000000e+01 5.516523078577423300e-01
1.700000000000000000e+01 5.589867892463474819e-01
1.900000000000000000e+01 5.659778844587295410e-01
2.100000000000000000e+01 5.727117174039277891e-01
2.300000000000000000e+01 5.792064804416341417e-01
2.500000000000000000e+01 5.854984270813498037e-01
2.700000000000000000e+01 5.916737581719471173e-01
2.900000000000000000e+01 5.977754032087145841e-01
3.100000000000000000e+01 6.038878703098380374e-01
3.300000000000000000e+01 6.100606084041514388e-01
3.500000000000000000e+01 6.163288001550885076e-01
3.700000000000000000e+01 6.227075628181963918e-01
3.900000000000000000e+01 6.292021831978108493e-01
4.100000000000000000e+01 6.357972885310632094e-01
4.300000000000000000e+01 6.424599633937362331e-01
4.500000000000000000e+01 6.491363351371276513e-01
4.700000000000000000e+01 6.558066420444015332e-01
4.900000000000000000e+01 6.624551653946531005e-01
5.100000000000000000e+01 6.690601334738579542e-01
5.300000000000000000e+01 6.756154125357435314e-01
5.500000000000000000e+01 6.821227794069586459e-01
5.700000000000000000e+01 6.885691483291325188e-01
5.900000000000000000e+01 6.948893989230560120e-01
6.100000000000000000e+01 7.010762166294011166e-01
6.300000000000000000e+01 7.071255949988073386e-01
6.500000000000000000e+01 7.129939959879045830e-01
6.700000000000000000e+01 7.186853342793864119e-01
6.900000000000000000e+01 7.242218412614807033e-01
7.100000000000000000e+01 7.295984512917328413e-01
7.300000000000000000e+01 7.348169119187953902e-01
7.500000000000000000e+01 7.398735526647568506e-01
7.700000000000000000e+01 7.447636140078648381e-01
7.900000000000000000e+01 7.494633376702568572e-01
8.100000000000000000e+01 7.539721922669396781e-01
8.300000000000000000e+01 7.582787192017406142e-01
8.500000000000000000e+01 7.623920026205717182e-01
8.700000000000000000e+01 7.663344772861376830e-01
8.900000000000000000e+01 7.701170262622589746e-01
9.100000000000000000e+01 7.737481560259257263e-01
9.300000000000000000e+01 7.772470069304613371e-01
9.500000000000000000e+01 7.806285683716078783e-01
9.700000000000000000e+01 7.839098562522790470e-01
9.900000000000000000e+01 7.871081467609705173e-01
1.010000000000000000e+02 7.902334146267595560e-01
1.030000000000000000e+02 7.932935686598027170e-01
1.050000000000000000e+02 7.962676262891358325e-01
1.070000000000000000e+02 7.991483700246572175e-01
1.090000000000000000e+02 8.019171574428949345e-01
1.110000000000000000e+02 8.045944597054683900e-01
1.130000000000000000e+02 8.071998710527799048e-01
1.150000000000000000e+02 8.097189718400146230e-01
1.170000000000000000e+02 8.121609024709355307e-01
1.190000000000000000e+02 8.144947877067217901e-01
1.210000000000000000e+02 8.167489672661463196e-01
1.230000000000000000e+02 8.188996482949358890e-01
1.250000000000000000e+02 8.209457790564493873e-01
1.270000000000000000e+02 8.229051014386490337e-01
1.290000000000000000e+02 8.247845632357581058e-01
1.310000000000000000e+02 8.266042256781976905e-01
1.330000000000000000e+02 8.283689776308171826e-01
1.350000000000000000e+02 8.300755994851474195e-01
1.370000000000000000e+02 8.317105966084428204e-01
1.390000000000000000e+02 8.333032342621871091e-01
1.410000000000000000e+02 8.348591798781590523e-01
1.430000000000000000e+02 8.363477546296863574e-01
1.450000000000000000e+02 8.377653257170167844e-01
1.470000000000000000e+02 8.391120190014776936e-01
1.490000000000000000e+02 8.403778096605938330e-01
