1.000000000000000000e+00 5.309734513274655399e-04
3.000000000000000000e+00 5.523511862480789958e-04
5.000000000000000000e+00 5.646463619835007108e-04
7.000000000000000000e+00 5.746877568749697573e-04
9.000000000000000000e+00 5.840586657449575725e-04
1.100000000000000000e+01 5.940881923880425575e-04
1.300000000000000000e+01 6.073864488950198037e-04
1.500000000000000000e+01 6.229029401126906507e-04
1.700000000000000000e+01 6.394168625121210425e-04
1.900000000000000000e+01 6.562784548069799939e-04
2.100000000000000000e+01 6.732559990645370362e-04
2.300000000000000000e+01 6.902942769629882847e-04
2.500000000000000000e+01 7.070528081211113758e-04
2.700000000000000000e+01 7.231846008355358180e-04
2.900000000000000000e+01 7.385853018008203819e-04
3.100000000000000000e+01 7.532692389367046104e-04
3.300000000000000000e+01 7.674269099142705386e-04
3.500000000000000000e+01 7.812833562871324133e-04
3.700000000000000000e+01 7.949752433857870670e-04
3.900000000000000000e+01 8.089277169923692057e-04
4.100000000000000000e+01 8.234776288504885855e-04
4.300000000000000000e+01 8.382369679839074550e-04
4.500000000000000000e+01 8.528860244633174048e-04
4.700000000000000000e+01 8.671108617553935360e-04
4.900000000000000000e+01 8.809209693428909915e-04
5.100000000000000000e+01 8.942757066998652249e-04
5.300000000000000000e+01 9.071555318080903874e-04
5.500000000000000000e+01 9.196257568494514700e-04
5.700000000000000000e+01 9.318192233963573656e-04
5.900000000000000000e+01 9.438497683539326388e-04
6.100000000000000000e+01 9.557579238564928303e-04
6.300000000000000000e+01 9.676532058191522623e-04
6.500000000000000000e+01 9.796098175766099203e-04
6.700000000000000000e+01 9.916801205751557546e-04
6.900000000000000000e+01 1.003799358046286727e-03
7.100000000000000000e+01 1.015939529869114288e-03
7.300000000000000000e+01 1.028088780151925619e-03
7.500000000000000000e+01 1.040192196206324304e-03
7.700000000000000000e+01 1.052214274710250308e-03
7.900000000000000000e+01 1.064117174638834484e-03
8.100000000000000000e+01 1.075845387974894152e-03
8.300000000000000000e+01 1.087405445353351041e-03
8.500000000000000000e+01 1.098850273541063238e-03
8.700000000000000000e+01 1.110217026434212606e-03
8.900000000000000000e+01 1.121484828627616892e-03
9.100000000000000000e+01 1.132579006119072140e-03
9.300000000000000000e+01 1.143419921812438567e-03
9.500000000000000000e+01 1.153949230569439877e-03
9.700000000000000000e+01 1.164131693168535264e-03
9.900000000000000000e+01 1.173980244880024060e-03
1.010000000000000000e+02 1.183535630679966033e-03
1.030000000000000000e+02 1.192834568375267246e-03
1.050000000000000000e+02 1.201914825561201106e-03
1.070000000000000000e+02 1.210796492588261941e-03
1.090000000000000000e+02 1.219510877237928170e-03
1.110000000000000000e+02 1.228084239822679891e-03
1.130000000000000000e+02 1.236521013135316593e-03
1.150000000000000000e+02 1.244795008973231809e-03
1.170000000000000000e+02 1.252893240660024610e-03
1.190000000000000000e+02 1.260785291451238521e-03
1.210000000000000000e+02 1.268470564970591852e-03
1.230000000000000000e+02 1.275993032530009508e-03
1.250000000000000000e+02 1.283403804252070124e-03
1.270000000000000000e+02 1.290732330700761210e-03
1.290000000000000000e+02 1.298007702147163656e-03
1.310000000000000000e+02 1.305257475391341515e-03
1.330000000000000000e+02 1.312500570710972703e-03
1.350000000000000000e+02 1.319731155374315179e-03
1.370000000000000000e+02 1.326956698993408956e-03
1.390000000000000000e+02 1.334200604020785441e-03
1.410000000000000000e+02 1.341460636077762558e-03
1.430000000000000000e+02 1.348765399183937674e-03
1.450000000000000000e+02 1.356143312399415990e-03
1.470000000000000000e+02 1.363610049571861715e-03
1.490000000000000000e+02 1.371191078829658849e-03
