1.000000000000000000e+00 6.206823254330962047e-02
3.000000000000000000e+00 6.856283013307340468e-02
5.000000000000000000e+00 7.187711321131073916e-02
7.000000000000000000e+00 7.426134599094924571e-02
9.000000000000000000e+00 7.624681771012009612e-02
1.100000000000000000e+01 7.827182946900390625e-02
1.300000000000000000e+01 8.037848682662918076e-02
1.500000000000000000e+01 8.260280129716845998e-02
1.700000000000000000e+01 8.488908573458453510e-02
1.900000000000000000e+01 8.719664979201102728e-02
2.100000000000000000e+01 8.953122789954448546e-02
2.300000000000000000e+01 9.192262432330156052e-02
2.500000000000000000e+01 9.433964297566677093e-02
2.700000000000000000e+01 9.674920352698401782e-02
2.900000000000000000e+01 9.911534913802266811e-02
3.100000000000000000e+01 1.014071502130204916e-01
3.300000000000000000e+01 1.036194185742883578e-01
3.500000000000000000e+01 1.057561204488757234e-01
3.700000000000000000e+01 1.078051907803196929e-01
3.900000000000000000e+01 1.097734028805322781e-01
4.100000000000000000e+01 1.116514267967063656e-01
4.300000000000000000e+01 1.134538111675732486e-01
4.500000000000000000e+01 1.151714642303143243e-01
4.700000000000000000e+01 1.168051508372887071e-01
4.900000000000000000e+01 1.183452625759059407e-01
5.100000000000000000e+01 1.197907497418796430e-01
5.300000000000000000e+01 1.211452049231980244e-01
5.500000000000000000e+01 1.224089410690187840e-01
5.700000000000000000e+01 1.235844259207590223e-01
5.900000000000000000e+01 1.246638350004238838e-01
6.100000000000000000e+01 1.256539057141620175e-01
6.300000000000000000e+01 1.265658849835581412e-01
6.500000000000000000e+01 1.274067990392034888e-01
6.700000000000000000e+01 1.281787376478608076e-01
6.900000000000000000e+01 1.288843511668427144e-01
7.100000000000000000e+01 1.295179444037529715e-01
7.300000000000000000e+01 1.300756184833740114e-01
7.500000000000000000e+01 1.305613161958590895e-01
7.700000000000000000e+01 1.309814094854846456e-01
7.900000000000000000e+01 1.313687837354631238e-01
8.100000000000000000e+01 1.317249305347681920e-01
8.300000000000000000e+01 1.320631467986203011e-01
8.500000000000000000e+01 1.323930146527795282e-01
8.700000000000000000e+01 1.327037024408934673e-01
8.900000000000000000e+01 1.329991136803363450e-01
9.100000000000000000e+01 1.332885346577027397e-01
9.300000000000000000e+01 1.335768384451531121e-01
9.500000000000000000e+01 1.338378140864583399e-01
9.700000000000000000e+01 1.340605215899645097e-01
9.900000000000000000e+01 1.342660933013952729e-01
1.010000000000000000e+02 1.344604436896077448e-01
1.030000000000000000e+02 1.346403823499211505e-01
1.050000000000000000e+02 1.348068841379994609e-01
1.070000000000000000e+02 1.349747148892659343e-01
1.090000000000000000e+02 1.351278158241510097e-01
1.110000000000000000e+02 1.352665934734219588e-01
1.130000000000000000e+02 1.353699473723712909e-01
1.150000000000000000e+02 1.354371654673581782e-01
1.170000000000000000e+02 1.354871765345433410e-01
1.190000000000000000e+02 1.355040371756951467e-01
1.210000000000000000e+02 1.354910687137704794e-01
1.230000000000000000e+02 1.354592313762075229e-01
1.250000000000000000e+02 1.354066999114656999e-01
1.270000000000000000e+02 1.353355253978166806e-01
1.290000000000000000e+02 1.352447318050410408e-01
1.310000000000000000e+02 1.351343750101989816e-01
1.330000000000000000e+02 1.350059814916505507e-01
1.350000000000000000e+02 1.348804282294971957e-01
1.370000000000000000e+02 1.347513895797738392e-01
1.390000000000000000e+02 1.346217181341802238e-01
1.410000000000000000e+02 1.344864415821013237e-01
1.430000000000000000e+02 1.343431984567675652e-01
1.450000000000000000e+02 1.341883761116788865e-01
1.470000000000000000e+02 1.340304385023640688e-01
1.490000000000000000e+02 1.338730050632435109e-01
