1.000000000000000000e+00 3.798143851508121172e-01
3.000000000000000000e+00 4.170919659591713069e-01
5.000000000000000000e+00 4.334702622788517701e-01
7.000000000000000000e+00 4.435788594107125116e-01
9.000000000000000000e+00 4.513483213853916043e-01
1.100000000000000000e+01 4.574324900445825293e-01
1.300000000000000000e+01 4.624510265039212253e-01
1.500000000000000000e+01 4.668306803740209787e-01
1.700000000000000000e+01 4.706761052893815300e-01
1.900000000000000000e+01 4.740622641446388119e-01
2.100000000000000000e+01 4.770606364750316075e-01
2.300000000000000000e+01 4.797383724139071548e-01
2.500000000000000000e+01 4.821285850734483569e-01
2.700000000000000000e+01 4.843008785992742871e-01
2.900000000000000000e+01 4.862769763433587578e-01
3.100000000000000000e+01 4.881024841263381653e-01
3.300000000000000000e+01 4.898418030646071175e-01
3.500000000000000000e+01 4.915324402987536478e-01
3.700000000000000000e+01 4.932134765134734700e-01
3.900000000000000000e+01 4.949120030239710921e-01
4.100000000000000000e+01 4.966634451249991589e-01
4.300000000000000000e+01 4.984731804354335383e-01
4.500000000000000000e+01 5.003666365627459367e-01
4.700000000000000000e+01 5.023637902833335556e-01
4.900000000000000000e+01 5.044872433769446163e-01
5.100000000000000000e+01 5.067387463720656182e-01
5.300000000000000000e+01 5.091111898073856779e-01
5.500000000000000000e+01 5.115950449817212586e-01
5.700000000000000000e+01 5.141928352557887383e-01
5.900000000000000000e+01 5.169064267903058507e-01
6.100000000000000000e+01 5.197258249155336518e-01
6.300000000000000000e+01 5.226422044021811208e-01
6.500000000000000000e+01 5.256563251675148152e-01
6.700000000000000000e+01 5.287472040237588544e-01
6.900000000000000000e+01 5.318992302065947975e-01
7.100000000000000000e+01 5.351021690660503483e-01
7.300000000000000000e+01 5.383340420668195625e-01
7.500000000000000000e+01 5.415837708263749883e-01
7.700000000000000000e+01 5.448425091156575695e-01
7.900000000000000000e+01 5.481082958510813397e-01
8.100000000000000000e+01 5.513623449044491309e-01
8.300000000000000000e+01 5.545998564132942343e-01
8.500000000000000000e+01 5.578184077001473451e-01
8.700000000000000000e+01 5.610327308501378285e-01
8.900000000000000000e+01 5.642375877767632497e-01
9.100000000000000000e+01 5.674342109541836709e-01
9.300000000000000000e+01 5.706178355354682985e-01
9.500000000000000000e+01 5.737520730348584230e-01
9.700000000000000000e+01 5.768413406062764537e-01
9.900000000000000000e+01 5.798840680518140278e-01
1.010000000000000000e+02 5.828823849783568711e-01
1.030000000000000000e+02 5.858077897912805643e-01
1.050000000000000000e+02 5.886461949792023418e-01
1.070000000000000000e+02 5.914172234547238061e-01
1.090000000000000000e+02 5.941541948254247529e-01
1.110000000000000000e+02 5.968763431948662657e-01
1.130000000000000000e+02 5.995529676433573041e-01
1.150000000000000000e+02 6.021346422588507163e-01
1.170000000000000000e+02 6.046232627318742781e-01
1.190000000000000000e+02 6.070477267346338079e-01
1.210000000000000000e+02 6.094106567252954854e-01
1.230000000000000000e+02 6.117187999677160537e-01
1.250000000000000000e+02 6.139685072539481370e-01
1.270000000000000000e+02 6.161640519150666240e-01
1.290000000000000000e+02 6.183176920877795357e-01
1.310000000000000000e+02 6.204297361443540382e-01
1.330000000000000000e+02 6.225066902601736896e-01
1.350000000000000000e+02 6.245137842299266495e-01
1.370000000000000000e+02 6.264276926948717517e-01
1.390000000000000000e+02 6.282530610793772841e-01
1.410000000000000000e+02 6.300283671998707646e-01
1.430000000000000000e+02 6.317568377312503536e-01
1.450000000000000000e+02 6.334355661604225141e-01
1.470000000000000000e+02 6.350473135526877311e-01
1.490000000000000000e+02 6.365935595466939434e-01
