1.000000000000000000e+00 4.086357947434292592e-01
3.000000000000000000e+00 4.434540264571031898e-01
5.000000000000000000e+00 4.598252810381684430e-01
7.000000000000000000e+00 4.691498706266193919e-01
9.000000000000000000e+00 4.757694314822541459e-01
1.100000000000000000e+01 4.810029837462703739e-01
1.300000000000000000e+01 4.855223392198565469e-01
1.500000000000000000e+01 4.895681251194117234e-01
1.700000000000000000e+01 4.931757958788615115e-01
1.900000000000000000e+01 4.963313108628786274e-01
2.100000000000000000e+01 4.990622185202293615e-01
2.300000000000000000e+01 5.014234111730895282e-01
2.500000000000000000e+01 5.035005370213704312e-01
2.700000000000000000e+01 5.053475664530306943e-01
2.900000000000000000e+01 5.069959912231665200e-01
3.100000000000000000e+01 5.084931322040493473e-01
3.300000000000000000e+01 5.098679170966706753e-01
3.500000000000000000e+01 5.111565883150495093e-01
3.700000000000000000e+01 5.124077015653464295e-01
3.900000000000000000e+01 5.136593106345770376e-01
4.100000000000000000e+01 5.149226334145281525e-01
4.300000000000000000e+01 5.162218418170325673e-01
4.500000000000000000e+01 5.175878866697349867e-01
4.700000000000000000e+01 5.190464354876926922e-01
4.900000000000000000e+01 5.206089717601366518e-01
5.100000000000000000e+01 5.222765346485662707e-01
5.300000000000000000e+01 5.240454009954741421e-01
5.500000000000000000e+01 5.259197927472463174e-01
5.700000000000000000e+01 5.278980535323254397e-01
5.900000000000000000e+01 5.299831332175026777e-01
6.100000000000000000e+01 5.321604631726071233e-01
6.300000000000000000e+01 5.344248205801463980e-01
6.500000000000000000e+01 5.367689520281819782e-01
6.700000000000000000e+01 5.391826492488625000e-01
6.900000000000000000e+01 5.416587476948728774e-01
7.100000000000000000e+01 5.441858645941006767e-01
7.300000000000000000e+01 5.467515401045544010e-01
7.500000000000000000e+01 5.493271577980259890e-01
7.700000000000000000e+01 5.519041126105181938e-01
7.900000000000000000e+01 5.544903180840257129e-01
8.100000000000000000e+01 5.570838120542886962e-01
8.300000000000000000e+01 5.596701802521140134e-01
8.500000000000000000e+01 5.622446148551480949e-01
8.700000000000000000e+01 5.648068760009020695e-01
8.900000000000000000e+01 5.673613031895337055e-01
9.100000000000000000e+01 5.699062193176831492e-01
9.300000000000000000e+01 5.724360587519214949e-01
9.500000000000000000e+01 5.749495095026382341e-01
9.700000000000000000e+01 5.774469810268081371e-01
9.900000000000000000e+01 5.799315221283787292e-01
1.010000000000000000e+02 5.824057390412638036e-01
1.030000000000000000e+02 5.848577824412365400e-01
1.050000000000000000e+02 5.872806994032191419e-01
1.070000000000000000e+02 5.896519843393162041e-01
1.090000000000000000e+02 5.919763381780251965e-01
1.110000000000000000e+02 5.942554350777005112e-01
1.130000000000000000e+02 5.964989379452163565e-01
1.150000000000000000e+02 5.986883948884400564e-01
1.170000000000000000e+02 6.008471832855004635e-01
1.190000000000000000e+02 6.029483373464712415e-01
1.210000000000000000e+02 6.049942499151761410e-01
1.230000000000000000e+02 6.069829563232214120e-01
1.250000000000000000e+02 6.089228236036355879e-01
1.270000000000000000e+02 6.108244087098191333e-01
1.290000000000000000e+02 6.126892506953250939e-01
1.310000000000000000e+02 6.145097595006321356e-01
1.330000000000000000e+02 6.162879683118112073e-01
1.350000000000000000e+02 6.179997155495249306e-01
1.370000000000000000e+02 6.196560138505223803e-01
1.390000000000000000e+02 6.212664828695774188e-01
1.410000000000000000e+02 6.228307647109658785e-01
1.430000000000000000e+02 6.243367847590903796e-01
1.450000000000000000e+02 6.257938420594011397e-01
1.470000000000000000e+02 6.272076479064000454e-01
1.490000000000000000e+02 6.285947927626656107e-01
