1.000000000000000000e+00 2.991164608213936482e-02
3.000000000000000000e+00 3.142617301942729480e-02
5.000000000000000000e+00 3.222185442127967203e-02
7.000000000000000000e+00 3.280407778483074299e-02
9.000000000000000000e+00 3.327252095343247174e-02
1.100000000000000000e+01 3.364795755438942937e-02
1.300000000000000000e+01 3.396964707698768571e-02
1.500000000000000000e+01 3.425649061865865264e-02
1.700000000000000000e+01 3.451976058119188284e-02
1.900000000000000000e+01 3.476784389232778771e-02
2.100000000000000000e+01 3.500408065817472991e-02
2.300000000000000000e+01 3.523200697942718840e-02
2.500000000000000000e+01 3.545735092069357552e-02
2.700000000000000000e+01 3.568161546622350411e-02
2.900000000000000000e+01 3.590231230368723381e-02
3.100000000000000000e+01 3.611710722327765577e-02
3.300000000000000000e+01 3.632480125720305431e-02
3.500000000000000000e+01 3.652306789226389405e-02
3.700000000000000000e+01 3.671015306868374850e-02
3.900000000000000000e+01 3.688616416201584425e-02
4.100000000000000000e+01 3.705243872566710284e-02
4.300000000000000000e+01 3.721068839997199174e-02
4.500000000000000000e+01 3.736230501615633859e-02
4.700000000000000000e+01 3.750884273294696758e-02
4.900000000000000000e+01 3.765193727595872453e-02
5.100000000000000000e+01 3.779245568629097107e-02
5.300000000000000000e+01 3.793103391794527823e-02
5.500000000000000000e+01 3.806795259946205157e-02
5.700000000000000000e+01 3.820380273640544555e-02
5.900000000000000000e+01 3.833885445997164965e-02
6.100000000000000000e+01 3.847327045315673821e-02
6.300000000000000000e+01 3.860739976123161998e-02
6.500000000000000000e+01 3.874120913931633492e-02
6.700000000000000000e+01 3.887447930061582735e-02
6.900000000000000000e+01 3.900685561730388162e-02
7.100000000000000000e+01 3.913811828533941828e-02
7.300000000000000000e+01 3.926808808943738072e-02
7.500000000000000000e+01 3.939673313917801956e-02
7.700000000000000000e+01 3.952402518741460202e-02
7.900000000000000000e+01 3.964974669461496237e-02
8.100000000000000000e+01 3.977410377690249188e-02
8.300000000000000000e+01 3.989698865921476045e-02
8.500000000000000000e+01 4.001849670215607002e-02
8.700000000000000000e+01 4.013862688303493353e-02
8.900000000000000000e+01 4.025692134992298055e-02
9.100000000000000000e+01 4.037340883775908384e-02
9.300000000000000000e+01 4.048811356784098869e-02
9.500000000000000000e+01 4.060084960457910341e-02
9.700000000000000000e+01 4.071164384556635873e-02
9.900000000000000000e+01 4.082088456684029865e-02
1.010000000000000000e+02 4.092859272939064486e-02
1.030000000000000000e+02 4.103447032236184899e-02
1.050000000000000000e+02 4.113853299690328758e-02
1.070000000000000000e+02 4.124020525703697704e-02
1.090000000000000000e+02 4.133952402294638340e-02
1.110000000000000000e+02 4.143653443825778826e-02
1.130000000000000000e+02 4.153135294091458984e-02
1.150000000000000000e+02 4.162377984537923847e-02
1.170000000000000000e+02 4.171456537450335400e-02
1.190000000000000000e+02 4.180347125054384438e-02
1.210000000000000000e+02 4.189073378793795044e-02
1.230000000000000000e+02 4.197648217519756031e-02
1.250000000000000000e+02 4.206049327292937789e-02
1.270000000000000000e+02 4.214300869442033637e-02
1.290000000000000000e+02 4.222496697778943542e-02
1.310000000000000000e+02 4.230650946623759623e-02
1.330000000000000000e+02 4.238754790854548649e-02
1.350000000000000000e+02 4.246822236121272631e-02
1.370000000000000000e+02 4.254863695643706922e-02
1.390000000000000000e+02 4.262871836381065815e-02
1.410000000000000000e+02 4.270861740599019019e-02
1.430000000000000000e+02 4.278837105456589907e-02
1.450000000000000000e+02 4.286804587777748310e-02
1.470000000000000000e+02 4.294776544967537912e-02
1.490000000000000000e+02 4.302756519911088429e-02
