0.000000000000000000e+00 3.591112798517400506e+01 3.517245382421449307e+01 nan nan nan
1.000000000000000000e+00 3.591112798517400506e+01 3.517381746057826319e+01 nan nan nan
2.000000000000000000e+00 3.591112798517400506e+01 3.517518109694204753e+01 nan nan nan
3.000000000000000000e+00 3.591112798517400506e+01 3.517654473330583897e+01 nan nan nan
4.000000000000000000e+00 3.591112798517401217e+01 3.517790836966962331e+01 nan nan nan
5.000000000000000000e+00 3.591112798517401217e+01 3.517927200603339344e+01 nan nan nan
6.000000000000000000e+00 3.591112798517401217e+01 3.518063564239717778e+01 nan nan nan
7.000000000000000000e+00 3.591112798517401217e+01 3.518199927876095501e+01 nan nan nan
8.000000000000000000e+00 3.591112798517400506e+01 3.518336291512473935e+01 nan nan nan
9.000000000000000000e+00 3.591112798517401217e+01 3.518472655148851658e+01 nan nan nan
1.000000000000000000e+01 3.591112798517401217e+01 3.518609018785229381e+01 1.000000000000000000e+00 nan nan
1.100000000000000000e+01 3.591112798517401217e+01 3.518745382421608525e+01 nan nan nan
1.200000000000000000e+01 3.591112798517401217e+01 3.518881746057985538e+01 nan nan nan
1.300000000000000000e+01 3.591112798517401217e+01 3.519018109694363972e+01 nan nan nan
1.400000000000000000e+01 3.591112798517401217e+01 3.519154473330741695e+01 nan nan nan
1.500000000000000000e+01 3.591112798517400506e+01 3.519290836967120839e+01 nan nan nan
1.600000000000000000e+01 3.591112798517400506e+01 3.519427200603498562e+01 nan nan nan
1.700000000000000000e+01 3.591112798517401217e+01 3.519563564239876285e+01 nan nan nan
1.800000000000000000e+01 3.591112798517401217e+01 3.519699927876254009e+01 nan nan nan
1.900000000000000000e+01 3.591249162153764019e+01 3.517245382421448596e+01 nan nan nan
2.000000000000000000e+01 3.591249162153764019e+01 3.517381746057826319e+01 nan nan nan
2.100000000000000000e+01 3.591249162153764019e+01 3.517518109694204753e+01 nan nan nan
2.200000000000000000e+01 3.591249162153764729e+01 3.517654473330583897e+01 nan nan nan
2.300000000000000000e+01 3.591249162153764019e+01 3.517790836966962331e+01 nan nan nan
2.400000000000000000e+01 3.591249162153764019e+01 3.517927200603339344e+01 1.000000000000000000e+00 nan nan
2.500000000000000000e+01 3.591249162153764019e+01 3.518063564239717778e+01 nan nan nan
2.600000000000000000e+01 3.591249162153764019e+01 3.518199927876096211e+01 nan nan nan
2.700000000000000000e+01 3.591249162153764019e+01 3.518336291512474645e+01 nan nan nan
2.800000000000000000e+01 3.591249162153764729e+01 3.518472655148852368e+01 1.000000000000000000e+00 nan nan
2.900000000000000000e+01 3.591249162153764019e+01 3.518609018785230091e+01 nan nan nan
3.000000000000000000e+01 3.591249162153764019e+01 3.518745382421608525e+01 1.000000000000000000e+00 nan nan
3.100000000000000000e+01 3.591249162153764729e+01 3.518881746057985538e+01 nan nan nan
3.200000000000000000e+01 3.591249162153764729e+01 3.519018109694363972e+01 nan nan nan
3.300000000000000000e+01 3.591249162153764729e+01 3.519154473330741695e+01 nan 1.000000000000000000e+00 nan
3.400000000000000000e+01 3.591249162153764019e+01 3.519290836967120839e+01 nan 1.000000000000000000e+00 nan
3.500000000000000000e+01 3.591249162153764729e+01 3.519427200603499273e+01 nan 1.000000000000000000e+00 nan
3.600000000000000000e+01 3.591249162153764729e+01 3.519563564239877707e+01 nan 1.000000000000000000e+00 nan
3.700000000000000000e+01 3.591249162153764019e+01 3.519699927876254009e+01 nan 1.000000000000000000e+00 nan
3.800000000000000000e+01 3.591385525790128241e+01 3.517245382421449307e+01 nan nan nan
3.900000000000000000e+01 3.591385525790128241e+01 3.517381746057826319e+01 1.000000000000000000e+00 nan nan
4.000000000000000000e+01 3.591385525790127531e+01 3.517518109694204753e+01 1.000000000000000000e+00 nan nan
4.100000000000000000e+01 3.591385525790128241e+01 3.517654473330583897e+01 nan nan nan
4.200000000000000000e+01 3.591385525790127531e+01 3.517790836966962331e+01 1.000000000000000000e+00 nan nan
4.300000000000000000e+01 3.591385525790128241e+01 3.517927200603339344e+01 1.000000000000000000e+00 nan nan
4.400000000000000000e+01 3.591385525790128241e+01 3.518063564239717778e+01 1.000000000000000000e+00 nan nan
4.500000000000000000e+01 3.591385525790127531e+01 3.518199927876095501e+01 1.000000000000000000e+00 nan nan
4.600000000000000000e+01 3.591385525790128241e+01 3.518336291512473935e+01 1.000000000000000000e+00 nan nan
4.700000000000000000e+01 3.591385525790128241e+01 3.518472655148851658e+01 1.000000000000000000e+00 nan nan
4.800000000000000000e+01 3.591385525790127531e+01 3.518609018785229381e+01 1.000000000000000000e+00 nan nan
4.900000000000000000e+01 3.591385525790128241e+01 3.518745382421608525e+01 nan 1.000000000000000000e+00 nan
5.000000000000000000e+01 3.591385525790128241e+01 3.518881746057985538e+01 1.000000000000000000e+00 1.000000000000000000e+00 1.000000000000000000e+00
5.100000000000000000e+01 3.591385525790128241e+01 3.519018109694363972e+01 nan 1.000000000000000000e+00 nan
5.200000000000000000e+01 3.591385525790128241e+01 3.519154473330741695e+01 nan 1.000000000000000000e+00 nan
5.300000000000000000e+01 3.591385525790127531e+01 3.519290836967120839e+01 nan 1.000000000000000000e+00 nan
5.400000000000000000e+01 3.591385525790128241e+01 3.519427200603498562e+01 nan 1.000000000000000000e+00 nan
5.500000000000000000e+01 3.591385525790128241e+01 3.519563564239876285e+01 1.000000000000000000e+00 1.000000000000000000e+00 1.000000000000000000e+00
5.600000000000000000e+01 3.591385525790127531e+01 3.519699927876254009e+01 nan 1.000000000000000000e+00 nan
5.700000000000000000e+01 3.591521889426492464e+01 3.517245382421447886e+01 1.000000000000000000e+00 nan nan
5.800000000000000000e+01 3.591521889426492464e+01 3.517381746057826319e+01 1.000000000000000000e+00 nan nan
5.900000000000000000e+01 3.591521889426492464e+01 3.517518109694204753e+01 1.000000000000000000e+00 nan nan
6.000000000000000000e+01 3.591521889426491754e+01 3.517654473330583897e+01 1.000000000000000000e+00 nan nan
6.100000000000000000e+01 3.591521889426491754e+01 3.517790836966962331e+01 1.000000000000000000e+00 nan nan
6.200000000000000000e+01 3.591521889426491754e+01 3.517927200603338633e+01 1.000000000000000000e+00 nan nan
6.300000000000000000e+01 3.591521889426492464e+01 3.518063564239717067e+01 1.000000000000000000e+00 nan nan
6.400000000000000000e+01 3.591521889426491754e+01 3.518199927876095501e+01 1.000000000000000000e+00 nan nan
6.500000000000000000e+01 3.591521889426492464e+01 3.518336291512473935e+01 1.000000000000000000e+00 nan nan
6.600000000000000000e+01 3.591521889426491754e+01 3.518472655148853079e+01 1.000000000000000000e+00 1.000000000000000000e+00 1.000000000000000000e+00
6.700000000000000000e+01 3.591521889426492464e+01 3.518609018785230091e+01 nan 1.000000000000000000e+00 nan
6.800000000000000000e+01 3.591521889426492464e+01 3.518745382421608525e+01 1.000000000000000000e+00 1.000000000000000000e+00 1.000000000000000000e+00
6.900000000000000000e+01 3.591521889426491754e+01 3.518881746057986248e+01 1.000000000000000000e+00 1.000000000000000000e+00 1.000000000000000000e+00
7.000000000000000000e+01 3.591521889426491754e+01 3.519018109694363972e+01 nan 1.000000000000000000e+00 nan
7.100000000000000000e+01 3.591521889426491754e+01 3.519154473330742405e+01 nan 1.000000000000000000e+00 nan
7.200000000000000000e+01 3.591521889426491754e+01 3.519290836967120839e+01 1.000000000000000000e+00 1.000000000000000000e+00 1.000000000000000000e+00
7.300000000000000000e+01 3.591521889426491754e+01 3.519427200603498562e+01 nan 1.000000000000000000e+00 nan
7.400000000000000000e+01 3.591521889426491754e+01 3.519563564239876285e+01 nan 1.000000000000000000e+00 nan
7.500000000000000000e+01 3.591521889426491754e+01 3.519699927876254009e+01 nan 1.000000000000000000e+00 nan
7.600000000000000000e+01 3.591658253062855266e+01 3.517245382421447886e+01 1.000000000000000000e+00 nan nan
7.700000000000000000e+01 3.591658253062855266e+01 3.517381746057826319e+01 1.000000000000000000e+00 nan nan
7.800000000000000000e+01 3.591658253062855266e+01 3.517518109694204753e+01 1.000000000000000000e+00 nan nan
7.900000000000000000e+01 3.591658253062855266e+01 3.517654473330583897e+01 1.000000000000000000e+00 nan nan
8.000000000000000000e+01 3.591658253062855266e+01 3.517790836966962331e+01 1.000000000000000000e+00 nan nan
8.100000000000000000e+01 3.591658253062855266e+01 3.517927200603338633e+01 1.000000000000000000e+00 1.000000000000000000e+00 1.000000000000000000e+00
8.200000000000000000e+01 3.591658253062854556e+01 3.518063564239717067e+01 1.000000000000000000e+00 1.000000000000000000e+00 1.000000000000000000e+00
8.300000000000000000e+01 3.591658253062855266e+01 3.518199927876095501e+01 1.000000000000000000e+00 1.000000000000000000e+00 1.000000000000000000e+00
8.400000000000000000e+01 3.591658253062855266e+01 3.518336291512473935e+01 1.000000000000000000e+00 1.000000000000000000e+00 1.000000000000000000e+00
8.500000000000000000e+01 3.591658253062855266e+01 3.518472655148853079e+01 1.000000000000000000e+00 1.000000000000000000e+00 1.000000000000000000e+00
8.600000000000000000e+01 3.591658253062855266e+01 3.518609018785230091e+01 1.000000000000000000e+00 1.000000000000000000e+00 1.000000000000000000e+00
8.700000000000000000e+01 3.591658253062855266e+01 3.518745382421608525e+01 1.000000000000000000e+00 1.000000000000000000e+00 1.000000000000000000e+00
8.800000000000000000e+01 3.591658253062855266e+01 3.518881746057986248e+01 1.000000000000000000e+00 1.000000000000000000e+00 1.000000000000000000e+00
8.900000000000000000e+01 3.591658253062855266e+01 3.519018109694363972e+01 1.000000000000000000e+00 1.000000000000000000e+00 1.000000000000000000e+00
9.000000000000000000e+01 3.591658253062855266e+01 3.519154473330742405e+01 nan 1.000000000000000000e+00 nan
9.100000000000000000e+01 3.591658253062855266e+01 3.519290836967120839e+01 nan 1.000000000000000000e+00 nan
9.200000000000000000e+01 3.591658253062855266e+01 3.519427200603498562e+01 nan 1.000000000000000000e+00 nan
9.300000000000000000e+01 3.591658253062855266e+01 3.519563564239876285e+01 nan 1.000000000000000000e+00 nan
9.400000000000000000e+01 3.591658253062855266e+01 3.519699927876254009e+01 nan 1.000000000000000000e+00 nan
9.500000000000000000e+01 3.591794616699219489e+01 3.517245382421448596e+01 1.000000000000000000e+00 nan nan
9.600000000000000000e+01 3.591794616699218778e+01 3.517381746057826319e+01 1.000000000000000000e+00 nan nan
9.700000000000000000e+01 3.591794616699218778e+01 3.517518109694204753e+01 1.000000000000000000e+00 nan nan
9.800000000000000000e+01 3.591794616699218778e+01 3.517654473330583897e+01 1.000000000000000000e+00 1.000000000000000000e+00 1.000000000000000000e+00
9.900000000000000000e+01 3.591794616699218778e+01 3.517790836966962331e+01 1.000000000000000000e+00 1.000000000000000000e+00 1.000000000000000000e+00
1.000000000000000000e+02 3.591794616699218778e+01 3.517927200603339344e+01 1.000000000000000000e+00 1.000000000000000000e+00 1.000000000000000000e+00
1.010000000000000000e+02 3.591794616699218778e+01 3.518063564239717778e+01 1.000000000000000000e+00 1.000000000000000000e+00 1.000000000000000000e+00
1.020000000000000000e+02 3.591794616699218778e+01 3.518199927876096211e+01 1.000000000000000000e+00 1.000000000000000000e+00 1.000000000000000000e+00
1.030000000000000000e+02 3.591794616699218778e+01 3.518336291512474645e+01 1.000000000000000000e+00 1.000000000000000000e+00 1.000000000000000000e+00
1.040000000000000000e+02 3.591794616699218778e+01 3.518472655148852368e+01 1.000000000000000000e+00 1.000000000000000000e+00 1.000000000000000000e+00
1.050000000000000000e+02 3.591794616699219489e+01 3.518609018785230091e+01 1.000000000000000000e+00 1.000000000000000000e+00 1.000000000000000000e+00
1.060000000000000000e+02 3.591794616699218778e+01 3.518745382421608525e+01 1.000000000000000000e+00 1.000000000000000000e+00 1.000000000000000000e+00
1.070000000000000000e+02 3.591794616699218778e+01 3.518881746057985538e+01 1.000000000000000000e+00 1.000000000000000000e+00 1.000000000000000000e+00
1.080000000000000000e+02 3.591794616699218778e+01 3.519018109694363972e+01 1.000000000000000000e+00 1.000000000000000000e+00 1.000000000000000000e+00
1.090000000000000000e+02 3.591794616699219489e+01 3.519154473330741695e+01 1.000000000000000000e+00 1.000000000000000000e+00 1.000000000000000000e+00
1.100000000000000000e+02 3.591794616699219489e+01 3.519290836967120839e+01 1.000000000000000000e+00 1.000000000000000000e+00 1.000000000000000000e+00
1.110000000000000000e+02 3.591794616699218778e+01 3.519427200603499273e+01 nan 1.000000000000000000e+00 nan
1.120000000000000000e+02 3.591794616699218778e+01 3.519563564239877707e+01 nan 1.000000000000000000e+00 nan
1.130000000000000000e+02 3.591794616699218778e+01 3.519699927876254009e+01 nan 1.000000000000000000e+00 nan
1.140000000000000000e+02 3.591930980335582291e+01 3.517245382421449307e+01 1.000000000000000000e+00 nan nan
1.150000000000000000e+02 3.591930980335582291e+01 3.517381746057826319e+01 1.000000000000000000e+00 nan nan
1.160000000000000000e+02 3.591930980335582291e+01 3.517518109694204753e+01 1.000000000000000000e+00 1.000000000000000000e+00 1.000000000000000000e+00
1.170000000000000000e+02 3.591930980335582291e+01 3.517654473330583897e+01 1.000000000000000000e+00 1.000000000000000000e+00 1.000000000000000000e+00
1.180000000000000000e+02 3.591930980335582291e+01 3.517790836966962331e+01 1.000000000000000000e+00 1.000000000000000000e+00 1.000000000000000000e+00
1.190000000000000000e+02 3.591930980335582291e+01 3.517927200603339344e+01 1.000000000000000000e+00 1.000000000000000000e+00 1.000000000000000000e+00
1.200000000000000000e+02 3.591930980335582291e+01 3.518063564239717778e+01 1.000000000000000000e+00 1.000000000000000000e+00 1.000000000000000000e+00
1.210000000000000000e+02 3.591930980335582291e+01 3.518199927876095501e+01 1.000000000000000000e+00 1.000000000000000000e+00 1.000000000000000000e+00
1.220000000000000000e+02 3.591930980335582291e+01 3.518336291512473935e+01 1.000000000000000000e+00 1.000000000000000000e+00 1.000000000000000000e+00
1.230000000000000000e+02 3.591930980335582291e+01 3.518472655148851658e+01 1.000000000000000000e+00 1.000000000000000000e+00 1.000000000000000000e+00
1.240000000000000000e+02 3.591930980335582291e+01 3.518609018785229381e+01 1.000000000000000000e+00 1.000000000000000000e+00 1.000000000000000000e+00
1.250000000000000000e+02 3.591930980335582291e+01 3.518745382421608525e+01 nan 1.000000000000000000e+00 nan
1.260000000000000000e+02 3.591930980335583001e+01 3.518881746057985538e+01 1.000000000000000000e+00 1.000000000000000000e+00 1.000000000000000000e+00
1.270000000000000000e+02 3.591930980335582291e+01 3.519018109694363972e+01 nan 1.000000000000000000e+00 nan
1.280000000000000000e+02 3.591930980335582291e+01 3.519154473330741695e+01 1.000000000000000000e+00 1.000000000000000000e+00 1.000000000000000000e+00
1.290000000000000000e+02 3.591930980335582291e+01 3.519290836967120839e+01 1.000000000000000000e+00 1.000000000000000000e+00 1.000000000000000000e+00
1.300000000000000000e+02 3.591930980335582291e+01 3.519427200603498562e+01 nan 1.000000000000000000e+00 nan
1.310000000000000000e+02 3.591930980335582291e+01 3.519563564239876285e+01 1.000000000000000000e+00 1.000000000000000000e+00 1.000000000000000000e+00
1.320000000000000000e+02 3.591930980335582291e+01 3.519699927876254009e+01 1.000000000000000000e+00 1.000000000000000000e+00 1.000000000000000000e+00
1.330000000000000000e+02 3.592067343971945803e+01 3.517245382421448596e+01 1.000000000000000000e+00 nan nan
1.340000000000000000e+02 3.592067343971945803e+01 3.517381746057826319e+01 1.000000000000000000e+00 1.000000000000000000e+00 1.000000000000000000e+00
1.350000000000000000e+02 3.592067343971946514e+01 3.517518109694204753e+01 1.000000000000000000e+00 1.000000000000000000e+00 1.000000000000000000e+00
1.360000000000000000e+02 3.592067343971945803e+01 3.517654473330583897e+01 1.000000000000000000e+00 1.000000000000000000e+00 1.000000000000000000e+00
1.370000000000000000e+02 3.592067343971945803e+01 3.517790836966962331e+01 1.000000000000000000e+00 1.000000000000000000e+00 1.000000000000000000e+00
1.380000000000000000e+02 3.592067343971945803e+01 3.517927200603339344e+01 1.000000000000000000e+00 1.000000000000000000e+00 1.000000000000000000e+00
1.390000000000000000e+02 3.592067343971945803e+01 3.518063564239717778e+01 1.000000000000000000e+00 1.000000000000000000e+00 1.000000000000000000e+00
1.400000000000000000e+02 3.592067343971945803e+01 3.518199927876096211e+01 1.000000000000000000e+00 1.000000000000000000e+00 1.000000000000000000e+00
1.410000000000000000e+02 3.592067343971945803e+01 3.518336291512474645e+01 1.000000000000000000e+00 1.000000000000000000e+00 1.000000000000000000e+00
1.420000000000000000e+02 3.592067343971945803e+01 3.518472655148852368e+01 1.000000000000000000e+00 1.000000000000000000e+00 1.000000000000000000e+00
1.430000000000000000e+02 3.592067343971945803e+01 3.518609018785230091e+01 1.000000000000000000e+00 1.000000000000000000e+00 1.000000000000000000e+00
1.440000000000000000e+02 3.592067343971945803e+01 3.518745382421608525e+01 1.000000000000000000e+00 1.000000000000000000e+00 1.000000000000000000e+00
1.450000000000000000e+02 3.592067343971945803e+01 3.518881746057985538e+01 1.000000000000000000e+00 1.000000000000000000e+00 1.000000000000000000e+00
1.460000000000000000e+02 3.592067343971946514e+01 3.519018109694363972e+01 1.000000000000000000e+00 1.000000000000000000e+00 1.000000000000000000e+00
1.470000000000000000e+02 3.592067343971945803e+01 3.519154473330741695e+01 1.000000000000000000e+00 1.000000000000000000e+00 1.000000000000000000e+00
1.480000000000000000e+02 3.592067343971945803e+01 3.519290836967120839e+01 1.000000000000000000e+00 1.000000000000000000e+00 1.000000000000000000e+00
1.490000000000000000e+02 3.592067343971945803e+01 3.519427200603499273e+01 nan 1.000000000000000000e+00 nan
1.500000000000000000e+02 3.592067343971946514e+01 3.519563564239877707e+01 nan 1.000000000000000000e+00 nan
1.510000000000000000e+02 3.592067343971945803e+01 3.519699927876254009e+01 nan 1.000000000000000000e+00 nan
1.520000000000000000e+02 3.592203707608310026e+01 3.517245382421448596e+01 1.000000000000000000e+00 nan nan
1.530000000000000000e+02 3.592203707608310026e+01 3.517381746057826319e+01 1.000000000000000000e+00 1.000000000000000000e+00 1.000000000000000000e+00
1.540000000000000000e+02 3.592203707608310026e+01 3.517518109694204753e+01 nan 1.000000000000000000e+00 nan
1.550000000000000000e+02 3.592203707608310026e+01 3.517654473330583897e+01 1.000000000000000000e+00 1.000000000000000000e+00 1.000000000000000000e+00
1.560000000000000000e+02 3.592203707608310026e+01 3.517790836966962331e+01 1.000000000000000000e+00 1.000000000000000000e+00 1.000000000000000000e+00
1.570000000000000000e+02 3.592203707608310026e+01 3.517927200603339344e+01 1.000000000000000000e+00 1.000000000000000000e+00 1.000000000000000000e+00
1.580000000000000000e+02 3.592203707608310026e+01 3.518063564239717067e+01 1.000000000000000000e+00 1.000000000000000000e+00 1.000000000000000000e+00
1.590000000000000000e+02 3.592203707608310026e+01 3.518199927876095501e+01 1.000000000000000000e+00 1.000000000000000000e+00 1.000000000000000000e+00
1.600000000000000000e+02 3.592203707608310737e+01 3.518336291512473935e+01 1.000000000000000000e+00 1.000000000000000000e+00 1.000000000000000000e+00
1.610000000000000000e+02 3.592203707608310026e+01 3.518472655148851658e+01 1.000000000000000000e+00 1.000000000000000000e+00 1.000000000000000000e+00
1.620000000000000000e+02 3.592203707608310737e+01 3.518609018785230091e+01 nan 1.000000000000000000e+00 nan
1.630000000000000000e+02 3.592203707608310026e+01 3.518745382421607815e+01 nan 1.000000000000000000e+00 nan
1.640000000000000000e+02 3.592203707608310026e+01 3.518881746057986248e+01 1.000000000000000000e+00 1.000000000000000000e+00 1.000000000000000000e+00
1.650000000000000000e+02 3.592203707608310026e+01 3.519018109694362550e+01 nan 1.000000000000000000e+00 nan
1.660000000000000000e+02 3.592203707608310737e+01 3.519154473330741695e+01 1.000000000000000000e+00 1.000000000000000000e+00 1.000000000000000000e+00
1.670000000000000000e+02 3.592203707608310026e+01 3.519290836967120839e+01 nan 1.000000000000000000e+00 nan
1.680000000000000000e+02 3.592203707608310026e+01 3.519427200603499273e+01 nan 1.000000000000000000e+00 nan
1.690000000000000000e+02 3.592203707608310026e+01 3.519563564239876285e+01 nan 1.000000000000000000e+00 nan
1.700000000000000000e+02 3.592203707608309315e+01 3.519699927876254009e+01 nan 1.000000000000000000e+00 nan
1.710000000000000000e+02 3.592340071244672828e+01 3.517245382421448596e+01 nan nan nan
1.720000000000000000e+02 3.592340071244672828e+01 3.517381746057826319e+01 nan 1.000000000000000000e+00 nan
1.730000000000000000e+02 3.592340071244673538e+01 3.517518109694204753e+01 nan 1.000000000000000000e+00 nan
1.740000000000000000e+02 3.592340071244672828e+01 3.517654473330583897e+01 1.000000000000000000e+00 1.000000000000000000e+00 1.000000000000000000e+00
1.750000000000000000e+02 3.592340071244672828e+01 3.517790836966962331e+01 1.000000000000000000e+00 1.000000000000000000e+00 1.000000000000000000e+00
1.760000000000000000e+02 3.592340071244674249e+01 3.517927200603339344e+01 1.000000000000000000e+00 1.000000000000000000e+00 1.000000000000000000e+00
1.770000000000000000e+02 3.592340071244672828e+01 3.518063564239717778e+01 nan 1.000000000000000000e+00 nan
1.780000000000000000e+02 3.592340071244673538e+01 3.518199927876096211e+01 1.000000000000000000e+00 1.000000000000000000e+00 1.000000000000000000e+00
1.790000000000000000e+02 3.592340071244672828e+01 3.518336291512474645e+01 1.000000000000000000e+00 1.000000000000000000e+00 1.000000000000000000e+00
1.800000000000000000e+02 3.592340071244673538e+01 3.518472655148852368e+01 1.000000000000000000e+00 1.000000000000000000e+00 1.000000000000000000e+00
1.810000000000000000e+02 3.592340071244672828e+01 3.518609018785230091e+01 1.000000000000000000e+00 1.000000000000000000e+00 1.000000000000000000e+00
1.820000000000000000e+02 3.592340071244672828e+01 3.518745382421608525e+01 1.000000000000000000e+00 1.000000000000000000e+00 1.000000000000000000e+00
1.830000000000000000e+02 3.592340071244672828e+01 3.518881746057985538e+01 nan 1.000000000000000000e+00 nan
1.840000000000000000e+02 3.592340071244672828e+01 3.519018109694363972e+01 nan 1.000000000000000000e+00 nan
1.850000000000000000e+02 3.592340071244672828e+01 3.519154473330741695e+01 1.000000000000000000e+00 1.000000000000000000e+00 1.000000000000000000e+00
1.860000000000000000e+02 3.592340071244672828e+01 3.519290836967120839e+01 1.000000000000000000e+00 1.000000000000000000e+00 1.000000000000000000e+00
1.870000000000000000e+02 3.592340071244672828e+01 3.519427200603499273e+01 nan 1.000000000000000000e+00 nan
1.880000000000000000e+02 3.592340071244672828e+01 3.519563564239877707e+01 1.000000000000000000e+00 1.000000000000000000e+00 1.000000000000000000e+00
1.890000000000000000e+02 3.592340071244672828e+01 3.519699927876254009e+01 nan 1.000000000000000000e+00 nan
1.900000000000000000e+02 3.592476434881036340e+01 3.517245382421448596e+01 nan nan nan
1.910000000000000000e+02 3.592476434881037051e+01 3.517381746057826319e+01 nan nan nan
1.920000000000000000e+02 3.592476434881036340e+01 3.517518109694204753e+01 1.000000000000000000e+00 nan nan
1.930000000000000000e+02 3.592476434881036340e+01 3.517654473330583897e+01 nan 1.000000000000000000e+00 nan
1.940000000000000000e+02 3.592476434881037051e+01 3.517790836966962331e+01 nan 1.000000000000000000e+00 nan
1.950000000000000000e+02 3.592476434881036340e+01 3.517927200603339344e+01 1.000000000000000000e+00 1.000000000000000000e+00 1.000000000000000000e+00
1.960000000000000000e+02 3.592476434881036340e+01 3.518063564239717778e+01 nan 1.000000000000000000e+00 nan
1.970000000000000000e+02 3.592476434881036340e+01 3.518199927876096211e+01 1.000000000000000000e+00 1.000000000000000000e+00 1.000000000000000000e+00
1.980000000000000000e+02 3.592476434881037051e+01 3.518336291512474645e+01 1.000000000000000000e+00 1.000000000000000000e+00 1.000000000000000000e+00
1.990000000000000000e+02 3.592476434881036340e+01 3.518472655148852368e+01 nan 1.000000000000000000e+00 nan
2.000000000000000000e+02 3.592476434881036340e+01 3.518609018785230091e+01 1.000000000000000000e+00 1.000000000000000000e+00 1.000000000000000000e+00
2.010000000000000000e+02 3.592476434881036340e+01 3.518745382421608525e+01 nan 1.000000000000000000e+00 nan
2.020000000000000000e+02 3.592476434881036340e+01 3.518881746057985538e+01 nan 1.000000000000000000e+00 nan
2.030000000000000000e+02 3.592476434881036340e+01 3.519018109694363972e+01 nan 1.000000000000000000e+00 nan
2.040000000000000000e+02 3.592476434881036340e+01 3.519154473330741695e+01 nan 1.000000000000000000e+00 nan
2.050000000000000000e+02 3.592476434881036340e+01 3.519290836967120839e+01 nan 1.000000000000000000e+00 nan
2.060000000000000000e+02 3.592476434881037051e+01 3.519427200603499273e+01 nan 1.000000000000000000e+00 nan
2.070000000000000000e+02 3.592476434881037051e+01 3.519563564239877707e+01 nan 1.000000000000000000e+00 nan
2.080000000000000000e+02 3.592476434881036340e+01 3.519699927876254009e+01 nan 1.000000000000000000e+00 nan
2.090000000000000000e+02 3.592612798517400563e+01 3.517245382421449307e+01 nan nan nan
2.100000000000000000e+02 3.592612798517400563e+01 3.517381746057826319e+01 nan nan nan
2.110000000000000000e+02 3.592612798517400563e+01 3.517518109694204753e+01 nan nan nan
2.120000000000000000e+02 3.592612798517400563e+01 3.517654473330583897e+01 nan nan nan
2.130000000000000000e+02 3.592612798517400563e+01 3.517790836966962331e+01 1.000000000000000000e+00 1.000000000000000000e+00 1.000000000000000000e+00
2.140000000000000000e+02 3.592612798517400563e+01 3.517927200603339344e+01 1.000000000000000000e+00 1.000000000000000000e+00 1.000000000000000000e+00
2.150000000000000000e+02 3.592612798517400563e+01 3.518063564239717778e+01 1.000000000000000000e+00 1.000000000000000000e+00 1.000000000000000000e+00
2.160000000000000000e+02 3.592612798517400563e+01 3.518199927876095501e+01 nan 1.000000000000000000e+00 nan
2.170000000000000000e+02 3.592612798517400563e+01 3.518336291512473935e+01 1.000000000000000000e+00 1.000000000000000000e+00 1.000000000000000000e+00
2.180000000000000000e+02 3.592612798517401274e+01 3.518472655148851658e+01 nan 1.000000000000000000e+00 nan
2.190000000000000000e+02 3.592612798517400563e+01 3.518609018785229381e+01 1.000000000000000000e+00 1.000000000000000000e+00 1.000000000000000000e+00
2.200000000000000000e+02 3.592612798517401274e+01 3.518745382421608525e+01 1.000000000000000000e+00 1.000000000000000000e+00 1.000000000000000000e+00
2.210000000000000000e+02 3.592612798517400563e+01 3.518881746057985538e+01 nan 1.000000000000000000e+00 nan
2.220000000000000000e+02 3.592612798517400563e+01 3.519018109694363972e+01 1.000000000000000000e+00 1.000000000000000000e+00 1.000000000000000000e+00
2.230000000000000000e+02 3.592612798517400563e+01 3.519154473330741695e+01 nan 1.000000000000000000e+00 nan
2.240000000000000000e+02 3.592612798517400563e+01 3.519290836967120839e+01 nan 1.000000000000000000e+00 nan
2.250000000000000000e+02 3.592612798517400563e+01 3.519427200603498562e+01 nan 1.000000000000000000e+00 nan
2.260000000000000000e+02 3.592612798517400563e+01 3.519563564239876285e+01 nan 1.000000000000000000e+00 nan
2.270000000000000000e+02 3.592612798517400563e+01 3.519699927876254009e+01 nan 1.000000000000000000e+00 nan
2.280000000000000000e+02 3.592749162153764075e+01 3.517245382421448596e+01 nan nan nan
2.290000000000000000e+02 3.592749162153764075e+01 3.517381746057826319e+01 nan nan nan
2.300000000000000000e+02 3.592749162153763365e+01 3.517518109694204753e+01 nan nan nan
2.310000000000000000e+02 3.592749162153764075e+01 3.517654473330583897e+01 nan nan nan
2.320000000000000000e+02 3.592749162153763365e+01 3.517790836966962331e+01 nan nan nan
2.330000000000000000e+02 3.592749162153763365e+01 3.517927200603339344e+01 nan 1.000000000000000000e+00 nan
2.340000000000000000e+02 3.592749162153764786e+01 3.518063564239717778e+01 nan 1.000000000000000000e+00 nan
2.350000000000000000e+02 3.592749162153764075e+01 3.518199927876096211e+01 1.000000000000000000e+00 1.000000000000000000e+00 1.000000000000000000e+00
2.360000000000000000e+02 3.592749162153763365e+01 3.518336291512474645e+01 1.000000000000000000e+00 1.000000000000000000e+00 1.000000000000000000e+00
2.370000000000000000e+02 3.592749162153764786e+01 3.518472655148852368e+01 1.000000000000000000e+00 1.000000000000000000e+00 1.000000000000000000e+00
2.380000000000000000e+02 3.592749162153764075e+01 3.518609018785230091e+01 nan 1.000000000000000000e+00 nan
2.390000000000000000e+02 3.592749162153763365e+01 3.518745382421608525e+01 nan 1.000000000000000000e+00 nan
2.400000000000000000e+02 3.592749162153764075e+01 3.518881746057985538e+01 nan 1.000000000000000000e+00 nan
2.410000000000000000e+02 3.592749162153764786e+01 3.519018109694363972e+01 nan 1.000000000000000000e+00 nan
2.420000000000000000e+02 3.592749162153764075e+01 3.519154473330741695e+01 nan 1.000000000000000000e+00 nan
2.430000000000000000e+02 3.592749162153764786e+01 3.519290836967120839e+01 nan 1.000000000000000000e+00 nan
2.440000000000000000e+02 3.592749162153763365e+01 3.519427200603499273e+01 nan 1.000000000000000000e+00 nan
2.450000000000000000e+02 3.592749162153764075e+01 3.519563564239877707e+01 nan 1.000000000000000000e+00 nan
2.460000000000000000e+02 3.592749162153764075e+01 3.519699927876254009e+01 nan 1.000000000000000000e+00 nan
2.470000000000000000e+02 3.592885525790127588e+01 3.517245382421449307e+01 nan nan nan
2.480000000000000000e+02 3.592885525790127588e+01 3.517381746057826319e+01 nan nan nan
2.490000000000000000e+02 3.592885525790127588e+01 3.517518109694204753e+01 nan nan nan
2.500000000000000000e+02 3.592885525790127588e+01 3.517654473330583897e+01 nan nan nan
2.510000000000000000e+02 3.592885525790128298e+01 3.517790836966962331e+01 nan nan nan
2.520000000000000000e+02 3.592885525790127588e+01 3.517927200603339344e+01 1.000000000000000000e+00 nan nan
2.530000000000000000e+02 3.592885525790127588e+01 3.518063564239717778e+01 nan 1.000000000000000000e+00 nan
2.540000000000000000e+02 3.592885525790128298e+01 3.518199927876095501e+01 nan 1.000000000000000000e+00 nan
2.550000000000000000e+02 3.592885525790127588e+01 3.518336291512473935e+01 nan 1.000000000000000000e+00 nan
2.560000000000000000e+02 3.592885525790126877e+01 3.518472655148851658e+01 nan 1.000000000000000000e+00 nan
2.570000000000000000e+02 3.592885525790127588e+01 3.518609018785229381e+01 nan 1.000000000000000000e+00 nan
2.580000000000000000e+02 3.592885525790127588e+01 3.518745382421608525e+01 nan 1.000000000000000000e+00 nan
2.590000000000000000e+02 3.592885525790127588e+01 3.518881746057985538e+01 nan 1.000000000000000000e+00 nan
2.600000000000000000e+02 3.592885525790127588e+01 3.519018109694363972e+01 nan 1.000000000000000000e+00 nan
2.610000000000000000e+02 3.592885525790127588e+01 3.519154473330741695e+01 nan 1.000000000000000000e+00 nan
2.620000000000000000e+02 3.592885525790128298e+01 3.519290836967120839e+01 nan 1.000000000000000000e+00 nan
2.630000000000000000e+02 3.592885525790127588e+01 3.519427200603498562e+01 nan 1.000000000000000000e+00 nan
2.640000000000000000e+02 3.592885525790127588e+01 3.519563564239876285e+01 nan 1.000000000000000000e+00 nan
2.650000000000000000e+02 3.592885525790128298e+01 3.519699927876254009e+01 nan 1.000000000000000000e+00 nan
