1.000000000000000000e+00 5.981452859350849804e-01
3.000000000000000000e+00 6.851950828433992502e-01
5.000000000000000000e+00 7.278715270168262252e-01
7.000000000000000000e+00 7.558302756925977528e-01
9.000000000000000000e+00 7.772452442934876249e-01
1.100000000000000000e+01 7.955014597569033397e-01
1.300000000000000000e+01 8.108240498753224168e-01
1.500000000000000000e+01 8.238477864751601043e-01
1.700000000000000000e+01 8.357443023089647927e-01
1.900000000000000000e+01 8.471380751816718346e-01
2.100000000000000000e+01 8.579769009760195297e-01
2.300000000000000000e+01 8.675488933464592378e-01
2.500000000000000000e+01 8.762973579855194428e-01
2.700000000000000000e+01 8.845590256978926869e-01
2.900000000000000000e+01 8.924229581264944144e-01
3.100000000000000000e+01 8.997353403993847420e-01
3.300000000000000000e+01 9.064275679518492002e-01
3.500000000000000000e+01 9.120370911484553256e-01
3.700000000000000000e+01 9.166323144636642217e-01
3.900000000000000000e+01 9.204114468276933803e-01
4.100000000000000000e+01 9.233728418829150186e-01
4.300000000000000000e+01 9.255700777893863807e-01
4.500000000000000000e+01 9.271521121813214306e-01
4.700000000000000000e+01 9.283088240285439774e-01
4.900000000000000000e+01 9.292447072335394687e-01
5.100000000000000000e+01 9.299213474138917634e-01
5.300000000000000000e+01 9.300947230262747167e-01
5.500000000000000000e+01 9.298303150939694062e-01
5.700000000000000000e+01 9.292502077838641350e-01
5.900000000000000000e+01 9.286537364993054933e-01
6.100000000000000000e+01 9.282654052895855656e-01
6.300000000000000000e+01 9.281161162452064017e-01
6.500000000000000000e+01 9.281076241036371188e-01
6.700000000000000000e+01 9.280341935454154978e-01
6.900000000000000000e+01 9.280341935454154978e-01
7.100000000000000000e+01 9.280341935454159419e-01
7.300000000000000000e+01 9.280341935454158309e-01
7.500000000000000000e+01 9.280341935454156088e-01
7.700000000000000000e+01 9.280341935454157198e-01
7.900000000000000000e+01 9.280341935454152758e-01
8.100000000000000000e+01 9.280341935454157198e-01
8.300000000000000000e+01 9.280341935454156088e-01
8.500000000000000000e+01 9.280341935454157198e-01
8.700000000000000000e+01 9.280341935454154978e-01
8.900000000000000000e+01 9.280341935454153868e-01
9.100000000000000000e+01 9.280341935454154978e-01
9.300000000000000000e+01 9.280341935454157198e-01
9.500000000000000000e+01 9.280341935454154978e-01
9.700000000000000000e+01 9.280341935454154978e-01
9.900000000000000000e+01 9.280341935454156088e-01
1.010000000000000000e+02 9.280341935454158309e-01
1.030000000000000000e+02 9.280341935454153868e-01
1.050000000000000000e+02 9.280341935454157198e-01
1.070000000000000000e+02 9.280341935454158309e-01
1.090000000000000000e+02 9.280341935454153868e-01
1.110000000000000000e+02 9.280341935454154978e-01
1.130000000000000000e+02 9.280341935454156088e-01
1.150000000000000000e+02 9.280341935454156088e-01
1.170000000000000000e+02 9.280341935454154978e-01
1.190000000000000000e+02 9.280341935454153868e-01
1.210000000000000000e+02 9.280341935454159419e-01
1.230000000000000000e+02 9.280341935454156088e-01
1.250000000000000000e+02 9.280341935454151647e-01
1.270000000000000000e+02 9.280341935454160529e-01
1.290000000000000000e+02 9.280341935454152758e-01
1.310000000000000000e+02 9.280341935454157198e-01
1.330000000000000000e+02 9.280341935454156088e-01
1.350000000000000000e+02 9.280341935454157198e-01
1.370000000000000000e+02 9.280341935454157198e-01
1.390000000000000000e+02 9.280341935454157198e-01
1.410000000000000000e+02 9.280341935454158309e-01
1.430000000000000000e+02 9.280341935454154978e-01
1.450000000000000000e+02 9.280341935454151647e-01
1.470000000000000000e+02 9.280341935454152758e-01
1.490000000000000000e+02 9.280341935454154978e-01
