1.000000000000000000e+00 0.000000000000000000e+00
3.000000000000000000e+00 6.889761125983273615e-05
5.000000000000000000e+00 1.055724242832178916e-04
7.000000000000000000e+00 1.445139602773704013e-04
9.000000000000000000e+00 2.159686386081771658e-04
1.100000000000000000e+01 2.964963481192350869e-04
1.300000000000000000e+01 3.774667092704131477e-04
1.500000000000000000e+01 4.632191050835121615e-04
1.700000000000000000e+01 5.549863111655728432e-04
1.900000000000000000e+01 6.552817574319025340e-04
2.100000000000000000e+01 7.648559101655072467e-04
2.300000000000000000e+01 8.810378446880706704e-04
2.500000000000000000e+01 9.995206292441327633e-04
2.700000000000000000e+01 1.119321724113997440e-03
2.900000000000000000e+01 1.239759736723189398e-03
3.100000000000000000e+01 1.362016445386582397e-03
3.300000000000000000e+01 1.487084696233487158e-03
3.500000000000000000e+01 1.615605140379172688e-03
3.700000000000000000e+01 1.746659732778543805e-03
3.900000000000000000e+01 1.880334710443798407e-03
4.100000000000000000e+01 2.017578686839938129e-03
4.300000000000000000e+01 2.158024113488310469e-03
4.500000000000000000e+01 2.300608718429852928e-03
4.700000000000000000e+01 2.444207452808822012e-03
4.900000000000000000e+01 2.589920548525026511e-03
5.100000000000000000e+01 2.738447719685899173e-03
5.300000000000000000e+01 2.891207789663896577e-03
5.500000000000000000e+01 3.048758542062546262e-03
5.700000000000000000e+01 3.213677378323120948e-03
5.900000000000000000e+01 3.389315643484103191e-03
6.100000000000000000e+01 3.579030910992653247e-03
6.300000000000000000e+01 3.785924267443063762e-03
6.500000000000000000e+01 4.013351123209440985e-03
6.700000000000000000e+01 4.264861731404945289e-03
6.900000000000000000e+01 4.544485136590892260e-03
7.100000000000000000e+01 4.856686497275664038e-03
7.300000000000000000e+01 5.205549114330132454e-03
7.500000000000000000e+01 5.595586413064457254e-03
7.700000000000000000e+01 6.030001407288931858e-03
7.900000000000000000e+01 6.512523178282658698e-03
8.100000000000000000e+01 7.046333232990198425e-03
8.300000000000000000e+01 7.634499081041745683e-03
8.500000000000000000e+01 8.279741309242028002e-03
8.700000000000000000e+01 8.984177131799220284e-03
8.900000000000000000e+01 9.748619268922120717e-03
9.100000000000000000e+01 1.057376102801510509e-02
9.300000000000000000e+01 1.146072183670909794e-02
9.500000000000000000e+01 1.240927456437879162e-02
9.700000000000000000e+01 1.341869204631829238e-02
9.900000000000000000e+01 1.448679904491323445e-02
1.010000000000000000e+02 1.561160266970396115e-02
1.030000000000000000e+02 1.679076594723138971e-02
1.050000000000000000e+02 1.802118740521674312e-02
1.070000000000000000e+02 1.929925689048594961e-02
1.090000000000000000e+02 2.061993452368660051e-02
1.110000000000000000e+02 2.197777535185341247e-02
1.130000000000000000e+02 2.336735147918389544e-02
1.150000000000000000e+02 2.478231719230505892e-02
1.170000000000000000e+02 2.621643903444159651e-02
1.190000000000000000e+02 2.766347186942996750e-02
1.210000000000000000e+02 2.911744555708462023e-02
1.230000000000000000e+02 3.057266444091621960e-02
1.250000000000000000e+02 3.202301914945082650e-02
1.270000000000000000e+02 3.346298297029570712e-02
1.290000000000000000e+02 3.488712257056203470e-02
1.310000000000000000e+02 3.629091362164182932e-02
1.330000000000000000e+02 3.767020025450151799e-02
1.350000000000000000e+02 3.902229439909199460e-02
1.370000000000000000e+02 4.034477838247507719e-02
1.390000000000000000e+02 4.163610812297802166e-02
1.410000000000000000e+02 4.289561591148915998e-02
1.430000000000000000e+02 4.412325892764856761e-02
1.450000000000000000e+02 4.531856482854956791e-02
1.470000000000000000e+02 4.648175635982909615e-02
1.490000000000000000e+02 4.761296515062585222e-02
