1.000000000000000000e+00 3.022542350273442757e-01
3.000000000000000000e+00 3.594542606143534824e-01
5.000000000000000000e+00 3.862916978126816892e-01
7.000000000000000000e+00 4.024997298557380088e-01
9.000000000000000000e+00 4.151695297959421271e-01
1.100000000000000000e+01 4.261093111633755814e-01
1.300000000000000000e+01 4.363129625012541757e-01
1.500000000000000000e+01 4.461090986490324761e-01
1.700000000000000000e+01 4.555813329657393274e-01
1.900000000000000000e+01 4.647281953416636524e-01
2.100000000000000000e+01 4.735574970762369551e-01
2.300000000000000000e+01 4.820558636022003185e-01
2.500000000000000000e+01 4.902721002742415068e-01
2.700000000000000000e+01 4.982217902306903534e-01
2.900000000000000000e+01 5.059484387073859279e-01
3.100000000000000000e+01 5.134608146558725661e-01
3.300000000000000000e+01 5.207896989571882962e-01
3.500000000000000000e+01 5.279473985192926211e-01
3.700000000000000000e+01 5.349510964629563547e-01
3.900000000000000000e+01 5.418105552528743596e-01
4.100000000000000000e+01 5.485174713292396698e-01
4.300000000000000000e+01 5.551204019936053502e-01
4.500000000000000000e+01 5.616619880938221732e-01
4.700000000000000000e+01 5.681468279756475281e-01
4.900000000000000000e+01 5.746007687985215107e-01
5.100000000000000000e+01 5.810393116650397483e-01
5.300000000000000000e+01 5.874654612589785829e-01
5.500000000000000000e+01 5.938813652410422916e-01
5.700000000000000000e+01 6.002855102470452398e-01
5.900000000000000000e+01 6.066483534197875116e-01
6.100000000000000000e+01 6.129659775056713888e-01
6.300000000000000000e+01 6.192381828074735584e-01
6.500000000000000000e+01 6.254033483896499490e-01
6.700000000000000000e+01 6.314422575491703826e-01
6.900000000000000000e+01 6.373770488735159834e-01
7.100000000000000000e+01 6.432007590880973735e-01
7.300000000000000000e+01 6.488951618696724433e-01
7.500000000000000000e+01 6.544652132261820077e-01
7.700000000000000000e+01 6.598985609330282331e-01
7.900000000000000000e+01 6.651957285191640867e-01
8.100000000000000000e+01 6.703730055172008040e-01
8.300000000000000000e+01 6.754326526590832547e-01
8.500000000000000000e+01 6.803865195420544243e-01
8.700000000000000000e+01 6.852528266444177785e-01
8.900000000000000000e+01 6.900339590621202834e-01
9.100000000000000000e+01 6.947349231128150393e-01
9.300000000000000000e+01 6.993575980809862980e-01
9.500000000000000000e+01 7.039120613764873191e-01
9.700000000000000000e+01 7.083573248432335490e-01
9.900000000000000000e+01 7.127255943915262737e-01
1.010000000000000000e+02 7.170199053707342340e-01
1.030000000000000000e+02 7.212097827012818874e-01
1.050000000000000000e+02 7.252976882593218377e-01
1.070000000000000000e+02 7.293035878818683315e-01
1.090000000000000000e+02 7.332295755348871014e-01
1.110000000000000000e+02 7.370653291783924033e-01
1.130000000000000000e+02 7.408097950194985071e-01
1.150000000000000000e+02 7.444516254457925752e-01
1.170000000000000000e+02 7.479530808091485738e-01
1.190000000000000000e+02 7.513161385932469738e-01
1.210000000000000000e+02 7.545440405670477135e-01
1.230000000000000000e+02 7.576261125381706929e-01
1.250000000000000000e+02 7.605588214434686467e-01
1.270000000000000000e+02 7.633653004320908320e-01
1.290000000000000000e+02 7.660558556446704914e-01
1.310000000000000000e+02 7.686083830942772588e-01
1.330000000000000000e+02 7.710417153143873659e-01
1.350000000000000000e+02 7.733613399715382197e-01
1.370000000000000000e+02 7.755644705869564337e-01
1.390000000000000000e+02 7.776494973856740156e-01
1.410000000000000000e+02 7.796037133096398453e-01
1.430000000000000000e+02 7.814599191021008862e-01
1.450000000000000000e+02 7.832225158249448427e-01
1.470000000000000000e+02 7.849077343054938760e-01
1.490000000000000000e+02 7.865173742406078583e-01
