1.000000000000000000e+00 3.588129760889380293e-02
3.000000000000000000e+00 3.757668466483476966e-02
5.000000000000000000e+00 3.856821559319234538e-02
7.000000000000000000e+00 3.927362330985095795e-02
9.000000000000000000e+00 3.984154331725020537e-02
1.100000000000000000e+01 4.035673581069443294e-02
1.300000000000000000e+01 4.085369156801743618e-02
1.500000000000000000e+01 4.135145605585810458e-02
1.700000000000000000e+01 4.186054149362272714e-02
1.900000000000000000e+01 4.237846875763584542e-02
2.100000000000000000e+01 4.289361056585483389e-02
2.300000000000000000e+01 4.339424392775670380e-02
2.500000000000000000e+01 4.387777026119943358e-02
2.700000000000000000e+01 4.434443124827402993e-02
2.900000000000000000e+01 4.479218330611067778e-02
3.100000000000000000e+01 4.521753287371976793e-02
3.300000000000000000e+01 4.561887876759895821e-02
3.500000000000000000e+01 4.599824106603878082e-02
3.700000000000000000e+01 4.635539965727386580e-02
3.900000000000000000e+01 4.668900167598533102e-02
4.100000000000000000e+01 4.700057382211331181e-02
4.300000000000000000e+01 4.729413437035101531e-02
4.500000000000000000e+01 4.757173610022724652e-02
4.700000000000000000e+01 4.782949589289398062e-02
4.900000000000000000e+01 4.806936023516727996e-02
5.100000000000000000e+01 4.829556109350585658e-02
5.300000000000000000e+01 4.850794561431115426e-02
5.500000000000000000e+01 4.870758758708204628e-02
5.700000000000000000e+01 4.889540352595356243e-02
5.900000000000000000e+01 4.906943296150878542e-02
6.100000000000000000e+01 4.923059481343416977e-02
6.300000000000000000e+01 4.938096496211252795e-02
6.500000000000000000e+01 4.952129807703264941e-02
6.700000000000000000e+01 4.965060197759862959e-02
6.900000000000000000e+01 4.976938772788341847e-02
7.100000000000000000e+01 4.987811158226052033e-02
7.300000000000000000e+01 4.997746870707897582e-02
7.500000000000000000e+01 5.006770022406847875e-02
7.700000000000000000e+01 5.014915881473780424e-02
7.900000000000000000e+01 5.022179411335581101e-02
8.100000000000000000e+01 5.028572350117166412e-02
8.300000000000000000e+01 5.034104902333802478e-02
8.500000000000000000e+01 5.038889778891575411e-02
8.700000000000000000e+01 5.042800641612976698e-02
8.900000000000000000e+01 5.045964047304241085e-02
9.100000000000000000e+01 5.048255576088922503e-02
9.300000000000000000e+01 5.049673241045471439e-02
9.500000000000000000e+01 5.050354850911864535e-02
9.700000000000000000e+01 5.050289185763867650e-02
9.900000000000000000e+01 5.049315230727513537e-02
1.010000000000000000e+02 5.047550527272415266e-02
1.030000000000000000e+02 5.045006764617021577e-02
1.050000000000000000e+02 5.041714663759055970e-02
1.070000000000000000e+02 5.037677214082736388e-02
1.090000000000000000e+02 5.032758161886641268e-02
1.110000000000000000e+02 5.026971530131085775e-02
1.130000000000000000e+02 5.020331229243479854e-02
1.150000000000000000e+02 5.013065158611240690e-02
1.170000000000000000e+02 5.004985785050386493e-02
1.190000000000000000e+02 4.996132540127051769e-02
1.210000000000000000e+02 4.986675621350067367e-02
1.230000000000000000e+02 4.976614568922366200e-02
1.250000000000000000e+02 4.965927743779707804e-02
1.270000000000000000e+02 4.954739202807112441e-02
1.290000000000000000e+02 4.943098935158285467e-02
1.310000000000000000e+02 4.931048279548677638e-02
1.330000000000000000e+02 4.918608455459871909e-02
1.350000000000000000e+02 4.905830498019947417e-02
1.370000000000000000e+02 4.892754563055490280e-02
1.390000000000000000e+02 4.879340793661801623e-02
1.410000000000000000e+02 4.865638578036113326e-02
1.430000000000000000e+02 4.851827708684997020e-02
1.450000000000000000e+02 4.837923998499371603e-02
1.470000000000000000e+02 4.823943721032697418e-02
1.490000000000000000e+02 4.809911290381296833e-02
