1.000000000000000000e+00 1.946619371026026002e-04
3.000000000000000000e+00 1.979082267788978555e-04
5.000000000000000000e+00 2.005307648711429636e-04
7.000000000000000000e+00 2.046757741459570568e-04
9.000000000000000000e+00 2.134294375522038933e-04
1.100000000000000000e+01 2.241141465957330325e-04
1.300000000000000000e+01 2.340272979592938896e-04
1.500000000000000000e+01 2.430772342721931878e-04
1.700000000000000000e+01 2.512282042660407555e-04
1.900000000000000000e+01 2.584454387692947108e-04
2.100000000000000000e+01 2.648607671921210382e-04
2.300000000000000000e+01 2.706142166933878102e-04
2.500000000000000000e+01 2.757788588800824670e-04
2.700000000000000000e+01 2.803226692019711308e-04
2.900000000000000000e+01 2.842352536722714262e-04
3.100000000000000000e+01 2.876272981869876233e-04
3.300000000000000000e+01 2.905153712945418576e-04
3.500000000000000000e+01 2.929626030514498325e-04
3.700000000000000000e+01 2.951066605911822904e-04
3.900000000000000000e+01 2.970301746604286919e-04
4.100000000000000000e+01 2.987633105631104513e-04
4.300000000000000000e+01 3.003709791322695111e-04
4.500000000000000000e+01 3.019503148373736678e-04
4.700000000000000000e+01 3.036008574359705392e-04
4.900000000000000000e+01 3.053721274206555591e-04
5.100000000000000000e+01 3.073014207668478548e-04
5.300000000000000000e+01 3.094280973606755580e-04
5.500000000000000000e+01 3.118141201569057941e-04
5.700000000000000000e+01 3.144804137379386688e-04
5.900000000000000000e+01 3.173891509712367665e-04
6.100000000000000000e+01 3.205160812765894818e-04
6.300000000000000000e+01 3.238663554894216645e-04
6.500000000000000000e+01 3.273784011902369784e-04
6.700000000000000000e+01 3.310566808505388536e-04
6.900000000000000000e+01 3.349187537087239264e-04
7.100000000000000000e+01 3.389764435195452563e-04
7.300000000000000000e+01 3.432420100498712046e-04
7.500000000000000000e+01 3.477293620639532179e-04
7.700000000000000000e+01 3.524742940961278492e-04
7.900000000000000000e+01 3.575019224181241739e-04
8.100000000000000000e+01 3.628309932548479111e-04
8.300000000000000000e+01 3.684984120378986816e-04
8.500000000000000000e+01 3.745149404785763636e-04
8.700000000000000000e+01 3.808743697054639554e-04
8.900000000000000000e+01 3.875677891624906835e-04
9.100000000000000000e+01 3.945924721373561539e-04
9.300000000000000000e+01 4.019407089068671723e-04
9.500000000000000000e+01 4.096171151107830255e-04
9.700000000000000000e+01 4.176110898634899371e-04
9.900000000000000000e+01 4.259076798852623469e-04
1.010000000000000000e+02 4.344923225666486033e-04
1.030000000000000000e+02 4.433665957989108009e-04
1.050000000000000000e+02 4.525215175322783168e-04
1.070000000000000000e+02 4.619520377034946890e-04
1.090000000000000000e+02 4.716375016019513922e-04
1.110000000000000000e+02 4.814639658202723993e-04
1.130000000000000000e+02 4.914179401455109897e-04
1.150000000000000000e+02 5.014840974157941389e-04
1.170000000000000000e+02 5.116517512553375724e-04
1.190000000000000000e+02 5.220025649372850296e-04
1.210000000000000000e+02 5.325267308091685692e-04
1.230000000000000000e+02 5.432091731492061371e-04
1.250000000000000000e+02 5.540393389891207221e-04
1.270000000000000000e+02 5.650134087897829005e-04
1.290000000000000000e+02 5.761229060441408478e-04
1.310000000000000000e+02 5.873622517243992647e-04
1.330000000000000000e+02 5.987242811664739151e-04
1.350000000000000000e+02 6.101940069661582200e-04
1.370000000000000000e+02 6.217658772236234199e-04
1.390000000000000000e+02 6.334343840063150211e-04
1.410000000000000000e+02 6.452038448314656449e-04
1.430000000000000000e+02 6.570744246582327364e-04
1.450000000000000000e+02 6.690517088261405121e-04
1.470000000000000000e+02 6.811359091571933533e-04
1.490000000000000000e+02 6.933255439641738960e-04
