1.000000000000000000e+00 5.038320559813396216e-01
3.000000000000000000e+00 5.725898089952803360e-01
5.000000000000000000e+00 6.038764925681778806e-01
7.000000000000000000e+00 6.226648392681112254e-01
9.000000000000000000e+00 6.372944070645802928e-01
1.100000000000000000e+01 6.493953921964124021e-01
1.300000000000000000e+01 6.595898338279320150e-01
1.500000000000000000e+01 6.683887754125554803e-01
1.700000000000000000e+01 6.759262546065659683e-01
1.900000000000000000e+01 6.819332604077773530e-01
2.100000000000000000e+01 6.865771167348020398e-01
2.300000000000000000e+01 6.900570560977896672e-01
2.500000000000000000e+01 6.926557101361560109e-01
2.700000000000000000e+01 6.943345589981124721e-01
2.900000000000000000e+01 6.952225580191777610e-01
3.100000000000000000e+01 6.954744878657828089e-01
3.300000000000000000e+01 6.954206996424734388e-01
3.500000000000000000e+01 6.949284616055906305e-01
3.700000000000000000e+01 6.941235906151066448e-01
3.900000000000000000e+01 6.932184237907744739e-01
4.100000000000000000e+01 6.922857418585048883e-01
4.300000000000000000e+01 6.913399517974347930e-01
4.500000000000000000e+01 6.905630314946638038e-01
4.700000000000000000e+01 6.898087164519675074e-01
4.900000000000000000e+01 6.889646780456064601e-01
5.100000000000000000e+01 6.881803476856797053e-01
5.300000000000000000e+01 6.874047598566846995e-01
5.500000000000000000e+01 6.866386901172004675e-01
5.700000000000000000e+01 6.859454367169041111e-01
5.900000000000000000e+01 6.852713116612854094e-01
6.100000000000000000e+01 6.846912472938799787e-01
6.300000000000000000e+01 6.841208315203288759e-01
6.500000000000000000e+01 6.835032718280520392e-01
6.700000000000000000e+01 6.828097024182262498e-01
6.900000000000000000e+01 6.821554420462712098e-01
7.100000000000000000e+01 6.813972844160527398e-01
7.300000000000000000e+01 6.805699381913907775e-01
7.500000000000000000e+01 6.796646043483955957e-01
7.700000000000000000e+01 6.788037393757571092e-01
7.900000000000000000e+01 6.780496046369853813e-01
8.100000000000000000e+01 6.773971991222531575e-01
8.300000000000000000e+01 6.766788826436087589e-01
8.500000000000000000e+01 6.760042166342907777e-01
8.700000000000000000e+01 6.753993135756668487e-01
8.900000000000000000e+01 6.748214306558614206e-01
9.100000000000000000e+01 6.742423856682705496e-01
9.300000000000000000e+01 6.736767371849919916e-01
9.500000000000000000e+01 6.731753265483746418e-01
9.700000000000000000e+01 6.727759807437574402e-01
9.900000000000000000e+01 6.725030680142953798e-01
1.010000000000000000e+02 6.721769646445605595e-01
1.030000000000000000e+02 6.717969638573659807e-01
1.050000000000000000e+02 6.713479152555685836e-01
1.070000000000000000e+02 6.708666754892013140e-01
1.090000000000000000e+02 6.703513103733308443e-01
1.110000000000000000e+02 6.697997615251288783e-01
1.130000000000000000e+02 6.692086639934582415e-01
1.150000000000000000e+02 6.685757529927778275e-01
1.170000000000000000e+02 6.679206989830445140e-01
1.190000000000000000e+02 6.672819096437392350e-01
1.210000000000000000e+02 6.666990855971444141e-01
1.230000000000000000e+02 6.661722215769341204e-01
1.250000000000000000e+02 6.656835881019540491e-01
1.270000000000000000e+02 6.652819059076618968e-01
1.290000000000000000e+02 6.649691761765246234e-01
1.310000000000000000e+02 6.647455021066941416e-01
1.330000000000000000e+02 6.646321165279314158e-01
1.350000000000000000e+02 6.646321165279323040e-01
1.370000000000000000e+02 6.646321165279314158e-01
1.390000000000000000e+02 6.646321165279315268e-01
1.410000000000000000e+02 6.646321165279321930e-01
1.430000000000000000e+02 6.646321165279324150e-01
1.450000000000000000e+02 6.646321165279311938e-01
1.470000000000000000e+02 6.646321165279317489e-01
1.490000000000000000e+02 6.646321165279320820e-01
