1.000000000000000000e+00 1.332709843348141021e-01
3.000000000000000000e+00 1.471324730218707133e-01
5.000000000000000000e+00 1.544562315704988142e-01
7.000000000000000000e+00 1.597375358595019001e-01
9.000000000000000000e+00 1.642586316819705239e-01
1.100000000000000000e+01 1.685030230965829379e-01
1.300000000000000000e+01 1.725066487427007189e-01
1.500000000000000000e+01 1.762679299175359260e-01
1.700000000000000000e+01 1.797304372245750459e-01
1.900000000000000000e+01 1.829835564570467810e-01
2.100000000000000000e+01 1.859816496497846972e-01
2.300000000000000000e+01 1.887440459082515565e-01
2.500000000000000000e+01 1.913437865569262986e-01
2.700000000000000000e+01 1.938036572349576270e-01
2.900000000000000000e+01 1.961733840573989252e-01
3.100000000000000000e+01 1.984417302875951528e-01
3.300000000000000000e+01 2.006655539057047299e-01
3.500000000000000000e+01 2.028522132106292952e-01
3.700000000000000000e+01 2.050279204426562751e-01
3.900000000000000000e+01 2.071333347467818609e-01
4.100000000000000000e+01 2.091989406344256786e-01
4.300000000000000000e+01 2.112698969183445241e-01
4.500000000000000000e+01 2.133084400717436546e-01
4.700000000000000000e+01 2.153083103412438692e-01
4.900000000000000000e+01 2.172916556882398265e-01
5.100000000000000000e+01 2.192211769633163332e-01
5.300000000000000000e+01 2.211016729320233187e-01
5.500000000000000000e+01 2.229709398329240422e-01
5.700000000000000000e+01 2.247931495299263505e-01
5.900000000000000000e+01 2.265545913297709602e-01
6.100000000000000000e+01 2.282871396558654453e-01
6.300000000000000000e+01 2.299286062755916404e-01
6.500000000000000000e+01 2.315085919732366992e-01
6.700000000000000000e+01 2.330245654269839095e-01
6.900000000000000000e+01 2.344830126132008141e-01
7.100000000000000000e+01 2.358570249533312735e-01
7.300000000000000000e+01 2.371262570828445160e-01
7.500000000000000000e+01 2.382877411009151070e-01
7.700000000000000000e+01 2.393535044980995563e-01
7.900000000000000000e+01 2.403302923713738215e-01
8.100000000000000000e+01 2.412294716362549662e-01
8.300000000000000000e+01 2.420599458051261310e-01
8.500000000000000000e+01 2.428499465686738690e-01
8.700000000000000000e+01 2.435253068497786888e-01
8.900000000000000000e+01 2.441114492977362049e-01
9.100000000000000000e+01 2.446409832676911256e-01
9.300000000000000000e+01 2.450989657240419950e-01
9.500000000000000000e+01 2.455180298978182352e-01
9.700000000000000000e+01 2.459014019456154942e-01
9.900000000000000000e+01 2.462079465209454643e-01
1.010000000000000000e+02 2.465178385557680318e-01
1.030000000000000000e+02 2.468587377003582661e-01
1.050000000000000000e+02 2.471913390876798733e-01
1.070000000000000000e+02 2.474711278928670710e-01
1.090000000000000000e+02 2.477067135175726742e-01
1.110000000000000000e+02 2.478987771307713528e-01
1.130000000000000000e+02 2.480998690084803560e-01
1.150000000000000000e+02 2.483175197213295382e-01
1.170000000000000000e+02 2.485403351156150187e-01
1.190000000000000000e+02 2.486885203953643764e-01
1.210000000000000000e+02 2.487386548393768493e-01
1.230000000000000000e+02 2.487656407680601811e-01
1.250000000000000000e+02 2.487703781758836552e-01
1.270000000000000000e+02 2.486741237796173953e-01
1.290000000000000000e+02 2.484931620369696947e-01
1.310000000000000000e+02 2.483168444857037915e-01
1.330000000000000000e+02 2.481484763918007097e-01
1.350000000000000000e+02 2.480011727655064835e-01
1.370000000000000000e+02 2.478447564351178301e-01
1.390000000000000000e+02 2.476739749475439512e-01
1.410000000000000000e+02 2.475076714310924242e-01
1.430000000000000000e+02 2.473771379573357354e-01
1.450000000000000000e+02 2.472765126618756693e-01
1.470000000000000000e+02 2.471561431063262759e-01
1.490000000000000000e+02 2.470160162060700548e-01
