1.000000000000000000e+00 1.210156672069151451e-02
3.000000000000000000e+00 1.224048740485861320e-02
5.000000000000000000e+00 1.233860995601698818e-02
7.000000000000000000e+00 1.241651910313568141e-02
9.000000000000000000e+00 1.246482737253207240e-02
1.100000000000000000e+01 1.248958849395620518e-02
1.300000000000000000e+01 1.249932189718216957e-02
1.500000000000000000e+01 1.250397259794600036e-02
1.700000000000000000e+01 1.251001219971936695e-02
1.900000000000000000e+01 1.251763502944369666e-02
2.100000000000000000e+01 1.252548883554061021e-02
2.300000000000000000e+01 1.253382518647894184e-02
2.500000000000000000e+01 1.254215853221141153e-02
2.700000000000000000e+01 1.255128903836910670e-02
2.900000000000000000e+01 1.256013592958293845e-02
3.100000000000000000e+01 1.256676323157557285e-02
3.300000000000000000e+01 1.257078787748044935e-02
3.500000000000000000e+01 1.257033543435392975e-02
3.700000000000000000e+01 1.256528050685923326e-02
3.900000000000000000e+01 1.255740958098727766e-02
4.100000000000000000e+01 1.254614527507902366e-02
4.300000000000000000e+01 1.253165228428188005e-02
4.500000000000000000e+01 1.251426097392360770e-02
4.700000000000000000e+01 1.249229035358745410e-02
4.900000000000000000e+01 1.246800511587642379e-02
5.100000000000000000e+01 1.244143167825351171e-02
5.300000000000000000e+01 1.241076782124261868e-02
5.500000000000000000e+01 1.237654739040550123e-02
5.700000000000000000e+01 1.233915055049861209e-02
5.900000000000000000e+01 1.230045623802555887e-02
6.100000000000000000e+01 1.226053982446484447e-02
6.300000000000000000e+01 1.221729405865379370e-02
6.500000000000000000e+01 1.217098603821598068e-02
6.700000000000000000e+01 1.212206922511682716e-02
6.900000000000000000e+01 1.207222766416560233e-02
7.100000000000000000e+01 1.202027740653521803e-02
7.300000000000000000e+01 1.196612628438054049e-02
7.500000000000000000e+01 1.191009288702793434e-02
7.700000000000000000e+01 1.185249438959934398e-02
7.900000000000000000e+01 1.179438231265528270e-02
8.100000000000000000e+01 1.173607279494881528e-02
8.300000000000000000e+01 1.167774433051504968e-02
8.500000000000000000e+01 1.161954636931272766e-02
8.700000000000000000e+01 1.156166043034911883e-02
8.900000000000000000e+01 1.150394920791630859e-02
9.100000000000000000e+01 1.144675122869132089e-02
9.300000000000000000e+01 1.139086295614688549e-02
9.500000000000000000e+01 1.133529940987076934e-02
9.700000000000000000e+01 1.128026953641514396e-02
9.900000000000000000e+01 1.122715835174492582e-02
1.010000000000000000e+02 1.117577197480501550e-02
1.030000000000000000e+02 1.112512075191762762e-02
1.050000000000000000e+02 1.107660094948204055e-02
1.070000000000000000e+02 1.103014943674018866e-02
1.090000000000000000e+02 1.098578839461394896e-02
1.110000000000000000e+02 1.094285818127549437e-02
1.130000000000000000e+02 1.090129883070911632e-02
1.150000000000000000e+02 1.086066693906573288e-02
1.170000000000000000e+02 1.082118422357014609e-02
1.190000000000000000e+02 1.078277028718943598e-02
1.210000000000000000e+02 1.074496373884747946e-02
1.230000000000000000e+02 1.070661832002928193e-02
1.250000000000000000e+02 1.066880349094123659e-02
1.270000000000000000e+02 1.063136083926807807e-02
1.290000000000000000e+02 1.059422519335329049e-02
1.310000000000000000e+02 1.055732893907312953e-02
1.330000000000000000e+02 1.052061816432658947e-02
1.350000000000000000e+02 1.048404720083007113e-02
1.370000000000000000e+02 1.044643497304553748e-02
1.390000000000000000e+02 1.040917672164143326e-02
1.410000000000000000e+02 1.037222925992975497e-02
1.430000000000000000e+02 1.033543418430249439e-02
1.450000000000000000e+02 1.029874531263641479e-02
1.470000000000000000e+02 1.026184865737667096e-02
1.490000000000000000e+02 1.022472609010582900e-02
