1.000000000000000000e+00 1.673244845400101433e-02
3.000000000000000000e+00 1.710540635036039703e-02
5.000000000000000000e+00 1.732156948278551489e-02
7.000000000000000000e+00 1.746989988536185034e-02
9.000000000000000000e+00 1.758774766254955768e-02
1.100000000000000000e+01 1.768622295051458515e-02
1.300000000000000000e+01 1.776375391129014769e-02
1.500000000000000000e+01 1.782043597556981496e-02
1.700000000000000000e+01 1.785771586055651117e-02
1.900000000000000000e+01 1.788261226667131609e-02
2.100000000000000000e+01 1.789976637211954102e-02
2.300000000000000000e+01 1.791334569504321461e-02
2.500000000000000000e+01 1.792395953677972109e-02
2.700000000000000000e+01 1.793357795206795835e-02
2.900000000000000000e+01 1.794470191971242468e-02
3.100000000000000000e+01 1.795712970576901490e-02
3.300000000000000000e+01 1.797024396061375207e-02
3.500000000000000000e+01 1.798356099591102986e-02
3.700000000000000000e+01 1.799691801258340718e-02
3.900000000000000000e+01 1.800950668069867255e-02
4.100000000000000000e+01 1.801992137494490276e-02
4.300000000000000000e+01 1.802715419135558772e-02
4.500000000000000000e+01 1.803062862307658332e-02
4.700000000000000000e+01 1.803024963441357542e-02
4.900000000000000000e+01 1.802541961230907930e-02
5.100000000000000000e+01 1.801628689308654163e-02
5.300000000000000000e+01 1.800312024353056817e-02
5.500000000000000000e+01 1.798608203921392423e-02
5.700000000000000000e+01 1.796530419673858514e-02
5.900000000000000000e+01 1.794098199870031163e-02
6.100000000000000000e+01 1.791321055156136488e-02
6.300000000000000000e+01 1.788140874760257848e-02
6.500000000000000000e+01 1.784515326310764927e-02
6.700000000000000000e+01 1.780481794795729655e-02
6.900000000000000000e+01 1.776217324499673733e-02
7.100000000000000000e+01 1.771734518774781275e-02
7.300000000000000000e+01 1.766871794705882071e-02
7.500000000000000000e+01 1.761703728329511165e-02
7.700000000000000000e+01 1.756216198174920251e-02
7.900000000000000000e+01 1.750377554491222565e-02
8.100000000000000000e+01 1.744209585734912693e-02
8.300000000000000000e+01 1.737676198326609800e-02
8.500000000000000000e+01 1.730795270891793969e-02
8.700000000000000000e+01 1.723595081061135570e-02
8.900000000000000000e+01 1.716144465082181103e-02
9.100000000000000000e+01 1.708348469175069440e-02
9.300000000000000000e+01 1.700279752226130370e-02
9.500000000000000000e+01 1.691951073343511691e-02
9.700000000000000000e+01 1.683379366404358368e-02
9.900000000000000000e+01 1.674604823705583279e-02
1.010000000000000000e+02 1.665626879789161574e-02
1.030000000000000000e+02 1.656464028117365928e-02
1.050000000000000000e+02 1.647151584420136761e-02
1.070000000000000000e+02 1.637660281560215925e-02
1.090000000000000000e+02 1.627989662802298287e-02
1.110000000000000000e+02 1.618160127604573173e-02
1.130000000000000000e+02 1.608257275007718423e-02
1.150000000000000000e+02 1.598343155285719686e-02
1.170000000000000000e+02 1.588471505159572139e-02
1.190000000000000000e+02 1.578561287981650185e-02
1.210000000000000000e+02 1.568571849803301888e-02
1.230000000000000000e+02 1.558523624039165334e-02
1.250000000000000000e+02 1.548385053521450505e-02
1.270000000000000000e+02 1.538204224691075428e-02
1.290000000000000000e+02 1.528061724404428112e-02
1.310000000000000000e+02 1.517936633022221038e-02
1.330000000000000000e+02 1.507838064640143472e-02
1.350000000000000000e+02 1.497770189802638541e-02
1.370000000000000000e+02 1.487738964983065237e-02
1.390000000000000000e+02 1.477848139865289845e-02
1.410000000000000000e+02 1.468080733218468659e-02
1.430000000000000000e+02 1.458440130575400229e-02
1.450000000000000000e+02 1.448935839185971908e-02
1.470000000000000000e+02 1.439589569404486902e-02
1.490000000000000000e+02 1.430401778993994899e-02
