1.000000000000000000e+00 2.767816200072903410e-02
3.000000000000000000e+00 3.040970487477856476e-02
5.000000000000000000e+00 3.149869760147450126e-02
7.000000000000000000e+00 3.206908904640681790e-02
9.000000000000000000e+00 3.243522936290788028e-02
1.100000000000000000e+01 3.269727700386659830e-02
1.300000000000000000e+01 3.289858511772436600e-02
1.500000000000000000e+01 3.306401950763337982e-02
1.700000000000000000e+01 3.321873691859267286e-02
1.900000000000000000e+01 3.336758161426589542e-02
2.100000000000000000e+01 3.351713782378795692e-02
2.300000000000000000e+01 3.367858287853464638e-02
2.500000000000000000e+01 3.385875854677755648e-02
2.700000000000000000e+01 3.405370939537266661e-02
2.900000000000000000e+01 3.425895615752538870e-02
3.100000000000000000e+01 3.446997561617537453e-02
3.300000000000000000e+01 3.468352561707266357e-02
3.500000000000000000e+01 3.489619224139750564e-02
3.700000000000000000e+01 3.510731134981204260e-02
3.900000000000000000e+01 3.531744792506741337e-02
4.100000000000000000e+01 3.552722054432566612e-02
4.300000000000000000e+01 3.573678273448788190e-02
4.500000000000000000e+01 3.594610902543138309e-02
4.700000000000000000e+01 3.615572598608862709e-02
4.900000000000000000e+01 3.636715612943552944e-02
5.100000000000000000e+01 3.658042420006868412e-02
5.300000000000000000e+01 3.679531891513154740e-02
5.500000000000000000e+01 3.701214617078885105e-02
5.700000000000000000e+01 3.723108051826984344e-02
5.900000000000000000e+01 3.745253020255512322e-02
6.100000000000000000e+01 3.767778602299820534e-02
6.300000000000000000e+01 3.790768242439412905e-02
6.500000000000000000e+01 3.814283252802075364e-02
6.700000000000000000e+01 3.838367548042287414e-02
6.900000000000000000e+01 3.863036639933759009e-02
7.100000000000000000e+01 3.888323404310622955e-02
7.300000000000000000e+01 3.914270729091740009e-02
7.500000000000000000e+01 3.940917213261185825e-02
7.700000000000000000e+01 3.968315752544893105e-02
7.900000000000000000e+01 3.996512054934742153e-02
8.100000000000000000e+01 4.025519346087824690e-02
8.300000000000000000e+01 4.055340525047956834e-02
8.500000000000000000e+01 4.085986121361162571e-02
8.700000000000000000e+01 4.117478361867388248e-02
8.900000000000000000e+01 4.149813906613641912e-02
9.100000000000000000e+01 4.182960028474591585e-02
9.300000000000000000e+01 4.216910082296965179e-02
9.500000000000000000e+01 4.251658888789511259e-02
9.700000000000000000e+01 4.287249087347044796e-02
9.900000000000000000e+01 4.323700554565002019e-02
1.010000000000000000e+02 4.361004571588034118e-02
1.030000000000000000e+02 4.399126800152486361e-02
1.050000000000000000e+02 4.438026737442046787e-02
1.070000000000000000e+02 4.477685517403717785e-02
1.090000000000000000e+02 4.518081249944727595e-02
1.110000000000000000e+02 4.559197182295227080e-02
1.130000000000000000e+02 4.601016904980104183e-02
1.150000000000000000e+02 4.643515364410299995e-02
1.170000000000000000e+02 4.686680898242345794e-02
1.190000000000000000e+02 4.730492545779463320e-02
1.210000000000000000e+02 4.774933463798547439e-02
1.230000000000000000e+02 4.819991099101794685e-02
1.250000000000000000e+02 4.865657989832650188e-02
1.270000000000000000e+02 4.911927440863284033e-02
1.290000000000000000e+02 4.958788272426739585e-02
1.310000000000000000e+02 5.006232892024298220e-02
1.330000000000000000e+02 5.054256117179489749e-02
1.350000000000000000e+02 5.102875043338150896e-02
1.370000000000000000e+02 5.152089001887671937e-02
1.390000000000000000e+02 5.201891280982240406e-02
1.410000000000000000e+02 5.252216802259446204e-02
1.430000000000000000e+02 5.303066983164617110e-02
1.450000000000000000e+02 5.354444065929298002e-02
1.470000000000000000e+02 5.406368867474964368e-02
1.490000000000000000e+02 5.458844055205291923e-02
