1.000000000000000000e+00 1.572608738927039340e-02
3.000000000000000000e+00 1.623282742468723505e-02
5.000000000000000000e+00 1.653180824123867687e-02
7.000000000000000000e+00 1.677166145614095161e-02
9.000000000000000000e+00 1.697743351533176348e-02
1.100000000000000000e+01 1.715449350929465488e-02
1.300000000000000000e+01 1.731723383486827306e-02
1.500000000000000000e+01 1.746048803564548280e-02
1.700000000000000000e+01 1.758093784785685898e-02
1.900000000000000000e+01 1.767647928223203824e-02
2.100000000000000000e+01 1.775338930692660355e-02
2.300000000000000000e+01 1.781417285265984862e-02
2.500000000000000000e+01 1.786170792980634747e-02
2.700000000000000000e+01 1.789919665923289660e-02
2.900000000000000000e+01 1.792914328795258694e-02
3.100000000000000000e+01 1.795262746441961266e-02
3.300000000000000000e+01 1.797099285390102441e-02
3.500000000000000000e+01 1.798514356779568057e-02
3.700000000000000000e+01 1.799506350914470421e-02
3.900000000000000000e+01 1.800031406998914285e-02
4.100000000000000000e+01 1.800097142614487389e-02
4.300000000000000000e+01 1.799653860744154787e-02
4.500000000000000000e+01 1.798765983064920526e-02
4.700000000000000000e+01 1.797442537606364077e-02
4.900000000000000000e+01 1.795681779600710737e-02
5.100000000000000000e+01 1.793533012333037302e-02
5.300000000000000000e+01 1.790932910897369279e-02
5.500000000000000000e+01 1.787862308959586866e-02
5.700000000000000000e+01 1.784277921701482583e-02
5.900000000000000000e+01 1.780310174069010820e-02
6.100000000000000000e+01 1.775963309444239524e-02
6.300000000000000000e+01 1.771227407073061588e-02
6.500000000000000000e+01 1.766056843417551647e-02
6.700000000000000000e+01 1.760530505437651883e-02
6.900000000000000000e+01 1.754645116635655810e-02
7.100000000000000000e+01 1.748151293355693081e-02
7.300000000000000000e+01 1.741030890860129077e-02
7.500000000000000000e+01 1.733491778232110203e-02
7.700000000000000000e+01 1.725567020077412028e-02
7.900000000000000000e+01 1.717272589417095929e-02
8.100000000000000000e+01 1.708632542839849666e-02
8.300000000000000000e+01 1.699680309292994629e-02
8.500000000000000000e+01 1.690434762551396020e-02
8.700000000000000000e+01 1.680934399935840595e-02
8.900000000000000000e+01 1.671162283914018332e-02
9.100000000000000000e+01 1.661091539792503013e-02
9.300000000000000000e+01 1.650734422410604640e-02
9.500000000000000000e+01 1.640213685748437289e-02
9.700000000000000000e+01 1.629577382363278648e-02
9.900000000000000000e+01 1.618849733457927709e-02
1.010000000000000000e+02 1.608021141488724659e-02
1.030000000000000000e+02 1.597172719433703758e-02
1.050000000000000000e+02 1.586343307246207424e-02
1.070000000000000000e+02 1.575601740699705822e-02
1.090000000000000000e+02 1.564991267228343919e-02
1.110000000000000000e+02 1.554532060788560432e-02
1.130000000000000000e+02 1.544169958550034583e-02
1.150000000000000000e+02 1.533910471053689939e-02
1.170000000000000000e+02 1.523714705547030146e-02
1.190000000000000000e+02 1.513596811152750909e-02
1.210000000000000000e+02 1.503533960537495329e-02
1.230000000000000000e+02 1.493603094049822388e-02
1.250000000000000000e+02 1.483803233103198060e-02
1.270000000000000000e+02 1.474155884253358639e-02
1.290000000000000000e+02 1.464666290116700686e-02
1.310000000000000000e+02 1.455098516462460800e-02
1.330000000000000000e+02 1.445417602169296600e-02
1.350000000000000000e+02 1.435631520895608304e-02
1.370000000000000000e+02 1.425966951367718671e-02
1.390000000000000000e+02 1.416424143866956697e-02
1.410000000000000000e+02 1.407098392837013989e-02
1.430000000000000000e+02 1.397906879866273044e-02
1.450000000000000000e+02 1.388928104202391545e-02
1.470000000000000000e+02 1.380186958033990940e-02
1.490000000000000000e+02 1.371678752061633588e-02
