1.000000000000000000e+00 1.863354037267084262e-02
3.000000000000000000e+00 1.899411349775592672e-02
5.000000000000000000e+00 1.901944202640548642e-02
7.000000000000000000e+00 1.915084993656213097e-02
9.000000000000000000e+00 1.933753339425847706e-02
1.100000000000000000e+01 1.954940527995430166e-02
1.300000000000000000e+01 1.979256405540674724e-02
1.500000000000000000e+01 2.003598163704289892e-02
1.700000000000000000e+01 2.026641149981001089e-02
1.900000000000000000e+01 2.049160050946552403e-02
2.100000000000000000e+01 2.072721788574150015e-02
2.300000000000000000e+01 2.097831586542031612e-02
2.500000000000000000e+01 2.125029065238248638e-02
2.700000000000000000e+01 2.154695250100246984e-02
2.900000000000000000e+01 2.187392095976781192e-02
3.100000000000000000e+01 2.223138676328328955e-02
3.300000000000000000e+01 2.261644109041094364e-02
3.500000000000000000e+01 2.302299773721672160e-02
3.700000000000000000e+01 2.344650128708702930e-02
3.900000000000000000e+01 2.388282076211467597e-02
4.100000000000000000e+01 2.432548009598123340e-02
4.300000000000000000e+01 2.477074282061109134e-02
4.500000000000000000e+01 2.521395147729066366e-02
4.700000000000000000e+01 2.565256953975514342e-02
4.900000000000000000e+01 2.608372645493528541e-02
5.100000000000000000e+01 2.650490977928077196e-02
5.300000000000000000e+01 2.691399298559871145e-02
5.500000000000000000e+01 2.730985982739397855e-02
5.700000000000000000e+01 2.768986686594920865e-02
5.900000000000000000e+01 2.805151075120027038e-02
6.100000000000000000e+01 2.839400248665480131e-02
6.300000000000000000e+01 2.871881554687971683e-02
6.500000000000000000e+01 2.902556120466759371e-02
6.700000000000000000e+01 2.931493289827702409e-02
6.900000000000000000e+01 2.958618387060896193e-02
7.100000000000000000e+01 2.983678169438930272e-02
7.300000000000000000e+01 3.006727691707689054e-02
7.500000000000000000e+01 3.027800651420886613e-02
7.700000000000000000e+01 3.046954609541829839e-02
7.900000000000000000e+01 3.064599313313820517e-02
8.100000000000000000e+01 3.080723551886599409e-02
8.300000000000000000e+01 3.095364617520723893e-02
8.500000000000000000e+01 3.108681328132578692e-02
8.700000000000000000e+01 3.120799769126891832e-02
8.900000000000000000e+01 3.131812123276300763e-02
9.100000000000000000e+01 3.141904958614316623e-02
9.300000000000000000e+01 3.151229924192944232e-02
9.500000000000000000e+01 3.159728283874896348e-02
9.700000000000000000e+01 3.167335144049165940e-02
9.900000000000000000e+01 3.174511713858085837e-02
1.010000000000000000e+02 3.181367948054591999e-02
1.030000000000000000e+02 3.187958626032461051e-02
1.050000000000000000e+02 3.194193511395226892e-02
1.070000000000000000e+02 3.200321738998090915e-02
1.090000000000000000e+02 3.206412571870354000e-02
1.110000000000000000e+02 3.212204420497777324e-02
1.130000000000000000e+02 3.217412740382008529e-02
1.150000000000000000e+02 3.222098126242911587e-02
1.170000000000000000e+02 3.226947175384708988e-02
1.190000000000000000e+02 3.231717929728306071e-02
1.210000000000000000e+02 3.236447622500426835e-02
1.230000000000000000e+02 3.241149705832579997e-02
1.250000000000000000e+02 3.245848523379146755e-02
1.270000000000000000e+02 3.250642007621495910e-02
1.290000000000000000e+02 3.255497915036631440e-02
1.310000000000000000e+02 3.260443632596976560e-02
1.330000000000000000e+02 3.265515749806546797e-02
1.350000000000000000e+02 3.270856058397109134e-02
1.370000000000000000e+02 3.276418094678534843e-02
1.390000000000000000e+02 3.282326353224040982e-02
1.410000000000000000e+02 3.288451188562990790e-02
1.430000000000000000e+02 3.294742158467856008e-02
1.450000000000000000e+02 3.300697925510975850e-02
1.470000000000000000e+02 3.306363493430630740e-02
1.490000000000000000e+02 3.311802356242388168e-02
