1.000000000000000000e+00 1.594633737327544321e-02
3.000000000000000000e+00 1.629951785814121035e-02
5.000000000000000000e+00 1.647243272923759605e-02
7.000000000000000000e+00 1.660999399039031488e-02
9.000000000000000000e+00 1.673810020668853316e-02
1.100000000000000000e+01 1.685580760542182421e-02
1.300000000000000000e+01 1.696149112390532565e-02
1.500000000000000000e+01 1.705175215363319285e-02
1.700000000000000000e+01 1.712977875290166985e-02
1.900000000000000000e+01 1.720013216403493139e-02
2.100000000000000000e+01 1.726534690468040090e-02
2.300000000000000000e+01 1.732551022822181874e-02
2.500000000000000000e+01 1.738011572162156959e-02
2.700000000000000000e+01 1.742904385659993505e-02
2.900000000000000000e+01 1.747203649592266039e-02
3.100000000000000000e+01 1.750923261448400492e-02
3.300000000000000000e+01 1.754011831258972531e-02
3.500000000000000000e+01 1.756543651993525135e-02
3.700000000000000000e+01 1.758633050319269309e-02
3.900000000000000000e+01 1.760307400361782459e-02
4.100000000000000000e+01 1.761553371051627348e-02
4.300000000000000000e+01 1.762366603931997400e-02
4.500000000000000000e+01 1.762729767072257481e-02
4.700000000000000000e+01 1.762633728069340489e-02
4.900000000000000000e+01 1.762083435465211512e-02
5.100000000000000000e+01 1.761099557701062412e-02
5.300000000000000000e+01 1.759667920816376796e-02
5.500000000000000000e+01 1.757766543169569928e-02
5.700000000000000000e+01 1.755301532511210905e-02
5.900000000000000000e+01 1.752247681033936022e-02
6.100000000000000000e+01 1.748611205852124151e-02
6.300000000000000000e+01 1.744430039863476001e-02
6.500000000000000000e+01 1.739756362140210122e-02
6.700000000000000000e+01 1.734668959830487633e-02
6.900000000000000000e+01 1.729194428464253530e-02
7.100000000000000000e+01 1.723409407292764151e-02
7.300000000000000000e+01 1.717372341453216045e-02
7.500000000000000000e+01 1.710970704511038942e-02
7.700000000000000000e+01 1.704188648715510013e-02
7.900000000000000000e+01 1.697108228227861559e-02
8.100000000000000000e+01 1.689769824878117888e-02
8.300000000000000000e+01 1.682371082502753801e-02
8.500000000000000000e+01 1.674961703531308022e-02
8.700000000000000000e+01 1.667525762078503337e-02
8.900000000000000000e+01 1.660071629106685265e-02
9.100000000000000000e+01 1.652479379825899652e-02
9.300000000000000000e+01 1.644837140414956433e-02
9.500000000000000000e+01 1.637131843552841470e-02
9.700000000000000000e+01 1.629334598581699822e-02
9.900000000000000000e+01 1.621413203302835004e-02
1.010000000000000000e+02 1.613274562044297866e-02
1.030000000000000000e+02 1.604914437543314421e-02
1.050000000000000000e+02 1.596364700576824447e-02
1.070000000000000000e+02 1.587546367829595351e-02
1.090000000000000000e+02 1.578430805623487476e-02
1.110000000000000000e+02 1.569042780218310451e-02
1.130000000000000000e+02 1.559256010232157319e-02
1.150000000000000000e+02 1.549132065444402961e-02
1.170000000000000000e+02 1.538704020519943150e-02
1.190000000000000000e+02 1.528033854764754285e-02
1.210000000000000000e+02 1.517192165125536008e-02
1.230000000000000000e+02 1.506204012250300650e-02
1.250000000000000000e+02 1.495085800453299640e-02
1.270000000000000000e+02 1.483828000741749253e-02
1.290000000000000000e+02 1.472571321097282393e-02
1.310000000000000000e+02 1.461384447849745083e-02
1.330000000000000000e+02 1.450274945384233405e-02
1.350000000000000000e+02 1.439292718370688284e-02
1.370000000000000000e+02 1.428443470628937284e-02
1.390000000000000000e+02 1.417704251725193654e-02
1.410000000000000000e+02 1.407107843761568056e-02
1.430000000000000000e+02 1.396657747681473438e-02
1.450000000000000000e+02 1.386383462058871086e-02
1.470000000000000000e+02 1.376274007965394564e-02
1.490000000000000000e+02 1.366330076113908554e-02
