1.000000000000000000e+00 2.078265905518328349e-02
3.000000000000000000e+00 2.147274661702480714e-02
5.000000000000000000e+00 2.181975128335489345e-02
7.000000000000000000e+00 2.205270067305054038e-02
9.000000000000000000e+00 2.224747151345896068e-02
1.100000000000000000e+01 2.242218218721625522e-02
1.300000000000000000e+01 2.257485957858695880e-02
1.500000000000000000e+01 2.270553772151173710e-02
1.700000000000000000e+01 2.281762386532226738e-02
1.900000000000000000e+01 2.291877665736763436e-02
2.100000000000000000e+01 2.301180484068843235e-02
2.300000000000000000e+01 2.309702225116572194e-02
2.500000000000000000e+01 2.317333600584758901e-02
2.700000000000000000e+01 2.324106530510716695e-02
2.900000000000000000e+01 2.330093791301313111e-02
3.100000000000000000e+01 2.335392294905103139e-02
3.300000000000000000e+01 2.339956739216508819e-02
3.500000000000000000e+01 2.343647814115334960e-02
3.700000000000000000e+01 2.346367685641126410e-02
3.900000000000000000e+01 2.348103489584796311e-02
4.100000000000000000e+01 2.348890701531269887e-02
4.300000000000000000e+01 2.348799576879778694e-02
4.500000000000000000e+01 2.347867972395778491e-02
4.700000000000000000e+01 2.346172375777932917e-02
4.900000000000000000e+01 2.343804192216425442e-02
5.100000000000000000e+01 2.340800324839453772e-02
5.300000000000000000e+01 2.337122358979171199e-02
5.500000000000000000e+01 2.332826555911826638e-02
5.700000000000000000e+01 2.327948760309905829e-02
5.900000000000000000e+01 2.322589976088584862e-02
6.100000000000000000e+01 2.316763289969214767e-02
6.300000000000000000e+01 2.310494997398759853e-02
6.500000000000000000e+01 2.303704719976162885e-02
6.700000000000000000e+01 2.296254584518953035e-02
6.900000000000000000e+01 2.288129830142782151e-02
7.100000000000000000e+01 2.279288251220645822e-02
7.300000000000000000e+01 2.269755956761521087e-02
7.500000000000000000e+01 2.259520619491317550e-02
7.700000000000000000e+01 2.248622368474972877e-02
7.900000000000000000e+01 2.237121656951701620e-02
8.100000000000000000e+01 2.225150443818535440e-02
8.300000000000000000e+01 2.212776971397178993e-02
8.500000000000000000e+01 2.200028699286016298e-02
8.700000000000000000e+01 2.186872301032283250e-02
8.900000000000000000e+01 2.173383060563593983e-02
9.100000000000000000e+01 2.159634951551681059e-02
9.300000000000000000e+01 2.145583690600338933e-02
9.500000000000000000e+01 2.131167164360958655e-02
9.700000000000000000e+01 2.116434886626017420e-02
9.900000000000000000e+01 2.101464605672354047e-02
1.010000000000000000e+02 2.086355053737143361e-02
1.030000000000000000e+02 2.071120656156710815e-02
1.050000000000000000e+02 2.055898822541646354e-02
1.070000000000000000e+02 2.040673612004917370e-02
1.090000000000000000e+02 2.025521020314491327e-02
1.110000000000000000e+02 2.010470214543536027e-02
1.130000000000000000e+02 1.995498582145394106e-02
1.150000000000000000e+02 1.980548760023104204e-02
1.170000000000000000e+02 1.965637868532588151e-02
1.190000000000000000e+02 1.950796305642055195e-02
1.210000000000000000e+02 1.936087138207498448e-02
1.230000000000000000e+02 1.921477673970217737e-02
1.250000000000000000e+02 1.907027109484582539e-02
1.270000000000000000e+02 1.892646788678098435e-02
1.290000000000000000e+02 1.878357697061106002e-02
1.310000000000000000e+02 1.864209310772613204e-02
1.330000000000000000e+02 1.850160768886677243e-02
1.350000000000000000e+02 1.836216012393321328e-02
1.370000000000000000e+02 1.822423836904796257e-02
1.390000000000000000e+02 1.808928811983057106e-02
1.410000000000000000e+02 1.795700912294051488e-02
1.430000000000000000e+02 1.782809381599870235e-02
1.450000000000000000e+02 1.770046484730514180e-02
1.470000000000000000e+02 1.757543979786069244e-02
1.490000000000000000e+02 1.745297513178301063e-02
