1.000000000000000000e+00 4.052641765047416689e-01
3.000000000000000000e+00 4.519013015621432539e-01
5.000000000000000000e+00 4.746973727415944033e-01
7.000000000000000000e+00 4.886600346818299467e-01
9.000000000000000000e+00 4.990912082649722192e-01
1.100000000000000000e+01 5.077429536142762379e-01
1.300000000000000000e+01 5.155078340454819497e-01
1.500000000000000000e+01 5.228501931820829229e-01
1.700000000000000000e+01 5.298199166967182405e-01
1.900000000000000000e+01 5.364949237444154306e-01
2.100000000000000000e+01 5.430182230927788067e-01
2.300000000000000000e+01 5.494271246573521061e-01
2.500000000000000000e+01 5.557864428474745822e-01
2.700000000000000000e+01 5.621868617911915944e-01
2.900000000000000000e+01 5.687074155573321743e-01
3.100000000000000000e+01 5.753575331522348124e-01
3.300000000000000000e+01 5.821007249756424695e-01
3.500000000000000000e+01 5.889560499697399365e-01
3.700000000000000000e+01 5.959120895167568932e-01
3.900000000000000000e+01 6.029482174108942161e-01
4.100000000000000000e+01 6.100542093722619574e-01
4.300000000000000000e+01 6.172051778435656555e-01
4.500000000000000000e+01 6.243728016708847139e-01
4.700000000000000000e+01 6.315471242274104391e-01
4.900000000000000000e+01 6.387086284721459339e-01
5.100000000000000000e+01 6.458431688519953306e-01
5.300000000000000000e+01 6.528924593073207605e-01
5.500000000000000000e+01 6.598278330719499207e-01
5.700000000000000000e+01 6.666316969883347987e-01
5.900000000000000000e+01 6.732826111608688491e-01
6.100000000000000000e+01 6.797783907539116655e-01
6.300000000000000000e+01 6.860972026896210441e-01
6.500000000000000000e+01 6.922814078247013780e-01
6.700000000000000000e+01 6.983221219974129479e-01
6.900000000000000000e+01 7.041919840402071085e-01
7.100000000000000000e+01 7.098893139366880822e-01
7.300000000000000000e+01 7.153915535061523556e-01
7.500000000000000000e+01 7.206905587324560214e-01
7.700000000000000000e+01 7.257626031726890359e-01
7.900000000000000000e+01 7.306073387273441799e-01
8.100000000000000000e+01 7.352661174237209440e-01
8.300000000000000000e+01 7.397362996346745767e-01
8.500000000000000000e+01 7.440095778470007248e-01
8.700000000000000000e+01 7.481155137534312161e-01
8.900000000000000000e+01 7.520830184099860372e-01
9.100000000000000000e+01 7.559264290628846528e-01
9.300000000000000000e+01 7.596295282449541109e-01
9.500000000000000000e+01 7.632109190883349381e-01
9.700000000000000000e+01 7.666674754472161402e-01
9.900000000000000000e+01 7.700186128941243213e-01
1.010000000000000000e+02 7.732540866220866116e-01
1.030000000000000000e+02 7.763653133691805763e-01
1.050000000000000000e+02 7.793615062268612892e-01
1.070000000000000000e+02 7.822370606865458598e-01
1.090000000000000000e+02 7.850289572134351301e-01
1.110000000000000000e+02 7.877445218344605316e-01
1.130000000000000000e+02 7.903918776620604270e-01
1.150000000000000000e+02 7.929672314240405750e-01
1.170000000000000000e+02 7.954735603439695435e-01
1.190000000000000000e+02 7.979270468756862744e-01
1.210000000000000000e+02 8.003117151376707428e-01
1.230000000000000000e+02 8.026343586481097248e-01
1.250000000000000000e+02 8.048892542194145960e-01
1.270000000000000000e+02 8.070654269862405084e-01
1.290000000000000000e+02 8.091777684054374253e-01
1.310000000000000000e+02 8.112354463318371955e-01
1.330000000000000000e+02 8.132426684011555551e-01
1.350000000000000000e+02 8.151700252209701514e-01
1.370000000000000000e+02 8.169943628722514672e-01
1.390000000000000000e+02 8.187398691516498683e-01
1.410000000000000000e+02 8.204120792963432995e-01
1.430000000000000000e+02 8.219683453782529181e-01
1.450000000000000000e+02 8.234146225344796122e-01
1.470000000000000000e+02 8.246516014641566139e-01
1.490000000000000000e+02 8.257289331072423799e-01
