0.000000000000000000e+00 3.590144246881658319e+01 3.514501852147721195e+01 nan nan nan
1.000000000000000000e+00 3.590144246881658319e+01 3.514638215784099629e+01 nan nan nan
2.000000000000000000e+00 3.590144246881658319e+01 3.514774579420477352e+01 nan nan nan
3.000000000000000000e+00 3.590144246881658319e+01 3.514910943056856496e+01 nan nan nan
4.000000000000000000e+00 3.590144246881658319e+01 3.515047306693234219e+01 nan nan nan
5.000000000000000000e+00 3.590144246881658319e+01 3.515183670329611232e+01 nan nan nan
6.000000000000000000e+00 3.590144246881658319e+01 3.515320033965989666e+01 nan nan nan
7.000000000000000000e+00 3.590144246881658319e+01 3.515456397602366678e+01 nan nan nan
8.000000000000000000e+00 3.590144246881658319e+01 3.515592761238745823e+01 nan nan nan
9.000000000000000000e+00 3.590144246881658319e+01 3.515729124875123546e+01 nan nan nan
1.000000000000000000e+01 3.590144246881658319e+01 3.515865488511501269e+01 nan nan nan
1.100000000000000000e+01 3.590144246881658319e+01 3.516001852147878992e+01 nan nan nan
1.200000000000000000e+01 3.590144246881658319e+01 3.516138215784258136e+01 nan nan nan
1.300000000000000000e+01 3.590144246881658319e+01 3.516274579420636570e+01 nan nan nan
1.400000000000000000e+01 3.590144246881658319e+01 3.516410943057015004e+01 nan nan nan
1.500000000000000000e+01 3.590144246881657608e+01 3.516547306693392017e+01 nan nan nan
1.600000000000000000e+01 3.590144246881658319e+01 3.516683670329770450e+01 nan nan nan
1.700000000000000000e+01 3.590144246881658319e+01 3.516820033966148173e+01 nan nan nan
1.800000000000000000e+01 3.590144246881658319e+01 3.516956397602525897e+01 nan nan nan
1.900000000000000000e+01 3.590144246881658319e+01 3.517092761238903620e+01 nan nan nan
2.000000000000000000e+01 3.590144246881658319e+01 3.517229124875282764e+01 nan nan nan
2.100000000000000000e+01 3.590144246881658319e+01 3.517365488511661908e+01 nan nan nan
2.200000000000000000e+01 3.590144246881658319e+01 3.517501852148039632e+01 nan nan nan
2.300000000000000000e+01 3.590144246881658319e+01 3.517638215784416644e+01 nan nan nan
2.400000000000000000e+01 3.590144246881658319e+01 3.517774579420795078e+01 nan nan nan
2.500000000000000000e+01 3.590144246881658319e+01 3.517910943057173512e+01 nan nan nan
2.600000000000000000e+01 3.590144246881657608e+01 3.518047306693551946e+01 nan nan nan
2.700000000000000000e+01 3.590144246881658319e+01 3.518183670329930379e+01 nan nan nan
2.800000000000000000e+01 3.590144246881658319e+01 3.518320033966306681e+01 nan nan nan
2.900000000000000000e+01 3.590144246881658319e+01 3.518456397602685115e+01 nan nan nan
3.000000000000000000e+01 3.590144246881658319e+01 3.518592761239063549e+01 nan nan nan
3.100000000000000000e+01 3.590144246881658319e+01 3.518729124875441983e+01 nan nan nan
3.200000000000000000e+01 3.590144246881658319e+01 3.518865488511819706e+01 nan nan nan
3.300000000000000000e+01 3.590144246881658319e+01 3.519001852148197429e+01 nan nan nan
3.400000000000000000e+01 3.590144246881658319e+01 3.519138215784575863e+01 nan nan nan
3.500000000000000000e+01 3.590144246881658319e+01 3.519274579420953586e+01 nan nan nan
3.600000000000000000e+01 3.590144246881658319e+01 3.519410943057332020e+01 nan nan nan
3.700000000000000000e+01 3.590144246881658319e+01 3.519547306693709743e+01 nan nan nan
3.800000000000000000e+01 3.590280610518022542e+01 3.514501852147720484e+01 nan nan nan
3.900000000000000000e+01 3.590280610518021831e+01 3.514638215784099629e+01 nan nan nan
4.000000000000000000e+01 3.590280610518021831e+01 3.514774579420476641e+01 nan nan nan
4.100000000000000000e+01 3.590280610518021831e+01 3.514910943056855785e+01 nan nan nan
4.200000000000000000e+01 3.590280610518021831e+01 3.515047306693234219e+01 nan nan nan
4.300000000000000000e+01 3.590280610518021831e+01 3.515183670329611942e+01 nan nan nan
4.400000000000000000e+01 3.590280610518022542e+01 3.515320033965989666e+01 nan nan nan
4.500000000000000000e+01 3.590280610518021831e+01 3.515456397602366678e+01 nan nan nan
4.600000000000000000e+01 3.590280610518021831e+01 3.515592761238745823e+01 nan nan nan
4.700000000000000000e+01 3.590280610518021831e+01 3.515729124875124256e+01 nan nan nan
4.800000000000000000e+01 3.590280610518022542e+01 3.515865488511501269e+01 nan nan nan
4.900000000000000000e+01 3.590280610518022542e+01 3.516001852147878992e+01 nan nan nan
5.000000000000000000e+01 3.590280610518021831e+01 3.516138215784257426e+01 nan nan nan
5.100000000000000000e+01 3.590280610518021831e+01 3.516274579420636570e+01 nan nan nan
5.200000000000000000e+01 3.590280610518021831e+01 3.516410943057013583e+01 nan nan nan
5.300000000000000000e+01 3.590280610518021831e+01 3.516547306693392017e+01 nan nan nan
5.400000000000000000e+01 3.590280610518022542e+01 3.516683670329770450e+01 nan nan nan
5.500000000000000000e+01 3.590280610518021831e+01 3.516820033966148173e+01 nan nan nan
5.600000000000000000e+01 3.590280610518021831e+01 3.516956397602525897e+01 nan nan nan
5.700000000000000000e+01 3.590280610518021831e+01 3.517092761238903620e+01 nan nan nan
5.800000000000000000e+01 3.590280610518021831e+01 3.517229124875282054e+01 nan nan nan
5.900000000000000000e+01 3.590280610518021831e+01 3.517365488511661198e+01 nan nan nan
6.000000000000000000e+01 3.590280610518021831e+01 3.517501852148039632e+01 nan nan nan
6.100000000000000000e+01 3.590280610518021831e+01 3.517638215784416644e+01 nan nan nan
6.200000000000000000e+01 3.590280610518022542e+01 3.517774579420794367e+01 1.000000000000000000e+00 nan nan
6.300000000000000000e+01 3.590280610518022542e+01 3.517910943057173512e+01 nan nan nan
6.400000000000000000e+01 3.590280610518021831e+01 3.518047306693550524e+01 nan nan nan
6.500000000000000000e+01 3.590280610518022542e+01 3.518183670329929669e+01 nan nan nan
6.600000000000000000e+01 3.590280610518021831e+01 3.518320033966308102e+01 nan nan nan
6.700000000000000000e+01 3.590280610518021831e+01 3.518456397602685826e+01 nan nan nan
6.800000000000000000e+01 3.590280610518021831e+01 3.518592761239063549e+01 nan nan nan
6.900000000000000000e+01 3.590280610518022542e+01 3.518729124875441983e+01 nan nan nan
7.000000000000000000e+01 3.590280610518021831e+01 3.518865488511819706e+01 nan nan nan
7.100000000000000000e+01 3.590280610518022542e+01 3.519001852148197429e+01 nan nan nan
7.200000000000000000e+01 3.590280610518021831e+01 3.519138215784575863e+01 nan nan nan
7.300000000000000000e+01 3.590280610518021831e+01 3.519274579420954296e+01 nan nan nan
7.400000000000000000e+01 3.590280610518022542e+01 3.519410943057331309e+01 nan nan nan
7.500000000000000000e+01 3.590280610518022542e+01 3.519547306693709743e+01 nan nan nan
7.600000000000000000e+01 3.590416974154386054e+01 3.514501852147721195e+01 nan nan nan
7.700000000000000000e+01 3.590416974154386054e+01 3.514638215784099629e+01 nan nan nan
7.800000000000000000e+01 3.590416974154386054e+01 3.514774579420477352e+01 nan nan nan
7.900000000000000000e+01 3.590416974154386054e+01 3.514910943056855785e+01 nan nan nan
8.000000000000000000e+01 3.590416974154386054e+01 3.515047306693232798e+01 nan nan nan
8.100000000000000000e+01 3.590416974154385343e+01 3.515183670329611232e+01 nan nan nan
8.200000000000000000e+01 3.590416974154386054e+01 3.515320033965989666e+01 nan nan nan
8.300000000000000000e+01 3.590416974154385343e+01 3.515456397602366678e+01 nan nan nan
8.400000000000000000e+01 3.590416974154384633e+01 3.515592761238745823e+01 nan nan nan
8.500000000000000000e+01 3.590416974154386054e+01 3.515729124875124256e+01 nan nan nan
8.600000000000000000e+01 3.590416974154386054e+01 3.515865488511501269e+01 nan nan nan
8.700000000000000000e+01 3.590416974154386054e+01 3.516001852147878992e+01 nan nan nan
8.800000000000000000e+01 3.590416974154386054e+01 3.516138215784257426e+01 nan nan nan
8.900000000000000000e+01 3.590416974154386054e+01 3.516274579420636570e+01 nan nan nan
9.000000000000000000e+01 3.590416974154386054e+01 3.516410943057013583e+01 nan nan nan
9.100000000000000000e+01 3.590416974154386054e+01 3.516547306693392017e+01 nan nan nan
9.200000000000000000e+01 3.590416974154386054e+01 3.516683670329770450e+01 1.000000000000000000e+00 nan nan
9.300000000000000000e+01 3.590416974154386054e+01 3.516820033966148884e+01 nan nan nan
9.400000000000000000e+01 3.590416974154385343e+01 3.516956397602525897e+01 nan nan nan
9.500000000000000000e+01 3.590416974154385343e+01 3.517092761238903620e+01 1.000000000000000000e+00 nan nan
9.600000000000000000e+01 3.590416974154386054e+01 3.517229124875282054e+01 nan nan nan
9.700000000000000000e+01 3.590416974154386054e+01 3.517365488511661198e+01 nan nan nan
9.800000000000000000e+01 3.590416974154386054e+01 3.517501852148039632e+01 nan nan nan
9.900000000000000000e+01 3.590416974154386054e+01 3.517638215784415934e+01 nan nan nan
1.000000000000000000e+02 3.590416974154385343e+01 3.517774579420794367e+01 nan nan nan
1.010000000000000000e+02 3.590416974154385343e+01 3.517910943057172801e+01 1.000000000000000000e+00 nan nan
1.020000000000000000e+02 3.590416974154386054e+01 3.518047306693551946e+01 1.000000000000000000e+00 nan nan
1.030000000000000000e+02 3.590416974154386054e+01 3.518183670329928958e+01 nan nan nan
1.040000000000000000e+02 3.590416974154386054e+01 3.518320033966307392e+01 nan nan nan
1.050000000000000000e+02 3.590416974154386054e+01 3.518456397602685826e+01 nan nan nan
1.060000000000000000e+02 3.590416974154386054e+01 3.518592761239062838e+01 nan nan nan
1.070000000000000000e+02 3.590416974154385343e+01 3.518729124875441983e+01 nan nan nan
1.080000000000000000e+02 3.590416974154386054e+01 3.518865488511819706e+01 nan nan nan
1.090000000000000000e+02 3.590416974154386054e+01 3.519001852148197429e+01 nan nan nan
1.100000000000000000e+02 3.590416974154385343e+01 3.519138215784575863e+01 nan nan nan
1.110000000000000000e+02 3.590416974154386054e+01 3.519274579420953586e+01 nan nan nan
1.120000000000000000e+02 3.590416974154385343e+01 3.519410943057332730e+01 nan nan nan
1.130000000000000000e+02 3.590416974154386054e+01 3.519547306693709743e+01 nan nan nan
1.140000000000000000e+02 3.590553337790748856e+01 3.514501852147720484e+01 nan nan nan
1.150000000000000000e+02 3.590553337790749566e+01 3.514638215784099629e+01 nan nan nan
1.160000000000000000e+02 3.590553337790749566e+01 3.514774579420476641e+01 nan nan nan
1.170000000000000000e+02 3.590553337790748856e+01 3.514910943056855785e+01 nan nan nan
1.180000000000000000e+02 3.590553337790750277e+01 3.515047306693234219e+01 nan nan nan
1.190000000000000000e+02 3.590553337790750277e+01 3.515183670329611942e+01 nan nan nan
1.200000000000000000e+02 3.590553337790749566e+01 3.515320033965989666e+01 nan nan nan
1.210000000000000000e+02 3.590553337790750277e+01 3.515456397602366678e+01 nan nan nan
1.220000000000000000e+02 3.590553337790750277e+01 3.515592761238745823e+01 nan nan nan
1.230000000000000000e+02 3.590553337790750277e+01 3.515729124875124256e+01 nan nan nan
1.240000000000000000e+02 3.590553337790750277e+01 3.515865488511501269e+01 nan nan nan
1.250000000000000000e+02 3.590553337790749566e+01 3.516001852147878992e+01 nan nan nan
1.260000000000000000e+02 3.590553337790750277e+01 3.516138215784257426e+01 1.000000000000000000e+00 nan nan
1.270000000000000000e+02 3.590553337790749566e+01 3.516274579420636570e+01 1.000000000000000000e+00 nan nan
1.280000000000000000e+02 3.590553337790748856e+01 3.516410943057013583e+01 1.000000000000000000e+00 nan nan
1.290000000000000000e+02 3.590553337790749566e+01 3.516547306693392017e+01 nan nan nan
1.300000000000000000e+02 3.590553337790749566e+01 3.516683670329770450e+01 nan nan nan
1.310000000000000000e+02 3.590553337790749566e+01 3.516820033966148173e+01 nan nan nan
1.320000000000000000e+02 3.590553337790749566e+01 3.516956397602525897e+01 1.000000000000000000e+00 nan nan
1.330000000000000000e+02 3.590553337790749566e+01 3.517092761238903620e+01 1.000000000000000000e+00 nan nan
1.340000000000000000e+02 3.590553337790749566e+01 3.517229124875282054e+01 nan nan nan
1.350000000000000000e+02 3.590553337790750277e+01 3.517365488511661198e+01 nan nan nan
1.360000000000000000e+02 3.590553337790749566e+01 3.517501852148039632e+01 1.000000000000000000e+00 nan nan
1.370000000000000000e+02 3.590553337790749566e+01 3.517638215784416644e+01 nan nan nan
1.380000000000000000e+02 3.590553337790749566e+01 3.517774579420794367e+01 nan nan nan
1.390000000000000000e+02 3.590553337790748856e+01 3.517910943057173512e+01 nan nan nan
1.400000000000000000e+02 3.590553337790750277e+01 3.518047306693550524e+01 1.000000000000000000e+00 nan nan
1.410000000000000000e+02 3.590553337790749566e+01 3.518183670329929669e+01 nan nan nan
1.420000000000000000e+02 3.590553337790748856e+01 3.518320033966308102e+01 nan nan nan
1.430000000000000000e+02 3.590553337790748856e+01 3.518456397602685826e+01 nan nan nan
1.440000000000000000e+02 3.590553337790749566e+01 3.518592761239063549e+01 nan nan nan
1.450000000000000000e+02 3.590553337790750277e+01 3.518729124875441983e+01 nan nan nan
1.460000000000000000e+02 3.590553337790748856e+01 3.518865488511819706e+01 nan nan nan
1.470000000000000000e+02 3.590553337790750277e+01 3.519001852148197429e+01 nan nan nan
1.480000000000000000e+02 3.590553337790750277e+01 3.519138215784575863e+01 nan nan nan
1.490000000000000000e+02 3.590553337790748856e+01 3.519274579420954296e+01 nan nan nan
1.500000000000000000e+02 3.590553337790749566e+01 3.519410943057331309e+01 nan nan nan
1.510000000000000000e+02 3.590553337790749566e+01 3.519547306693709743e+01 nan nan nan
1.520000000000000000e+02 3.590689701427113079e+01 3.514501852147720484e+01 nan nan nan
1.530000000000000000e+02 3.590689701427113789e+01 3.514638215784099629e+01 nan nan nan
1.540000000000000000e+02 3.590689701427112368e+01 3.514774579420476641e+01 nan nan nan
1.550000000000000000e+02 3.590689701427113789e+01 3.514910943056855785e+01 nan nan nan
1.560000000000000000e+02 3.590689701427113079e+01 3.515047306693234219e+01 nan nan nan
1.570000000000000000e+02 3.590689701427113789e+01 3.515183670329611942e+01 nan nan nan
1.580000000000000000e+02 3.590689701427113079e+01 3.515320033965989666e+01 nan nan nan
1.590000000000000000e+02 3.590689701427113079e+01 3.515456397602366678e+01 nan nan nan
1.600000000000000000e+02 3.590689701427113079e+01 3.515592761238745823e+01 1.000000000000000000e+00 nan nan
1.610000000000000000e+02 3.590689701427113079e+01 3.515729124875124256e+01 nan nan nan
1.620000000000000000e+02 3.590689701427112368e+01 3.515865488511501269e+01 nan nan nan
1.630000000000000000e+02 3.590689701427113079e+01 3.516001852147878992e+01 nan nan nan
1.640000000000000000e+02 3.590689701427113079e+01 3.516138215784257426e+01 nan nan nan
1.650000000000000000e+02 3.590689701427112368e+01 3.516274579420636570e+01 nan nan nan
1.660000000000000000e+02 3.590689701427113079e+01 3.516410943057013583e+01 1.000000000000000000e+00 nan nan
1.670000000000000000e+02 3.590689701427112368e+01 3.516547306693392017e+01 nan nan nan
1.680000000000000000e+02 3.590689701427112368e+01 3.516683670329770450e+01 nan nan nan
1.690000000000000000e+02 3.590689701427113079e+01 3.516820033966148173e+01 nan nan nan
1.700000000000000000e+02 3.590689701427113079e+01 3.516956397602525897e+01 nan nan nan
1.710000000000000000e+02 3.590689701427113789e+01 3.517092761238903620e+01 1.000000000000000000e+00 nan nan
1.720000000000000000e+02 3.590689701427113789e+01 3.517229124875282054e+01 nan nan nan
1.730000000000000000e+02 3.590689701427112368e+01 3.517365488511661198e+01 1.000000000000000000e+00 nan nan
1.740000000000000000e+02 3.590689701427113789e+01 3.517501852148039632e+01 1.000000000000000000e+00 nan nan
1.750000000000000000e+02 3.590689701427113079e+01 3.517638215784416644e+01 nan nan nan
1.760000000000000000e+02 3.590689701427113789e+01 3.517774579420794367e+01 nan nan nan
1.770000000000000000e+02 3.590689701427113789e+01 3.517910943057173512e+01 nan nan nan
1.780000000000000000e+02 3.590689701427113079e+01 3.518047306693550524e+01 nan nan nan
1.790000000000000000e+02 3.590689701427113079e+01 3.518183670329929669e+01 nan nan nan
1.800000000000000000e+02 3.590689701427113789e+01 3.518320033966308102e+01 nan nan nan
1.810000000000000000e+02 3.590689701427113789e+01 3.518456397602685826e+01 1.000000000000000000e+00 nan nan
1.820000000000000000e+02 3.590689701427112368e+01 3.518592761239063549e+01 nan nan nan
1.830000000000000000e+02 3.590689701427113079e+01 3.518729124875441983e+01 nan nan nan
1.840000000000000000e+02 3.590689701427113079e+01 3.518865488511819706e+01 nan nan nan
1.850000000000000000e+02 3.590689701427113079e+01 3.519001852148197429e+01 nan nan nan
1.860000000000000000e+02 3.590689701427113079e+01 3.519138215784575863e+01 nan nan nan
1.870000000000000000e+02 3.590689701427113079e+01 3.519274579420954296e+01 nan nan nan
1.880000000000000000e+02 3.590689701427113789e+01 3.519410943057331309e+01 nan nan nan
1.890000000000000000e+02 3.590689701427113079e+01 3.519547306693709743e+01 nan nan nan
1.900000000000000000e+02 3.590826065063476591e+01 3.514501852147721195e+01 nan nan nan
1.910000000000000000e+02 3.590826065063476591e+01 3.514638215784099629e+01 nan nan nan
1.920000000000000000e+02 3.590826065063476591e+01 3.514774579420477352e+01 nan nan nan
1.930000000000000000e+02 3.590826065063476591e+01 3.514910943056856496e+01 nan nan nan
1.940000000000000000e+02 3.590826065063476591e+01 3.515047306693234219e+01 nan nan nan
1.950000000000000000e+02 3.590826065063476591e+01 3.515183670329611232e+01 nan nan nan
1.960000000000000000e+02 3.590826065063475880e+01 3.515320033965989666e+01 nan nan nan
1.970000000000000000e+02 3.590826065063476591e+01 3.515456397602366678e+01 nan nan nan
1.980000000000000000e+02 3.590826065063476591e+01 3.515592761238745823e+01 nan nan nan
1.990000000000000000e+02 3.590826065063476591e+01 3.515729124875123546e+01 nan nan nan
2.000000000000000000e+02 3.590826065063476591e+01 3.515865488511501269e+01 nan nan nan
2.010000000000000000e+02 3.590826065063476591e+01 3.516001852147878992e+01 nan nan nan
2.020000000000000000e+02 3.590826065063476591e+01 3.516138215784258136e+01 nan nan nan
2.030000000000000000e+02 3.590826065063475880e+01 3.516274579420636570e+01 nan nan nan
2.040000000000000000e+02 3.590826065063476591e+01 3.516410943057015004e+01 nan nan nan
2.050000000000000000e+02 3.590826065063476591e+01 3.516547306693392017e+01 nan nan nan
2.060000000000000000e+02 3.590826065063476591e+01 3.516683670329770450e+01 1.000000000000000000e+00 nan nan
2.070000000000000000e+02 3.590826065063476591e+01 3.516820033966148173e+01 nan nan nan
2.080000000000000000e+02 3.590826065063476591e+01 3.516956397602525897e+01 1.000000000000000000e+00 nan nan
2.090000000000000000e+02 3.590826065063476591e+01 3.517092761238903620e+01 1.000000000000000000e+00 nan nan
2.100000000000000000e+02 3.590826065063476591e+01 3.517229124875282764e+01 1.000000000000000000e+00 nan nan
2.110000000000000000e+02 3.590826065063476591e+01 3.517365488511661908e+01 nan nan nan
2.120000000000000000e+02 3.590826065063476591e+01 3.517501852148039632e+01 nan nan nan
2.130000000000000000e+02 3.590826065063476591e+01 3.517638215784416644e+01 1.000000000000000000e+00 nan nan
2.140000000000000000e+02 3.590826065063476591e+01 3.517774579420795078e+01 nan nan nan
2.150000000000000000e+02 3.590826065063476591e+01 3.517910943057173512e+01 1.000000000000000000e+00 nan nan
2.160000000000000000e+02 3.590826065063476591e+01 3.518047306693551946e+01 nan nan nan
2.170000000000000000e+02 3.590826065063476591e+01 3.518183670329930379e+01 nan nan nan
2.180000000000000000e+02 3.590826065063476591e+01 3.518320033966306681e+01 1.000000000000000000e+00 nan nan
2.190000000000000000e+02 3.590826065063476591e+01 3.518456397602685115e+01 1.000000000000000000e+00 nan nan
2.200000000000000000e+02 3.590826065063476591e+01 3.518592761239063549e+01 1.000000000000000000e+00 nan nan
2.210000000000000000e+02 3.590826065063476591e+01 3.518729124875441983e+01 1.000000000000000000e+00 nan nan
2.220000000000000000e+02 3.590826065063476591e+01 3.518865488511819706e+01 nan nan nan
2.230000000000000000e+02 3.590826065063476591e+01 3.519001852148197429e+01 1.000000000000000000e+00 nan nan
2.240000000000000000e+02 3.590826065063476591e+01 3.519138215784575863e+01 1.000000000000000000e+00 nan nan
2.250000000000000000e+02 3.590826065063476591e+01 3.519274579420953586e+01 nan nan nan
2.260000000000000000e+02 3.590826065063476591e+01 3.519410943057332020e+01 nan nan nan
2.270000000000000000e+02 3.590826065063475880e+01 3.519547306693709743e+01 nan nan nan
2.280000000000000000e+02 3.590962428699840814e+01 3.514501852147720484e+01 nan nan nan
2.290000000000000000e+02 3.590962428699840103e+01 3.514638215784099629e+01 nan nan nan
2.300000000000000000e+02 3.590962428699840814e+01 3.514774579420476641e+01 nan nan nan
2.310000000000000000e+02 3.590962428699840103e+01 3.514910943056855785e+01 nan nan nan
2.320000000000000000e+02 3.590962428699840814e+01 3.515047306693234219e+01 nan nan nan
2.330000000000000000e+02 3.590962428699840103e+01 3.515183670329611942e+01 nan nan nan
2.340000000000000000e+02 3.590962428699840103e+01 3.515320033965989666e+01 nan nan nan
2.350000000000000000e+02 3.590962428699840103e+01 3.515456397602366678e+01 nan nan nan
2.360000000000000000e+02 3.590962428699840103e+01 3.515592761238745823e+01 nan nan nan
2.370000000000000000e+02 3.590962428699840814e+01 3.515729124875124256e+01 nan nan nan
2.380000000000000000e+02 3.590962428699840103e+01 3.515865488511501269e+01 nan nan nan
2.390000000000000000e+02 3.590962428699839393e+01 3.516001852147878992e+01 nan nan nan
2.400000000000000000e+02 3.590962428699839393e+01 3.516138215784257426e+01 nan nan nan
2.410000000000000000e+02 3.590962428699840814e+01 3.516274579420636570e+01 1.000000000000000000e+00 nan nan
2.420000000000000000e+02 3.590962428699840103e+01 3.516410943057013583e+01 nan nan nan
2.430000000000000000e+02 3.590962428699840814e+01 3.516547306693392017e+01 1.000000000000000000e+00 nan nan
2.440000000000000000e+02 3.590962428699840814e+01 3.516683670329770450e+01 1.000000000000000000e+00 nan nan
2.450000000000000000e+02 3.590962428699840103e+01 3.516820033966148173e+01 1.000000000000000000e+00 nan nan
2.460000000000000000e+02 3.590962428699840814e+01 3.516956397602525897e+01 nan nan nan
2.470000000000000000e+02 3.590962428699840814e+01 3.517092761238903620e+01 1.000000000000000000e+00 nan nan
2.480000000000000000e+02 3.590962428699840814e+01 3.517229124875282054e+01 1.000000000000000000e+00 nan nan
2.490000000000000000e+02 3.590962428699840103e+01 3.517365488511661198e+01 1.000000000000000000e+00 nan nan
2.500000000000000000e+02 3.590962428699840103e+01 3.517501852148039632e+01 nan nan nan
2.510000000000000000e+02 3.590962428699840103e+01 3.517638215784416644e+01 1.000000000000000000e+00 nan nan
2.520000000000000000e+02 3.590962428699840814e+01 3.517774579420794367e+01 1.000000000000000000e+00 nan nan
2.530000000000000000e+02 3.590962428699840814e+01 3.517910943057173512e+01 1.000000000000000000e+00 nan nan
2.540000000000000000e+02 3.590962428699839393e+01 3.518047306693550524e+01 nan nan nan
2.550000000000000000e+02 3.590962428699840103e+01 3.518183670329929669e+01 nan nan nan
2.560000000000000000e+02 3.590962428699840814e+01 3.518320033966308102e+01 1.000000000000000000e+00 nan nan
2.570000000000000000e+02 3.590962428699840814e+01 3.518456397602685826e+01 1.000000000000000000e+00 nan nan
2.580000000000000000e+02 3.590962428699840814e+01 3.518592761239063549e+01 1.000000000000000000e+00 nan nan
2.590000000000000000e+02 3.590962428699840814e+01 3.518729124875441983e+01 nan nan nan
2.600000000000000000e+02 3.590962428699840814e+01 3.518865488511819706e+01 nan nan nan
2.610000000000000000e+02 3.590962428699840814e+01 3.519001852148197429e+01 nan nan nan
2.620000000000000000e+02 3.590962428699840814e+01 3.519138215784575863e+01 nan nan nan
2.630000000000000000e+02 3.590962428699840103e+01 3.519274579420954296e+01 nan nan nan
2.640000000000000000e+02 3.590962428699840814e+01 3.519410943057331309e+01 nan nan nan
2.650000000000000000e+02 3.590962428699840814e+01 3.519547306693709743e+01 1.000000000000000000e+00 nan nan
2.660000000000000000e+02 3.591098792336203616e+01 3.514501852147721195e+01 nan nan nan
2.670000000000000000e+02 3.591098792336203616e+01 3.514638215784099629e+01 nan nan nan
2.680000000000000000e+02 3.591098792336203616e+01 3.514774579420476641e+01 nan nan nan
2.690000000000000000e+02 3.591098792336203616e+01 3.514910943056856496e+01 nan nan nan
2.700000000000000000e+02 3.591098792336203616e+01 3.515047306693232798e+01 nan nan nan
2.710000000000000000e+02 3.591098792336203616e+01 3.515183670329611942e+01 nan nan nan
2.720000000000000000e+02 3.591098792336203616e+01 3.515320033965989666e+01 nan nan nan
2.730000000000000000e+02 3.591098792336203616e+01 3.515456397602366678e+01 nan nan nan
2.740000000000000000e+02 3.591098792336203616e+01 3.515592761238745823e+01 nan nan nan
2.750000000000000000e+02 3.591098792336203616e+01 3.515729124875123546e+01 1.000000000000000000e+00 nan nan
2.760000000000000000e+02 3.591098792336203616e+01 3.515865488511501269e+01 nan nan nan
2.770000000000000000e+02 3.591098792336202905e+01 3.516001852147878992e+01 1.000000000000000000e+00 nan nan
2.780000000000000000e+02 3.591098792336203616e+01 3.516138215784258136e+01 1.000000000000000000e+00 nan nan
2.790000000000000000e+02 3.591098792336203616e+01 3.516274579420636570e+01 1.000000000000000000e+00 nan nan
2.800000000000000000e+02 3.591098792336203616e+01 3.516410943057015004e+01 1.000000000000000000e+00 nan nan
2.810000000000000000e+02 3.591098792336203616e+01 3.516547306693391306e+01 nan nan nan
2.820000000000000000e+02 3.591098792336203616e+01 3.516683670329770450e+01 1.000000000000000000e+00 nan nan
2.830000000000000000e+02 3.591098792336204326e+01 3.516820033966148173e+01 nan nan nan
2.840000000000000000e+02 3.591098792336203616e+01 3.516956397602525897e+01 1.000000000000000000e+00 nan nan
2.850000000000000000e+02 3.591098792336203616e+01 3.517092761238903620e+01 1.000000000000000000e+00 nan nan
2.860000000000000000e+02 3.591098792336203616e+01 3.517229124875282764e+01 1.000000000000000000e+00 nan nan
2.870000000000000000e+02 3.591098792336203616e+01 3.517365488511661198e+01 1.000000000000000000e+00 nan nan
2.880000000000000000e+02 3.591098792336203616e+01 3.517501852148039632e+01 1.000000000000000000e+00 nan nan
2.890000000000000000e+02 3.591098792336204326e+01 3.517638215784416644e+01 1.000000000000000000e+00 nan nan
2.900000000000000000e+02 3.591098792336203616e+01 3.517774579420794367e+01 1.000000000000000000e+00 nan nan
2.910000000000000000e+02 3.591098792336204326e+01 3.517910943057173512e+01 nan nan nan
2.920000000000000000e+02 3.591098792336203616e+01 3.518047306693551946e+01 nan nan nan
2.930000000000000000e+02 3.591098792336204326e+01 3.518183670329929669e+01 nan nan nan
2.940000000000000000e+02 3.591098792336203616e+01 3.518320033966307392e+01 1.000000000000000000e+00 nan nan
2.950000000000000000e+02 3.591098792336204326e+01 3.518456397602685115e+01 1.000000000000000000e+00 nan nan
2.960000000000000000e+02 3.591098792336203616e+01 3.518592761239063549e+01 1.000000000000000000e+00 nan nan
2.970000000000000000e+02 3.591098792336203616e+01 3.518729124875441983e+01 nan nan nan
2.980000000000000000e+02 3.591098792336204326e+01 3.518865488511819706e+01 nan nan nan
2.990000000000000000e+02 3.591098792336204326e+01 3.519001852148198140e+01 nan nan nan
3.000000000000000000e+02 3.591098792336204326e+01 3.519138215784575863e+01 nan nan nan
3.010000000000000000e+02 3.591098792336203616e+01 3.519274579420953586e+01 nan nan nan
3.020000000000000000e+02 3.591098792336203616e+01 3.519410943057331309e+01 nan nan nan
3.030000000000000000e+02 3.591098792336203616e+01 3.519547306693709743e+01 nan nan nan
3.040000000000000000e+02 3.591235155972567838e+01 3.514501852147721195e+01 nan nan nan
3.050000000000000000e+02 3.591235155972567838e+01 3.514638215784099629e+01 nan nan nan
3.060000000000000000e+02 3.591235155972567838e+01 3.514774579420477352e+01 nan nan nan
3.070000000000000000e+02 3.591235155972567128e+01 3.514910943056855785e+01 nan nan nan
3.080000000000000000e+02 3.591235155972567838e+01 3.515047306693232798e+01 nan nan nan
3.090000000000000000e+02 3.591235155972567838e+01 3.515183670329611232e+01 nan nan nan
3.100000000000000000e+02 3.591235155972567838e+01 3.515320033965989666e+01 nan nan nan
3.110000000000000000e+02 3.591235155972567128e+01 3.515456397602366678e+01 nan nan nan
3.120000000000000000e+02 3.591235155972567838e+01 3.515592761238745823e+01 nan nan nan
3.130000000000000000e+02 3.591235155972567838e+01 3.515729124875124256e+01 nan nan nan
3.140000000000000000e+02 3.591235155972567838e+01 3.515865488511501269e+01 1.000000000000000000e+00 nan nan
3.150000000000000000e+02 3.591235155972567128e+01 3.516001852147878992e+01 1.000000000000000000e+00 nan nan
3.160000000000000000e+02 3.591235155972567838e+01 3.516138215784257426e+01 1.000000000000000000e+00 nan nan
3.170000000000000000e+02 3.591235155972567128e+01 3.516274579420636570e+01 nan nan nan
3.180000000000000000e+02 3.591235155972567128e+01 3.516410943057013583e+01 1.000000000000000000e+00 nan nan
3.190000000000000000e+02 3.591235155972567128e+01 3.516547306693392017e+01 1.000000000000000000e+00 nan nan
3.200000000000000000e+02 3.591235155972567838e+01 3.516683670329770450e+01 1.000000000000000000e+00 nan nan
3.210000000000000000e+02 3.591235155972567128e+01 3.516820033966148884e+01 1.000000000000000000e+00 nan nan
3.220000000000000000e+02 3.591235155972567838e+01 3.516956397602525897e+01 1.000000000000000000e+00 nan nan
3.230000000000000000e+02 3.591235155972567128e+01 3.517092761238903620e+01 1.000000000000000000e+00 nan nan
3.240000000000000000e+02 3.591235155972567128e+01 3.517229124875282054e+01 1.000000000000000000e+00 nan nan
3.250000000000000000e+02 3.591235155972567838e+01 3.517365488511661198e+01 1.000000000000000000e+00 nan nan
3.260000000000000000e+02 3.591235155972567838e+01 3.517501852148039632e+01 1.000000000000000000e+00 nan nan
3.270000000000000000e+02 3.591235155972567838e+01 3.517638215784415934e+01 1.000000000000000000e+00 nan nan
3.280000000000000000e+02 3.591235155972567838e+01 3.517774579420794367e+01 1.000000000000000000e+00 nan nan
3.290000000000000000e+02 3.591235155972567838e+01 3.517910943057172801e+01 1.000000000000000000e+00 nan nan
3.300000000000000000e+02 3.591235155972567128e+01 3.518047306693551946e+01 nan nan nan
3.310000000000000000e+02 3.591235155972567128e+01 3.518183670329928958e+01 nan nan nan
3.320000000000000000e+02 3.591235155972567128e+01 3.518320033966307392e+01 nan nan nan
3.330000000000000000e+02 3.591235155972567128e+01 3.518456397602685826e+01 nan nan nan
3.340000000000000000e+02 3.591235155972567128e+01 3.518592761239062838e+01 1.000000000000000000e+00 nan nan
3.350000000000000000e+02 3.591235155972567838e+01 3.518729124875441983e+01 nan nan nan
3.360000000000000000e+02 3.591235155972567128e+01 3.518865488511819706e+01 nan nan nan
3.370000000000000000e+02 3.591235155972567838e+01 3.519001852148197429e+01 1.000000000000000000e+00 nan nan
3.380000000000000000e+02 3.591235155972567838e+01 3.519138215784575863e+01 nan nan nan
3.390000000000000000e+02 3.591235155972567838e+01 3.519274579420953586e+01 nan nan nan
3.400000000000000000e+02 3.591235155972567838e+01 3.519410943057332730e+01 nan nan nan
3.410000000000000000e+02 3.591235155972567838e+01 3.519547306693709743e+01 nan nan nan
3.420000000000000000e+02 3.591371519608930640e+01 3.514501852147720484e+01 nan nan nan
3.430000000000000000e+02 3.591371519608930640e+01 3.514638215784099629e+01 nan nan nan
3.440000000000000000e+02 3.591371519608930640e+01 3.514774579420476641e+01 nan nan nan
3.450000000000000000e+02 3.591371519608931351e+01 3.514910943056855785e+01 nan nan nan
3.460000000000000000e+02 3.591371519608931351e+01 3.515047306693234219e+01 nan nan nan
3.470000000000000000e+02 3.591371519608931351e+01 3.515183670329611942e+01 nan nan nan
3.480000000000000000e+02 3.591371519608931351e+01 3.515320033965989666e+01 nan nan nan
3.490000000000000000e+02 3.591371519608930640e+01 3.515456397602366678e+01 nan nan nan
3.500000000000000000e+02 3.591371519608930640e+01 3.515592761238745823e+01 nan nan nan
3.510000000000000000e+02 3.591371519608931351e+01 3.515729124875124256e+01 nan nan nan
3.520000000000000000e+02 3.591371519608931351e+01 3.515865488511501269e+01 nan nan nan
3.530000000000000000e+02 3.591371519608930640e+01 3.516001852147878992e+01 1.000000000000000000e+00 nan nan
3.540000000000000000e+02 3.591371519608930640e+01 3.516138215784257426e+01 1.000000000000000000e+00 nan nan
3.550000000000000000e+02 3.591371519608931351e+01 3.516274579420636570e+01 1.000000000000000000e+00 nan nan
3.560000000000000000e+02 3.591371519608931351e+01 3.516410943057013583e+01 1.000000000000000000e+00 nan nan
3.570000000000000000e+02 3.591371519608930640e+01 3.516547306693392017e+01 1.000000000000000000e+00 nan nan
3.580000000000000000e+02 3.591371519608931351e+01 3.516683670329770450e+01 1.000000000000000000e+00 nan nan
3.590000000000000000e+02 3.591371519608930640e+01 3.516820033966148173e+01 1.000000000000000000e+00 nan nan
3.600000000000000000e+02 3.591371519608931351e+01 3.516956397602525897e+01 1.000000000000000000e+00 nan nan
3.610000000000000000e+02 3.591371519608930640e+01 3.517092761238903620e+01 1.000000000000000000e+00 nan nan
3.620000000000000000e+02 3.591371519608930640e+01 3.517229124875282054e+01 1.000000000000000000e+00 nan nan
3.630000000000000000e+02 3.591371519608930640e+01 3.517365488511661198e+01 1.000000000000000000e+00 nan nan
3.640000000000000000e+02 3.591371519608931351e+01 3.517501852148039632e+01 1.000000000000000000e+00 nan nan
3.650000000000000000e+02 3.591371519608931351e+01 3.517638215784416644e+01 1.000000000000000000e+00 nan nan
3.660000000000000000e+02 3.591371519608930640e+01 3.517774579420794367e+01 1.000000000000000000e+00 nan nan
3.670000000000000000e+02 3.591371519608931351e+01 3.517910943057173512e+01 1.000000000000000000e+00 nan nan
3.680000000000000000e+02 3.591371519608931351e+01 3.518047306693550524e+01 1.000000000000000000e+00 nan nan
3.690000000000000000e+02 3.591371519608931351e+01 3.518183670329929669e+01 1.000000000000000000e+00 nan nan
3.700000000000000000e+02 3.591371519608930640e+01 3.518320033966308102e+01 1.000000000000000000e+00 nan nan
3.710000000000000000e+02 3.591371519608930640e+01 3.518456397602685826e+01 nan nan nan
3.720000000000000000e+02 3.591371519608930640e+01 3.518592761239063549e+01 nan nan nan
3.730000000000000000e+02 3.591371519608931351e+01 3.518729124875441983e+01 1.000000000000000000e+00 nan nan
3.740000000000000000e+02 3.591371519608931351e+01 3.518865488511819706e+01 1.000000000000000000e+00 nan nan
3.750000000000000000e+02 3.591371519608930640e+01 3.519001852148197429e+01 nan nan nan
3.760000000000000000e+02 3.591371519608931351e+01 3.519138215784575863e+01 nan nan nan
3.770000000000000000e+02 3.591371519608930640e+01 3.519274579420954296e+01 nan nan nan
3.780000000000000000e+02 3.591371519608931351e+01 3.519410943057331309e+01 nan nan nan
3.790000000000000000e+02 3.591371519608930640e+01 3.519547306693709743e+01 1.000000000000000000e+00 nan nan
3.800000000000000000e+02 3.591507883245294863e+01 3.514501852147721195e+01 nan nan nan
3.810000000000000000e+02 3.591507883245295574e+01 3.514638215784099629e+01 nan nan nan
3.820000000000000000e+02 3.591507883245295574e+01 3.514774579420477352e+01 nan nan nan
3.830000000000000000e+02 3.591507883245295574e+01 3.514910943056856496e+01 nan nan nan
3.840000000000000000e+02 3.591507883245295574e+01 3.515047306693234219e+01 nan nan nan
3.850000000000000000e+02 3.591507883245295574e+01 3.515183670329611232e+01 nan nan nan
3.860000000000000000e+02 3.591507883245295574e+01 3.515320033965989666e+01 nan nan nan
3.870000000000000000e+02 3.591507883245294863e+01 3.515456397602366678e+01 nan nan nan
3.880000000000000000e+02 3.591507883245295574e+01 3.515592761238745823e+01 nan nan nan
3.890000000000000000e+02 3.591507883245295574e+01 3.515729124875123546e+01 1.000000000000000000e+00 nan nan
3.900000000000000000e+02 3.591507883245295574e+01 3.515865488511501269e+01 1.000000000000000000e+00 nan nan
3.910000000000000000e+02 3.591507883245295574e+01 3.516001852147878992e+01 1.000000000000000000e+00 nan nan
3.920000000000000000e+02 3.591507883245295574e+01 3.516138215784258136e+01 nan nan nan
3.930000000000000000e+02 3.591507883245295574e+01 3.516274579420636570e+01 nan nan nan
3.940000000000000000e+02 3.591507883245295574e+01 3.516410943057015004e+01 1.000000000000000000e+00 nan nan
3.950000000000000000e+02 3.591507883245295574e+01 3.516547306693392017e+01 1.000000000000000000e+00 nan nan
3.960000000000000000e+02 3.591507883245295574e+01 3.516683670329770450e+01 1.000000000000000000e+00 nan nan
3.970000000000000000e+02 3.591507883245295574e+01 3.516820033966148173e+01 1.000000000000000000e+00 nan nan
3.980000000000000000e+02 3.591507883245295574e+01 3.516956397602525897e+01 1.000000000000000000e+00 nan nan
3.990000000000000000e+02 3.591507883245295574e+01 3.517092761238903620e+01 1.000000000000000000e+00 nan nan
4.000000000000000000e+02 3.591507883245294863e+01 3.517229124875282764e+01 1.000000000000000000e+00 nan nan
4.010000000000000000e+02 3.591507883245295574e+01 3.517365488511661908e+01 1.000000000000000000e+00 nan nan
4.020000000000000000e+02 3.591507883245295574e+01 3.517501852148039632e+01 1.000000000000000000e+00 nan nan
4.030000000000000000e+02 3.591507883245295574e+01 3.517638215784416644e+01 1.000000000000000000e+00 nan nan
4.040000000000000000e+02 3.591507883245295574e+01 3.517774579420795078e+01 1.000000000000000000e+00 nan nan
4.050000000000000000e+02 3.591507883245295574e+01 3.517910943057173512e+01 1.000000000000000000e+00 nan nan
4.060000000000000000e+02 3.591507883245295574e+01 3.518047306693551946e+01 1.000000000000000000e+00 nan nan
4.070000000000000000e+02 3.591507883245294863e+01 3.518183670329930379e+01 1.000000000000000000e+00 nan nan
4.080000000000000000e+02 3.591507883245295574e+01 3.518320033966306681e+01 nan nan nan
4.090000000000000000e+02 3.591507883245295574e+01 3.518456397602685115e+01 1.000000000000000000e+00 nan nan
4.100000000000000000e+02 3.591507883245294863e+01 3.518592761239063549e+01 1.000000000000000000e+00 nan nan
4.110000000000000000e+02 3.591507883245295574e+01 3.518729124875441983e+01 nan nan nan
4.120000000000000000e+02 3.591507883245295574e+01 3.518865488511819706e+01 nan nan nan
4.130000000000000000e+02 3.591507883245295574e+01 3.519001852148197429e+01 nan nan nan
4.140000000000000000e+02 3.591507883245295574e+01 3.519138215784575863e+01 nan nan nan
4.150000000000000000e+02 3.591507883245295574e+01 3.519274579420953586e+01 nan nan nan
4.160000000000000000e+02 3.591507883245295574e+01 3.519410943057332020e+01 nan nan nan
4.170000000000000000e+02 3.591507883245295574e+01 3.519547306693709743e+01 1.000000000000000000e+00 nan nan
4.180000000000000000e+02 3.591644246881658376e+01 3.514501852147720484e+01 nan nan nan
4.190000000000000000e+02 3.591644246881658376e+01 3.514638215784099629e+01 nan nan nan
4.200000000000000000e+02 3.591644246881658376e+01 3.514774579420476641e+01 nan nan nan
4.210000000000000000e+02 3.591644246881658376e+01 3.514910943056855785e+01 nan nan nan
4.220000000000000000e+02 3.591644246881658376e+01 3.515047306693234219e+01 nan nan nan
4.230000000000000000e+02 3.591644246881658376e+01 3.515183670329611942e+01 nan nan nan
4.240000000000000000e+02 3.591644246881658376e+01 3.515320033965989666e+01 1.000000000000000000e+00 nan nan
4.250000000000000000e+02 3.591644246881659086e+01 3.515456397602366678e+01 1.000000000000000000e+00 nan nan
4.260000000000000000e+02 3.591644246881658376e+01 3.515592761238745823e+01 nan nan nan
4.270000000000000000e+02 3.591644246881658376e+01 3.515729124875124256e+01 1.000000000000000000e+00 nan nan
4.280000000000000000e+02 3.591644246881659086e+01 3.515865488511501269e+01 nan nan nan
4.290000000000000000e+02 3.591644246881658376e+01 3.516001852147878992e+01 1.000000000000000000e+00 nan nan
4.300000000000000000e+02 3.591644246881659086e+01 3.516138215784257426e+01 1.000000000000000000e+00 nan nan
4.310000000000000000e+02 3.591644246881658376e+01 3.516274579420636570e+01 nan nan nan
4.320000000000000000e+02 3.591644246881658376e+01 3.516410943057013583e+01 1.000000000000000000e+00 nan nan
4.330000000000000000e+02 3.591644246881658376e+01 3.516547306693392017e+01 1.000000000000000000e+00 nan nan
4.340000000000000000e+02 3.591644246881659086e+01 3.516683670329770450e+01 1.000000000000000000e+00 nan nan
4.350000000000000000e+02 3.591644246881658376e+01 3.516820033966148173e+01 1.000000000000000000e+00 nan nan
4.360000000000000000e+02 3.591644246881658376e+01 3.516956397602525897e+01 1.000000000000000000e+00 nan nan
4.370000000000000000e+02 3.591644246881658376e+01 3.517092761238903620e+01 1.000000000000000000e+00 nan nan
4.380000000000000000e+02 3.591644246881658376e+01 3.517229124875282054e+01 1.000000000000000000e+00 nan nan
4.390000000000000000e+02 3.591644246881658376e+01 3.517365488511661198e+01 1.000000000000000000e+00 nan nan
4.400000000000000000e+02 3.591644246881659086e+01 3.517501852148039632e+01 1.000000000000000000e+00 nan nan
4.410000000000000000e+02 3.591644246881658376e+01 3.517638215784416644e+01 1.000000000000000000e+00 nan nan
4.420000000000000000e+02 3.591644246881657665e+01 3.517774579420794367e+01 1.000000000000000000e+00 nan nan
4.430000000000000000e+02 3.591644246881658376e+01 3.517910943057173512e+01 1.000000000000000000e+00 nan nan
4.440000000000000000e+02 3.591644246881658376e+01 3.518047306693550524e+01 1.000000000000000000e+00 nan nan
4.450000000000000000e+02 3.591644246881658376e+01 3.518183670329929669e+01 nan nan nan
4.460000000000000000e+02 3.591644246881658376e+01 3.518320033966308102e+01 1.000000000000000000e+00 nan nan
4.470000000000000000e+02 3.591644246881659086e+01 3.518456397602685826e+01 nan nan nan
4.480000000000000000e+02 3.591644246881659086e+01 3.518592761239063549e+01 1.000000000000000000e+00 nan nan
4.490000000000000000e+02 3.591644246881658376e+01 3.518729124875441983e+01 nan nan nan
4.500000000000000000e+02 3.591644246881658376e+01 3.518865488511819706e+01 nan nan nan
4.510000000000000000e+02 3.591644246881658376e+01 3.519001852148197429e+01 nan nan nan
4.520000000000000000e+02 3.591644246881658376e+01 3.519138215784575863e+01 nan nan nan
4.530000000000000000e+02 3.591644246881658376e+01 3.519274579420954296e+01 nan nan nan
4.540000000000000000e+02 3.591644246881658376e+01 3.519410943057331309e+01 nan nan nan
4.550000000000000000e+02 3.591644246881658376e+01 3.519547306693709743e+01 nan nan nan
4.560000000000000000e+02 3.591780610518021177e+01 3.514501852147720484e+01 nan nan nan
4.570000000000000000e+02 3.591780610518021177e+01 3.514638215784099629e+01 nan nan nan
4.580000000000000000e+02 3.591780610518022598e+01 3.514774579420476641e+01 nan nan nan
4.590000000000000000e+02 3.591780610518021888e+01 3.514910943056855785e+01 nan nan nan
4.600000000000000000e+02 3.591780610518021888e+01 3.515047306693234219e+01 nan nan nan
4.610000000000000000e+02 3.591780610518021177e+01 3.515183670329611942e+01 nan nan nan
4.620000000000000000e+02 3.591780610518021888e+01 3.515320033965989666e+01 nan nan nan
4.630000000000000000e+02 3.591780610518021888e+01 3.515456397602366678e+01 1.000000000000000000e+00 nan nan
4.640000000000000000e+02 3.591780610518021177e+01 3.515592761238745823e+01 nan nan nan
4.650000000000000000e+02 3.591780610518021177e+01 3.515729124875124256e+01 nan nan nan
4.660000000000000000e+02 3.591780610518022598e+01 3.515865488511501269e+01 1.000000000000000000e+00 nan nan
4.670000000000000000e+02 3.591780610518021888e+01 3.516001852147878992e+01 1.000000000000000000e+00 nan nan
4.680000000000000000e+02 3.591780610518021888e+01 3.516138215784257426e+01 1.000000000000000000e+00 nan nan
4.690000000000000000e+02 3.591780610518021888e+01 3.516274579420636570e+01 1.000000000000000000e+00 nan nan
4.700000000000000000e+02 3.591780610518021888e+01 3.516410943057013583e+01 1.000000000000000000e+00 nan nan
4.710000000000000000e+02 3.591780610518021177e+01 3.516547306693392017e+01 1.000000000000000000e+00 nan nan
4.720000000000000000e+02 3.591780610518021888e+01 3.516683670329770450e+01 1.000000000000000000e+00 nan nan
4.730000000000000000e+02 3.591780610518022598e+01 3.516820033966148173e+01 1.000000000000000000e+00 nan nan
4.740000000000000000e+02 3.591780610518021177e+01 3.516956397602525897e+01 1.000000000000000000e+00 nan nan
4.750000000000000000e+02 3.591780610518021888e+01 3.517092761238903620e+01 1.000000000000000000e+00 nan nan
4.760000000000000000e+02 3.591780610518021888e+01 3.517229124875282054e+01 1.000000000000000000e+00 nan nan
4.770000000000000000e+02 3.591780610518021177e+01 3.517365488511661198e+01 1.000000000000000000e+00 nan nan
4.780000000000000000e+02 3.591780610518021177e+01 3.517501852148039632e+01 1.000000000000000000e+00 nan nan
4.790000000000000000e+02 3.591780610518022598e+01 3.517638215784416644e+01 1.000000000000000000e+00 nan nan
4.800000000000000000e+02 3.591780610518021888e+01 3.517774579420794367e+01 1.000000000000000000e+00 nan nan
4.810000000000000000e+02 3.591780610518021177e+01 3.517910943057173512e+01 1.000000000000000000e+00 nan nan
4.820000000000000000e+02 3.591780610518022598e+01 3.518047306693550524e+01 1.000000000000000000e+00 nan nan
4.830000000000000000e+02 3.591780610518021888e+01 3.518183670329929669e+01 1.000000000000000000e+00 nan nan
4.840000000000000000e+02 3.591780610518022598e+01 3.518320033966308102e+01 nan nan nan
4.850000000000000000e+02 3.591780610518021888e+01 3.518456397602685826e+01 1.000000000000000000e+00 nan nan
4.860000000000000000e+02 3.591780610518021888e+01 3.518592761239063549e+01 nan nan nan
4.870000000000000000e+02 3.591780610518021177e+01 3.518729124875441983e+01 nan nan nan
4.880000000000000000e+02 3.591780610518022598e+01 3.518865488511819706e+01 nan nan nan
4.890000000000000000e+02 3.591780610518021888e+01 3.519001852148197429e+01 nan nan nan
4.900000000000000000e+02 3.591780610518021177e+01 3.519138215784575863e+01 nan nan nan
4.910000000000000000e+02 3.591780610518022598e+01 3.519274579420954296e+01 nan nan nan
4.920000000000000000e+02 3.591780610518022598e+01 3.519410943057331309e+01 nan nan nan
4.930000000000000000e+02 3.591780610518021888e+01 3.519547306693709743e+01 nan nan nan
4.940000000000000000e+02 3.591916974154385400e+01 3.514501852147721195e+01 nan nan nan
4.950000000000000000e+02 3.591916974154384690e+01 3.514638215784099629e+01 nan nan nan
4.960000000000000000e+02 3.591916974154385400e+01 3.514774579420477352e+01 nan nan nan
4.970000000000000000e+02 3.591916974154385400e+01 3.514910943056856496e+01 nan nan nan
4.980000000000000000e+02 3.591916974154385400e+01 3.515047306693234219e+01 nan nan nan
4.990000000000000000e+02 3.591916974154385400e+01 3.515183670329611232e+01 nan nan nan
5.000000000000000000e+02 3.591916974154385400e+01 3.515320033965989666e+01 nan nan nan
5.010000000000000000e+02 3.591916974154385400e+01 3.515456397602366678e+01 nan nan nan
5.020000000000000000e+02 3.591916974154385400e+01 3.515592761238745823e+01 nan nan nan
5.030000000000000000e+02 3.591916974154385400e+01 3.515729124875123546e+01 nan nan nan
5.040000000000000000e+02 3.591916974154385400e+01 3.515865488511501269e+01 nan nan nan
5.050000000000000000e+02 3.591916974154385400e+01 3.516001852147878992e+01 1.000000000000000000e+00 nan nan
5.060000000000000000e+02 3.591916974154385400e+01 3.516138215784258136e+01 1.000000000000000000e+00 nan nan
5.070000000000000000e+02 3.591916974154385400e+01 3.516274579420636570e+01 1.000000000000000000e+00 nan nan
5.080000000000000000e+02 3.591916974154385400e+01 3.516410943057015004e+01 1.000000000000000000e+00 nan nan
5.090000000000000000e+02 3.591916974154385400e+01 3.516547306693392017e+01 1.000000000000000000e+00 nan nan
5.100000000000000000e+02 3.591916974154385400e+01 3.516683670329770450e+01 1.000000000000000000e+00 nan nan
5.110000000000000000e+02 3.591916974154385400e+01 3.516820033966148173e+01 1.000000000000000000e+00 nan nan
5.120000000000000000e+02 3.591916974154385400e+01 3.516956397602525897e+01 1.000000000000000000e+00 nan nan
5.130000000000000000e+02 3.591916974154385400e+01 3.517092761238903620e+01 1.000000000000000000e+00 nan nan
5.140000000000000000e+02 3.591916974154384690e+01 3.517229124875282764e+01 1.000000000000000000e+00 nan nan
5.150000000000000000e+02 3.591916974154385400e+01 3.517365488511661908e+01 1.000000000000000000e+00 nan nan
5.160000000000000000e+02 3.591916974154385400e+01 3.517501852148039632e+01 1.000000000000000000e+00 nan nan
5.170000000000000000e+02 3.591916974154385400e+01 3.517638215784416644e+01 1.000000000000000000e+00 nan nan
5.180000000000000000e+02 3.591916974154385400e+01 3.517774579420795078e+01 1.000000000000000000e+00 nan nan
5.190000000000000000e+02 3.591916974154385400e+01 3.517910943057173512e+01 1.000000000000000000e+00 nan nan
5.200000000000000000e+02 3.591916974154385400e+01 3.518047306693551946e+01 1.000000000000000000e+00 nan nan
5.210000000000000000e+02 3.591916974154385400e+01 3.518183670329930379e+01 nan nan nan
5.220000000000000000e+02 3.591916974154385400e+01 3.518320033966306681e+01 nan nan nan
5.230000000000000000e+02 3.591916974154385400e+01 3.518456397602685115e+01 1.000000000000000000e+00 nan nan
5.240000000000000000e+02 3.591916974154385400e+01 3.518592761239063549e+01 nan nan nan
5.250000000000000000e+02 3.591916974154384690e+01 3.518729124875441983e+01 1.000000000000000000e+00 nan nan
5.260000000000000000e+02 3.591916974154385400e+01 3.518865488511819706e+01 nan nan nan
5.270000000000000000e+02 3.591916974154385400e+01 3.519001852148197429e+01 1.000000000000000000e+00 nan nan
5.280000000000000000e+02 3.591916974154385400e+01 3.519138215784575863e+01 nan nan nan
5.290000000000000000e+02 3.591916974154385400e+01 3.519274579420953586e+01 nan nan nan
5.300000000000000000e+02 3.591916974154385400e+01 3.519410943057332020e+01 nan nan nan
5.310000000000000000e+02 3.591916974154385400e+01 3.519547306693709743e+01 nan nan nan
5.320000000000000000e+02 3.592053337790749623e+01 3.514501852147721195e+01 nan nan nan
5.330000000000000000e+02 3.592053337790748913e+01 3.514638215784099629e+01 nan nan nan
5.340000000000000000e+02 3.592053337790749623e+01 3.514774579420477352e+01 nan nan nan
5.350000000000000000e+02 3.592053337790749623e+01 3.514910943056856496e+01 nan nan nan
5.360000000000000000e+02 3.592053337790748913e+01 3.515047306693234219e+01 nan nan nan
5.370000000000000000e+02 3.592053337790748913e+01 3.515183670329611232e+01 nan nan nan
5.380000000000000000e+02 3.592053337790749623e+01 3.515320033965989666e+01 nan nan nan
5.390000000000000000e+02 3.592053337790749623e+01 3.515456397602366678e+01 nan nan nan
5.400000000000000000e+02 3.592053337790748913e+01 3.515592761238745823e+01 nan nan nan
5.410000000000000000e+02 3.592053337790749623e+01 3.515729124875123546e+01 1.000000000000000000e+00 nan nan
5.420000000000000000e+02 3.592053337790749623e+01 3.515865488511501269e+01 nan nan nan
5.430000000000000000e+02 3.592053337790749623e+01 3.516001852147878992e+01 1.000000000000000000e+00 nan nan
5.440000000000000000e+02 3.592053337790748913e+01 3.516138215784258136e+01 nan nan nan
5.450000000000000000e+02 3.592053337790749623e+01 3.516274579420636570e+01 1.000000000000000000e+00 nan nan
5.460000000000000000e+02 3.592053337790749623e+01 3.516410943057015004e+01 1.000000000000000000e+00 nan nan
5.470000000000000000e+02 3.592053337790748913e+01 3.516547306693392017e+01 1.000000000000000000e+00 nan nan
5.480000000000000000e+02 3.592053337790748913e+01 3.516683670329770450e+01 1.000000000000000000e+00 nan nan
5.490000000000000000e+02 3.592053337790749623e+01 3.516820033966148173e+01 1.000000000000000000e+00 nan nan
5.500000000000000000e+02 3.592053337790749623e+01 3.516956397602525897e+01 1.000000000000000000e+00 nan nan
5.510000000000000000e+02 3.592053337790748913e+01 3.517092761238903620e+01 1.000000000000000000e+00 nan nan
5.520000000000000000e+02 3.592053337790749623e+01 3.517229124875282764e+01 1.000000000000000000e+00 nan nan
5.530000000000000000e+02 3.592053337790749623e+01 3.517365488511661908e+01 1.000000000000000000e+00 nan nan
5.540000000000000000e+02 3.592053337790748913e+01 3.517501852148039632e+01 1.000000000000000000e+00 nan nan
5.550000000000000000e+02 3.592053337790749623e+01 3.517638215784416644e+01 1.000000000000000000e+00 nan nan
5.560000000000000000e+02 3.592053337790748913e+01 3.517774579420795078e+01 1.000000000000000000e+00 nan nan
5.570000000000000000e+02 3.592053337790749623e+01 3.517910943057173512e+01 1.000000000000000000e+00 nan nan
5.580000000000000000e+02 3.592053337790749623e+01 3.518047306693551946e+01 1.000000000000000000e+00 nan nan
5.590000000000000000e+02 3.592053337790749623e+01 3.518183670329930379e+01 nan nan nan
5.600000000000000000e+02 3.592053337790749623e+01 3.518320033966306681e+01 nan nan nan
5.610000000000000000e+02 3.592053337790748913e+01 3.518456397602685115e+01 1.000000000000000000e+00 nan nan
5.620000000000000000e+02 3.592053337790749623e+01 3.518592761239063549e+01 1.000000000000000000e+00 nan nan
5.630000000000000000e+02 3.592053337790749623e+01 3.518729124875441983e+01 nan nan nan
5.640000000000000000e+02 3.592053337790749623e+01 3.518865488511819706e+01 nan nan nan
5.650000000000000000e+02 3.592053337790749623e+01 3.519001852148197429e+01 nan nan nan
5.660000000000000000e+02 3.592053337790749623e+01 3.519138215784575863e+01 nan nan nan
5.670000000000000000e+02 3.592053337790749623e+01 3.519274579420953586e+01 nan nan nan
5.680000000000000000e+02 3.592053337790749623e+01 3.519410943057332020e+01 nan nan nan
5.690000000000000000e+02 3.592053337790749623e+01 3.519547306693709743e+01 nan nan nan
5.700000000000000000e+02 3.592189701427113846e+01 3.514501852147721195e+01 nan nan nan
5.710000000000000000e+02 3.592189701427113135e+01 3.514638215784099629e+01 nan nan nan
5.720000000000000000e+02 3.592189701427113135e+01 3.514774579420476641e+01 nan nan nan
5.730000000000000000e+02 3.592189701427113846e+01 3.514910943056856496e+01 nan nan nan
5.740000000000000000e+02 3.592189701427113846e+01 3.515047306693232798e+01 1.000000000000000000e+00 nan nan
5.750000000000000000e+02 3.592189701427113135e+01 3.515183670329611942e+01 nan nan nan
5.760000000000000000e+02 3.592189701427113135e+01 3.515320033965989666e+01 nan nan nan
5.770000000000000000e+02 3.592189701427113135e+01 3.515456397602366678e+01 nan nan nan
5.780000000000000000e+02 3.592189701427113135e+01 3.515592761238745823e+01 1.000000000000000000e+00 nan nan
5.790000000000000000e+02 3.592189701427113135e+01 3.515729124875123546e+01 nan nan nan
5.800000000000000000e+02 3.592189701427113846e+01 3.515865488511501269e+01 1.000000000000000000e+00 nan nan
5.810000000000000000e+02 3.592189701427113846e+01 3.516001852147878992e+01 nan nan nan
5.820000000000000000e+02 3.592189701427113135e+01 3.516138215784258136e+01 1.000000000000000000e+00 nan nan
5.830000000000000000e+02 3.592189701427113135e+01 3.516274579420636570e+01 1.000000000000000000e+00 nan nan
5.840000000000000000e+02 3.592189701427113135e+01 3.516410943057015004e+01 1.000000000000000000e+00 nan nan
5.850000000000000000e+02 3.592189701427113135e+01 3.516547306693391306e+01 1.000000000000000000e+00 nan nan
5.860000000000000000e+02 3.592189701427113846e+01 3.516683670329770450e+01 1.000000000000000000e+00 nan nan
5.870000000000000000e+02 3.592189701427113135e+01 3.516820033966148173e+01 1.000000000000000000e+00 nan nan
5.880000000000000000e+02 3.592189701427113135e+01 3.516956397602525897e+01 1.000000000000000000e+00 nan nan
5.890000000000000000e+02 3.592189701427113846e+01 3.517092761238903620e+01 1.000000000000000000e+00 nan nan
5.900000000000000000e+02 3.592189701427113846e+01 3.517229124875282764e+01 1.000000000000000000e+00 nan nan
5.910000000000000000e+02 3.592189701427113135e+01 3.517365488511661198e+01 1.000000000000000000e+00 nan nan
5.920000000000000000e+02 3.592189701427113846e+01 3.517501852148039632e+01 1.000000000000000000e+00 nan nan
5.930000000000000000e+02 3.592189701427113135e+01 3.517638215784416644e+01 1.000000000000000000e+00 nan nan
5.940000000000000000e+02 3.592189701427113135e+01 3.517774579420794367e+01 nan nan nan
5.950000000000000000e+02 3.592189701427113135e+01 3.517910943057173512e+01 nan nan nan
5.960000000000000000e+02 3.592189701427113846e+01 3.518047306693551946e+01 1.000000000000000000e+00 nan nan
5.970000000000000000e+02 3.592189701427113846e+01 3.518183670329929669e+01 nan nan nan
5.980000000000000000e+02 3.592189701427113135e+01 3.518320033966307392e+01 1.000000000000000000e+00 nan nan
5.990000000000000000e+02 3.592189701427113135e+01 3.518456397602685115e+01 nan nan nan
6.000000000000000000e+02 3.592189701427113135e+01 3.518592761239063549e+01 nan nan nan
6.010000000000000000e+02 3.592189701427113846e+01 3.518729124875441983e+01 nan nan nan
6.020000000000000000e+02 3.592189701427113846e+01 3.518865488511819706e+01 1.000000000000000000e+00 nan nan
6.030000000000000000e+02 3.592189701427113135e+01 3.519001852148198140e+01 nan nan nan
6.040000000000000000e+02 3.592189701427113135e+01 3.519138215784575863e+01 nan nan nan
6.050000000000000000e+02 3.592189701427113135e+01 3.519274579420953586e+01 nan nan nan
6.060000000000000000e+02 3.592189701427113846e+01 3.519410943057331309e+01 nan nan nan
6.070000000000000000e+02 3.592189701427113135e+01 3.519547306693709743e+01 nan nan nan
6.080000000000000000e+02 3.592326065063475937e+01 3.514501852147721195e+01 nan nan nan
6.090000000000000000e+02 3.592326065063476648e+01 3.514638215784099629e+01 nan nan nan
6.100000000000000000e+02 3.592326065063475937e+01 3.514774579420476641e+01 nan nan nan
6.110000000000000000e+02 3.592326065063476648e+01 3.514910943056856496e+01 nan nan nan
6.120000000000000000e+02 3.592326065063476648e+01 3.515047306693232798e+01 nan nan nan
6.130000000000000000e+02 3.592326065063475937e+01 3.515183670329611942e+01 nan nan nan
6.140000000000000000e+02 3.592326065063476648e+01 3.515320033965989666e+01 nan nan nan
6.150000000000000000e+02 3.592326065063476648e+01 3.515456397602366678e+01 1.000000000000000000e+00 nan nan
6.160000000000000000e+02 3.592326065063476648e+01 3.515592761238745823e+01 1.000000000000000000e+00 nan nan
6.170000000000000000e+02 3.592326065063477358e+01 3.515729124875123546e+01 nan nan nan
6.180000000000000000e+02 3.592326065063476648e+01 3.515865488511501269e+01 1.000000000000000000e+00 nan nan
6.190000000000000000e+02 3.592326065063476648e+01 3.516001852147878992e+01 nan nan nan
6.200000000000000000e+02 3.592326065063476648e+01 3.516138215784258136e+01 1.000000000000000000e+00 nan nan
6.210000000000000000e+02 3.592326065063476648e+01 3.516274579420636570e+01 1.000000000000000000e+00 nan nan
6.220000000000000000e+02 3.592326065063475937e+01 3.516410943057015004e+01 1.000000000000000000e+00 nan nan
6.230000000000000000e+02 3.592326065063475937e+01 3.516547306693391306e+01 1.000000000000000000e+00 nan nan
6.240000000000000000e+02 3.592326065063476648e+01 3.516683670329770450e+01 nan nan nan
6.250000000000000000e+02 3.592326065063476648e+01 3.516820033966148173e+01 1.000000000000000000e+00 nan nan
6.260000000000000000e+02 3.592326065063476648e+01 3.516956397602525897e+01 1.000000000000000000e+00 nan nan
6.270000000000000000e+02 3.592326065063476648e+01 3.517092761238903620e+01 1.000000000000000000e+00 nan nan
6.280000000000000000e+02 3.592326065063476648e+01 3.517229124875282764e+01 1.000000000000000000e+00 nan nan
6.290000000000000000e+02 3.592326065063476648e+01 3.517365488511661198e+01 1.000000000000000000e+00 nan nan
6.300000000000000000e+02 3.592326065063476648e+01 3.517501852148039632e+01 1.000000000000000000e+00 nan nan
6.310000000000000000e+02 3.592326065063476648e+01 3.517638215784416644e+01 1.000000000000000000e+00 nan nan
6.320000000000000000e+02 3.592326065063475937e+01 3.517774579420794367e+01 1.000000000000000000e+00 nan nan
6.330000000000000000e+02 3.592326065063475937e+01 3.517910943057173512e+01 1.000000000000000000e+00 nan nan
6.340000000000000000e+02 3.592326065063476648e+01 3.518047306693551946e+01 nan nan nan
6.350000000000000000e+02 3.592326065063475937e+01 3.518183670329929669e+01 nan nan nan
6.360000000000000000e+02 3.592326065063475937e+01 3.518320033966307392e+01 1.000000000000000000e+00 nan nan
6.370000000000000000e+02 3.592326065063476648e+01 3.518456397602685115e+01 nan nan nan
6.380000000000000000e+02 3.592326065063475937e+01 3.518592761239063549e+01 nan nan nan
6.390000000000000000e+02 3.592326065063476648e+01 3.518729124875441983e+01 nan nan nan
6.400000000000000000e+02 3.592326065063476648e+01 3.518865488511819706e+01 nan nan nan
6.410000000000000000e+02 3.592326065063476648e+01 3.519001852148198140e+01 nan nan nan
6.420000000000000000e+02 3.592326065063476648e+01 3.519138215784575863e+01 nan nan nan
6.430000000000000000e+02 3.592326065063475937e+01 3.519274579420953586e+01 nan nan nan
6.440000000000000000e+02 3.592326065063476648e+01 3.519410943057331309e+01 nan nan nan
6.450000000000000000e+02 3.592326065063476648e+01 3.519547306693709743e+01 nan nan nan
6.460000000000000000e+02 3.592462428699839450e+01 3.514501852147720484e+01 nan nan nan
6.470000000000000000e+02 3.592462428699840160e+01 3.514638215784099629e+01 nan nan nan
6.480000000000000000e+02 3.592462428699840160e+01 3.514774579420476641e+01 nan nan nan
6.490000000000000000e+02 3.592462428699839450e+01 3.514910943056855785e+01 nan nan nan
6.500000000000000000e+02 3.592462428699840160e+01 3.515047306693234219e+01 nan nan nan
6.510000000000000000e+02 3.592462428699839450e+01 3.515183670329611942e+01 nan nan nan
6.520000000000000000e+02 3.592462428699840160e+01 3.515320033965989666e+01 1.000000000000000000e+00 nan nan
6.530000000000000000e+02 3.592462428699840160e+01 3.515456397602366678e+01 1.000000000000000000e+00 nan nan
6.540000000000000000e+02 3.592462428699840160e+01 3.515592761238745823e+01 nan nan nan
6.550000000000000000e+02 3.592462428699840160e+01 3.515729124875124256e+01 nan nan nan
6.560000000000000000e+02 3.592462428699839450e+01 3.515865488511501269e+01 nan nan nan
6.570000000000000000e+02 3.592462428699840871e+01 3.516001852147878992e+01 nan nan nan
6.580000000000000000e+02 3.592462428699840160e+01 3.516138215784257426e+01 nan nan nan
6.590000000000000000e+02 3.592462428699840160e+01 3.516274579420636570e+01 1.000000000000000000e+00 nan nan
6.600000000000000000e+02 3.592462428699840160e+01 3.516410943057013583e+01 1.000000000000000000e+00 nan nan
6.610000000000000000e+02 3.592462428699840160e+01 3.516547306693392017e+01 1.000000000000000000e+00 nan nan
6.620000000000000000e+02 3.592462428699840160e+01 3.516683670329770450e+01 1.000000000000000000e+00 nan nan
6.630000000000000000e+02 3.592462428699840160e+01 3.516820033966148173e+01 1.000000000000000000e+00 nan nan
6.640000000000000000e+02 3.592462428699840160e+01 3.516956397602525897e+01 1.000000000000000000e+00 nan nan
6.650000000000000000e+02 3.592462428699840160e+01 3.517092761238903620e+01 nan nan nan
6.660000000000000000e+02 3.592462428699840160e+01 3.517229124875282054e+01 1.000000000000000000e+00 nan nan
6.670000000000000000e+02 3.592462428699840160e+01 3.517365488511661198e+01 1.000000000000000000e+00 nan nan
6.680000000000000000e+02 3.592462428699840160e+01 3.517501852148039632e+01 1.000000000000000000e+00 1.000000000000000000e+00 1.000000000000000000e+00
6.690000000000000000e+02 3.592462428699840160e+01 3.517638215784416644e+01 1.000000000000000000e+00 1.000000000000000000e+00 1.000000000000000000e+00
6.700000000000000000e+02 3.592462428699840160e+01 3.517774579420794367e+01 nan 1.000000000000000000e+00 nan
6.710000000000000000e+02 3.592462428699839450e+01 3.517910943057173512e+01 nan 1.000000000000000000e+00 nan
6.720000000000000000e+02 3.592462428699840160e+01 3.518047306693550524e+01 nan 1.000000000000000000e+00 nan
6.730000000000000000e+02 3.592462428699840160e+01 3.518183670329929669e+01 nan 1.000000000000000000e+00 nan
6.740000000000000000e+02 3.592462428699839450e+01 3.518320033966308102e+01 nan 1.000000000000000000e+00 nan
6.750000000000000000e+02 3.592462428699840160e+01 3.518456397602685826e+01 nan 1.000000000000000000e+00 nan
6.760000000000000000e+02 3.592462428699840160e+01 3.518592761239063549e+01 nan 1.000000000000000000e+00 nan
6.770000000000000000e+02 3.592462428699840160e+01 3.518729124875441983e+01 nan nan nan
6.780000000000000000e+02 3.592462428699840160e+01 3.518865488511819706e+01 nan nan nan
6.790000000000000000e+02 3.592462428699839450e+01 3.519001852148197429e+01 nan nan nan
6.800000000000000000e+02 3.592462428699840160e+01 3.519138215784575863e+01 nan nan nan
6.810000000000000000e+02 3.592462428699839450e+01 3.519274579420954296e+01 nan nan nan
6.820000000000000000e+02 3.592462428699840160e+01 3.519410943057331309e+01 nan nan nan
6.830000000000000000e+02 3.592462428699840160e+01 3.519547306693709743e+01 nan nan nan
6.840000000000000000e+02 3.592598792336204383e+01 3.514501852147721195e+01 nan nan nan
6.850000000000000000e+02 3.592598792336203672e+01 3.514638215784099629e+01 nan nan nan
6.860000000000000000e+02 3.592598792336203672e+01 3.514774579420476641e+01 nan nan nan
6.870000000000000000e+02 3.592598792336203672e+01 3.514910943056856496e+01 nan nan nan
6.880000000000000000e+02 3.592598792336203672e+01 3.515047306693232798e+01 nan nan nan
6.890000000000000000e+02 3.592598792336204383e+01 3.515183670329611942e+01 nan nan nan
6.900000000000000000e+02 3.592598792336203672e+01 3.515320033965989666e+01 1.000000000000000000e+00 nan nan
6.910000000000000000e+02 3.592598792336204383e+01 3.515456397602366678e+01 nan nan nan
6.920000000000000000e+02 3.592598792336203672e+01 3.515592761238745823e+01 nan nan nan
6.930000000000000000e+02 3.592598792336203672e+01 3.515729124875123546e+01 nan nan nan
6.940000000000000000e+02 3.592598792336203672e+01 3.515865488511501269e+01 nan nan nan
6.950000000000000000e+02 3.592598792336203672e+01 3.516001852147878992e+01 nan nan nan
6.960000000000000000e+02 3.592598792336203672e+01 3.516138215784258136e+01 1.000000000000000000e+00 nan nan
6.970000000000000000e+02 3.592598792336203672e+01 3.516274579420636570e+01 nan nan nan
6.980000000000000000e+02 3.592598792336204383e+01 3.516410943057015004e+01 1.000000000000000000e+00 nan nan
6.990000000000000000e+02 3.592598792336204383e+01 3.516547306693391306e+01 1.000000000000000000e+00 nan nan
7.000000000000000000e+02 3.592598792336203672e+01 3.516683670329770450e+01 1.000000000000000000e+00 nan nan
7.010000000000000000e+02 3.592598792336203672e+01 3.516820033966148173e+01 nan nan nan
7.020000000000000000e+02 3.592598792336204383e+01 3.516956397602525897e+01 1.000000000000000000e+00 nan nan
7.030000000000000000e+02 3.592598792336203672e+01 3.517092761238903620e+01 nan nan nan
7.040000000000000000e+02 3.592598792336204383e+01 3.517229124875282764e+01 1.000000000000000000e+00 nan nan
7.050000000000000000e+02 3.592598792336203672e+01 3.517365488511661198e+01 nan nan nan
7.060000000000000000e+02 3.592598792336203672e+01 3.517501852148039632e+01 nan 1.000000000000000000e+00 nan
7.070000000000000000e+02 3.592598792336203672e+01 3.517638215784416644e+01 nan 1.000000000000000000e+00 nan
7.080000000000000000e+02 3.592598792336203672e+01 3.517774579420794367e+01 nan 1.000000000000000000e+00 nan
7.090000000000000000e+02 3.592598792336204383e+01 3.517910943057173512e+01 nan 1.000000000000000000e+00 nan
7.100000000000000000e+02 3.592598792336203672e+01 3.518047306693551946e+01 nan 1.000000000000000000e+00 nan
7.110000000000000000e+02 3.592598792336204383e+01 3.518183670329929669e+01 nan 1.000000000000000000e+00 nan
7.120000000000000000e+02 3.592598792336203672e+01 3.518320033966307392e+01 nan 1.000000000000000000e+00 nan
7.130000000000000000e+02 3.592598792336203672e+01 3.518456397602685115e+01 nan 1.000000000000000000e+00 nan
7.140000000000000000e+02 3.592598792336204383e+01 3.518592761239063549e+01 nan 1.000000000000000000e+00 nan
7.150000000000000000e+02 3.592598792336203672e+01 3.518729124875441983e+01 nan 1.000000000000000000e+00 nan
7.160000000000000000e+02 3.592598792336203672e+01 3.518865488511819706e+01 nan 1.000000000000000000e+00 nan
7.170000000000000000e+02 3.592598792336203672e+01 3.519001852148198140e+01 nan nan nan
7.180000000000000000e+02 3.592598792336203672e+01 3.519138215784575863e+01 nan nan nan
7.190000000000000000e+02 3.592598792336203672e+01 3.519274579420953586e+01 nan nan nan
7.200000000000000000e+02 3.592598792336202962e+01 3.519410943057331309e+01 nan nan nan
7.210000000000000000e+02 3.592598792336204383e+01 3.519547306693709743e+01 nan nan nan
7.220000000000000000e+02 3.592735155972567185e+01 3.514501852147721195e+01 nan nan nan
7.230000000000000000e+02 3.592735155972567185e+01 3.514638215784099629e+01 nan nan nan
7.240000000000000000e+02 3.592735155972567185e+01 3.514774579420476641e+01 nan nan nan
7.250000000000000000e+02 3.592735155972567895e+01 3.514910943056856496e+01 nan nan nan
7.260000000000000000e+02 3.592735155972567185e+01 3.515047306693232798e+01 nan nan nan
7.270000000000000000e+02 3.592735155972567895e+01 3.515183670329611942e+01 nan nan nan
7.280000000000000000e+02 3.592735155972567895e+01 3.515320033965989666e+01 1.000000000000000000e+00 nan nan
7.290000000000000000e+02 3.592735155972567185e+01 3.515456397602366678e+01 nan nan nan
7.300000000000000000e+02 3.592735155972567185e+01 3.515592761238745823e+01 nan nan nan
7.310000000000000000e+02 3.592735155972567185e+01 3.515729124875123546e+01 1.000000000000000000e+00 nan nan
7.320000000000000000e+02 3.592735155972567185e+01 3.515865488511501269e+01 nan nan nan
7.330000000000000000e+02 3.592735155972567895e+01 3.516001852147878992e+01 nan nan nan
7.340000000000000000e+02 3.592735155972567895e+01 3.516138215784258136e+01 nan nan nan
7.350000000000000000e+02 3.592735155972567185e+01 3.516274579420636570e+01 nan nan nan
7.360000000000000000e+02 3.592735155972567185e+01 3.516410943057015004e+01 nan nan nan
7.370000000000000000e+02 3.592735155972567185e+01 3.516547306693391306e+01 nan nan nan
7.380000000000000000e+02 3.592735155972567895e+01 3.516683670329770450e+01 nan nan nan
7.390000000000000000e+02 3.592735155972567185e+01 3.516820033966148173e+01 1.000000000000000000e+00 nan nan
7.400000000000000000e+02 3.592735155972567185e+01 3.516956397602525897e+01 nan nan nan
7.410000000000000000e+02 3.592735155972567185e+01 3.517092761238903620e+01 nan nan nan
7.420000000000000000e+02 3.592735155972567185e+01 3.517229124875282764e+01 nan nan nan
7.430000000000000000e+02 3.592735155972567185e+01 3.517365488511661198e+01 nan nan nan
7.440000000000000000e+02 3.592735155972567185e+01 3.517501852148039632e+01 1.000000000000000000e+00 1.000000000000000000e+00 1.000000000000000000e+00
7.450000000000000000e+02 3.592735155972567895e+01 3.517638215784416644e+01 nan 1.000000000000000000e+00 nan
7.460000000000000000e+02 3.592735155972567185e+01 3.517774579420794367e+01 nan 1.000000000000000000e+00 nan
7.470000000000000000e+02 3.592735155972567185e+01 3.517910943057173512e+01 nan 1.000000000000000000e+00 nan
7.480000000000000000e+02 3.592735155972566474e+01 3.518047306693551946e+01 1.000000000000000000e+00 1.000000000000000000e+00 1.000000000000000000e+00
7.490000000000000000e+02 3.592735155972567185e+01 3.518183670329929669e+01 nan 1.000000000000000000e+00 nan
7.500000000000000000e+02 3.592735155972567185e+01 3.518320033966307392e+01 nan 1.000000000000000000e+00 nan
7.510000000000000000e+02 3.592735155972567895e+01 3.518456397602685115e+01 nan 1.000000000000000000e+00 nan
7.520000000000000000e+02 3.592735155972567185e+01 3.518592761239063549e+01 nan 1.000000000000000000e+00 nan
7.530000000000000000e+02 3.592735155972567185e+01 3.518729124875441983e+01 nan 1.000000000000000000e+00 nan
7.540000000000000000e+02 3.592735155972567895e+01 3.518865488511819706e+01 nan 1.000000000000000000e+00 nan
7.550000000000000000e+02 3.592735155972567895e+01 3.519001852148198140e+01 nan 1.000000000000000000e+00 nan
7.560000000000000000e+02 3.592735155972567185e+01 3.519138215784575863e+01 nan nan nan
7.570000000000000000e+02 3.592735155972567185e+01 3.519274579420953586e+01 nan nan nan
7.580000000000000000e+02 3.592735155972567185e+01 3.519410943057331309e+01 nan nan nan
7.590000000000000000e+02 3.592735155972567185e+01 3.519547306693709743e+01 nan nan nan
7.600000000000000000e+02 3.592871519608932118e+01 3.514501852147721195e+01 nan nan nan
7.610000000000000000e+02 3.592871519608932118e+01 3.514638215784099629e+01 nan nan nan
7.620000000000000000e+02 3.592871519608932118e+01 3.514774579420477352e+01 nan nan nan
7.630000000000000000e+02 3.592871519608932118e+01 3.514910943056855785e+01 nan nan nan
7.640000000000000000e+02 3.592871519608932118e+01 3.515047306693232798e+01 nan nan nan
7.650000000000000000e+02 3.592871519608931408e+01 3.515183670329611232e+01 nan nan nan
7.660000000000000000e+02 3.592871519608932118e+01 3.515320033965989666e+01 nan nan nan
7.670000000000000000e+02 3.592871519608931408e+01 3.515456397602366678e+01 nan nan nan
7.680000000000000000e+02 3.592871519608932118e+01 3.515592761238745823e+01 nan nan nan
7.690000000000000000e+02 3.592871519608932118e+01 3.515729124875124256e+01 nan nan nan
7.700000000000000000e+02 3.592871519608932118e+01 3.515865488511501269e+01 nan nan nan
7.710000000000000000e+02 3.592871519608932118e+01 3.516001852147878992e+01 nan nan nan
7.720000000000000000e+02 3.592871519608932118e+01 3.516138215784257426e+01 nan nan nan
7.730000000000000000e+02 3.592871519608932118e+01 3.516274579420636570e+01 nan nan nan
7.740000000000000000e+02 3.592871519608931408e+01 3.516410943057013583e+01 nan nan nan
7.750000000000000000e+02 3.592871519608931408e+01 3.516547306693392017e+01 nan nan nan
7.760000000000000000e+02 3.592871519608932118e+01 3.516683670329770450e+01 1.000000000000000000e+00 nan nan
7.770000000000000000e+02 3.592871519608932118e+01 3.516820033966148884e+01 nan nan nan
7.780000000000000000e+02 3.592871519608932118e+01 3.516956397602525897e+01 nan nan nan
7.790000000000000000e+02 3.592871519608932118e+01 3.517092761238903620e+01 nan nan nan
7.800000000000000000e+02 3.592871519608931408e+01 3.517229124875282054e+01 1.000000000000000000e+00 nan nan
7.810000000000000000e+02 3.592871519608931408e+01 3.517365488511661198e+01 nan nan nan
7.820000000000000000e+02 3.592871519608932118e+01 3.517501852148039632e+01 nan nan nan
7.830000000000000000e+02 3.592871519608932118e+01 3.517638215784415934e+01 nan nan nan
7.840000000000000000e+02 3.592871519608932118e+01 3.517774579420794367e+01 nan 1.000000000000000000e+00 nan
7.850000000000000000e+02 3.592871519608931408e+01 3.517910943057172801e+01 nan 1.000000000000000000e+00 nan
7.860000000000000000e+02 3.592871519608931408e+01 3.518047306693551946e+01 nan 1.000000000000000000e+00 nan
7.870000000000000000e+02 3.592871519608932118e+01 3.518183670329928958e+01 1.000000000000000000e+00 1.000000000000000000e+00 1.000000000000000000e+00
7.880000000000000000e+02 3.592871519608932118e+01 3.518320033966307392e+01 1.000000000000000000e+00 1.000000000000000000e+00 1.000000000000000000e+00
7.890000000000000000e+02 3.592871519608931408e+01 3.518456397602685826e+01 nan 1.000000000000000000e+00 nan
7.900000000000000000e+02 3.592871519608932118e+01 3.518592761239062838e+01 nan 1.000000000000000000e+00 nan
7.910000000000000000e+02 3.592871519608932118e+01 3.518729124875441983e+01 nan 1.000000000000000000e+00 nan
7.920000000000000000e+02 3.592871519608932118e+01 3.518865488511819706e+01 nan 1.000000000000000000e+00 nan
7.930000000000000000e+02 3.592871519608931408e+01 3.519001852148197429e+01 nan 1.000000000000000000e+00 nan
7.940000000000000000e+02 3.592871519608931408e+01 3.519138215784575863e+01 nan 1.000000000000000000e+00 nan
7.950000000000000000e+02 3.592871519608932118e+01 3.519274579420953586e+01 nan 1.000000000000000000e+00 nan
7.960000000000000000e+02 3.592871519608932118e+01 3.519410943057332730e+01 nan nan nan
7.970000000000000000e+02 3.592871519608932118e+01 3.519547306693709743e+01 nan nan nan
7.980000000000000000e+02 3.593007883245294209e+01 3.514501852147720484e+01 nan nan nan
7.990000000000000000e+02 3.593007883245294920e+01 3.514638215784099629e+01 nan nan nan
8.000000000000000000e+02 3.593007883245294920e+01 3.514774579420476641e+01 nan nan nan
8.010000000000000000e+02 3.593007883245294920e+01 3.514910943056855785e+01 nan nan nan
8.020000000000000000e+02 3.593007883245294920e+01 3.515047306693234219e+01 nan nan nan
8.030000000000000000e+02 3.593007883245294920e+01 3.515183670329611942e+01 nan nan nan
8.040000000000000000e+02 3.593007883245294920e+01 3.515320033965989666e+01 nan nan nan
8.050000000000000000e+02 3.593007883245294209e+01 3.515456397602366678e+01 nan nan nan
8.060000000000000000e+02 3.593007883245294920e+01 3.515592761238745823e+01 nan nan nan
8.070000000000000000e+02 3.593007883245294209e+01 3.515729124875124256e+01 1.000000000000000000e+00 nan nan
8.080000000000000000e+02 3.593007883245294920e+01 3.515865488511501269e+01 nan nan nan
8.090000000000000000e+02 3.593007883245294920e+01 3.516001852147878992e+01 nan nan nan
8.100000000000000000e+02 3.593007883245294920e+01 3.516138215784257426e+01 nan nan nan
8.110000000000000000e+02 3.593007883245294920e+01 3.516274579420636570e+01 nan nan nan
8.120000000000000000e+02 3.593007883245294920e+01 3.516410943057013583e+01 nan nan nan
8.130000000000000000e+02 3.593007883245294920e+01 3.516547306693392017e+01 nan nan nan
8.140000000000000000e+02 3.593007883245294209e+01 3.516683670329770450e+01 nan nan nan
8.150000000000000000e+02 3.593007883245294209e+01 3.516820033966148173e+01 nan nan nan
8.160000000000000000e+02 3.593007883245294209e+01 3.516956397602525897e+01 nan nan nan
8.170000000000000000e+02 3.593007883245294209e+01 3.517092761238903620e+01 1.000000000000000000e+00 nan nan
8.180000000000000000e+02 3.593007883245295631e+01 3.517229124875282054e+01 nan nan nan
8.190000000000000000e+02 3.593007883245294920e+01 3.517365488511661198e+01 nan nan nan
8.200000000000000000e+02 3.593007883245294920e+01 3.517501852148039632e+01 1.000000000000000000e+00 nan nan
8.210000000000000000e+02 3.593007883245294209e+01 3.517638215784416644e+01 nan nan nan
8.220000000000000000e+02 3.593007883245295631e+01 3.517774579420794367e+01 nan nan nan
8.230000000000000000e+02 3.593007883245294920e+01 3.517910943057173512e+01 nan 1.000000000000000000e+00 nan
8.240000000000000000e+02 3.593007883245294209e+01 3.518047306693550524e+01 nan 1.000000000000000000e+00 nan
8.250000000000000000e+02 3.593007883245294209e+01 3.518183670329929669e+01 nan 1.000000000000000000e+00 nan
8.260000000000000000e+02 3.593007883245294209e+01 3.518320033966308102e+01 nan 1.000000000000000000e+00 nan
8.270000000000000000e+02 3.593007883245294209e+01 3.518456397602685826e+01 nan 1.000000000000000000e+00 nan
8.280000000000000000e+02 3.593007883245294920e+01 3.518592761239063549e+01 nan 1.000000000000000000e+00 nan
8.290000000000000000e+02 3.593007883245294209e+01 3.518729124875441983e+01 nan 1.000000000000000000e+00 nan
8.300000000000000000e+02 3.593007883245294920e+01 3.518865488511819706e+01 nan 1.000000000000000000e+00 nan
8.310000000000000000e+02 3.593007883245294209e+01 3.519001852148197429e+01 nan 1.000000000000000000e+00 nan
8.320000000000000000e+02 3.593007883245295631e+01 3.519138215784575863e+01 nan 1.000000000000000000e+00 nan
8.330000000000000000e+02 3.593007883245294209e+01 3.519274579420954296e+01 nan 1.000000000000000000e+00 nan
8.340000000000000000e+02 3.593007883245294209e+01 3.519410943057331309e+01 nan nan nan
8.350000000000000000e+02 3.593007883245294209e+01 3.519547306693709743e+01 nan nan nan
8.360000000000000000e+02 3.593144246881658432e+01 3.514501852147720484e+01 nan nan nan
8.370000000000000000e+02 3.593144246881658432e+01 3.514638215784099629e+01 nan nan nan
8.380000000000000000e+02 3.593144246881658432e+01 3.514774579420476641e+01 nan nan nan
8.390000000000000000e+02 3.593144246881657722e+01 3.514910943056855785e+01 nan nan nan
8.400000000000000000e+02 3.593144246881657722e+01 3.515047306693234219e+01 nan nan nan
8.410000000000000000e+02 3.593144246881657722e+01 3.515183670329611942e+01 nan nan nan
8.420000000000000000e+02 3.593144246881658432e+01 3.515320033965989666e+01 nan nan nan
8.430000000000000000e+02 3.593144246881657722e+01 3.515456397602366678e+01 nan nan nan
8.440000000000000000e+02 3.593144246881658432e+01 3.515592761238745823e+01 nan nan nan
8.450000000000000000e+02 3.593144246881657722e+01 3.515729124875124256e+01 nan nan nan
8.460000000000000000e+02 3.593144246881658432e+01 3.515865488511501269e+01 nan nan nan
8.470000000000000000e+02 3.593144246881657722e+01 3.516001852147878992e+01 1.000000000000000000e+00 nan nan
8.480000000000000000e+02 3.593144246881657722e+01 3.516138215784257426e+01 1.000000000000000000e+00 nan nan
8.490000000000000000e+02 3.593144246881658432e+01 3.516274579420636570e+01 nan nan nan
8.500000000000000000e+02 3.593144246881658432e+01 3.516410943057013583e+01 nan nan nan
8.510000000000000000e+02 3.593144246881659143e+01 3.516547306693392017e+01 nan nan nan
8.520000000000000000e+02 3.593144246881657722e+01 3.516683670329770450e+01 nan nan nan
8.530000000000000000e+02 3.593144246881657722e+01 3.516820033966148173e+01 nan nan nan
8.540000000000000000e+02 3.593144246881658432e+01 3.516956397602525897e+01 nan nan nan
8.550000000000000000e+02 3.593144246881657722e+01 3.517092761238903620e+01 nan nan nan
8.560000000000000000e+02 3.593144246881657722e+01 3.517229124875282054e+01 nan nan nan
8.570000000000000000e+02 3.593144246881658432e+01 3.517365488511661198e+01 nan nan nan
8.580000000000000000e+02 3.593144246881658432e+01 3.517501852148039632e+01 nan nan nan
8.590000000000000000e+02 3.593144246881658432e+01 3.517638215784416644e+01 nan nan nan
8.600000000000000000e+02 3.593144246881657722e+01 3.517774579420794367e+01 nan nan nan
8.610000000000000000e+02 3.593144246881658432e+01 3.517910943057173512e+01 nan 1.000000000000000000e+00 nan
8.620000000000000000e+02 3.593144246881659143e+01 3.518047306693550524e+01 nan 1.000000000000000000e+00 nan
8.630000000000000000e+02 3.593144246881659143e+01 3.518183670329929669e+01 nan 1.000000000000000000e+00 nan
8.640000000000000000e+02 3.593144246881657722e+01 3.518320033966308102e+01 nan 1.000000000000000000e+00 nan
8.650000000000000000e+02 3.593144246881657722e+01 3.518456397602685826e+01 nan 1.000000000000000000e+00 nan
8.660000000000000000e+02 3.593144246881657722e+01 3.518592761239063549e+01 nan 1.000000000000000000e+00 nan
8.670000000000000000e+02 3.593144246881659143e+01 3.518729124875441983e+01 nan 1.000000000000000000e+00 nan
8.680000000000000000e+02 3.593144246881657722e+01 3.518865488511819706e+01 nan 1.000000000000000000e+00 nan
8.690000000000000000e+02 3.593144246881657722e+01 3.519001852148197429e+01 nan 1.000000000000000000e+00 nan
8.700000000000000000e+02 3.593144246881657722e+01 3.519138215784575863e+01 nan 1.000000000000000000e+00 nan
8.710000000000000000e+02 3.593144246881658432e+01 3.519274579420954296e+01 nan 1.000000000000000000e+00 nan
8.720000000000000000e+02 3.593144246881658432e+01 3.519410943057331309e+01 nan 1.000000000000000000e+00 nan
8.730000000000000000e+02 3.593144246881657722e+01 3.519547306693709743e+01 nan nan nan
