1.000000000000000000e+00 4.126547455295737077e-02
3.000000000000000000e+00 5.484495711579806532e-02
5.000000000000000000e+00 6.617344529751933990e-02
7.000000000000000000e+00 7.772875941279377976e-02
9.000000000000000000e+00 8.897504731897321051e-02
1.100000000000000000e+01 9.993068245487324308e-02
1.300000000000000000e+01 1.112494976596086760e-01
1.500000000000000000e+01 1.232412403928627720e-01
1.700000000000000000e+01 1.363204672184039623e-01
1.900000000000000000e+01 1.509194945450339498e-01
2.100000000000000000e+01 1.667883301070544055e-01
2.300000000000000000e+01 1.836241687237882836e-01
2.500000000000000000e+01 2.012603318036146893e-01
2.700000000000000000e+01 2.194281585200583695e-01
2.900000000000000000e+01 2.378920460921850610e-01
3.100000000000000000e+01 2.562693981539434507e-01
3.300000000000000000e+01 2.742381167943783726e-01
3.500000000000000000e+01 2.915636966558610155e-01
3.700000000000000000e+01 3.078607905856164395e-01
3.900000000000000000e+01 3.231509384134529927e-01
4.100000000000000000e+01 3.374554296182699087e-01
4.300000000000000000e+01 3.507729426992294286e-01
4.500000000000000000e+01 3.630577991343600930e-01
4.700000000000000000e+01 3.742642247679338618e-01
4.900000000000000000e+01 3.845174803341789849e-01
5.100000000000000000e+01 3.939306873477633753e-01
5.300000000000000000e+01 4.026523734697773360e-01
5.500000000000000000e+01 4.107626782678814870e-01
5.700000000000000000e+01 4.183439315190796703e-01
5.900000000000000000e+01 4.255454676532010039e-01
6.100000000000000000e+01 4.324884861534695757e-01
6.300000000000000000e+01 4.393790766967207162e-01
6.500000000000000000e+01 4.463238565247539258e-01
6.700000000000000000e+01 4.533677423058944944e-01
6.900000000000000000e+01 4.605887342458870881e-01
7.100000000000000000e+01 4.679762228546768821e-01
7.300000000000000000e+01 4.755477793972811007e-01
7.500000000000000000e+01 4.833710259384076391e-01
7.700000000000000000e+01 4.914071611352723856e-01
7.900000000000000000e+01 4.997249189322821028e-01
8.100000000000000000e+01 5.082677562756834355e-01
8.300000000000000000e+01 5.170906600126381480e-01
8.500000000000000000e+01 5.262341318973720039e-01
8.700000000000000000e+01 5.351294110857944819e-01
8.900000000000000000e+01 5.436379680167638950e-01
9.100000000000000000e+01 5.517776496140793796e-01
9.300000000000000000e+01 5.594491302689106327e-01
9.500000000000000000e+01 5.666892206351835659e-01
9.700000000000000000e+01 5.734614574050831415e-01
9.900000000000000000e+01 5.797161483711172902e-01
1.010000000000000000e+02 5.854763575668942011e-01
1.030000000000000000e+02 5.907049043279716249e-01
1.050000000000000000e+02 5.954269739658633043e-01
1.070000000000000000e+02 5.996172200887248671e-01
1.090000000000000000e+02 6.031637191800371944e-01
1.110000000000000000e+02 6.060527617952433665e-01
1.130000000000000000e+02 6.083490708296808158e-01
1.150000000000000000e+02 6.099808842530464181e-01
1.170000000000000000e+02 6.109523859945547031e-01
1.190000000000000000e+02 6.112509491726469957e-01
1.210000000000000000e+02 6.113855905462679541e-01
1.230000000000000000e+02 6.114590187409518762e-01
1.250000000000000000e+02 6.114714132951692971e-01
1.270000000000000000e+02 6.114229440621490319e-01
1.290000000000000000e+02 6.114229440621482548e-01
1.310000000000000000e+02 6.114229440621483658e-01
1.330000000000000000e+02 6.114229440621483658e-01
1.350000000000000000e+02 6.114229440621483658e-01
1.370000000000000000e+02 6.114229440621481437e-01
1.390000000000000000e+02 6.114229440621485878e-01
1.410000000000000000e+02 6.114229440621485878e-01
1.430000000000000000e+02 6.114229440621485878e-01
1.450000000000000000e+02 6.114229440621481437e-01
1.470000000000000000e+02 6.114229440621485878e-01
1.490000000000000000e+02 6.114229440621480327e-01
