1.000000000000000000e+00 2.221589290800340954e-02
3.000000000000000000e+00 2.296090573258557921e-02
5.000000000000000000e+00 2.328449219351891308e-02
7.000000000000000000e+00 2.347343831343440268e-02
9.000000000000000000e+00 2.359589682017682044e-02
1.100000000000000000e+01 2.366568750523445619e-02
1.300000000000000000e+01 2.368114784905861470e-02
1.500000000000000000e+01 2.364990559060808906e-02
1.700000000000000000e+01 2.358093020975249310e-02
1.900000000000000000e+01 2.348436049036806139e-02
2.100000000000000000e+01 2.336987686591440738e-02
2.300000000000000000e+01 2.323977207909311282e-02
2.500000000000000000e+01 2.309440530750761500e-02
2.700000000000000000e+01 2.293796495241995359e-02
2.900000000000000000e+01 2.277392136543421319e-02
3.100000000000000000e+01 2.260007835562682921e-02
3.300000000000000000e+01 2.241738118410119274e-02
3.500000000000000000e+01 2.222882829216166201e-02
3.700000000000000000e+01 2.203940847105945178e-02
3.900000000000000000e+01 2.185175442053188810e-02
4.100000000000000000e+01 2.166712924172609078e-02
4.300000000000000000e+01 2.148268321947488513e-02
4.500000000000000000e+01 2.129879507455223475e-02
4.700000000000000000e+01 2.111780435304833059e-02
4.900000000000000000e+01 2.093752344931731901e-02
5.100000000000000000e+01 2.075994830898775234e-02
5.300000000000000000e+01 2.058503101935327262e-02
5.500000000000000000e+01 2.041254785061874522e-02
5.700000000000000000e+01 2.024285068880593563e-02
5.900000000000000000e+01 2.007533525481353109e-02
6.100000000000000000e+01 1.990794740198897905e-02
6.300000000000000000e+01 1.974087617063768896e-02
6.500000000000000000e+01 1.957438830105506788e-02
6.700000000000000000e+01 1.941046752454034241e-02
6.900000000000000000e+01 1.924936242952224319e-02
7.100000000000000000e+01 1.909068875121344711e-02
7.300000000000000000e+01 1.893264659369175984e-02
7.500000000000000000e+01 1.877554019026028698e-02
7.700000000000000000e+01 1.861954679201394125e-02
7.900000000000000000e+01 1.846554077913964420e-02
8.100000000000000000e+01 1.831366975182224799e-02
8.300000000000000000e+01 1.816407665158303875e-02
8.500000000000000000e+01 1.801623363930138222e-02
8.700000000000000000e+01 1.787148750401335029e-02
8.900000000000000000e+01 1.772972146120188608e-02
9.100000000000000000e+01 1.759279645687117366e-02
9.300000000000000000e+01 1.746082651080604897e-02
9.500000000000000000e+01 1.733364894743927298e-02
9.700000000000000000e+01 1.721004774511558644e-02
9.900000000000000000e+01 1.708986969778203413e-02
1.010000000000000000e+02 1.697207929026189888e-02
1.030000000000000000e+02 1.685630620549316561e-02
1.050000000000000000e+02 1.674260098128643737e-02
1.070000000000000000e+02 1.662942630494157470e-02
1.090000000000000000e+02 1.651735241726437486e-02
1.110000000000000000e+02 1.640634332350965341e-02
1.130000000000000000e+02 1.629639549536376908e-02
1.150000000000000000e+02 1.618990756414706578e-02
1.170000000000000000e+02 1.608600154541939276e-02
1.190000000000000000e+02 1.598279207415231884e-02
1.210000000000000000e+02 1.588189883084878407e-02
1.230000000000000000e+02 1.578322827858602562e-02
1.250000000000000000e+02 1.568674917166890115e-02
1.270000000000000000e+02 1.559237164541449339e-02
1.290000000000000000e+02 1.550007107479600688e-02
1.310000000000000000e+02 1.541030066264925669e-02
1.330000000000000000e+02 1.532296037137204081e-02
1.350000000000000000e+02 1.523791390824547065e-02
1.370000000000000000e+02 1.515461977366960866e-02
1.390000000000000000e+02 1.507302045731451212e-02
1.410000000000000000e+02 1.499302175835115492e-02
1.430000000000000000e+02 1.491378366343798501e-02
1.450000000000000000e+02 1.483526345101515709e-02
1.470000000000000000e+02 1.475890831222059774e-02
1.490000000000000000e+02 1.468465142283115199e-02
