1.000000000000000000e+00 3.034429740266871844e-01
3.000000000000000000e+00 3.400415219454177018e-01
5.000000000000000000e+00 3.564183248810575133e-01
7.000000000000000000e+00 3.655267206531760404e-01
9.000000000000000000e+00 3.719570352698196025e-01
1.100000000000000000e+01 3.773361650824438307e-01
1.300000000000000000e+01 3.821864033602918598e-01
1.500000000000000000e+01 3.866765750269048896e-01
1.700000000000000000e+01 3.909080322065491275e-01
1.900000000000000000e+01 3.949000722275232134e-01
2.100000000000000000e+01 3.987182361744024961e-01
2.300000000000000000e+01 4.024251232620978946e-01
2.500000000000000000e+01 4.060627516749153454e-01
2.700000000000000000e+01 4.096580078718435880e-01
2.900000000000000000e+01 4.132354297572042867e-01
3.100000000000000000e+01 4.168012920836891011e-01
3.300000000000000000e+01 4.203518844804299270e-01
3.500000000000000000e+01 4.238785405708779264e-01
3.700000000000000000e+01 4.273819733706027968e-01
3.900000000000000000e+01 4.308736949652406389e-01
4.100000000000000000e+01 4.343570669641872994e-01
4.300000000000000000e+01 4.378413333716051348e-01
4.500000000000000000e+01 4.413213625092813341e-01
4.700000000000000000e+01 4.447982519277703384e-01
4.900000000000000000e+01 4.482754987288445347e-01
5.100000000000000000e+01 4.517574679693410200e-01
5.300000000000000000e+01 4.552414501550740011e-01
5.500000000000000000e+01 4.587319486257563916e-01
5.700000000000000000e+01 4.622246139409127430e-01
5.900000000000000000e+01 4.657131681281191371e-01
6.100000000000000000e+01 4.691946756773399674e-01
6.300000000000000000e+01 4.726751428730778803e-01
6.500000000000000000e+01 4.761493687663982399e-01
6.700000000000000000e+01 4.796174672213169288e-01
6.900000000000000000e+01 4.830795801615249685e-01
7.100000000000000000e+01 4.865296688212045195e-01
7.300000000000000000e+01 4.899668519935402866e-01
7.500000000000000000e+01 4.933844751424115715e-01
7.700000000000000000e+01 4.967701350525594028e-01
7.900000000000000000e+01 5.001366568395162471e-01
8.100000000000000000e+01 5.034896935695656328e-01
8.300000000000000000e+01 5.068232519564975780e-01
8.500000000000000000e+01 5.101342874493688395e-01
8.700000000000000000e+01 5.134161760150506293e-01
8.900000000000000000e+01 5.166672521913616700e-01
9.100000000000000000e+01 5.198815664489887522e-01
9.300000000000000000e+01 5.230601141680253363e-01
9.500000000000000000e+01 5.262010790599473964e-01
9.700000000000000000e+01 5.293045442966385350e-01
9.900000000000000000e+01 5.323781857025715603e-01
1.010000000000000000e+02 5.354260310481154805e-01
1.030000000000000000e+02 5.384441794810913562e-01
1.050000000000000000e+02 5.414255186880136961e-01
1.070000000000000000e+02 5.443753206440962167e-01
1.090000000000000000e+02 5.472823999175030485e-01
1.110000000000000000e+02 5.501477960517116017e-01
1.130000000000000000e+02 5.529689184148983694e-01
1.150000000000000000e+02 5.557586861736729666e-01
1.170000000000000000e+02 5.585232108987843169e-01
1.190000000000000000e+02 5.612604210327859500e-01
1.210000000000000000e+02 5.639683573365963376e-01
1.230000000000000000e+02 5.666383197758440016e-01
1.250000000000000000e+02 5.692741328224045771e-01
1.270000000000000000e+02 5.718804968651302056e-01
1.290000000000000000e+02 5.744604449556631742e-01
1.310000000000000000e+02 5.770118983033308835e-01
1.330000000000000000e+02 5.795315701572234524e-01
1.350000000000000000e+02 5.820235807074349843e-01
1.370000000000000000e+02 5.844888200127307254e-01
1.390000000000000000e+02 5.869291779778615936e-01
1.410000000000000000e+02 5.893463516890889986e-01
1.430000000000000000e+02 5.917153923737574761e-01
1.450000000000000000e+02 5.940569743938690639e-01
1.470000000000000000e+02 5.963722102941066971e-01
1.490000000000000000e+02 5.986438740989216134e-01
