1.000000000000000000e+00 0.000000000000000000e+00
3.000000000000000000e+00 0.000000000000000000e+00
5.000000000000000000e+00 0.000000000000000000e+00
7.000000000000000000e+00 9.257050779254427653e-07
9.000000000000000000e+00 4.904485796597413128e-06
1.100000000000000000e+01 1.092064948116089340e-05
1.300000000000000000e+01 1.860576291146109895e-05
1.500000000000000000e+01 2.884301215400064677e-05
1.700000000000000000e+01 4.912779828469826526e-05
1.900000000000000000e+01 8.305193725588466691e-05
2.100000000000000000e+01 1.296829016732559126e-04
2.300000000000000000e+01 1.880131294087483695e-04
2.500000000000000000e+01 2.587008392849199367e-04
2.700000000000000000e+01 3.419195675914421528e-04
2.900000000000000000e+01 4.373600079167205834e-04
3.100000000000000000e+01 5.438189364330714426e-04
3.300000000000000000e+01 6.599094488738410647e-04
3.500000000000000000e+01 7.834879199309918718e-04
3.700000000000000000e+01 9.127748530143309225e-04
3.900000000000000000e+01 1.046390560028198635e-03
4.100000000000000000e+01 1.181875198757675882e-03
4.300000000000000000e+01 1.318168710474743044e-03
4.500000000000000000e+01 1.454319025620098849e-03
4.700000000000000000e+01 1.589334532368091857e-03
4.900000000000000000e+01 1.722169081870728036e-03
5.100000000000000000e+01 1.851952770842157925e-03
5.300000000000000000e+01 1.978597347246813243e-03
5.500000000000000000e+01 2.102116233953843505e-03
5.700000000000000000e+01 2.222559289120740189e-03
5.900000000000000000e+01 2.341028140269707514e-03
6.100000000000000000e+01 2.457449876495432228e-03
6.300000000000000000e+01 2.571970973756498857e-03
6.500000000000000000e+01 2.684748498350097989e-03
6.700000000000000000e+01 2.795938309456236226e-03
6.900000000000000000e+01 2.905694954203119629e-03
7.100000000000000000e+01 3.014196234048971412e-03
7.300000000000000000e+01 3.121679986162195775e-03
7.500000000000000000e+01 3.228348889042997882e-03
7.700000000000000000e+01 3.333100201969196874e-03
7.900000000000000000e+01 3.435894868890954079e-03
8.100000000000000000e+01 3.536529481672046060e-03
8.300000000000000000e+01 3.634646037543709518e-03
8.500000000000000000e+01 3.729993085416771770e-03
8.700000000000000000e+01 3.822478481163682495e-03
8.900000000000000000e+01 3.912157135628091531e-03
9.100000000000000000e+01 3.999144200783066871e-03
9.300000000000000000e+01 4.083477222775688809e-03
9.500000000000000000e+01 4.165218284770899615e-03
9.700000000000000000e+01 4.244367259569226114e-03
9.900000000000000000e+01 4.321456789016298039e-03
1.010000000000000000e+02 4.396373154518129489e-03
1.030000000000000000e+02 4.469161298268242710e-03
1.050000000000000000e+02 4.540559864620541397e-03
1.070000000000000000e+02 4.610597405644734081e-03
1.090000000000000000e+02 4.679373306340495198e-03
1.110000000000000000e+02 4.747035696519796844e-03
1.130000000000000000e+02 4.813769535849554693e-03
1.150000000000000000e+02 4.879830108706073588e-03
1.170000000000000000e+02 4.945125568074137945e-03
1.190000000000000000e+02 5.009706877327047003e-03
1.210000000000000000e+02 5.073677970472978416e-03
1.230000000000000000e+02 5.136864191839118909e-03
1.250000000000000000e+02 5.199150883786418653e-03
1.270000000000000000e+02 5.260647510244353953e-03
1.290000000000000000e+02 5.321530157527010196e-03
1.310000000000000000e+02 5.381631920271301439e-03
1.330000000000000000e+02 5.440994928113784823e-03
1.350000000000000000e+02 5.499902510383014587e-03
1.370000000000000000e+02 5.558420882975201316e-03
1.390000000000000000e+02 5.616605839284138924e-03
1.410000000000000000e+02 5.674490408585808332e-03
1.430000000000000000e+02 5.732309861648410276e-03
1.450000000000000000e+02 5.790002288213025317e-03
1.470000000000000000e+02 5.847706304737854133e-03
1.490000000000000000e+02 5.905829722338440391e-03
