1.000000000000000000e+00 1.572947950024061736e-02
3.000000000000000000e+00 1.610431396867839648e-02
5.000000000000000000e+00 1.628430108533029941e-02
7.000000000000000000e+00 1.637802702197732607e-02
9.000000000000000000e+00 1.644172069445293261e-02
1.100000000000000000e+01 1.648360137234172740e-02
1.300000000000000000e+01 1.650276350493939947e-02
1.500000000000000000e+01 1.651414225695158056e-02
1.700000000000000000e+01 1.652548906532846917e-02
1.900000000000000000e+01 1.654150609543136863e-02
2.100000000000000000e+01 1.656109241827430356e-02
2.300000000000000000e+01 1.658300569202664221e-02
2.500000000000000000e+01 1.660623527253901610e-02
2.700000000000000000e+01 1.663003321101541587e-02
2.900000000000000000e+01 1.665398115960969871e-02
3.100000000000000000e+01 1.667687049747090811e-02
3.300000000000000000e+01 1.669812098498646424e-02
3.500000000000000000e+01 1.671626767348921572e-02
3.700000000000000000e+01 1.673044947617230438e-02
3.900000000000000000e+01 1.674062045133317689e-02
4.100000000000000000e+01 1.674677550680647720e-02
4.300000000000000000e+01 1.674835548666764318e-02
4.500000000000000000e+01 1.674503814103101007e-02
4.700000000000000000e+01 1.673678973974712658e-02
4.900000000000000000e+01 1.672376489256233167e-02
5.100000000000000000e+01 1.670670580206112810e-02
5.300000000000000000e+01 1.668529737283808156e-02
5.500000000000000000e+01 1.666027117253110479e-02
5.700000000000000000e+01 1.663181069750208074e-02
5.900000000000000000e+01 1.660121175035833563e-02
6.100000000000000000e+01 1.656775652590503078e-02
6.300000000000000000e+01 1.653130654860379689e-02
6.500000000000000000e+01 1.649164143818682149e-02
6.700000000000000000e+01 1.644716310802074588e-02
6.900000000000000000e+01 1.639776085930000349e-02
7.100000000000000000e+01 1.634402150151359479e-02
7.300000000000000000e+01 1.628600174366856557e-02
7.500000000000000000e+01 1.622338573657078342e-02
7.700000000000000000e+01 1.615626024242866610e-02
7.900000000000000000e+01 1.608471338697825548e-02
8.100000000000000000e+01 1.600824905611630822e-02
8.300000000000000000e+01 1.592643075461641633e-02
8.500000000000000000e+01 1.583964509727608938e-02
8.700000000000000000e+01 1.574833393997487896e-02
8.900000000000000000e+01 1.565275480571348687e-02
9.100000000000000000e+01 1.555388935877810574e-02
9.300000000000000000e+01 1.545242424409021265e-02
9.500000000000000000e+01 1.534823026549403391e-02
9.700000000000000000e+01 1.524177438874319002e-02
9.900000000000000000e+01 1.513483113236702149e-02
1.010000000000000000e+02 1.502721550128582884e-02
1.030000000000000000e+02 1.491896423376182224e-02
1.050000000000000000e+02 1.480984896667258965e-02
1.070000000000000000e+02 1.470071262631345022e-02
1.090000000000000000e+02 1.459185446480737447e-02
1.110000000000000000e+02 1.448353033201510431e-02
1.130000000000000000e+02 1.437533071333518819e-02
1.150000000000000000e+02 1.426729002825910531e-02
1.170000000000000000e+02 1.416041216275443215e-02
1.190000000000000000e+02 1.405490327890746016e-02
1.210000000000000000e+02 1.395083364604032816e-02
1.230000000000000000e+02 1.384835759114411147e-02
1.250000000000000000e+02 1.374676327090851302e-02
1.270000000000000000e+02 1.364620563173790657e-02
1.290000000000000000e+02 1.354678733615211073e-02
1.310000000000000000e+02 1.344875217282037738e-02
1.330000000000000000e+02 1.335211593499097127e-02
1.350000000000000000e+02 1.325689160029619451e-02
1.370000000000000000e+02 1.316384286000271686e-02
1.390000000000000000e+02 1.307273951674992052e-02
1.410000000000000000e+02 1.298231476901212655e-02
1.430000000000000000e+02 1.289389796453588310e-02
1.450000000000000000e+02 1.280727935496239756e-02
1.470000000000000000e+02 1.272226988325975139e-02
1.490000000000000000e+02 1.263885460094604785e-02
