1.000000000000000000e+00 2.324426173347036162e-01
3.000000000000000000e+00 2.682801924845393815e-01
5.000000000000000000e+00 2.830779093095247001e-01
7.000000000000000000e+00 2.906505095230672575e-01
9.000000000000000000e+00 2.958987625270944610e-01
1.100000000000000000e+01 3.001253219405090045e-01
1.300000000000000000e+01 3.038522671590926372e-01
1.500000000000000000e+01 3.073554331445089716e-01
1.700000000000000000e+01 3.107367439310489976e-01
1.900000000000000000e+01 3.140179142236302345e-01
2.100000000000000000e+01 3.172088751299338982e-01
2.300000000000000000e+01 3.202786660223616577e-01
2.500000000000000000e+01 3.232325933975082055e-01
2.700000000000000000e+01 3.260888815321523193e-01
2.900000000000000000e+01 3.288417654032670390e-01
3.100000000000000000e+01 3.314947176216536118e-01
3.300000000000000000e+01 3.340630598381663097e-01
3.500000000000000000e+01 3.365554216976321955e-01
3.700000000000000000e+01 3.389835117382548058e-01
3.900000000000000000e+01 3.413602497504711897e-01
4.100000000000000000e+01 3.436988206111883937e-01
4.300000000000000000e+01 3.460102417344576020e-01
4.500000000000000000e+01 3.483022364121435288e-01
4.700000000000000000e+01 3.505817386567489091e-01
4.900000000000000000e+01 3.528494047764001440e-01
5.100000000000000000e+01 3.551092736793385329e-01
5.300000000000000000e+01 3.573643452920395314e-01
5.500000000000000000e+01 3.596188670347757466e-01
5.700000000000000000e+01 3.618713509388405969e-01
5.900000000000000000e+01 3.641251047792909423e-01
6.100000000000000000e+01 3.663868137240812173e-01
6.300000000000000000e+01 3.686593339583067452e-01
6.500000000000000000e+01 3.709435906323602650e-01
6.700000000000000000e+01 3.732387878399744396e-01
6.900000000000000000e+01 3.755490387925022322e-01
7.100000000000000000e+01 3.778663617929739482e-01
7.300000000000000000e+01 3.801882913713352519e-01
7.500000000000000000e+01 3.825222768541399754e-01
7.700000000000000000e+01 3.848632497136648123e-01
7.900000000000000000e+01 3.872141680763308003e-01
8.100000000000000000e+01 3.895752899467177510e-01
8.300000000000000000e+01 3.919490664673550562e-01
8.500000000000000000e+01 3.943308673403046472e-01
8.700000000000000000e+01 3.967224096596918548e-01
8.900000000000000000e+01 3.991378124818657502e-01
9.100000000000000000e+01 4.015751959760216483e-01
9.300000000000000000e+01 4.040262269744206991e-01
9.500000000000000000e+01 4.064945241010219368e-01
9.700000000000000000e+01 4.089791640466029499e-01
9.900000000000000000e+01 4.114824972757837873e-01
1.010000000000000000e+02 4.140045425315904692e-01
1.030000000000000000e+02 4.165420739489009705e-01
1.050000000000000000e+02 4.191006215600830975e-01
1.070000000000000000e+02 4.216804491772737640e-01
1.090000000000000000e+02 4.242807489440563185e-01
1.110000000000000000e+02 4.269056500509035290e-01
1.130000000000000000e+02 4.295532886989162913e-01
1.150000000000000000e+02 4.322242318954350182e-01
1.170000000000000000e+02 4.349150644428178003e-01
1.190000000000000000e+02 4.376288363656077873e-01
1.210000000000000000e+02 4.403645310581986161e-01
1.230000000000000000e+02 4.431205661629054049e-01
1.250000000000000000e+02 4.458936982965718832e-01
1.270000000000000000e+02 4.486871059346466684e-01
1.290000000000000000e+02 4.514834269954158819e-01
1.310000000000000000e+02 4.542842979504539969e-01
1.330000000000000000e+02 4.570929428147407769e-01
1.350000000000000000e+02 4.599032676233480998e-01
1.370000000000000000e+02 4.627114557878817536e-01
1.390000000000000000e+02 4.655147094860953016e-01
1.410000000000000000e+02 4.683150213180493626e-01
1.430000000000000000e+02 4.711101602023574086e-01
1.450000000000000000e+02 4.739041456831345478e-01
1.470000000000000000e+02 4.766927292118728898e-01
1.490000000000000000e+02 4.794707949912295764e-01
