1.000000000000000000e+00 4.909901181941483950e-01
3.000000000000000000e+00 5.542299290449526072e-01
5.000000000000000000e+00 5.813687783309966495e-01
7.000000000000000000e+00 5.991145103267497829e-01
9.000000000000000000e+00 6.126367128947527441e-01
1.100000000000000000e+01 6.237298531238025801e-01
1.300000000000000000e+01 6.331162998022601407e-01
1.500000000000000000e+01 6.413298076866431607e-01
1.700000000000000000e+01 6.488176185122225270e-01
1.900000000000000000e+01 6.557682890094789219e-01
2.100000000000000000e+01 6.622903675575569915e-01
2.300000000000000000e+01 6.684720162380921593e-01
2.500000000000000000e+01 6.743502164947736688e-01
2.700000000000000000e+01 6.799942913408569822e-01
2.900000000000000000e+01 6.854687644961451332e-01
3.100000000000000000e+01 6.907717014608537598e-01
3.300000000000000000e+01 6.959638074614931114e-01
3.500000000000000000e+01 7.010199001042491940e-01
3.700000000000000000e+01 7.059494065848774813e-01
3.900000000000000000e+01 7.107250828659230635e-01
4.100000000000000000e+01 7.153632723547167505e-01
4.300000000000000000e+01 7.198885796591516506e-01
4.500000000000000000e+01 7.242879148004048862e-01
4.700000000000000000e+01 7.285439491450518279e-01
4.900000000000000000e+01 7.326464624900181910e-01
5.100000000000000000e+01 7.365980220872325734e-01
5.300000000000000000e+01 7.404088990730315345e-01
5.500000000000000000e+01 7.440711760236000671e-01
5.700000000000000000e+01 7.475870566132259976e-01
5.900000000000000000e+01 7.509775038007402426e-01
6.100000000000000000e+01 7.542216470961116137e-01
6.300000000000000000e+01 7.573365805125797934e-01
6.500000000000000000e+01 7.603320393102860342e-01
6.700000000000000000e+01 7.632046541330390621e-01
6.900000000000000000e+01 7.659716313860580605e-01
7.100000000000000000e+01 7.686242455168458276e-01
7.300000000000000000e+01 7.711533532229672971e-01
7.500000000000000000e+01 7.735509872409631615e-01
7.700000000000000000e+01 7.758249298978057151e-01
7.900000000000000000e+01 7.780016281892057073e-01
8.100000000000000000e+01 7.800990814263324413e-01
8.300000000000000000e+01 7.820804470306287337e-01
8.500000000000000000e+01 7.839579605264254125e-01
8.700000000000000000e+01 7.857821098044559527e-01
8.900000000000000000e+01 7.875515574118141515e-01
9.100000000000000000e+01 7.892403050234706452e-01
9.300000000000000000e+01 7.908637334353724180e-01
9.500000000000000000e+01 7.924249926175779279e-01
9.700000000000000000e+01 7.939339912772630514e-01
9.900000000000000000e+01 7.953676539927694300e-01
1.010000000000000000e+02 7.967317670081650594e-01
1.030000000000000000e+02 7.980388601058354681e-01
1.050000000000000000e+02 7.992949171192160751e-01
1.070000000000000000e+02 8.004825651949658560e-01
1.090000000000000000e+02 8.016489001458342312e-01
1.110000000000000000e+02 8.027699250990887325e-01
1.130000000000000000e+02 8.038395287645028198e-01
1.150000000000000000e+02 8.049047177834116606e-01
1.170000000000000000e+02 8.059264198934611434e-01
1.190000000000000000e+02 8.069048758600463334e-01
1.210000000000000000e+02 8.078364529900917690e-01
1.230000000000000000e+02 8.087109148122194613e-01
1.250000000000000000e+02 8.095379231437591638e-01
1.270000000000000000e+02 8.102777508226275405e-01
1.290000000000000000e+02 8.109344406227352309e-01
1.310000000000000000e+02 8.115367043553829429e-01
1.330000000000000000e+02 8.120987593635621282e-01
1.350000000000000000e+02 8.126198686747718725e-01
1.370000000000000000e+02 8.131178929959423929e-01
1.390000000000000000e+02 8.135107626416953064e-01
1.410000000000000000e+02 8.138130054365230182e-01
1.430000000000000000e+02 8.140211231146978754e-01
1.450000000000000000e+02 8.141683948505888946e-01
1.470000000000000000e+02 8.142694319311504225e-01
1.490000000000000000e+02 8.143458338071445368e-01
