1.000000000000000000e+00 2.734355696848900230e-02
3.000000000000000000e+00 2.901682537243666093e-02
5.000000000000000000e+00 2.988268585443765168e-02
7.000000000000000000e+00 3.053696517441484293e-02
9.000000000000000000e+00 3.110854276579033684e-02
1.100000000000000000e+01 3.162005372909637568e-02
1.300000000000000000e+01 3.209490130136960495e-02
1.500000000000000000e+01 3.252224624406441222e-02
1.700000000000000000e+01 3.290974788354328329e-02
1.900000000000000000e+01 3.327672306130202706e-02
2.100000000000000000e+01 3.363061887736340516e-02
2.300000000000000000e+01 3.397890528895763929e-02
2.500000000000000000e+01 3.432831604419861460e-02
2.700000000000000000e+01 3.467777472988686771e-02
2.900000000000000000e+01 3.502247711645067874e-02
3.100000000000000000e+01 3.535967127128636367e-02
3.300000000000000000e+01 3.568835979921758383e-02
3.500000000000000000e+01 3.600583958631264903e-02
3.700000000000000000e+01 3.631250320622581018e-02
3.900000000000000000e+01 3.660885483235776228e-02
4.100000000000000000e+01 3.689585328032418676e-02
4.300000000000000000e+01 3.717437690442115805e-02
4.500000000000000000e+01 3.744450109021801865e-02
4.700000000000000000e+01 3.770614716127262955e-02
4.900000000000000000e+01 3.795984502871863064e-02
5.100000000000000000e+01 3.820701663875814003e-02
5.300000000000000000e+01 3.844837629409181279e-02
5.500000000000000000e+01 3.868482182633115052e-02
5.700000000000000000e+01 3.891659622624132897e-02
5.900000000000000000e+01 3.914376232594718452e-02
6.100000000000000000e+01 3.936620505946164528e-02
6.300000000000000000e+01 3.958411842070519437e-02
6.500000000000000000e+01 3.979711578321909471e-02
6.700000000000000000e+01 4.000475049546681205e-02
6.900000000000000000e+01 4.020677938847194710e-02
7.100000000000000000e+01 4.040337179177022620e-02
7.300000000000000000e+01 4.059429648956913717e-02
7.500000000000000000e+01 4.077926166117451512e-02
7.700000000000000000e+01 4.095826047674455683e-02
7.900000000000000000e+01 4.113142295796723413e-02
8.100000000000000000e+01 4.129859231017896093e-02
8.300000000000000000e+01 4.145981930493392031e-02
8.500000000000000000e+01 4.161521595820727448e-02
8.700000000000000000e+01 4.176483250320939256e-02
8.900000000000000000e+01 4.190839883238495212e-02
9.100000000000000000e+01 4.204614946182250179e-02
9.300000000000000000e+01 4.217787337384171220e-02
9.500000000000000000e+01 4.230359088207158447e-02
9.700000000000000000e+01 4.242375867626568819e-02
9.900000000000000000e+01 4.253930214114232111e-02
1.010000000000000000e+02 4.265076166878889463e-02
1.030000000000000000e+02 4.275851859172707936e-02
1.050000000000000000e+02 4.286290492366784388e-02
1.070000000000000000e+02 4.296358357192708866e-02
1.090000000000000000e+02 4.306101088797753551e-02
1.110000000000000000e+02 4.315532333403349075e-02
1.130000000000000000e+02 4.324668011846710680e-02
1.150000000000000000e+02 4.333437649393023783e-02
1.170000000000000000e+02 4.341951752906436646e-02
1.190000000000000000e+02 4.350251571633378944e-02
1.210000000000000000e+02 4.358354408662656887e-02
1.230000000000000000e+02 4.366297570509691806e-02
1.250000000000000000e+02 4.374007450397376928e-02
1.270000000000000000e+02 4.381527663345097245e-02
1.290000000000000000e+02 4.388931222685887867e-02
1.310000000000000000e+02 4.396271138323837313e-02
1.330000000000000000e+02 4.403565099717821063e-02
1.350000000000000000e+02 4.410864398303160350e-02
1.370000000000000000e+02 4.418217812818314716e-02
1.390000000000000000e+02 4.425608363232458320e-02
1.410000000000000000e+02 4.433057048031885383e-02
1.430000000000000000e+02 4.440576296511489218e-02
1.450000000000000000e+02 4.448173243644859554e-02
1.470000000000000000e+02 4.455868458842904278e-02
1.490000000000000000e+02 4.463679305666246044e-02
