1.000000000000000000e+00 1.212042648345590390e-02
3.000000000000000000e+00 1.214486230883460305e-02
5.000000000000000000e+00 1.215741200529729671e-02
7.000000000000000000e+00 1.218047979245584500e-02
9.000000000000000000e+00 1.219966127288862889e-02
1.100000000000000000e+01 1.221290524926277321e-02
1.300000000000000000e+01 1.221823559172952045e-02
1.500000000000000000e+01 1.221887277428146401e-02
1.700000000000000000e+01 1.221358589106091852e-02
1.900000000000000000e+01 1.220476020747751633e-02
2.100000000000000000e+01 1.219559973769157590e-02
2.300000000000000000e+01 1.218548791302709322e-02
2.500000000000000000e+01 1.217346845637423680e-02
2.700000000000000000e+01 1.215863649548121206e-02
2.900000000000000000e+01 1.214099724095396571e-02
3.100000000000000000e+01 1.212083702393440543e-02
3.300000000000000000e+01 1.209861180863880392e-02
3.500000000000000000e+01 1.207294547698567477e-02
3.700000000000000000e+01 1.204384543717107459e-02
3.900000000000000000e+01 1.201125629574695264e-02
4.100000000000000000e+01 1.197491322609500752e-02
4.300000000000000000e+01 1.193422079425476845e-02
4.500000000000000000e+01 1.188933347568488230e-02
4.700000000000000000e+01 1.184114205264330533e-02
4.900000000000000000e+01 1.179042455155088209e-02
5.100000000000000000e+01 1.173735901251493630e-02
5.300000000000000000e+01 1.168082739889009236e-02
5.500000000000000000e+01 1.162128513330229485e-02
5.700000000000000000e+01 1.155917621282731567e-02
5.900000000000000000e+01 1.149441704305553813e-02
6.100000000000000000e+01 1.142754397925871412e-02
6.300000000000000000e+01 1.135977142555799624e-02
6.500000000000000000e+01 1.129147069734015574e-02
6.700000000000000000e+01 1.122241965904402505e-02
6.900000000000000000e+01 1.115369851263459111e-02
7.100000000000000000e+01 1.108542672089218861e-02
7.300000000000000000e+01 1.101858572078640019e-02
7.500000000000000000e+01 1.095332464951592755e-02
7.700000000000000000e+01 1.088974996854041866e-02
7.900000000000000000e+01 1.082567226938246918e-02
8.100000000000000000e+01 1.076198344128231899e-02
8.300000000000000000e+01 1.069957130705645465e-02
8.500000000000000000e+01 1.063812570992583861e-02
8.700000000000000000e+01 1.057778789477770154e-02
8.900000000000000000e+01 1.051794760996105360e-02
9.100000000000000000e+01 1.045876216572139139e-02
9.300000000000000000e+01 1.040051253989382474e-02
9.500000000000000000e+01 1.034385487880074006e-02
9.700000000000000000e+01 1.028910559353324317e-02
9.900000000000000000e+01 1.023533671335030704e-02
1.010000000000000000e+02 1.018260836323503504e-02
1.030000000000000000e+02 1.013105237226485933e-02
1.050000000000000000e+02 1.008187918357839052e-02
1.070000000000000000e+02 1.003502323245808459e-02
1.090000000000000000e+02 9.990252743067418173e-03
1.110000000000000000e+02 9.945692090304047994e-03
1.130000000000000000e+02 9.901372510076833500e-03
1.150000000000000000e+02 9.858445965630235897e-03
1.170000000000000000e+02 9.817050299347540587e-03
1.190000000000000000e+02 9.777154772622309586e-03
1.210000000000000000e+02 9.739009843060308924e-03
1.230000000000000000e+02 9.701965162275949517e-03
1.250000000000000000e+02 9.666208759244288018e-03
1.270000000000000000e+02 9.631235652490688359e-03
1.290000000000000000e+02 9.596946644530812698e-03
1.310000000000000000e+02 9.563093336422689994e-03
1.330000000000000000e+02 9.529594713173605847e-03
1.350000000000000000e+02 9.496628795148898128e-03
1.370000000000000000e+02 9.464446431147854888e-03
1.390000000000000000e+02 9.433245029868642106e-03
1.410000000000000000e+02 9.402944890315234616e-03
1.430000000000000000e+02 9.373566159829094246e-03
1.450000000000000000e+02 9.345021490441696166e-03
1.470000000000000000e+02 9.316456159734753939e-03
1.490000000000000000e+02 9.287822654545752066e-03
