1.000000000000000000e+00 2.856467249940883857e-01
3.000000000000000000e+00 3.300565598614418894e-01
5.000000000000000000e+00 3.512137282679411721e-01
7.000000000000000000e+00 3.634000794903089471e-01
9.000000000000000000e+00 3.721517472147706229e-01
1.100000000000000000e+01 3.794777946206936425e-01
1.300000000000000000e+01 3.859715517543389485e-01
1.500000000000000000e+01 3.919772109023262896e-01
1.700000000000000000e+01 3.977365444756316704e-01
1.900000000000000000e+01 4.035231881379887087e-01
2.100000000000000000e+01 4.094756147192395446e-01
2.300000000000000000e+01 4.156792604221689613e-01
2.500000000000000000e+01 4.221332657303538127e-01
2.700000000000000000e+01 4.289466286407611628e-01
2.900000000000000000e+01 4.361923536507045229e-01
3.100000000000000000e+01 4.439098624580668506e-01
3.300000000000000000e+01 4.521015315787064726e-01
3.500000000000000000e+01 4.607405458264122178e-01
3.700000000000000000e+01 4.698297187565630972e-01
3.900000000000000000e+01 4.793179730368236635e-01
4.100000000000000000e+01 4.890844579034374640e-01
4.300000000000000000e+01 4.990038678790198468e-01
4.500000000000000000e+01 5.090350681134960809e-01
4.700000000000000000e+01 5.191288206615285450e-01
4.900000000000000000e+01 5.291866842408923244e-01
5.100000000000000000e+01 5.391836053952484553e-01
5.300000000000000000e+01 5.490656667130309199e-01
5.500000000000000000e+01 5.588216785927451191e-01
5.700000000000000000e+01 5.684479207750734453e-01
5.900000000000000000e+01 5.779204639478030536e-01
6.100000000000000000e+01 5.872157853983820397e-01
6.300000000000000000e+01 5.963815694608720630e-01
6.500000000000000000e+01 6.053685959300536545e-01
6.700000000000000000e+01 6.141237284893948933e-01
6.900000000000000000e+01 6.226777302792085855e-01
7.100000000000000000e+01 6.310908413097737757e-01
7.300000000000000000e+01 6.393551320760373358e-01
7.500000000000000000e+01 6.474732225870887259e-01
7.700000000000000000e+01 6.554292827227595764e-01
7.900000000000000000e+01 6.632018199012819082e-01
8.100000000000000000e+01 6.706438050073131318e-01
8.300000000000000000e+01 6.777938125236553368e-01
8.500000000000000000e+01 6.846785125730598942e-01
8.700000000000000000e+01 6.913199005944598019e-01
8.900000000000000000e+01 6.977539814958695352e-01
9.100000000000000000e+01 7.038531646110087747e-01
9.300000000000000000e+01 7.096386276533610538e-01
9.500000000000000000e+01 7.151343899765199019e-01
9.700000000000000000e+01 7.203359554175901014e-01
9.900000000000000000e+01 7.252200468643512643e-01
1.010000000000000000e+02 7.298349934037371423e-01
1.030000000000000000e+02 7.341977828882784163e-01
1.050000000000000000e+02 7.382820178637630182e-01
1.070000000000000000e+02 7.422142424843858333e-01
1.090000000000000000e+02 7.460336581745639073e-01
1.110000000000000000e+02 7.497117212476631654e-01
1.130000000000000000e+02 7.531169729589725081e-01
1.150000000000000000e+02 7.562605435102957019e-01
1.170000000000000000e+02 7.591558198002484881e-01
1.190000000000000000e+02 7.619150275739742240e-01
1.210000000000000000e+02 7.645456565017084705e-01
1.230000000000000000e+02 7.670085170047566958e-01
1.250000000000000000e+02 7.693254611376068031e-01
1.270000000000000000e+02 7.715356540023524667e-01
1.290000000000000000e+02 7.736476791991888646e-01
1.310000000000000000e+02 7.756504383709321715e-01
1.330000000000000000e+02 7.775577475840323993e-01
1.350000000000000000e+02 7.793972120233287892e-01
1.370000000000000000e+02 7.811261161724459834e-01
1.390000000000000000e+02 7.827659453548060364e-01
1.410000000000000000e+02 7.843296616964086088e-01
1.430000000000000000e+02 7.858082460356131671e-01
1.450000000000000000e+02 7.871666581041473210e-01
1.470000000000000000e+02 7.884077568174558959e-01
1.490000000000000000e+02 7.895659462638329185e-01
