1.000000000000000000e+00 8.275209835677532766e-04
3.000000000000000000e+00 8.493492909639188682e-04
5.000000000000000000e+00 8.587971962132900927e-04
7.000000000000000000e+00 8.543710428892126174e-04
9.000000000000000000e+00 8.440355334781157737e-04
1.100000000000000000e+01 8.395299256397370513e-04
1.300000000000000000e+01 8.413731500218624149e-04
1.500000000000000000e+01 8.462834859189749537e-04
1.700000000000000000e+01 8.528415241149112092e-04
1.900000000000000000e+01 8.597703909625220575e-04
2.100000000000000000e+01 8.664692469181334289e-04
2.300000000000000000e+01 8.729941650058581359e-04
2.500000000000000000e+01 8.790345089749740382e-04
2.700000000000000000e+01 8.840311983084880865e-04
2.900000000000000000e+01 8.880481643104287670e-04
3.100000000000000000e+01 8.905061593879048942e-04
3.300000000000000000e+01 8.914077627129035619e-04
3.500000000000000000e+01 8.910952817713369001e-04
3.700000000000000000e+01 8.900650709224855461e-04
3.900000000000000000e+01 8.889034754123725790e-04
4.100000000000000000e+01 8.879481846238990173e-04
4.300000000000000000e+01 8.871684382835143268e-04
4.500000000000000000e+01 8.865578351618941255e-04
4.700000000000000000e+01 8.861859493903834206e-04
4.900000000000000000e+01 8.860708519925486470e-04
5.100000000000000000e+01 8.860319894746782055e-04
5.300000000000000000e+01 8.859368179173765512e-04
5.500000000000000000e+01 8.858018600919059793e-04
5.700000000000000000e+01 8.856534383514524933e-04
5.900000000000000000e+01 8.855372991384280468e-04
6.100000000000000000e+01 8.855021153827413727e-04
6.300000000000000000e+01 8.854897067577249814e-04
6.500000000000000000e+01 8.854354497289662618e-04
6.700000000000000000e+01 8.853691978218947156e-04
6.900000000000000000e+01 8.853203349674654277e-04
7.100000000000000000e+01 8.853231150542928418e-04
7.300000000000000000e+01 8.854321511705398606e-04
7.500000000000000000e+01 8.856896963344018658e-04
7.700000000000000000e+01 8.861230653125495849e-04
7.900000000000000000e+01 8.867666541317875684e-04
8.100000000000000000e+01 8.876317926919119472e-04
8.300000000000000000e+01 8.887041371108406196e-04
8.500000000000000000e+01 8.899746064616742558e-04
8.700000000000000000e+01 8.914456449063967725e-04
8.900000000000000000e+01 8.931213626437450870e-04
9.100000000000000000e+01 8.950126926053902920e-04
9.300000000000000000e+01 8.971322099786682713e-04
9.500000000000000000e+01 8.994770804462426383e-04
9.700000000000000000e+01 9.020484216636370789e-04
9.900000000000000000e+01 9.048421161649278233e-04
1.010000000000000000e+02 9.078511688733748031e-04
1.030000000000000000e+02 9.110625236506963986e-04
1.050000000000000000e+02 9.144735774874179768e-04
1.070000000000000000e+02 9.180882675392521008e-04
1.090000000000000000e+02 9.219121193994039842e-04
1.110000000000000000e+02 9.259470308204953426e-04
1.130000000000000000e+02 9.301981487369603840e-04
1.150000000000000000e+02 9.346626431272486712e-04
1.170000000000000000e+02 9.393288988888137681e-04
1.190000000000000000e+02 9.441814663359027193e-04
1.210000000000000000e+02 9.492089364356859349e-04
1.230000000000000000e+02 9.544012845387195298e-04
1.250000000000000000e+02 9.597574006169340421e-04
1.270000000000000000e+02 9.652779334813343937e-04
1.290000000000000000e+02 9.709590152341407432e-04
1.310000000000000000e+02 9.767959368648382323e-04
1.330000000000000000e+02 9.827868173341025582e-04
1.350000000000000000e+02 9.889242295336719835e-04
1.370000000000000000e+02 9.951997855469629783e-04
1.390000000000000000e+02 1.001614126992844689e-03
1.410000000000000000e+02 1.008152801083461725e-03
1.430000000000000000e+02 1.014806306727233931e-03
1.450000000000000000e+02 1.021569450976089755e-03
1.470000000000000000e+02 1.028445060341720563e-03
1.490000000000000000e+02 1.035364525048154682e-03
