1.000000000000000000e+00 0.000000000000000000e+00
3.000000000000000000e+00 0.000000000000000000e+00
5.000000000000000000e+00 0.000000000000000000e+00
7.000000000000000000e+00 5.221769557306465970e-06
9.000000000000000000e+00 3.806234279468689863e-05
1.100000000000000000e+01 8.224476099916167016e-05
1.300000000000000000e+01 1.193854476992939340e-04
1.500000000000000000e+01 1.703820046640158736e-04
1.700000000000000000e+01 2.352366860791654801e-04
1.900000000000000000e+01 3.125239346762898052e-04
2.100000000000000000e+01 3.922166620579092822e-04
2.300000000000000000e+01 4.712759488869622260e-04
2.500000000000000000e+01 5.486701766415080783e-04
2.700000000000000000e+01 6.237906762897038604e-04
2.900000000000000000e+01 6.960619510374410623e-04
3.100000000000000000e+01 7.656280617729382953e-04
3.300000000000000000e+01 8.326414820265526373e-04
3.500000000000000000e+01 8.971892834201966593e-04
3.700000000000000000e+01 9.587449382252311025e-04
3.900000000000000000e+01 1.015236872105362842e-03
4.100000000000000000e+01 1.067225802331539519e-03
4.300000000000000000e+01 1.115668397531188738e-03
4.500000000000000000e+01 1.160984464830705498e-03
4.700000000000000000e+01 1.203787721588245319e-03
4.900000000000000000e+01 1.244777725500356702e-03
5.100000000000000000e+01 1.284389310204692158e-03
5.300000000000000000e+01 1.322829156750415791e-03
5.500000000000000000e+01 1.360369378853532041e-03
5.700000000000000000e+01 1.397244434155453519e-03
5.900000000000000000e+01 1.433586221565197327e-03
6.100000000000000000e+01 1.469559087612704040e-03
6.300000000000000000e+01 1.505229556519882550e-03
6.500000000000000000e+01 1.540380527370044383e-03
6.700000000000000000e+01 1.575060758896462687e-03
6.900000000000000000e+01 1.609374611050262693e-03
7.100000000000000000e+01 1.643300196587427209e-03
7.300000000000000000e+01 1.676746005484064383e-03
7.500000000000000000e+01 1.709698603006182260e-03
7.700000000000000000e+01 1.741990753309274886e-03
7.900000000000000000e+01 1.773594887621299243e-03
8.100000000000000000e+01 1.804653684686075010e-03
8.300000000000000000e+01 1.835068289158137134e-03
8.500000000000000000e+01 1.864846728716007540e-03
8.700000000000000000e+01 1.893901579341217278e-03
8.900000000000000000e+01 1.922105315691369221e-03
9.100000000000000000e+01 1.949411334940531759e-03
9.300000000000000000e+01 1.975911224683879475e-03
9.500000000000000000e+01 2.001577249364006050e-03
9.700000000000000000e+01 2.026471211664659933e-03
9.900000000000000000e+01 2.050648092136397871e-03
1.010000000000000000e+02 2.074223106019235097e-03
1.030000000000000000e+02 2.097294540767569160e-03
1.050000000000000000e+02 2.120036666077851351e-03
1.070000000000000000e+02 2.142593190047503704e-03
1.090000000000000000e+02 2.165097558153750157e-03
1.110000000000000000e+02 2.186353615229896796e-03
1.130000000000000000e+02 2.206452290933080818e-03
1.150000000000000000e+02 2.225456988937057901e-03
1.170000000000000000e+02 2.244670022186756597e-03
1.190000000000000000e+02 2.264184854845252559e-03
1.210000000000000000e+02 2.284128185559564095e-03
1.230000000000000000e+02 2.304723754249393686e-03
1.250000000000000000e+02 2.326187996490980403e-03
1.270000000000000000e+02 2.348504727783473633e-03
1.290000000000000000e+02 2.371677302137165100e-03
1.310000000000000000e+02 2.395732872279787706e-03
1.330000000000000000e+02 2.420636501230588600e-03
1.350000000000000000e+02 2.446266475558345199e-03
1.370000000000000000e+02 2.472694936516806052e-03
1.390000000000000000e+02 2.499965655931690733e-03
1.410000000000000000e+02 2.528199391728436218e-03
1.430000000000000000e+02 2.557399295231577163e-03
1.450000000000000000e+02 2.587619068464719341e-03
1.470000000000000000e+02 2.618684343689503535e-03
1.490000000000000000e+02 2.650732793084809025e-03
