1.000000000000000000e+00 1.917124313529705582e-01
3.000000000000000000e+00 2.150245810531400403e-01
5.000000000000000000e+00 2.248671265788464435e-01
7.000000000000000000e+00 2.299956492928090235e-01
9.000000000000000000e+00 2.333219489974101002e-01
1.100000000000000000e+01 2.358693214270370930e-01
1.300000000000000000e+01 2.380709204740169005e-01
1.500000000000000000e+01 2.401071752407077931e-01
1.700000000000000000e+01 2.420328898271549845e-01
1.900000000000000000e+01 2.438515322464370749e-01
2.100000000000000000e+01 2.455801046422732004e-01
2.300000000000000000e+01 2.472079380767489010e-01
2.500000000000000000e+01 2.487683396785177470e-01
2.700000000000000000e+01 2.502965172489195478e-01
2.900000000000000000e+01 2.518321084206004423e-01
3.100000000000000000e+01 2.534185408003842843e-01
3.300000000000000000e+01 2.550885357361525330e-01
3.500000000000000000e+01 2.568265687655274521e-01
3.700000000000000000e+01 2.586429980927328343e-01
3.900000000000000000e+01 2.605451008500502263e-01
4.100000000000000000e+01 2.625488216620700532e-01
4.300000000000000000e+01 2.646706036666842676e-01
4.500000000000000000e+01 2.669160792614408972e-01
4.700000000000000000e+01 2.692882561324569934e-01
4.900000000000000000e+01 2.717827572975226591e-01
5.100000000000000000e+01 2.743969351034242221e-01
5.300000000000000000e+01 2.771362386347304696e-01
5.500000000000000000e+01 2.800023869233425611e-01
5.700000000000000000e+01 2.830138826434134280e-01
5.900000000000000000e+01 2.861680608239216550e-01
6.100000000000000000e+01 2.894422162019117950e-01
6.300000000000000000e+01 2.928391372561818251e-01
6.500000000000000000e+01 2.963581550589611258e-01
6.700000000000000000e+01 2.999928195016282606e-01
6.900000000000000000e+01 3.037483048996683088e-01
7.100000000000000000e+01 3.076357582918307632e-01
7.300000000000000000e+01 3.116570089209852457e-01
7.500000000000000000e+01 3.158002366781010872e-01
7.700000000000000000e+01 3.200591220228226064e-01
7.900000000000000000e+01 3.244392317049947794e-01
8.100000000000000000e+01 3.289523617934054789e-01
8.300000000000000000e+01 3.335867377338859185e-01
8.500000000000000000e+01 3.383411861867842152e-01
8.700000000000000000e+01 3.432094058899267663e-01
8.900000000000000000e+01 3.481879964631361402e-01
9.100000000000000000e+01 3.532878419834099004e-01
9.300000000000000000e+01 3.585043162238782388e-01
9.500000000000000000e+01 3.638306774215807060e-01
9.700000000000000000e+01 3.692691561409959800e-01
9.900000000000000000e+01 3.748130765555006683e-01
1.010000000000000000e+02 3.804589302010102925e-01
1.030000000000000000e+02 3.861989876984239789e-01
1.050000000000000000e+02 3.920327472716650385e-01
1.070000000000000000e+02 3.979539251512035358e-01
1.090000000000000000e+02 4.039594499393107663e-01
1.110000000000000000e+02 4.100515827872914798e-01
1.130000000000000000e+02 4.162257282400519953e-01
1.150000000000000000e+02 4.224644011320677350e-01
1.170000000000000000e+02 4.287637083805430072e-01
1.190000000000000000e+02 4.351175480326908707e-01
1.210000000000000000e+02 4.415310070594576919e-01
1.230000000000000000e+02 4.479981875244143374e-01
1.250000000000000000e+02 4.545079244257825835e-01
1.270000000000000000e+02 4.610342351997607224e-01
1.290000000000000000e+02 4.675730525977724872e-01
1.310000000000000000e+02 4.741153392841840342e-01
1.330000000000000000e+02 4.806456858723296977e-01
1.350000000000000000e+02 4.871592537876804352e-01
1.370000000000000000e+02 4.936516464126884385e-01
1.390000000000000000e+02 5.001147187118146764e-01
1.410000000000000000e+02 5.065557519318485413e-01
1.430000000000000000e+02 5.129709836080795782e-01
1.450000000000000000e+02 5.193588136923900089e-01
1.470000000000000000e+02 5.256870476134027914e-01
1.490000000000000000e+02 5.319571251569419346e-01
