1.000000000000000000e+00 5.545517720639332460e-01
3.000000000000000000e+00 5.973878793896666428e-01
5.000000000000000000e+00 6.175138896072835948e-01
7.000000000000000000e+00 6.303629624629599748e-01
9.000000000000000000e+00 6.400861374502850865e-01
1.100000000000000000e+01 6.483703253800228161e-01
1.300000000000000000e+01 6.557575344663622019e-01
1.500000000000000000e+01 6.624686843718314844e-01
1.700000000000000000e+01 6.686995922097356271e-01
1.900000000000000000e+01 6.745727019517457901e-01
2.100000000000000000e+01 6.801690771620905185e-01
2.300000000000000000e+01 6.855326846102540728e-01
2.500000000000000000e+01 6.907407249157209161e-01
2.700000000000000000e+01 6.957776187989130889e-01
2.900000000000000000e+01 7.006629510638751057e-01
3.100000000000000000e+01 7.054256825673415054e-01
3.300000000000000000e+01 7.100574355187694309e-01
3.500000000000000000e+01 7.145539410056949148e-01
3.700000000000000000e+01 7.189416615092899532e-01
3.900000000000000000e+01 7.231944744007579029e-01
4.100000000000000000e+01 7.272476466242007165e-01
4.300000000000000000e+01 7.311182523216205320e-01
4.500000000000000000e+01 7.349024909511203685e-01
4.700000000000000000e+01 7.386087678814966528e-01
4.900000000000000000e+01 7.421972140026548148e-01
5.100000000000000000e+01 7.456522437437840267e-01
5.300000000000000000e+01 7.489592223697068007e-01
5.500000000000000000e+01 7.521189635518751304e-01
5.700000000000000000e+01 7.551444935949885862e-01
5.900000000000000000e+01 7.580173004998125297e-01
6.100000000000000000e+01 7.607384347195872420e-01
6.300000000000000000e+01 7.632938729402918288e-01
6.500000000000000000e+01 7.656846425127343814e-01
6.700000000000000000e+01 7.679061510568077065e-01
6.900000000000000000e+01 7.699382660593165895e-01
7.100000000000000000e+01 7.717920287308837057e-01
7.300000000000000000e+01 7.734659337650369171e-01
7.500000000000000000e+01 7.749508860073270888e-01
7.700000000000000000e+01 7.762118687756769386e-01
7.900000000000000000e+01 7.772488098358845132e-01
8.100000000000000000e+01 7.780805070084044761e-01
8.300000000000000000e+01 7.787605961593461190e-01
8.500000000000000000e+01 7.793384261066793606e-01
8.700000000000000000e+01 7.798417232992711501e-01
8.900000000000000000e+01 7.802260369920980265e-01
9.100000000000000000e+01 7.805259602099930971e-01
9.300000000000000000e+01 7.807458451195922189e-01
9.500000000000000000e+01 7.808752289465653584e-01
9.700000000000000000e+01 7.809180297124589387e-01
9.900000000000000000e+01 7.808892296123245425e-01
1.010000000000000000e+02 7.807983330955416967e-01
1.030000000000000000e+02 7.806563879800775263e-01
1.050000000000000000e+02 7.804628177224317565e-01
1.070000000000000000e+02 7.802452277553109106e-01
1.090000000000000000e+02 7.800005625627746131e-01
1.110000000000000000e+02 7.797159526120637230e-01
1.130000000000000000e+02 7.793850867641891611e-01
1.150000000000000000e+02 7.789919118596871916e-01
1.170000000000000000e+02 7.785351801231771285e-01
1.190000000000000000e+02 7.780282954279487129e-01
1.210000000000000000e+02 7.774787302283465706e-01
1.230000000000000000e+02 7.768788829266930485e-01
1.250000000000000000e+02 7.762198342037451848e-01
1.270000000000000000e+02 7.755052021262072159e-01
1.290000000000000000e+02 7.747224536303747300e-01
1.310000000000000000e+02 7.738893576608086855e-01
1.330000000000000000e+02 7.730217308850764191e-01
1.350000000000000000e+02 7.720842133992419365e-01
1.370000000000000000e+02 7.710770816329006738e-01
1.390000000000000000e+02 7.700226283136513139e-01
1.410000000000000000e+02 7.689218655840539540e-01
1.430000000000000000e+02 7.677749959200675933e-01
1.450000000000000000e+02 7.665854534889566807e-01
1.470000000000000000e+02 7.653706913593101291e-01
1.490000000000000000e+02 7.641161571154237997e-01
