1.000000000000000000e+00 7.312614259598060329e-04
3.000000000000000000e+00 7.030265047486272678e-04
5.000000000000000000e+00 6.797484226406247387e-04
7.000000000000000000e+00 6.767096421409490858e-04
9.000000000000000000e+00 6.896945136682930411e-04
1.100000000000000000e+01 7.055977760604958959e-04
1.300000000000000000e+01 7.207378444467060774e-04
1.500000000000000000e+01 7.366263567752939778e-04
1.700000000000000000e+01 7.534895080508752230e-04
1.900000000000000000e+01 7.690413919694272238e-04
2.100000000000000000e+01 7.819195594512828862e-04
2.300000000000000000e+01 7.923438306196572967e-04
2.500000000000000000e+01 8.005105864847816832e-04
2.700000000000000000e+01 8.070001860156494899e-04
2.900000000000000000e+01 8.122132265757642244e-04
3.100000000000000000e+01 8.167578907942729671e-04
3.300000000000000000e+01 8.207910495344750146e-04
3.500000000000000000e+01 8.241972505139694150e-04
3.700000000000000000e+01 8.268312905701513671e-04
3.900000000000000000e+01 8.289142163296903121e-04
4.100000000000000000e+01 8.306306904641846955e-04
4.300000000000000000e+01 8.319941798961005830e-04
4.500000000000000000e+01 8.329922690908375671e-04
4.700000000000000000e+01 8.336830860427024703e-04
4.900000000000000000e+01 8.341789605887939274e-04
5.100000000000000000e+01 8.345941826231051408e-04
5.300000000000000000e+01 8.349877322991750006e-04
5.500000000000000000e+01 8.354466654919567858e-04
5.700000000000000000e+01 8.360166164873561456e-04
5.900000000000000000e+01 8.366294922441674942e-04
6.100000000000000000e+01 8.372741113680248759e-04
6.300000000000000000e+01 8.379411343270026791e-04
6.500000000000000000e+01 8.386516486672546122e-04
6.700000000000000000e+01 8.394107990429278132e-04
6.900000000000000000e+01 8.402528148601096092e-04
7.100000000000000000e+01 8.411648721923237204e-04
7.300000000000000000e+01 8.421600574753940194e-04
7.500000000000000000e+01 8.432239946671860054e-04
7.700000000000000000e+01 8.443586908688516246e-04
7.900000000000000000e+01 8.455488519002463121e-04
8.100000000000000000e+01 8.467947509223083813e-04
8.300000000000000000e+01 8.481133648249317147e-04
8.500000000000000000e+01 8.494962877390044298e-04
8.700000000000000000e+01 8.509422555758039408e-04
8.900000000000000000e+01 8.524662297780816189e-04
9.100000000000000000e+01 8.541116697121653445e-04
9.300000000000000000e+01 8.559166700952136608e-04
9.500000000000000000e+01 8.579065200244873068e-04
9.700000000000000000e+01 8.601009885756960571e-04
9.900000000000000000e+01 8.625237212587233415e-04
1.010000000000000000e+02 8.651920898148368622e-04
1.030000000000000000e+02 8.681199913673776081e-04
1.050000000000000000e+02 8.713078123748774217e-04
1.070000000000000000e+02 8.747526299991426058e-04
1.090000000000000000e+02 8.784729599032869984e-04
1.110000000000000000e+02 8.824673767551249881e-04
1.130000000000000000e+02 8.867220802919462130e-04
1.150000000000000000e+02 8.912346336387155787e-04
1.170000000000000000e+02 8.960111748869126203e-04
1.190000000000000000e+02 9.010429161642186102e-04
1.210000000000000000e+02 9.063252038405966715e-04
1.230000000000000000e+02 9.118422273680648615e-04
1.250000000000000000e+02 9.175903442733002180e-04
1.270000000000000000e+02 9.235615249423290152e-04
1.290000000000000000e+02 9.297645551702427014e-04
1.310000000000000000e+02 9.362263874159726385e-04
1.330000000000000000e+02 9.429604152533244132e-04
1.350000000000000000e+02 9.499757790725205098e-04
1.370000000000000000e+02 9.572716232515432466e-04
1.390000000000000000e+02 9.647090802403779364e-04
1.410000000000000000e+02 9.722813513415307085e-04
1.430000000000000000e+02 9.799818798205128800e-04
1.450000000000000000e+02 9.878121243754867109e-04
1.470000000000000000e+02 9.958990180968241290e-04
1.490000000000000000e+02 1.004234733364417487e-03
