1.000000000000000000e+00 3.402766735570039724e-02
3.000000000000000000e+00 3.569150392818898343e-02
5.000000000000000000e+00 3.675673573029347718e-02
7.000000000000000000e+00 3.764510806311027746e-02
9.000000000000000000e+00 3.845323086223884079e-02
1.100000000000000000e+01 3.919178905909670441e-02
1.300000000000000000e+01 3.989148640772577359e-02
1.500000000000000000e+01 4.058175680758158155e-02
1.700000000000000000e+01 4.127104849411800114e-02
1.900000000000000000e+01 4.194718428128496601e-02
2.100000000000000000e+01 4.260053577977662709e-02
2.300000000000000000e+01 4.322547292328915436e-02
2.500000000000000000e+01 4.381965084241623565e-02
2.700000000000000000e+01 4.438519529394546748e-02
2.900000000000000000e+01 4.492593130158528680e-02
3.100000000000000000e+01 4.544379200097525828e-02
3.300000000000000000e+01 4.594118269168179225e-02
3.500000000000000000e+01 4.642196217841620953e-02
3.700000000000000000e+01 4.688652130229176151e-02
3.900000000000000000e+01 4.733274056154546106e-02
4.100000000000000000e+01 4.776089388827220450e-02
4.300000000000000000e+01 4.817353612978114707e-02
4.500000000000000000e+01 4.857066685683786300e-02
4.700000000000000000e+01 4.894989295059326562e-02
4.900000000000000000e+01 4.931231905283972594e-02
5.100000000000000000e+01 4.965985094030989089e-02
5.300000000000000000e+01 4.999302200867883350e-02
5.500000000000000000e+01 5.031190912268423965e-02
5.700000000000000000e+01 5.061632232423962652e-02
5.900000000000000000e+01 5.090440217221148256e-02
6.100000000000000000e+01 5.117689211876086386e-02
6.300000000000000000e+01 5.143597197059801562e-02
6.500000000000000000e+01 5.168186677402197837e-02
6.700000000000000000e+01 5.191316108805843488e-02
6.900000000000000000e+01 5.212985415563586855e-02
7.100000000000000000e+01 5.233236120858497653e-02
7.300000000000000000e+01 5.252016359742694984e-02
7.500000000000000000e+01 5.269232858546557541e-02
7.700000000000000000e+01 5.284912122645490928e-02
7.900000000000000000e+01 5.299186028417246508e-02
8.100000000000000000e+01 5.312066092134670736e-02
8.300000000000000000e+01 5.323547626495128693e-02
8.500000000000000000e+01 5.333736459449189837e-02
8.700000000000000000e+01 5.342567229403094586e-02
8.900000000000000000e+01 5.350070474357371264e-02
9.100000000000000000e+01 5.356069194582102622e-02
9.300000000000000000e+01 5.360549281854842807e-02
9.500000000000000000e+01 5.363632755711478239e-02
9.700000000000000000e+01 5.365313955195827322e-02
9.900000000000000000e+01 5.365326645743861977e-02
1.010000000000000000e+02 5.363954141151794364e-02
1.030000000000000000e+02 5.361231211955230780e-02
1.050000000000000000e+02 5.357205476286197587e-02
1.070000000000000000e+02 5.351943706298545322e-02
1.090000000000000000e+02 5.345425101018219660e-02
1.110000000000000000e+02 5.337728608354874726e-02
1.130000000000000000e+02 5.328938777888370115e-02
1.150000000000000000e+02 5.319213637537567596e-02
1.170000000000000000e+02 5.308459693070188834e-02
1.190000000000000000e+02 5.296761233307356598e-02
1.210000000000000000e+02 5.284325641986353794e-02
1.230000000000000000e+02 5.271230338921994996e-02
1.250000000000000000e+02 5.257431457009920095e-02
1.270000000000000000e+02 5.243052748669474461e-02
1.290000000000000000e+02 5.228125702166019906e-02
1.310000000000000000e+02 5.212730726064285225e-02
1.330000000000000000e+02 5.196884316059835474e-02
1.350000000000000000e+02 5.180649216497468235e-02
1.370000000000000000e+02 5.164071084819377155e-02
1.390000000000000000e+02 5.147130693834556237e-02
1.410000000000000000e+02 5.129902900727334458e-02
1.430000000000000000e+02 5.112566747961366787e-02
1.450000000000000000e+02 5.095160353857208779e-02
1.470000000000000000e+02 5.077730149024406447e-02
1.490000000000000000e+02 5.060321204000284290e-02
