0.000000000000000000e+00 3.591403096979315279e+01 3.517172521703668053e+01 nan nan nan
1.000000000000000000e+00 3.591403096979315279e+01 3.517308885340046487e+01 nan nan nan
2.000000000000000000e+00 3.591403096979315279e+01 3.517445248976423500e+01 nan nan nan
3.000000000000000000e+00 3.591403096979314569e+01 3.517581612612802644e+01 nan nan nan
4.000000000000000000e+00 3.591403096979314569e+01 3.517717976249180367e+01 nan nan nan
5.000000000000000000e+00 3.591403096979315279e+01 3.517854339885557380e+01 nan nan nan
6.000000000000000000e+00 3.591403096979315279e+01 3.517990703521935814e+01 nan 1.000000000000000000e+00 nan
7.000000000000000000e+00 3.591403096979315279e+01 3.518127067158314247e+01 1.000000000000000000e+00 1.000000000000000000e+00 1.000000000000000000e+00
8.000000000000000000e+00 3.591403096979315279e+01 3.518263430794691971e+01 nan 1.000000000000000000e+00 nan
9.000000000000000000e+00 3.591403096979315279e+01 3.518399794431070404e+01 1.000000000000000000e+00 1.000000000000000000e+00 1.000000000000000000e+00
1.000000000000000000e+01 3.591403096979315279e+01 3.518536158067448838e+01 1.000000000000000000e+00 1.000000000000000000e+00 1.000000000000000000e+00
1.100000000000000000e+01 3.591403096979315279e+01 3.518672521703826561e+01 nan 1.000000000000000000e+00 nan
1.200000000000000000e+01 3.591403096979313858e+01 3.518808885340204284e+01 nan 1.000000000000000000e+00 nan
1.300000000000000000e+01 3.591403096979315279e+01 3.518945248976582718e+01 nan 1.000000000000000000e+00 nan
1.400000000000000000e+01 3.591403096979315279e+01 3.519081612612961862e+01 nan 1.000000000000000000e+00 nan
1.500000000000000000e+01 3.591403096979315279e+01 3.519217976249340296e+01 nan 1.000000000000000000e+00 nan
1.600000000000000000e+01 3.591403096979315279e+01 3.519354339885717309e+01 nan 1.000000000000000000e+00 nan
1.700000000000000000e+01 3.591403096979314569e+01 3.519490703522095743e+01 nan 1.000000000000000000e+00 nan
1.800000000000000000e+01 3.591403096979315279e+01 3.519627067158474887e+01 nan 1.000000000000000000e+00 nan
1.900000000000000000e+01 3.591403096979314569e+01 3.519763430794851189e+01 nan nan nan
2.000000000000000000e+01 3.591403096979315279e+01 3.519899794431229623e+01 nan nan nan
2.100000000000000000e+01 3.591403096979315279e+01 3.520036158067608056e+01 nan nan nan
2.200000000000000000e+01 3.591403096979315279e+01 3.520172521703986490e+01 nan nan nan
2.300000000000000000e+01 3.591403096979315279e+01 3.520308885340362792e+01 nan nan nan
2.400000000000000000e+01 3.591539460615678792e+01 3.517172521703668053e+01 1.000000000000000000e+00 nan nan
2.500000000000000000e+01 3.591539460615678081e+01 3.517308885340046487e+01 1.000000000000000000e+00 nan nan
2.600000000000000000e+01 3.591539460615678081e+01 3.517445248976424210e+01 nan nan nan
2.700000000000000000e+01 3.591539460615678792e+01 3.517581612612802644e+01 nan nan nan
2.800000000000000000e+01 3.591539460615678081e+01 3.517717976249180367e+01 nan nan nan
2.900000000000000000e+01 3.591539460615678792e+01 3.517854339885558801e+01 1.000000000000000000e+00 1.000000000000000000e+00 1.000000000000000000e+00
3.000000000000000000e+01 3.591539460615678792e+01 3.517990703521936524e+01 1.000000000000000000e+00 1.000000000000000000e+00 1.000000000000000000e+00
3.100000000000000000e+01 3.591539460615678792e+01 3.518127067158314247e+01 1.000000000000000000e+00 1.000000000000000000e+00 1.000000000000000000e+00
3.200000000000000000e+01 3.591539460615678792e+01 3.518263430794691971e+01 1.000000000000000000e+00 1.000000000000000000e+00 1.000000000000000000e+00
3.300000000000000000e+01 3.591539460615678792e+01 3.518399794431071115e+01 nan 1.000000000000000000e+00 nan
3.400000000000000000e+01 3.591539460615678792e+01 3.518536158067448838e+01 nan 1.000000000000000000e+00 nan
3.500000000000000000e+01 3.591539460615678081e+01 3.518672521703826561e+01 1.000000000000000000e+00 1.000000000000000000e+00 1.000000000000000000e+00
3.600000000000000000e+01 3.591539460615678081e+01 3.518808885340204284e+01 1.000000000000000000e+00 1.000000000000000000e+00 1.000000000000000000e+00
3.700000000000000000e+01 3.591539460615678792e+01 3.518945248976583429e+01 1.000000000000000000e+00 1.000000000000000000e+00 1.000000000000000000e+00
3.800000000000000000e+01 3.591539460615677370e+01 3.519081612612961152e+01 nan 1.000000000000000000e+00 nan
3.900000000000000000e+01 3.591539460615677370e+01 3.519217976249340296e+01 nan 1.000000000000000000e+00 nan
4.000000000000000000e+01 3.591539460615678792e+01 3.519354339885717309e+01 nan 1.000000000000000000e+00 nan
4.100000000000000000e+01 3.591539460615677370e+01 3.519490703522095743e+01 nan 1.000000000000000000e+00 nan
4.200000000000000000e+01 3.591539460615678792e+01 3.519627067158473466e+01 nan 1.000000000000000000e+00 nan
4.300000000000000000e+01 3.591539460615678081e+01 3.519763430794851899e+01 nan nan nan
4.400000000000000000e+01 3.591539460615678081e+01 3.519899794431229623e+01 nan nan nan
4.500000000000000000e+01 3.591539460615678792e+01 3.520036158067608056e+01 nan nan nan
4.600000000000000000e+01 3.591539460615678792e+01 3.520172521703986490e+01 nan nan nan
4.700000000000000000e+01 3.591539460615677370e+01 3.520308885340364213e+01 nan nan nan
4.800000000000000000e+01 3.591675824252042304e+01 3.517172521703668053e+01 1.000000000000000000e+00 nan nan
4.900000000000000000e+01 3.591675824252041593e+01 3.517308885340046487e+01 1.000000000000000000e+00 nan nan
5.000000000000000000e+01 3.591675824252042304e+01 3.517445248976424210e+01 1.000000000000000000e+00 nan nan
5.100000000000000000e+01 3.591675824252040883e+01 3.517581612612802644e+01 nan nan nan
5.200000000000000000e+01 3.591675824252042304e+01 3.517717976249180367e+01 1.000000000000000000e+00 nan nan
5.300000000000000000e+01 3.591675824252042304e+01 3.517854339885557380e+01 1.000000000000000000e+00 1.000000000000000000e+00 1.000000000000000000e+00
5.400000000000000000e+01 3.591675824252042304e+01 3.517990703521936524e+01 1.000000000000000000e+00 1.000000000000000000e+00 1.000000000000000000e+00
5.500000000000000000e+01 3.591675824252042304e+01 3.518127067158314247e+01 nan 1.000000000000000000e+00 nan
5.600000000000000000e+01 3.591675824252042304e+01 3.518263430794691971e+01 1.000000000000000000e+00 1.000000000000000000e+00 1.000000000000000000e+00
5.700000000000000000e+01 3.591675824252041593e+01 3.518399794431070404e+01 1.000000000000000000e+00 1.000000000000000000e+00 1.000000000000000000e+00
5.800000000000000000e+01 3.591675824252042304e+01 3.518536158067448838e+01 nan 1.000000000000000000e+00 nan
5.900000000000000000e+01 3.591675824252042304e+01 3.518672521703826561e+01 nan 1.000000000000000000e+00 nan
6.000000000000000000e+01 3.591675824252042304e+01 3.518808885340204284e+01 1.000000000000000000e+00 1.000000000000000000e+00 1.000000000000000000e+00
6.100000000000000000e+01 3.591675824252042304e+01 3.518945248976582718e+01 1.000000000000000000e+00 1.000000000000000000e+00 1.000000000000000000e+00
6.200000000000000000e+01 3.591675824252042304e+01 3.519081612612960441e+01 1.000000000000000000e+00 1.000000000000000000e+00 1.000000000000000000e+00
6.300000000000000000e+01 3.591675824252041593e+01 3.519217976249338875e+01 1.000000000000000000e+00 1.000000000000000000e+00 1.000000000000000000e+00
6.400000000000000000e+01 3.591675824252042304e+01 3.519354339885716598e+01 nan 1.000000000000000000e+00 nan
6.500000000000000000e+01 3.591675824252042304e+01 3.519490703522095743e+01 1.000000000000000000e+00 1.000000000000000000e+00 1.000000000000000000e+00
6.600000000000000000e+01 3.591675824252041593e+01 3.519627067158473466e+01 1.000000000000000000e+00 1.000000000000000000e+00 1.000000000000000000e+00
6.700000000000000000e+01 3.591675824252041593e+01 3.519763430794851189e+01 1.000000000000000000e+00 nan nan
6.800000000000000000e+01 3.591675824252041593e+01 3.519899794431229623e+01 nan nan nan
6.900000000000000000e+01 3.591675824252041593e+01 3.520036158067608056e+01 nan nan nan
7.000000000000000000e+01 3.591675824252041593e+01 3.520172521703986490e+01 nan nan nan
7.100000000000000000e+01 3.591675824252042304e+01 3.520308885340362792e+01 nan nan nan
7.200000000000000000e+01 3.591812187888405816e+01 3.517172521703668053e+01 1.000000000000000000e+00 nan nan
7.300000000000000000e+01 3.591812187888405816e+01 3.517308885340046487e+01 1.000000000000000000e+00 nan nan
7.400000000000000000e+01 3.591812187888406527e+01 3.517445248976424210e+01 1.000000000000000000e+00 nan nan
7.500000000000000000e+01 3.591812187888405816e+01 3.517581612612802644e+01 1.000000000000000000e+00 nan nan
7.600000000000000000e+01 3.591812187888405106e+01 3.517717976249180367e+01 1.000000000000000000e+00 nan nan
7.700000000000000000e+01 3.591812187888405106e+01 3.517854339885558801e+01 1.000000000000000000e+00 1.000000000000000000e+00 1.000000000000000000e+00
7.800000000000000000e+01 3.591812187888405816e+01 3.517990703521936524e+01 1.000000000000000000e+00 1.000000000000000000e+00 1.000000000000000000e+00
7.900000000000000000e+01 3.591812187888405106e+01 3.518127067158314247e+01 1.000000000000000000e+00 1.000000000000000000e+00 1.000000000000000000e+00
8.000000000000000000e+01 3.591812187888405816e+01 3.518263430794691971e+01 1.000000000000000000e+00 1.000000000000000000e+00 1.000000000000000000e+00
8.100000000000000000e+01 3.591812187888405816e+01 3.518399794431071115e+01 1.000000000000000000e+00 1.000000000000000000e+00 1.000000000000000000e+00
8.200000000000000000e+01 3.591812187888406527e+01 3.518536158067448838e+01 1.000000000000000000e+00 1.000000000000000000e+00 1.000000000000000000e+00
8.300000000000000000e+01 3.591812187888406527e+01 3.518672521703826561e+01 nan 1.000000000000000000e+00 nan
8.400000000000000000e+01 3.591812187888406527e+01 3.518808885340204284e+01 1.000000000000000000e+00 1.000000000000000000e+00 1.000000000000000000e+00
8.500000000000000000e+01 3.591812187888405816e+01 3.518945248976583429e+01 nan 1.000000000000000000e+00 nan
8.600000000000000000e+01 3.591812187888405816e+01 3.519081612612961152e+01 1.000000000000000000e+00 1.000000000000000000e+00 1.000000000000000000e+00
8.700000000000000000e+01 3.591812187888406527e+01 3.519217976249340296e+01 1.000000000000000000e+00 1.000000000000000000e+00 1.000000000000000000e+00
8.800000000000000000e+01 3.591812187888406527e+01 3.519354339885717309e+01 nan 1.000000000000000000e+00 nan
8.900000000000000000e+01 3.591812187888405816e+01 3.519490703522095743e+01 nan 1.000000000000000000e+00 nan
9.000000000000000000e+01 3.591812187888405816e+01 3.519627067158473466e+01 nan 1.000000000000000000e+00 nan
9.100000000000000000e+01 3.591812187888405106e+01 3.519763430794851899e+01 1.000000000000000000e+00 nan nan
9.200000000000000000e+01 3.591812187888406527e+01 3.519899794431229623e+01 nan nan nan
9.300000000000000000e+01 3.591812187888406527e+01 3.520036158067608056e+01 nan nan nan
9.400000000000000000e+01 3.591812187888405816e+01 3.520172521703986490e+01 nan nan nan
9.500000000000000000e+01 3.591812187888405816e+01 3.520308885340364213e+01 nan nan nan
9.600000000000000000e+01 3.591948551524769329e+01 3.517172521703668053e+01 1.000000000000000000e+00 nan nan
9.700000000000000000e+01 3.591948551524769329e+01 3.517308885340046487e+01 1.000000000000000000e+00 nan nan
9.800000000000000000e+01 3.591948551524768618e+01 3.517445248976423500e+01 1.000000000000000000e+00 nan nan
9.900000000000000000e+01 3.591948551524769329e+01 3.517581612612801933e+01 1.000000000000000000e+00 nan nan
1.000000000000000000e+02 3.591948551524769329e+01 3.517717976249180367e+01 1.000000000000000000e+00 nan nan
1.010000000000000000e+02 3.591948551524767907e+01 3.517854339885558801e+01 1.000000000000000000e+00 1.000000000000000000e+00 1.000000000000000000e+00
1.020000000000000000e+02 3.591948551524769329e+01 3.517990703521936524e+01 1.000000000000000000e+00 1.000000000000000000e+00 1.000000000000000000e+00
1.030000000000000000e+02 3.591948551524768618e+01 3.518127067158313537e+01 1.000000000000000000e+00 1.000000000000000000e+00 1.000000000000000000e+00
1.040000000000000000e+02 3.591948551524769329e+01 3.518263430794691971e+01 1.000000000000000000e+00 1.000000000000000000e+00 1.000000000000000000e+00
1.050000000000000000e+02 3.591948551524769329e+01 3.518399794431071115e+01 1.000000000000000000e+00 1.000000000000000000e+00 1.000000000000000000e+00
1.060000000000000000e+02 3.591948551524769329e+01 3.518536158067449549e+01 1.000000000000000000e+00 1.000000000000000000e+00 1.000000000000000000e+00
1.070000000000000000e+02 3.591948551524768618e+01 3.518672521703826561e+01 1.000000000000000000e+00 1.000000000000000000e+00 1.000000000000000000e+00
1.080000000000000000e+02 3.591948551524768618e+01 3.518808885340204284e+01 1.000000000000000000e+00 1.000000000000000000e+00 1.000000000000000000e+00
1.090000000000000000e+02 3.591948551524769329e+01 3.518945248976582718e+01 1.000000000000000000e+00 1.000000000000000000e+00 1.000000000000000000e+00
1.100000000000000000e+02 3.591948551524768618e+01 3.519081612612961862e+01 1.000000000000000000e+00 1.000000000000000000e+00 1.000000000000000000e+00
1.110000000000000000e+02 3.591948551524769329e+01 3.519217976249339586e+01 1.000000000000000000e+00 1.000000000000000000e+00 1.000000000000000000e+00
1.120000000000000000e+02 3.591948551524769329e+01 3.519354339885717309e+01 1.000000000000000000e+00 1.000000000000000000e+00 1.000000000000000000e+00
1.130000000000000000e+02 3.591948551524769329e+01 3.519490703522095743e+01 1.000000000000000000e+00 1.000000000000000000e+00 1.000000000000000000e+00
1.140000000000000000e+02 3.591948551524769329e+01 3.519627067158474176e+01 1.000000000000000000e+00 1.000000000000000000e+00 1.000000000000000000e+00
1.150000000000000000e+02 3.591948551524770039e+01 3.519763430794851189e+01 1.000000000000000000e+00 nan nan
1.160000000000000000e+02 3.591948551524769329e+01 3.519899794431229623e+01 1.000000000000000000e+00 nan nan
1.170000000000000000e+02 3.591948551524767907e+01 3.520036158067608056e+01 nan nan nan
1.180000000000000000e+02 3.591948551524768618e+01 3.520172521703986490e+01 nan nan nan
1.190000000000000000e+02 3.591948551524769329e+01 3.520308885340363503e+01 nan nan nan
1.200000000000000000e+02 3.592084915161132841e+01 3.517172521703668053e+01 nan nan nan
1.210000000000000000e+02 3.592084915161133551e+01 3.517308885340046487e+01 1.000000000000000000e+00 nan nan
1.220000000000000000e+02 3.592084915161133551e+01 3.517445248976423500e+01 1.000000000000000000e+00 nan nan
1.230000000000000000e+02 3.592084915161133551e+01 3.517581612612801933e+01 1.000000000000000000e+00 nan nan
1.240000000000000000e+02 3.592084915161133551e+01 3.517717976249180367e+01 1.000000000000000000e+00 nan nan
1.250000000000000000e+02 3.592084915161133551e+01 3.517854339885558801e+01 1.000000000000000000e+00 1.000000000000000000e+00 1.000000000000000000e+00
1.260000000000000000e+02 3.592084915161133551e+01 3.517990703521936524e+01 1.000000000000000000e+00 1.000000000000000000e+00 1.000000000000000000e+00
1.270000000000000000e+02 3.592084915161132841e+01 3.518127067158313537e+01 1.000000000000000000e+00 1.000000000000000000e+00 1.000000000000000000e+00
1.280000000000000000e+02 3.592084915161132841e+01 3.518263430794691971e+01 1.000000000000000000e+00 1.000000000000000000e+00 1.000000000000000000e+00
1.290000000000000000e+02 3.592084915161133551e+01 3.518399794431071115e+01 1.000000000000000000e+00 1.000000000000000000e+00 1.000000000000000000e+00
1.300000000000000000e+02 3.592084915161133551e+01 3.518536158067449549e+01 1.000000000000000000e+00 1.000000000000000000e+00 1.000000000000000000e+00
1.310000000000000000e+02 3.592084915161132841e+01 3.518672521703826561e+01 1.000000000000000000e+00 1.000000000000000000e+00 1.000000000000000000e+00
1.320000000000000000e+02 3.592084915161133551e+01 3.518808885340204284e+01 1.000000000000000000e+00 1.000000000000000000e+00 1.000000000000000000e+00
1.330000000000000000e+02 3.592084915161133551e+01 3.518945248976582718e+01 1.000000000000000000e+00 1.000000000000000000e+00 1.000000000000000000e+00
1.340000000000000000e+02 3.592084915161133551e+01 3.519081612612961862e+01 1.000000000000000000e+00 1.000000000000000000e+00 1.000000000000000000e+00
1.350000000000000000e+02 3.592084915161133551e+01 3.519217976249339586e+01 1.000000000000000000e+00 1.000000000000000000e+00 1.000000000000000000e+00
1.360000000000000000e+02 3.592084915161132841e+01 3.519354339885717309e+01 1.000000000000000000e+00 1.000000000000000000e+00 1.000000000000000000e+00
1.370000000000000000e+02 3.592084915161132841e+01 3.519490703522095743e+01 1.000000000000000000e+00 1.000000000000000000e+00 1.000000000000000000e+00
1.380000000000000000e+02 3.592084915161133551e+01 3.519627067158474176e+01 nan 1.000000000000000000e+00 nan
1.390000000000000000e+02 3.592084915161132841e+01 3.519763430794851189e+01 1.000000000000000000e+00 nan nan
1.400000000000000000e+02 3.592084915161133551e+01 3.519899794431229623e+01 nan nan nan
1.410000000000000000e+02 3.592084915161132841e+01 3.520036158067608056e+01 nan nan nan
1.420000000000000000e+02 3.592084915161133551e+01 3.520172521703986490e+01 nan nan nan
1.430000000000000000e+02 3.592084915161132841e+01 3.520308885340363503e+01 nan nan nan
1.440000000000000000e+02 3.592221278797496353e+01 3.517172521703668053e+01 nan nan nan
1.450000000000000000e+02 3.592221278797496353e+01 3.517308885340046487e+01 1.000000000000000000e+00 nan nan
1.460000000000000000e+02 3.592221278797496353e+01 3.517445248976423500e+01 1.000000000000000000e+00 nan nan
1.470000000000000000e+02 3.592221278797496353e+01 3.517581612612801933e+01 1.000000000000000000e+00 nan nan
1.480000000000000000e+02 3.592221278797495643e+01 3.517717976249180367e+01 1.000000000000000000e+00 nan nan
1.490000000000000000e+02 3.592221278797496353e+01 3.517854339885558801e+01 1.000000000000000000e+00 1.000000000000000000e+00 1.000000000000000000e+00
1.500000000000000000e+02 3.592221278797496353e+01 3.517990703521936524e+01 1.000000000000000000e+00 1.000000000000000000e+00 1.000000000000000000e+00
1.510000000000000000e+02 3.592221278797496353e+01 3.518127067158313537e+01 1.000000000000000000e+00 1.000000000000000000e+00 1.000000000000000000e+00
1.520000000000000000e+02 3.592221278797496353e+01 3.518263430794691971e+01 1.000000000000000000e+00 1.000000000000000000e+00 1.000000000000000000e+00
1.530000000000000000e+02 3.592221278797496353e+01 3.518399794431071115e+01 1.000000000000000000e+00 1.000000000000000000e+00 1.000000000000000000e+00
1.540000000000000000e+02 3.592221278797496353e+01 3.518536158067449549e+01 1.000000000000000000e+00 1.000000000000000000e+00 1.000000000000000000e+00
1.550000000000000000e+02 3.592221278797496353e+01 3.518672521703826561e+01 1.000000000000000000e+00 1.000000000000000000e+00 1.000000000000000000e+00
1.560000000000000000e+02 3.592221278797496353e+01 3.518808885340204284e+01 1.000000000000000000e+00 1.000000000000000000e+00 1.000000000000000000e+00
1.570000000000000000e+02 3.592221278797496353e+01 3.518945248976582718e+01 1.000000000000000000e+00 1.000000000000000000e+00 1.000000000000000000e+00
1.580000000000000000e+02 3.592221278797496353e+01 3.519081612612961862e+01 1.000000000000000000e+00 1.000000000000000000e+00 1.000000000000000000e+00
1.590000000000000000e+02 3.592221278797496353e+01 3.519217976249339586e+01 1.000000000000000000e+00 1.000000000000000000e+00 1.000000000000000000e+00
1.600000000000000000e+02 3.592221278797495643e+01 3.519354339885717309e+01 1.000000000000000000e+00 nan nan
1.610000000000000000e+02 3.592221278797495643e+01 3.519490703522095743e+01 1.000000000000000000e+00 nan nan
1.620000000000000000e+02 3.592221278797495643e+01 3.519627067158474176e+01 1.000000000000000000e+00 nan nan
1.630000000000000000e+02 3.592221278797496353e+01 3.519763430794851189e+01 nan nan nan
1.640000000000000000e+02 3.592221278797496353e+01 3.519899794431229623e+01 nan nan nan
1.650000000000000000e+02 3.592221278797496353e+01 3.520036158067608056e+01 nan nan nan
1.660000000000000000e+02 3.592221278797496353e+01 3.520172521703986490e+01 nan nan nan
1.670000000000000000e+02 3.592221278797494932e+01 3.520308885340363503e+01 nan nan nan
1.680000000000000000e+02 3.592357642433859866e+01 3.517172521703668053e+01 nan nan nan
1.690000000000000000e+02 3.592357642433859866e+01 3.517308885340046487e+01 1.000000000000000000e+00 nan nan
1.700000000000000000e+02 3.592357642433859866e+01 3.517445248976424210e+01 1.000000000000000000e+00 nan nan
1.710000000000000000e+02 3.592357642433859866e+01 3.517581612612802644e+01 1.000000000000000000e+00 nan nan
1.720000000000000000e+02 3.592357642433860576e+01 3.517717976249180367e+01 1.000000000000000000e+00 nan nan
1.730000000000000000e+02 3.592357642433859866e+01 3.517854339885558801e+01 1.000000000000000000e+00 1.000000000000000000e+00 1.000000000000000000e+00
1.740000000000000000e+02 3.592357642433859866e+01 3.517990703521936524e+01 1.000000000000000000e+00 1.000000000000000000e+00 1.000000000000000000e+00
1.750000000000000000e+02 3.592357642433859866e+01 3.518127067158314247e+01 1.000000000000000000e+00 1.000000000000000000e+00 1.000000000000000000e+00
1.760000000000000000e+02 3.592357642433859866e+01 3.518263430794691971e+01 1.000000000000000000e+00 1.000000000000000000e+00 1.000000000000000000e+00
1.770000000000000000e+02 3.592357642433859866e+01 3.518399794431071115e+01 1.000000000000000000e+00 1.000000000000000000e+00 1.000000000000000000e+00
1.780000000000000000e+02 3.592357642433859866e+01 3.518536158067448838e+01 1.000000000000000000e+00 1.000000000000000000e+00 1.000000000000000000e+00
1.790000000000000000e+02 3.592357642433859866e+01 3.518672521703826561e+01 1.000000000000000000e+00 1.000000000000000000e+00 1.000000000000000000e+00
1.800000000000000000e+02 3.592357642433859866e+01 3.518808885340204284e+01 1.000000000000000000e+00 1.000000000000000000e+00 1.000000000000000000e+00
1.810000000000000000e+02 3.592357642433859866e+01 3.518945248976583429e+01 1.000000000000000000e+00 1.000000000000000000e+00 1.000000000000000000e+00
1.820000000000000000e+02 3.592357642433859866e+01 3.519081612612961152e+01 1.000000000000000000e+00 1.000000000000000000e+00 1.000000000000000000e+00
1.830000000000000000e+02 3.592357642433859866e+01 3.519217976249340296e+01 1.000000000000000000e+00 1.000000000000000000e+00 1.000000000000000000e+00
1.840000000000000000e+02 3.592357642433859866e+01 3.519354339885717309e+01 1.000000000000000000e+00 nan nan
1.850000000000000000e+02 3.592357642433859866e+01 3.519490703522095743e+01 1.000000000000000000e+00 nan nan
1.860000000000000000e+02 3.592357642433860576e+01 3.519627067158473466e+01 1.000000000000000000e+00 nan nan
1.870000000000000000e+02 3.592357642433859155e+01 3.519763430794851899e+01 nan nan nan
1.880000000000000000e+02 3.592357642433860576e+01 3.519899794431229623e+01 1.000000000000000000e+00 nan nan
1.890000000000000000e+02 3.592357642433859155e+01 3.520036158067608056e+01 nan nan nan
1.900000000000000000e+02 3.592357642433859866e+01 3.520172521703986490e+01 nan nan nan
1.910000000000000000e+02 3.592357642433859866e+01 3.520308885340364213e+01 nan nan nan
1.920000000000000000e+02 3.592494006070223378e+01 3.517172521703668053e+01 nan nan nan
1.930000000000000000e+02 3.592494006070223378e+01 3.517308885340046487e+01 1.000000000000000000e+00 nan nan
1.940000000000000000e+02 3.592494006070223378e+01 3.517445248976424210e+01 nan nan nan
1.950000000000000000e+02 3.592494006070223378e+01 3.517581612612802644e+01 nan nan nan
1.960000000000000000e+02 3.592494006070223378e+01 3.517717976249180367e+01 1.000000000000000000e+00 nan nan
1.970000000000000000e+02 3.592494006070223378e+01 3.517854339885557380e+01 1.000000000000000000e+00 1.000000000000000000e+00 1.000000000000000000e+00
1.980000000000000000e+02 3.592494006070223378e+01 3.517990703521936524e+01 1.000000000000000000e+00 1.000000000000000000e+00 1.000000000000000000e+00
1.990000000000000000e+02 3.592494006070223378e+01 3.518127067158314247e+01 1.000000000000000000e+00 1.000000000000000000e+00 1.000000000000000000e+00
2.000000000000000000e+02 3.592494006070223378e+01 3.518263430794691971e+01 1.000000000000000000e+00 1.000000000000000000e+00 1.000000000000000000e+00
2.010000000000000000e+02 3.592494006070223378e+01 3.518399794431070404e+01 1.000000000000000000e+00 1.000000000000000000e+00 1.000000000000000000e+00
2.020000000000000000e+02 3.592494006070223378e+01 3.518536158067448838e+01 1.000000000000000000e+00 1.000000000000000000e+00 1.000000000000000000e+00
2.030000000000000000e+02 3.592494006070223378e+01 3.518672521703826561e+01 1.000000000000000000e+00 1.000000000000000000e+00 1.000000000000000000e+00
2.040000000000000000e+02 3.592494006070223378e+01 3.518808885340204284e+01 1.000000000000000000e+00 1.000000000000000000e+00 1.000000000000000000e+00
2.050000000000000000e+02 3.592494006070223378e+01 3.518945248976582718e+01 1.000000000000000000e+00 1.000000000000000000e+00 1.000000000000000000e+00
2.060000000000000000e+02 3.592494006070223378e+01 3.519081612612960441e+01 1.000000000000000000e+00 nan nan
2.070000000000000000e+02 3.592494006070223378e+01 3.519217976249338875e+01 1.000000000000000000e+00 nan nan
2.080000000000000000e+02 3.592494006070223378e+01 3.519354339885716598e+01 1.000000000000000000e+00 nan nan
2.090000000000000000e+02 3.592494006070223378e+01 3.519490703522095743e+01 1.000000000000000000e+00 nan nan
2.100000000000000000e+02 3.592494006070223378e+01 3.519627067158473466e+01 1.000000000000000000e+00 nan nan
2.110000000000000000e+02 3.592494006070223378e+01 3.519763430794851189e+01 1.000000000000000000e+00 nan nan
2.120000000000000000e+02 3.592494006070223378e+01 3.519899794431229623e+01 1.000000000000000000e+00 nan nan
2.130000000000000000e+02 3.592494006070224088e+01 3.520036158067608056e+01 nan nan nan
2.140000000000000000e+02 3.592494006070223378e+01 3.520172521703986490e+01 nan nan nan
2.150000000000000000e+02 3.592494006070223378e+01 3.520308885340362792e+01 1.000000000000000000e+00 nan nan
2.160000000000000000e+02 3.592630369706587601e+01 3.517172521703668053e+01 nan nan nan
2.170000000000000000e+02 3.592630369706588311e+01 3.517308885340046487e+01 nan nan nan
2.180000000000000000e+02 3.592630369706587601e+01 3.517445248976424210e+01 nan nan nan
2.190000000000000000e+02 3.592630369706587601e+01 3.517581612612802644e+01 nan nan nan
2.200000000000000000e+02 3.592630369706588311e+01 3.517717976249180367e+01 1.000000000000000000e+00 nan nan
2.210000000000000000e+02 3.592630369706588311e+01 3.517854339885558801e+01 1.000000000000000000e+00 1.000000000000000000e+00 1.000000000000000000e+00
2.220000000000000000e+02 3.592630369706588311e+01 3.517990703521936524e+01 1.000000000000000000e+00 1.000000000000000000e+00 1.000000000000000000e+00
2.230000000000000000e+02 3.592630369706587601e+01 3.518127067158314247e+01 1.000000000000000000e+00 1.000000000000000000e+00 1.000000000000000000e+00
2.240000000000000000e+02 3.592630369706588311e+01 3.518263430794691971e+01 1.000000000000000000e+00 1.000000000000000000e+00 1.000000000000000000e+00
2.250000000000000000e+02 3.592630369706588311e+01 3.518399794431071115e+01 1.000000000000000000e+00 1.000000000000000000e+00 1.000000000000000000e+00
2.260000000000000000e+02 3.592630369706588311e+01 3.518536158067448838e+01 nan 1.000000000000000000e+00 nan
2.270000000000000000e+02 3.592630369706588311e+01 3.518672521703826561e+01 1.000000000000000000e+00 1.000000000000000000e+00 1.000000000000000000e+00
2.280000000000000000e+02 3.592630369706588311e+01 3.518808885340204284e+01 1.000000000000000000e+00 1.000000000000000000e+00 1.000000000000000000e+00
2.290000000000000000e+02 3.592630369706587601e+01 3.518945248976583429e+01 1.000000000000000000e+00 1.000000000000000000e+00 1.000000000000000000e+00
2.300000000000000000e+02 3.592630369706588311e+01 3.519081612612961152e+01 1.000000000000000000e+00 1.000000000000000000e+00 1.000000000000000000e+00
2.310000000000000000e+02 3.592630369706588311e+01 3.519217976249340296e+01 nan 1.000000000000000000e+00 nan
2.320000000000000000e+02 3.592630369706588311e+01 3.519354339885717309e+01 nan 1.000000000000000000e+00 nan
2.330000000000000000e+02 3.592630369706588311e+01 3.519490703522095743e+01 1.000000000000000000e+00 1.000000000000000000e+00 1.000000000000000000e+00
2.340000000000000000e+02 3.592630369706587601e+01 3.519627067158473466e+01 1.000000000000000000e+00 1.000000000000000000e+00 1.000000000000000000e+00
2.350000000000000000e+02 3.592630369706587601e+01 3.519763430794851899e+01 1.000000000000000000e+00 nan nan
2.360000000000000000e+02 3.592630369706588311e+01 3.519899794431229623e+01 nan nan nan
2.370000000000000000e+02 3.592630369706588311e+01 3.520036158067608056e+01 nan nan nan
2.380000000000000000e+02 3.592630369706588311e+01 3.520172521703986490e+01 nan nan nan
2.390000000000000000e+02 3.592630369706587601e+01 3.520308885340364213e+01 nan 1.000000000000000000e+00 nan
2.400000000000000000e+02 3.592766733342951824e+01 3.517172521703668053e+01 nan nan nan
2.410000000000000000e+02 3.592766733342951824e+01 3.517308885340046487e+01 nan nan nan
2.420000000000000000e+02 3.592766733342951824e+01 3.517445248976423500e+01 nan nan nan
2.430000000000000000e+02 3.592766733342951113e+01 3.517581612612802644e+01 1.000000000000000000e+00 nan nan
2.440000000000000000e+02 3.592766733342951824e+01 3.517717976249180367e+01 nan nan nan
2.450000000000000000e+02 3.592766733342951824e+01 3.517854339885557380e+01 nan 1.000000000000000000e+00 nan
2.460000000000000000e+02 3.592766733342951824e+01 3.517990703521935814e+01 1.000000000000000000e+00 1.000000000000000000e+00 1.000000000000000000e+00
2.470000000000000000e+02 3.592766733342951824e+01 3.518127067158314247e+01 1.000000000000000000e+00 1.000000000000000000e+00 1.000000000000000000e+00
2.480000000000000000e+02 3.592766733342951824e+01 3.518263430794691971e+01 1.000000000000000000e+00 1.000000000000000000e+00 1.000000000000000000e+00
2.490000000000000000e+02 3.592766733342951113e+01 3.518399794431070404e+01 1.000000000000000000e+00 1.000000000000000000e+00 1.000000000000000000e+00
2.500000000000000000e+02 3.592766733342951113e+01 3.518536158067448838e+01 nan 1.000000000000000000e+00 nan
2.510000000000000000e+02 3.592766733342951824e+01 3.518672521703826561e+01 1.000000000000000000e+00 1.000000000000000000e+00 1.000000000000000000e+00
2.520000000000000000e+02 3.592766733342951824e+01 3.518808885340204284e+01 nan 1.000000000000000000e+00 nan
2.530000000000000000e+02 3.592766733342951824e+01 3.518945248976582718e+01 1.000000000000000000e+00 1.000000000000000000e+00 1.000000000000000000e+00
2.540000000000000000e+02 3.592766733342951824e+01 3.519081612612961862e+01 nan 1.000000000000000000e+00 nan
2.550000000000000000e+02 3.592766733342951824e+01 3.519217976249340296e+01 1.000000000000000000e+00 1.000000000000000000e+00 1.000000000000000000e+00
2.560000000000000000e+02 3.592766733342951113e+01 3.519354339885717309e+01 nan 1.000000000000000000e+00 nan
2.570000000000000000e+02 3.592766733342950403e+01 3.519490703522095743e+01 nan 1.000000000000000000e+00 nan
2.580000000000000000e+02 3.592766733342951113e+01 3.519627067158474887e+01 1.000000000000000000e+00 1.000000000000000000e+00 1.000000000000000000e+00
2.590000000000000000e+02 3.592766733342951824e+01 3.519763430794851189e+01 1.000000000000000000e+00 nan nan
2.600000000000000000e+02 3.592766733342951824e+01 3.519899794431229623e+01 nan nan nan
2.610000000000000000e+02 3.592766733342951824e+01 3.520036158067608056e+01 nan nan nan
2.620000000000000000e+02 3.592766733342951113e+01 3.520172521703986490e+01 nan nan nan
2.630000000000000000e+02 3.592766733342951113e+01 3.520308885340362792e+01 nan 1.000000000000000000e+00 nan
2.640000000000000000e+02 3.592903096979314626e+01 3.517172521703668053e+01 nan nan nan
2.650000000000000000e+02 3.592903096979314626e+01 3.517308885340046487e+01 nan nan nan
2.660000000000000000e+02 3.592903096979313915e+01 3.517445248976424210e+01 nan nan nan
2.670000000000000000e+02 3.592903096979313915e+01 3.517581612612802644e+01 nan nan nan
2.680000000000000000e+02 3.592903096979314626e+01 3.517717976249180367e+01 nan nan nan
2.690000000000000000e+02 3.592903096979315336e+01 3.517854339885558801e+01 nan 1.000000000000000000e+00 nan
2.700000000000000000e+02 3.592903096979314626e+01 3.517990703521936524e+01 nan 1.000000000000000000e+00 nan
2.710000000000000000e+02 3.592903096979315336e+01 3.518127067158314247e+01 nan 1.000000000000000000e+00 nan
2.720000000000000000e+02 3.592903096979314626e+01 3.518263430794691971e+01 1.000000000000000000e+00 1.000000000000000000e+00 1.000000000000000000e+00
2.730000000000000000e+02 3.592903096979314626e+01 3.518399794431071115e+01 nan 1.000000000000000000e+00 nan
2.740000000000000000e+02 3.592903096979313915e+01 3.518536158067448838e+01 1.000000000000000000e+00 1.000000000000000000e+00 1.000000000000000000e+00
2.750000000000000000e+02 3.592903096979314626e+01 3.518672521703826561e+01 1.000000000000000000e+00 1.000000000000000000e+00 1.000000000000000000e+00
2.760000000000000000e+02 3.592903096979313915e+01 3.518808885340204284e+01 nan 1.000000000000000000e+00 nan
2.770000000000000000e+02 3.592903096979314626e+01 3.518945248976583429e+01 nan 1.000000000000000000e+00 nan
2.780000000000000000e+02 3.592903096979314626e+01 3.519081612612961152e+01 nan 1.000000000000000000e+00 nan
2.790000000000000000e+02 3.592903096979315336e+01 3.519217976249340296e+01 nan 1.000000000000000000e+00 nan
2.800000000000000000e+02 3.592903096979313915e+01 3.519354339885717309e+01 1.000000000000000000e+00 1.000000000000000000e+00 1.000000000000000000e+00
2.810000000000000000e+02 3.592903096979314626e+01 3.519490703522095743e+01 nan 1.000000000000000000e+00 nan
2.820000000000000000e+02 3.592903096979314626e+01 3.519627067158473466e+01 nan 1.000000000000000000e+00 nan
2.830000000000000000e+02 3.592903096979313915e+01 3.519763430794851899e+01 nan 1.000000000000000000e+00 nan
2.840000000000000000e+02 3.592903096979315336e+01 3.519899794431229623e+01 nan 1.000000000000000000e+00 nan
2.850000000000000000e+02 3.592903096979314626e+01 3.520036158067608056e+01 nan 1.000000000000000000e+00 nan
2.860000000000000000e+02 3.592903096979313915e+01 3.520172521703986490e+01 nan 1.000000000000000000e+00 nan
2.870000000000000000e+02 3.592903096979314626e+01 3.520308885340364213e+01 nan 1.000000000000000000e+00 nan
2.880000000000000000e+02 3.593039460615677427e+01 3.517172521703668053e+01 nan nan nan
2.890000000000000000e+02 3.593039460615678138e+01 3.517308885340046487e+01 nan nan nan
2.900000000000000000e+02 3.593039460615678848e+01 3.517445248976424210e+01 nan nan nan
2.910000000000000000e+02 3.593039460615678138e+01 3.517581612612802644e+01 nan nan nan
2.920000000000000000e+02 3.593039460615677427e+01 3.517717976249180367e+01 nan nan nan
2.930000000000000000e+02 3.593039460615677427e+01 3.517854339885558801e+01 nan nan nan
2.940000000000000000e+02 3.593039460615677427e+01 3.517990703521936524e+01 nan 1.000000000000000000e+00 nan
2.950000000000000000e+02 3.593039460615678138e+01 3.518127067158314247e+01 1.000000000000000000e+00 1.000000000000000000e+00 1.000000000000000000e+00
2.960000000000000000e+02 3.593039460615678138e+01 3.518263430794691971e+01 nan 1.000000000000000000e+00 nan
2.970000000000000000e+02 3.593039460615678138e+01 3.518399794431071115e+01 nan 1.000000000000000000e+00 nan
2.980000000000000000e+02 3.593039460615677427e+01 3.518536158067448838e+01 nan 1.000000000000000000e+00 nan
2.990000000000000000e+02 3.593039460615677427e+01 3.518672521703826561e+01 1.000000000000000000e+00 1.000000000000000000e+00 1.000000000000000000e+00
3.000000000000000000e+02 3.593039460615677427e+01 3.518808885340204284e+01 1.000000000000000000e+00 1.000000000000000000e+00 1.000000000000000000e+00
3.010000000000000000e+02 3.593039460615678848e+01 3.518945248976583429e+01 nan 1.000000000000000000e+00 nan
3.020000000000000000e+02 3.593039460615677427e+01 3.519081612612961152e+01 nan 1.000000000000000000e+00 nan
3.030000000000000000e+02 3.593039460615678138e+01 3.519217976249340296e+01 nan 1.000000000000000000e+00 nan
3.040000000000000000e+02 3.593039460615678138e+01 3.519354339885717309e+01 nan 1.000000000000000000e+00 nan
3.050000000000000000e+02 3.593039460615678848e+01 3.519490703522095743e+01 nan 1.000000000000000000e+00 nan
3.060000000000000000e+02 3.593039460615678138e+01 3.519627067158473466e+01 nan 1.000000000000000000e+00 nan
3.070000000000000000e+02 3.593039460615678138e+01 3.519763430794851899e+01 nan 1.000000000000000000e+00 nan
3.080000000000000000e+02 3.593039460615678138e+01 3.519899794431229623e+01 nan 1.000000000000000000e+00 nan
3.090000000000000000e+02 3.593039460615678848e+01 3.520036158067608056e+01 nan 1.000000000000000000e+00 nan
3.100000000000000000e+02 3.593039460615678848e+01 3.520172521703986490e+01 nan 1.000000000000000000e+00 nan
3.110000000000000000e+02 3.593039460615678138e+01 3.520308885340364213e+01 nan 1.000000000000000000e+00 nan
3.120000000000000000e+02 3.593175824252041650e+01 3.517172521703668053e+01 nan nan nan
3.130000000000000000e+02 3.593175824252042361e+01 3.517308885340046487e+01 nan nan nan
3.140000000000000000e+02 3.593175824252042361e+01 3.517445248976423500e+01 nan nan nan
3.150000000000000000e+02 3.593175824252041650e+01 3.517581612612802644e+01 nan nan nan
3.160000000000000000e+02 3.593175824252042361e+01 3.517717976249180367e+01 nan nan nan
3.170000000000000000e+02 3.593175824252041650e+01 3.517854339885557380e+01 nan nan nan
3.180000000000000000e+02 3.593175824252042361e+01 3.517990703521935814e+01 nan 1.000000000000000000e+00 nan
3.190000000000000000e+02 3.593175824252042361e+01 3.518127067158314247e+01 nan 1.000000000000000000e+00 nan
3.200000000000000000e+02 3.593175824252041650e+01 3.518263430794691971e+01 nan 1.000000000000000000e+00 nan
3.210000000000000000e+02 3.593175824252041650e+01 3.518399794431070404e+01 nan 1.000000000000000000e+00 nan
3.220000000000000000e+02 3.593175824252042361e+01 3.518536158067448838e+01 nan 1.000000000000000000e+00 nan
3.230000000000000000e+02 3.593175824252041650e+01 3.518672521703826561e+01 1.000000000000000000e+00 1.000000000000000000e+00 1.000000000000000000e+00
3.240000000000000000e+02 3.593175824252042361e+01 3.518808885340204284e+01 nan 1.000000000000000000e+00 nan
3.250000000000000000e+02 3.593175824252041650e+01 3.518945248976582718e+01 nan 1.000000000000000000e+00 nan
3.260000000000000000e+02 3.593175824252041650e+01 3.519081612612961862e+01 nan 1.000000000000000000e+00 nan
3.270000000000000000e+02 3.593175824252041650e+01 3.519217976249340296e+01 nan 1.000000000000000000e+00 nan
3.280000000000000000e+02 3.593175824252042361e+01 3.519354339885717309e+01 nan 1.000000000000000000e+00 nan
3.290000000000000000e+02 3.593175824252042361e+01 3.519490703522095743e+01 nan 1.000000000000000000e+00 nan
3.300000000000000000e+02 3.593175824252041650e+01 3.519627067158474887e+01 nan 1.000000000000000000e+00 nan
3.310000000000000000e+02 3.593175824252041650e+01 3.519763430794851189e+01 nan 1.000000000000000000e+00 nan
3.320000000000000000e+02 3.593175824252042361e+01 3.519899794431229623e+01 nan 1.000000000000000000e+00 nan
3.330000000000000000e+02 3.593175824252041650e+01 3.520036158067608056e+01 nan 1.000000000000000000e+00 nan
3.340000000000000000e+02 3.593175824252041650e+01 3.520172521703986490e+01 nan 1.000000000000000000e+00 nan
3.350000000000000000e+02 3.593175824252042361e+01 3.520308885340362792e+01 nan 1.000000000000000000e+00 nan
