1.000000000000000000e+00 6.297468354430380000e-01
3.000000000000000000e+00 7.108233877952465640e-01
5.000000000000000000e+00 7.569442740411749249e-01
7.000000000000000000e+00 7.911959395717513832e-01
9.000000000000000000e+00 8.207744617801440157e-01
1.100000000000000000e+01 8.469603210206116950e-01
1.300000000000000000e+01 8.706457667097451392e-01
1.500000000000000000e+01 8.921970605964415491e-01
1.700000000000000000e+01 9.107650307528961653e-01
1.900000000000000000e+01 9.262313423751593611e-01
2.100000000000000000e+01 9.393962560229172087e-01
2.300000000000000000e+01 9.505463125351626408e-01
2.500000000000000000e+01 9.598386844675266261e-01
2.700000000000000000e+01 9.671946182297554984e-01
2.900000000000000000e+01 9.722614560129276828e-01
3.100000000000000000e+01 9.753496627001763120e-01
3.300000000000000000e+01 9.769426470364462878e-01
3.500000000000000000e+01 9.774509313840501479e-01
3.700000000000000000e+01 9.774005962252941826e-01
3.900000000000000000e+01 9.771226826312947589e-01
4.100000000000000000e+01 9.768276895650039870e-01
4.300000000000000000e+01 9.764988565154919531e-01
4.500000000000000000e+01 9.761744329449475455e-01
4.700000000000000000e+01 9.758480317130666659e-01
4.900000000000000000e+01 9.754842484945265291e-01
5.100000000000000000e+01 9.751408940168526662e-01
5.300000000000000000e+01 9.748413936537138058e-01
5.500000000000000000e+01 9.745411026232031482e-01
5.700000000000000000e+01 9.742894152710441791e-01
5.900000000000000000e+01 9.740668706884306749e-01
6.100000000000000000e+01 9.738791334374798936e-01
6.300000000000000000e+01 9.737173752039426367e-01
6.500000000000000000e+01 9.736142452144707082e-01
6.700000000000000000e+01 9.735898275087727649e-01
6.900000000000000000e+01 9.736915234542146136e-01
7.100000000000000000e+01 9.738512097303583248e-01
7.300000000000000000e+01 9.738626843131104049e-01
7.500000000000000000e+01 9.738693191891619749e-01
7.700000000000000000e+01 9.739671997733989617e-01
7.900000000000000000e+01 9.741995626282120568e-01
8.100000000000000000e+01 9.743425546749762134e-01
8.300000000000000000e+01 9.743751977222396832e-01
8.500000000000000000e+01 9.743751977222397942e-01
8.700000000000000000e+01 9.743751977222396832e-01
8.900000000000000000e+01 9.743751977222397942e-01
9.100000000000000000e+01 9.743751977222395722e-01
9.300000000000000000e+01 9.743751977222399052e-01
9.500000000000000000e+01 9.743751977222396832e-01
9.700000000000000000e+01 9.743751977222396832e-01
9.900000000000000000e+01 9.743751977222399052e-01
1.010000000000000000e+02 9.743751977222394611e-01
1.030000000000000000e+02 9.743751977222402383e-01
1.050000000000000000e+02 9.743751977222397942e-01
1.070000000000000000e+02 9.743751977222395722e-01
1.090000000000000000e+02 9.743751977222396832e-01
1.110000000000000000e+02 9.743751977222402383e-01
1.130000000000000000e+02 9.743751977222396832e-01
1.150000000000000000e+02 9.743751977222397942e-01
1.170000000000000000e+02 9.743751977222395722e-01
1.190000000000000000e+02 9.743751977222393501e-01
1.210000000000000000e+02 9.743751977222396832e-01
1.230000000000000000e+02 9.743751977222395722e-01
1.250000000000000000e+02 9.743751977222401273e-01
1.270000000000000000e+02 9.743751977222397942e-01
1.290000000000000000e+02 9.743751977222396832e-01
1.310000000000000000e+02 9.743751977222397942e-01
1.330000000000000000e+02 9.743751977222399052e-01
1.350000000000000000e+02 9.743751977222400162e-01
1.370000000000000000e+02 9.743751977222403493e-01
1.390000000000000000e+02 9.743751977222397942e-01
1.410000000000000000e+02 9.743751977222397942e-01
1.430000000000000000e+02 9.743751977222394611e-01
1.450000000000000000e+02 9.743751977222397942e-01
1.470000000000000000e+02 9.743751977222400162e-01
1.490000000000000000e+02 9.743751977222394611e-01
