1.000000000000000000e+00 3.850723034697467462e-02
3.000000000000000000e+00 4.193942689370810939e-02
5.000000000000000000e+00 4.350225458694678693e-02
7.000000000000000000e+00 4.465382802010808838e-02
9.000000000000000000e+00 4.568900693406474645e-02
1.100000000000000000e+01 4.664814729433353069e-02
1.300000000000000000e+01 4.755971492015520496e-02
1.500000000000000000e+01 4.846707545433570630e-02
1.700000000000000000e+01 4.939212305139972781e-02
1.900000000000000000e+01 5.032570464452623682e-02
2.100000000000000000e+01 5.125131888386480483e-02
2.300000000000000000e+01 5.215416459419064399e-02
2.500000000000000000e+01 5.302994012140793689e-02
2.700000000000000000e+01 5.387851075992078353e-02
2.900000000000000000e+01 5.470220586680241137e-02
3.100000000000000000e+01 5.550055538912601616e-02
3.300000000000000000e+01 5.627510822815462443e-02
3.500000000000000000e+01 5.702855833745246183e-02
3.700000000000000000e+01 5.776401968432254286e-02
3.900000000000000000e+01 5.848539174167677324e-02
4.100000000000000000e+01 5.919527136375202225e-02
4.300000000000000000e+01 5.989431932918731771e-02
4.500000000000000000e+01 6.058561388937089287e-02
4.700000000000000000e+01 6.127170574527174285e-02
4.900000000000000000e+01 6.195308033064272912e-02
5.100000000000000000e+01 6.263032143425339981e-02
5.300000000000000000e+01 6.330381069822965667e-02
5.500000000000000000e+01 6.397400754266591161e-02
5.700000000000000000e+01 6.464059392443088914e-02
5.900000000000000000e+01 6.530357428805033670e-02
6.100000000000000000e+01 6.596263906140809041e-02
6.300000000000000000e+01 6.661810028156245345e-02
6.500000000000000000e+01 6.727074028018487084e-02
6.700000000000000000e+01 6.791978215338589919e-02
6.900000000000000000e+01 6.856552202745780367e-02
7.100000000000000000e+01 6.920887143457521429e-02
7.300000000000000000e+01 6.985030041262463296e-02
7.500000000000000000e+01 7.048985742293278900e-02
7.700000000000000000e+01 7.112799316884332868e-02
7.900000000000000000e+01 7.176491053043199120e-02
8.100000000000000000e+01 7.240067081851975228e-02
8.300000000000000000e+01 7.303489545875185840e-02
8.500000000000000000e+01 7.366793653456538138e-02
8.700000000000000000e+01 7.429789764970495813e-02
8.900000000000000000e+01 7.492495002432342233e-02
9.100000000000000000e+01 7.554862343696877591e-02
9.300000000000000000e+01 7.616818484326282057e-02
9.500000000000000000e+01 7.678378143802977451e-02
9.700000000000000000e+01 7.739498996316529489e-02
9.900000000000000000e+01 7.800204915979624953e-02
1.010000000000000000e+02 7.860335733100076716e-02
1.030000000000000000e+02 7.919936800434290713e-02
1.050000000000000000e+02 7.978997000222731728e-02
1.070000000000000000e+02 8.037455335657961442e-02
1.090000000000000000e+02 8.095351421736840525e-02
1.110000000000000000e+02 8.152848805567924906e-02
1.130000000000000000e+02 8.210028190359441869e-02
1.150000000000000000e+02 8.266728615437246575e-02
1.170000000000000000e+02 8.322967136260939203e-02
1.190000000000000000e+02 8.378803504270460056e-02
1.210000000000000000e+02 8.434226125259070006e-02
1.230000000000000000e+02 8.489303731352160209e-02
1.250000000000000000e+02 8.544233780689602931e-02
1.270000000000000000e+02 8.599070750214476977e-02
1.290000000000000000e+02 8.653764104008376812e-02
1.310000000000000000e+02 8.708576490337383014e-02
1.330000000000000000e+02 8.763565915901871950e-02
1.350000000000000000e+02 8.818803503310856939e-02
1.370000000000000000e+02 8.874309743228714353e-02
1.390000000000000000e+02 8.930125484055473351e-02
1.410000000000000000e+02 8.986307563263540299e-02
1.430000000000000000e+02 9.043035025419943196e-02
1.450000000000000000e+02 9.100330497820108278e-02
1.470000000000000000e+02 9.158210535274047270e-02
1.490000000000000000e+02 9.216736281705661948e-02
