1.000000000000000000e+00 4.184679958027281987e-01
3.000000000000000000e+00 4.810678289294469945e-01
5.000000000000000000e+00 5.117829112010144899e-01
7.000000000000000000e+00 5.303371674234396149e-01
9.000000000000000000e+00 5.441071842055169583e-01
1.100000000000000000e+01 5.556690566120613406e-01
1.300000000000000000e+01 5.662337571954930704e-01
1.500000000000000000e+01 5.762093806861856571e-01
1.700000000000000000e+01 5.855970550903678573e-01
1.900000000000000000e+01 5.944799635532852511e-01
2.100000000000000000e+01 6.029694296378521612e-01
2.300000000000000000e+01 6.111613126502323246e-01
2.500000000000000000e+01 6.191396730567879647e-01
2.700000000000000000e+01 6.269616669947450927e-01
2.900000000000000000e+01 6.346790742293570986e-01
3.100000000000000000e+01 6.423436497162503533e-01
3.300000000000000000e+01 6.499846410702918575e-01
3.500000000000000000e+01 6.576425214277271669e-01
3.700000000000000000e+01 6.652484986778773868e-01
3.900000000000000000e+01 6.727920537949507729e-01
4.100000000000000000e+01 6.802580878098054562e-01
4.300000000000000000e+01 6.876071695182564003e-01
4.500000000000000000e+01 6.948422988858262705e-01
4.700000000000000000e+01 7.019572854910256510e-01
4.900000000000000000e+01 7.089403627918141604e-01
5.100000000000000000e+01 7.157623950047532491e-01
5.300000000000000000e+01 7.224139269073250880e-01
5.500000000000000000e+01 7.288544376034032934e-01
5.700000000000000000e+01 7.350934134053265234e-01
5.900000000000000000e+01 7.411438971624157990e-01
6.100000000000000000e+01 7.469937298760160882e-01
6.300000000000000000e+01 7.526520162921512824e-01
6.500000000000000000e+01 7.581136382537511098e-01
6.700000000000000000e+01 7.633950908061939433e-01
6.900000000000000000e+01 7.684916795406209200e-01
7.100000000000000000e+01 7.734028822748475474e-01
7.300000000000000000e+01 7.781079902508892809e-01
7.500000000000000000e+01 7.825829101888470696e-01
7.700000000000000000e+01 7.868331121358170810e-01
7.900000000000000000e+01 7.908853841739984514e-01
8.100000000000000000e+01 7.947439314910959007e-01
8.300000000000000000e+01 7.984254690668953769e-01
8.500000000000000000e+01 8.019528742294960155e-01
8.700000000000000000e+01 8.053541122987990519e-01
8.900000000000000000e+01 8.086318466961923690e-01
9.100000000000000000e+01 8.117962251428962883e-01
9.300000000000000000e+01 8.148530242017347769e-01
9.500000000000000000e+01 8.178247244698066964e-01
9.700000000000000000e+01 8.207162263619285358e-01
9.900000000000000000e+01 8.235577050433362523e-01
1.010000000000000000e+02 8.263590863799632480e-01
1.030000000000000000e+02 8.290976297004362117e-01
1.050000000000000000e+02 8.317688768758260132e-01
1.070000000000000000e+02 8.344324730176363447e-01
1.090000000000000000e+02 8.370409095947346501e-01
1.110000000000000000e+02 8.396004015575212476e-01
1.130000000000000000e+02 8.421481202028121560e-01
1.150000000000000000e+02 8.446574657266228137e-01
1.170000000000000000e+02 8.470907352486426456e-01
1.190000000000000000e+02 8.494561794100714547e-01
1.210000000000000000e+02 8.517756041381110421e-01
1.230000000000000000e+02 8.540224862513254855e-01
1.250000000000000000e+02 8.561963392300915299e-01
1.270000000000000000e+02 8.582774713539984557e-01
1.290000000000000000e+02 8.603236495069639389e-01
1.310000000000000000e+02 8.623525163407091965e-01
1.330000000000000000e+02 8.643205658788428725e-01
1.350000000000000000e+02 8.662183494991715360e-01
1.370000000000000000e+02 8.679975021404205959e-01
1.390000000000000000e+02 8.696820725382475858e-01
1.410000000000000000e+02 8.712325406634034985e-01
1.430000000000000000e+02 8.726549638471507997e-01
1.450000000000000000e+02 8.739684111378824838e-01
1.470000000000000000e+02 8.751763593287638088e-01
1.490000000000000000e+02 8.762911119974484686e-01
