1.000000000000000000e+00 3.966969583800161736e-02
3.000000000000000000e+00 4.364361881876932525e-02
5.000000000000000000e+00 4.545989058957167206e-02
7.000000000000000000e+00 4.658291270284664609e-02
9.000000000000000000e+00 4.744476346059633975e-02
1.100000000000000000e+01 4.820460722491937133e-02
1.300000000000000000e+01 4.895354284239417098e-02
1.500000000000000000e+01 4.971791256190305486e-02
1.700000000000000000e+01 5.051272989474342445e-02
1.900000000000000000e+01 5.132115562925909646e-02
2.100000000000000000e+01 5.212940158215828568e-02
2.300000000000000000e+01 5.293191901218874396e-02
2.500000000000000000e+01 5.372491789795141859e-02
2.700000000000000000e+01 5.451296096855029472e-02
2.900000000000000000e+01 5.530355266887698740e-02
3.100000000000000000e+01 5.610058247306559664e-02
3.300000000000000000e+01 5.690072577171489954e-02
3.500000000000000000e+01 5.770166219378858319e-02
3.700000000000000000e+01 5.850449696149129242e-02
3.900000000000000000e+01 5.931030860945651906e-02
4.100000000000000000e+01 6.012006328359897900e-02
4.300000000000000000e+01 6.093407436122322274e-02
4.500000000000000000e+01 6.175269306171349282e-02
4.700000000000000000e+01 6.257553802092530315e-02
4.900000000000000000e+01 6.340283345514241553e-02
5.100000000000000000e+01 6.423514279812880812e-02
5.300000000000000000e+01 6.507341453474335680e-02
5.500000000000000000e+01 6.591784307654091624e-02
5.700000000000000000e+01 6.676895386005010646e-02
5.900000000000000000e+01 6.762734898768096858e-02
6.100000000000000000e+01 6.849199648785664341e-02
6.300000000000000000e+01 6.936166749654537611e-02
6.500000000000000000e+01 7.023554823197131203e-02
6.700000000000000000e+01 7.111317385456983331e-02
6.900000000000000000e+01 7.199450133706408739e-02
7.100000000000000000e+01 7.287996877308833277e-02
7.300000000000000000e+01 7.376921201637209879e-02
7.500000000000000000e+01 7.466163624115385034e-02
7.700000000000000000e+01 7.555658969757717003e-02
7.900000000000000000e+01 7.645298136867995087e-02
8.100000000000000000e+01 7.735043892977278013e-02
8.300000000000000000e+01 7.824838998655758715e-02
8.500000000000000000e+01 7.914566799514555218e-02
8.700000000000000000e+01 8.004174638354255578e-02
8.900000000000000000e+01 8.093702433532645735e-02
9.100000000000000000e+01 8.183169797507394705e-02
9.300000000000000000e+01 8.272544504389744979e-02
9.500000000000000000e+01 8.361787028942102573e-02
9.700000000000000000e+01 8.450877646364329809e-02
9.900000000000000000e+01 8.539847383428667005e-02
1.010000000000000000e+02 8.628743342789313431e-02
1.030000000000000000e+02 8.717610256978858274e-02
1.050000000000000000e+02 8.806484684778737027e-02
1.070000000000000000e+02 8.895349088642079405e-02
1.090000000000000000e+02 8.984180117571183288e-02
1.110000000000000000e+02 9.072965211902095373e-02
1.130000000000000000e+02 9.161726825722560363e-02
1.150000000000000000e+02 9.250506782098288916e-02
1.170000000000000000e+02 9.339325189404945604e-02
1.190000000000000000e+02 9.428240705755663864e-02
1.210000000000000000e+02 9.517290592176386177e-02
1.230000000000000000e+02 9.606520829057729749e-02
1.250000000000000000e+02 9.696004479851105806e-02
1.270000000000000000e+02 9.785779070517008904e-02
1.290000000000000000e+02 9.875870492961358327e-02
1.310000000000000000e+02 9.966313975605700648e-02
1.330000000000000000e+02 1.005708965903685526e-01
1.350000000000000000e+02 1.014827474030250976e-01
1.370000000000000000e+02 1.023992675921923112e-01
1.390000000000000000e+02 1.033207348354233668e-01
1.410000000000000000e+02 1.042479061969217025e-01
1.430000000000000000e+02 1.051806773280465901e-01
1.450000000000000000e+02 1.061195428347984082e-01
1.470000000000000000e+02 1.070648929880664291e-01
1.490000000000000000e+02 1.080168616381060875e-01
