1.000000000000000000e+00 3.567260684434632179e-01
3.000000000000000000e+00 4.211709462644765978e-01
5.000000000000000000e+00 4.533573423480060649e-01
7.000000000000000000e+00 4.721496442648266401e-01
9.000000000000000000e+00 4.863536835147620474e-01
1.100000000000000000e+01 4.984723234443605433e-01
1.300000000000000000e+01 5.094480839952890694e-01
1.500000000000000000e+01 5.196828753884095153e-01
1.700000000000000000e+01 5.293462485614515156e-01
1.900000000000000000e+01 5.385105656530986273e-01
2.100000000000000000e+01 5.472214591407869033e-01
2.300000000000000000e+01 5.555391515108937250e-01
2.500000000000000000e+01 5.635600265161272437e-01
2.700000000000000000e+01 5.712803190302442324e-01
2.900000000000000000e+01 5.786897670737257693e-01
3.100000000000000000e+01 5.858964853886046154e-01
3.300000000000000000e+01 5.928807224831292855e-01
3.500000000000000000e+01 5.996758497378915642e-01
3.700000000000000000e+01 6.063208164309363823e-01
3.900000000000000000e+01 6.128708178404441709e-01
4.100000000000000000e+01 6.193491918538791552e-01
4.300000000000000000e+01 6.257014440077266482e-01
4.500000000000000000e+01 6.319222860840301159e-01
4.700000000000000000e+01 6.380033246201358699e-01
4.900000000000000000e+01 6.439335568281159272e-01
5.100000000000000000e+01 6.496899700542335676e-01
5.300000000000000000e+01 6.552634873047886721e-01
5.500000000000000000e+01 6.606979227084024409e-01
5.700000000000000000e+01 6.659632495613503345e-01
5.900000000000000000e+01 6.710196029715738142e-01
6.100000000000000000e+01 6.758700832613522280e-01
6.300000000000000000e+01 6.805237113723495712e-01
6.500000000000000000e+01 6.849678464520276844e-01
6.700000000000000000e+01 6.891801786078353143e-01
6.900000000000000000e+01 6.931532240152091795e-01
7.100000000000000000e+01 6.969141955907378616e-01
7.300000000000000000e+01 7.004840318439427005e-01
7.500000000000000000e+01 7.038812104343575848e-01
7.700000000000000000e+01 7.070938552053027681e-01
7.900000000000000000e+01 7.101399416706350998e-01
8.100000000000000000e+01 7.130366713823166336e-01
8.300000000000000000e+01 7.158044251609039232e-01
8.500000000000000000e+01 7.184384099865495088e-01
8.700000000000000000e+01 7.209505391892334636e-01
8.900000000000000000e+01 7.234041940262596615e-01
9.100000000000000000e+01 7.257765345314456384e-01
9.300000000000000000e+01 7.280760478545177383e-01
9.500000000000000000e+01 7.303000370050118928e-01
9.700000000000000000e+01 7.324428513480847336e-01
9.900000000000000000e+01 7.345053762243571871e-01
1.010000000000000000e+02 7.364918288394672885e-01
1.030000000000000000e+02 7.384007701842458804e-01
1.050000000000000000e+02 7.402444175458939846e-01
1.070000000000000000e+02 7.420133190238242804e-01
1.090000000000000000e+02 7.437204272177354580e-01
1.110000000000000000e+02 7.453718516479590495e-01
1.130000000000000000e+02 7.469333559331616801e-01
1.150000000000000000e+02 7.484303372981109259e-01
1.170000000000000000e+02 7.498686627580273267e-01
1.190000000000000000e+02 7.512581921265547580e-01
1.210000000000000000e+02 7.526085626373407722e-01
1.230000000000000000e+02 7.539052791842147938e-01
1.250000000000000000e+02 7.551466118306220388e-01
1.270000000000000000e+02 7.563257221273991249e-01
1.290000000000000000e+02 7.574256873723381744e-01
1.310000000000000000e+02 7.584273105458227970e-01
1.330000000000000000e+02 7.593352406659147347e-01
1.350000000000000000e+02 7.601749753968471968e-01
1.370000000000000000e+02 7.609606479490675923e-01
1.390000000000000000e+02 7.617111983725104452e-01
1.410000000000000000e+02 7.624398538577427109e-01
1.430000000000000000e+02 7.631964891579545718e-01
1.450000000000000000e+02 7.639684203904418824e-01
1.470000000000000000e+02 7.647249276326966161e-01
1.490000000000000000e+02 7.654422045691401388e-01
