1.000000000000000000e+00 1.259237496892585684e-01
3.000000000000000000e+00 1.485899428523093091e-01
5.000000000000000000e+00 1.589105647128356003e-01
7.000000000000000000e+00 1.645849023619676554e-01
9.000000000000000000e+00 1.682122231056326633e-01
1.100000000000000000e+01 1.707386958156573709e-01
1.300000000000000000e+01 1.725738626003553433e-01
1.500000000000000000e+01 1.738292471841715869e-01
1.700000000000000000e+01 1.746219534604575019e-01
1.900000000000000000e+01 1.749910639799896472e-01
2.100000000000000000e+01 1.749419220598132929e-01
2.300000000000000000e+01 1.745540582228070070e-01
2.500000000000000000e+01 1.739052487986808559e-01
2.700000000000000000e+01 1.730462142031133910e-01
2.900000000000000000e+01 1.720333224018445462e-01
3.100000000000000000e+01 1.709152496081858263e-01
3.300000000000000000e+01 1.697382302311852831e-01
3.500000000000000000e+01 1.685335676742847344e-01
3.700000000000000000e+01 1.673145305140362193e-01
3.900000000000000000e+01 1.660913143955431437e-01
4.100000000000000000e+01 1.649016683271247175e-01
4.300000000000000000e+01 1.637388237034037575e-01
4.500000000000000000e+01 1.625971698579695701e-01
4.700000000000000000e+01 1.615139309272223267e-01
4.900000000000000000e+01 1.604824089844795187e-01
5.100000000000000000e+01 1.594950932644338959e-01
5.300000000000000000e+01 1.585456372225387822e-01
5.500000000000000000e+01 1.576535808375126857e-01
5.700000000000000000e+01 1.568045372154749373e-01
5.900000000000000000e+01 1.559900033764707317e-01
6.100000000000000000e+01 1.552402686366699536e-01
6.300000000000000000e+01 1.545464227008396252e-01
6.500000000000000000e+01 1.539022921345799544e-01
6.700000000000000000e+01 1.533268084798943276e-01
6.900000000000000000e+01 1.528140881687575225e-01
7.100000000000000000e+01 1.523598528672800434e-01
7.300000000000000000e+01 1.519637911507978334e-01
7.500000000000000000e+01 1.516187618319738695e-01
7.700000000000000000e+01 1.513201384030817831e-01
7.900000000000000000e+01 1.510695467757989796e-01
8.100000000000000000e+01 1.508580347452713744e-01
8.300000000000000000e+01 1.506801096511456439e-01
8.500000000000000000e+01 1.505320618676178057e-01
8.700000000000000000e+01 1.504111004280883623e-01
8.900000000000000000e+01 1.503190353403097701e-01
9.100000000000000000e+01 1.502551928230927425e-01
9.300000000000000000e+01 1.502237141274161969e-01
9.500000000000000000e+01 1.502208999310293835e-01
9.700000000000000000e+01 1.502454386705514011e-01
9.900000000000000000e+01 1.502943530152401896e-01
1.010000000000000000e+02 1.503680243228081581e-01
1.030000000000000000e+02 1.504658306023572978e-01
1.050000000000000000e+02 1.505902643585992351e-01
1.070000000000000000e+02 1.507449411197596678e-01
1.090000000000000000e+02 1.509298879199704180e-01
1.110000000000000000e+02 1.511465088310548488e-01
1.130000000000000000e+02 1.513938260439231520e-01
1.150000000000000000e+02 1.516678030685619794e-01
1.170000000000000000e+02 1.519674656982634708e-01
1.190000000000000000e+02 1.522963731388766728e-01
1.210000000000000000e+02 1.526580932688756942e-01
1.230000000000000000e+02 1.530549825534044395e-01
1.250000000000000000e+02 1.534871313160689477e-01
1.270000000000000000e+02 1.539507951979990352e-01
1.290000000000000000e+02 1.544449057665753244e-01
1.310000000000000000e+02 1.549696838512453212e-01
1.330000000000000000e+02 1.555267634363685092e-01
1.350000000000000000e+02 1.561180848761687390e-01
1.370000000000000000e+02 1.567469346852522483e-01
1.390000000000000000e+02 1.574144468331976077e-01
1.410000000000000000e+02 1.581028878858782294e-01
1.430000000000000000e+02 1.588079782628041281e-01
1.450000000000000000e+02 1.595302179410386101e-01
1.470000000000000000e+02 1.602523347302861056e-01
1.490000000000000000e+02 1.609714852756091163e-01
