1.000000000000000000e+00 3.859034267912772043e-01
3.000000000000000000e+00 4.377318815848865174e-01
5.000000000000000000e+00 4.621290043224273170e-01
7.000000000000000000e+00 4.771454766621124888e-01
9.000000000000000000e+00 4.883245738441485129e-01
1.100000000000000000e+01 4.978024582154300104e-01
1.300000000000000000e+01 5.062542265409306630e-01
1.500000000000000000e+01 5.139367816821783785e-01
1.700000000000000000e+01 5.208988766621678312e-01
1.900000000000000000e+01 5.272634064206629390e-01
2.100000000000000000e+01 5.332465303159886760e-01
2.300000000000000000e+01 5.389893710163997653e-01
2.500000000000000000e+01 5.445818361986829448e-01
2.700000000000000000e+01 5.501050462621119852e-01
2.900000000000000000e+01 5.556516654276164591e-01
3.100000000000000000e+01 5.612537221768418849e-01
3.300000000000000000e+01 5.669744811973843612e-01
3.500000000000000000e+01 5.728433311498148939e-01
3.700000000000000000e+01 5.788889691800147563e-01
3.900000000000000000e+01 5.850841345235190394e-01
4.100000000000000000e+01 5.914284487727774486e-01
4.300000000000000000e+01 5.979026290578781655e-01
4.500000000000000000e+01 6.044920346287376844e-01
4.700000000000000000e+01 6.111435752951636102e-01
4.900000000000000000e+01 6.177914687492069845e-01
5.100000000000000000e+01 6.244119620659049907e-01
5.300000000000000000e+01 6.309985965021346344e-01
5.500000000000000000e+01 6.375403909880598130e-01
5.700000000000000000e+01 6.440131882032669175e-01
5.900000000000000000e+01 6.503935693363349646e-01
6.100000000000000000e+01 6.566749446735727913e-01
6.300000000000000000e+01 6.628611048142873940e-01
6.500000000000000000e+01 6.689572080033943102e-01
6.700000000000000000e+01 6.749343546280184292e-01
6.900000000000000000e+01 6.807986093561155805e-01
7.100000000000000000e+01 6.865042938338474787e-01
7.300000000000000000e+01 6.920471247443968910e-01
7.500000000000000000e+01 6.974218013774273750e-01
7.700000000000000000e+01 7.026290595483561940e-01
7.900000000000000000e+01 7.076968313284708323e-01
8.100000000000000000e+01 7.126384911378306208e-01
8.300000000000000000e+01 7.174565556362315633e-01
8.500000000000000000e+01 7.221383279606260475e-01
8.700000000000000000e+01 7.266184749513288077e-01
8.900000000000000000e+01 7.309507862603386030e-01
9.100000000000000000e+01 7.351237697779647862e-01
9.300000000000000000e+01 7.391324134649908117e-01
9.500000000000000000e+01 7.429905834847252422e-01
9.700000000000000000e+01 7.467124001940960154e-01
9.900000000000000000e+01 7.503093803343392487e-01
1.010000000000000000e+02 7.537652627414389572e-01
1.030000000000000000e+02 7.571023923195570049e-01
1.050000000000000000e+02 7.603288804811997315e-01
1.070000000000000000e+02 7.634537138781173349e-01
1.090000000000000000e+02 7.664771840684730941e-01
1.110000000000000000e+02 7.694129241853059353e-01
1.130000000000000000e+02 7.722732501412978845e-01
1.150000000000000000e+02 7.750855633422906177e-01
1.170000000000000000e+02 7.778278609545924427e-01
1.190000000000000000e+02 7.805018395536369447e-01
1.210000000000000000e+02 7.830823295576401222e-01
1.230000000000000000e+02 7.855711167565846420e-01
1.250000000000000000e+02 7.880319386649273783e-01
1.270000000000000000e+02 7.904670981650587791e-01
1.290000000000000000e+02 7.927952357633381020e-01
1.310000000000000000e+02 7.950169877773292093e-01
1.330000000000000000e+02 7.971405568507562434e-01
1.350000000000000000e+02 7.991940256854050961e-01
1.370000000000000000e+02 8.011172319483463866e-01
1.390000000000000000e+02 8.029572200254075920e-01
1.410000000000000000e+02 8.046597045708565599e-01
1.430000000000000000e+02 8.062292647008434399e-01
1.450000000000000000e+02 8.076868315118703734e-01
1.470000000000000000e+02 8.090416532471220723e-01
1.490000000000000000e+02 8.102804969631760557e-01
