1.000000000000000000e+00 1.336511260107142718e-04
3.000000000000000000e+00 1.359668755595011547e-04
5.000000000000000000e+00 1.381127578720109383e-04
7.000000000000000000e+00 1.445268795240428616e-04
9.000000000000000000e+00 1.550098785866316220e-04
1.100000000000000000e+01 1.647989955013695607e-04
1.300000000000000000e+01 1.731644379329155825e-04
1.500000000000000000e+01 1.804886871582533914e-04
1.700000000000000000e+01 1.869002416320375559e-04
1.900000000000000000e+01 1.925317349550370594e-04
2.100000000000000000e+01 1.975086890110278048e-04
2.300000000000000000e+01 2.019870219653885357e-04
2.500000000000000000e+01 2.061532485208017462e-04
2.700000000000000000e+01 2.100535979479012383e-04
2.900000000000000000e+01 2.137524533066814669e-04
3.100000000000000000e+01 2.172785841535462836e-04
3.300000000000000000e+01 2.206447292176783037e-04
3.500000000000000000e+01 2.238356391371931764e-04
3.700000000000000000e+01 2.268662154240042028e-04
3.900000000000000000e+01 2.297683708738507136e-04
4.100000000000000000e+01 2.326148807028083354e-04
4.300000000000000000e+01 2.354501240594553124e-04
4.500000000000000000e+01 2.383195079642685954e-04
4.700000000000000000e+01 2.412129915192462448e-04
4.900000000000000000e+01 2.441594279141146018e-04
5.100000000000000000e+01 2.472470187193653857e-04
5.300000000000000000e+01 2.504939374304848698e-04
5.500000000000000000e+01 2.538995260153997791e-04
5.700000000000000000e+01 2.574951210116971367e-04
5.900000000000000000e+01 2.613155370756459206e-04
6.100000000000000000e+01 2.653922631059568715e-04
6.300000000000000000e+01 2.697499428888638917e-04
6.500000000000000000e+01 2.743886371919801448e-04
6.700000000000000000e+01 2.793080893527255526e-04
6.900000000000000000e+01 2.845853103634610193e-04
7.100000000000000000e+01 2.902688896955218922e-04
7.300000000000000000e+01 2.963451508272152424e-04
7.500000000000000000e+01 3.028069307381420217e-04
7.700000000000000000e+01 3.096919872205283752e-04
7.900000000000000000e+01 3.170356281593234016e-04
8.100000000000000000e+01 3.249071628695920921e-04
8.300000000000000000e+01 3.333015131715688639e-04
8.500000000000000000e+01 3.422120957111696171e-04
8.700000000000000000e+01 3.516376611560900756e-04
8.900000000000000000e+01 3.615788384148110879e-04
9.100000000000000000e+01 3.720337864895340019e-04
9.300000000000000000e+01 3.829962907250239468e-04
9.500000000000000000e+01 3.944541069338391992e-04
9.700000000000000000e+01 4.064049190437568626e-04
9.900000000000000000e+01 4.188436242115178842e-04
1.010000000000000000e+02 4.317418063185529675e-04
1.030000000000000000e+02 4.450647651168537777e-04
1.050000000000000000e+02 4.587827695232693515e-04
1.070000000000000000e+02 4.728706129656368162e-04
1.090000000000000000e+02 4.873055989783603437e-04
1.110000000000000000e+02 5.020697022150022448e-04
1.130000000000000000e+02 5.171398360646062287e-04
1.150000000000000000e+02 5.324524342570358115e-04
1.170000000000000000e+02 5.479997771842270993e-04
1.190000000000000000e+02 5.637647090475095268e-04
1.210000000000000000e+02 5.797735560361116924e-04
1.230000000000000000e+02 5.960118244914269781e-04
1.250000000000000000e+02 6.124486738958712095e-04
1.270000000000000000e+02 6.290491250428020820e-04
1.290000000000000000e+02 6.457998970055278676e-04
1.310000000000000000e+02 6.626910362380611375e-04
1.330000000000000000e+02 6.797090538986916286e-04
1.350000000000000000e+02 6.968376902913853144e-04
1.370000000000000000e+02 7.140653090285109528e-04
1.390000000000000000e+02 7.313851936013859856e-04
1.410000000000000000e+02 7.487946878204088108e-04
1.430000000000000000e+02 7.662865237051397216e-04
1.450000000000000000e+02 7.838582595594001390e-04
1.470000000000000000e+02 8.015135164378683896e-04
1.490000000000000000e+02 8.192500550060488607e-04
