0.000000000000000000e+00 3.590936559503727921e+01 3.516902059667506819e+01 nan 1.000000000000000000e+00 nan
1.000000000000000000e+00 3.590936559503727921e+01 3.517038423303885253e+01 1.000000000000000000e+00 1.000000000000000000e+00 1.000000000000000000e+00
2.000000000000000000e+00 3.590936559503728631e+01 3.517174786940262265e+01 nan 1.000000000000000000e+00 nan
3.000000000000000000e+00 3.590936559503727921e+01 3.517311150576640699e+01 nan 1.000000000000000000e+00 nan
4.000000000000000000e+00 3.590936559503727921e+01 3.517447514213019133e+01 nan 1.000000000000000000e+00 nan
5.000000000000000000e+00 3.590936559503727921e+01 3.517583877849397567e+01 1.000000000000000000e+00 1.000000000000000000e+00 1.000000000000000000e+00
6.000000000000000000e+00 3.590936559503727921e+01 3.517720241485774579e+01 nan 1.000000000000000000e+00 nan
7.000000000000000000e+00 3.590936559503729342e+01 3.517856605122153013e+01 nan 1.000000000000000000e+00 nan
8.000000000000000000e+00 3.590936559503728631e+01 3.517992968758530736e+01 nan 1.000000000000000000e+00 nan
9.000000000000000000e+00 3.590936559503728631e+01 3.518129332394910591e+01 nan 1.000000000000000000e+00 nan
1.000000000000000000e+01 3.590936559503728631e+01 3.518265696031287604e+01 nan 1.000000000000000000e+00 nan
1.100000000000000000e+01 3.590936559503728631e+01 3.518402059667665327e+01 nan 1.000000000000000000e+00 nan
1.200000000000000000e+01 3.590936559503727921e+01 3.518538423304043050e+01 nan 1.000000000000000000e+00 nan
1.300000000000000000e+01 3.590936559503727921e+01 3.518674786940421484e+01 nan 1.000000000000000000e+00 nan
1.400000000000000000e+01 3.590936559503729342e+01 3.518811150576799207e+01 nan 1.000000000000000000e+00 nan
1.500000000000000000e+01 3.590936559503729342e+01 3.518947514213176930e+01 nan 1.000000000000000000e+00 nan
1.600000000000000000e+01 3.590936559503727921e+01 3.519083877849556075e+01 nan 1.000000000000000000e+00 nan
1.700000000000000000e+01 3.590936559503728631e+01 3.519220241485934508e+01 nan 1.000000000000000000e+00 nan
1.800000000000000000e+01 3.590936559503728631e+01 3.519356605122311521e+01 nan 1.000000000000000000e+00 nan
1.900000000000000000e+01 3.590936559503728631e+01 3.519492968758689955e+01 nan 1.000000000000000000e+00 nan
2.000000000000000000e+01 3.590936559503728631e+01 3.519629332395068388e+01 nan 1.000000000000000000e+00 nan
2.100000000000000000e+01 3.590936559503727921e+01 3.519765696031446822e+01 nan 1.000000000000000000e+00 nan
2.200000000000000000e+01 3.590936559503728631e+01 3.519902059667824545e+01 nan 1.000000000000000000e+00 nan
2.300000000000000000e+01 3.590936559503727921e+01 3.520038423304201558e+01 nan 1.000000000000000000e+00 nan
2.400000000000000000e+01 3.590936559503727921e+01 3.520174786940580702e+01 nan 1.000000000000000000e+00 nan
2.500000000000000000e+01 3.590936559503729342e+01 3.520311150576959136e+01 nan 1.000000000000000000e+00 nan
2.600000000000000000e+01 3.591072923140092854e+01 3.516902059667506819e+01 1.000000000000000000e+00 1.000000000000000000e+00 1.000000000000000000e+00
2.700000000000000000e+01 3.591072923140092854e+01 3.517038423303885253e+01 1.000000000000000000e+00 1.000000000000000000e+00 1.000000000000000000e+00
2.800000000000000000e+01 3.591072923140092854e+01 3.517174786940262976e+01 1.000000000000000000e+00 1.000000000000000000e+00 1.000000000000000000e+00
2.900000000000000000e+01 3.591072923140092144e+01 3.517311150576640699e+01 1.000000000000000000e+00 1.000000000000000000e+00 1.000000000000000000e+00
3.000000000000000000e+01 3.591072923140092144e+01 3.517447514213019133e+01 1.000000000000000000e+00 1.000000000000000000e+00 1.000000000000000000e+00
3.100000000000000000e+01 3.591072923140092144e+01 3.517583877849397567e+01 nan 1.000000000000000000e+00 nan
3.200000000000000000e+01 3.591072923140092854e+01 3.517720241485773869e+01 nan 1.000000000000000000e+00 nan
3.300000000000000000e+01 3.591072923140092144e+01 3.517856605122152303e+01 nan 1.000000000000000000e+00 nan
3.400000000000000000e+01 3.591072923140092854e+01 3.517992968758530736e+01 nan 1.000000000000000000e+00 nan
3.500000000000000000e+01 3.591072923140092144e+01 3.518129332394909881e+01 nan 1.000000000000000000e+00 nan
3.600000000000000000e+01 3.591072923140092854e+01 3.518265696031287604e+01 nan 1.000000000000000000e+00 nan
3.700000000000000000e+01 3.591072923140092144e+01 3.518402059667665327e+01 nan 1.000000000000000000e+00 nan
3.800000000000000000e+01 3.591072923140092144e+01 3.518538423304043761e+01 nan 1.000000000000000000e+00 nan
3.900000000000000000e+01 3.591072923140092144e+01 3.518674786940422194e+01 nan 1.000000000000000000e+00 nan
4.000000000000000000e+01 3.591072923140092144e+01 3.518811150576799918e+01 nan 1.000000000000000000e+00 nan
4.100000000000000000e+01 3.591072923140092854e+01 3.518947514213177641e+01 nan 1.000000000000000000e+00 nan
4.200000000000000000e+01 3.591072923140092144e+01 3.519083877849556075e+01 nan 1.000000000000000000e+00 nan
4.300000000000000000e+01 3.591072923140092854e+01 3.519220241485933798e+01 nan 1.000000000000000000e+00 nan
4.400000000000000000e+01 3.591072923140092854e+01 3.519356605122310810e+01 nan 1.000000000000000000e+00 nan
4.500000000000000000e+01 3.591072923140092854e+01 3.519492968758689955e+01 nan 1.000000000000000000e+00 nan
4.600000000000000000e+01 3.591072923140092144e+01 3.519629332395067678e+01 nan 1.000000000000000000e+00 nan
4.700000000000000000e+01 3.591072923140092144e+01 3.519765696031446112e+01 nan 1.000000000000000000e+00 nan
4.800000000000000000e+01 3.591072923140092144e+01 3.519902059667823124e+01 nan 1.000000000000000000e+00 nan
4.900000000000000000e+01 3.591072923140092854e+01 3.520038423304202979e+01 nan 1.000000000000000000e+00 nan
5.000000000000000000e+01 3.591072923140092854e+01 3.520174786940580702e+01 nan 1.000000000000000000e+00 nan
5.100000000000000000e+01 3.591072923140092144e+01 3.520311150576959136e+01 nan 1.000000000000000000e+00 nan
5.200000000000000000e+01 3.591209286776455656e+01 3.516902059667506819e+01 nan 1.000000000000000000e+00 nan
5.300000000000000000e+01 3.591209286776456366e+01 3.517038423303885253e+01 nan 1.000000000000000000e+00 nan
5.400000000000000000e+01 3.591209286776456366e+01 3.517174786940262976e+01 1.000000000000000000e+00 1.000000000000000000e+00 1.000000000000000000e+00
5.500000000000000000e+01 3.591209286776456366e+01 3.517311150576640699e+01 1.000000000000000000e+00 1.000000000000000000e+00 1.000000000000000000e+00
5.600000000000000000e+01 3.591209286776456366e+01 3.517447514213019133e+01 1.000000000000000000e+00 1.000000000000000000e+00 1.000000000000000000e+00
5.700000000000000000e+01 3.591209286776456366e+01 3.517583877849397567e+01 1.000000000000000000e+00 1.000000000000000000e+00 1.000000000000000000e+00
5.800000000000000000e+01 3.591209286776455656e+01 3.517720241485773869e+01 1.000000000000000000e+00 1.000000000000000000e+00 1.000000000000000000e+00
5.900000000000000000e+01 3.591209286776455656e+01 3.517856605122152303e+01 nan 1.000000000000000000e+00 nan
6.000000000000000000e+01 3.591209286776456366e+01 3.517992968758530736e+01 nan 1.000000000000000000e+00 nan
6.100000000000000000e+01 3.591209286776455656e+01 3.518129332394909881e+01 nan 1.000000000000000000e+00 nan
6.200000000000000000e+01 3.591209286776456366e+01 3.518265696031287604e+01 nan 1.000000000000000000e+00 nan
6.300000000000000000e+01 3.591209286776456366e+01 3.518402059667665327e+01 nan 1.000000000000000000e+00 nan
6.400000000000000000e+01 3.591209286776456366e+01 3.518538423304043761e+01 nan 1.000000000000000000e+00 nan
6.500000000000000000e+01 3.591209286776456366e+01 3.518674786940422194e+01 nan 1.000000000000000000e+00 nan
6.600000000000000000e+01 3.591209286776456366e+01 3.518811150576799918e+01 nan 1.000000000000000000e+00 nan
6.700000000000000000e+01 3.591209286776456366e+01 3.518947514213177641e+01 nan 1.000000000000000000e+00 nan
6.800000000000000000e+01 3.591209286776456366e+01 3.519083877849556075e+01 nan 1.000000000000000000e+00 nan
6.900000000000000000e+01 3.591209286776456366e+01 3.519220241485933798e+01 nan 1.000000000000000000e+00 nan
7.000000000000000000e+01 3.591209286776455656e+01 3.519356605122310810e+01 nan 1.000000000000000000e+00 nan
7.100000000000000000e+01 3.591209286776455656e+01 3.519492968758689955e+01 nan 1.000000000000000000e+00 nan
7.200000000000000000e+01 3.591209286776456366e+01 3.519629332395067678e+01 nan 1.000000000000000000e+00 nan
7.300000000000000000e+01 3.591209286776455656e+01 3.519765696031446112e+01 nan 1.000000000000000000e+00 nan
7.400000000000000000e+01 3.591209286776456366e+01 3.519902059667823124e+01 nan 1.000000000000000000e+00 nan
7.500000000000000000e+01 3.591209286776455656e+01 3.520038423304202979e+01 nan 1.000000000000000000e+00 nan
7.600000000000000000e+01 3.591209286776456366e+01 3.520174786940580702e+01 nan 1.000000000000000000e+00 nan
7.700000000000000000e+01 3.591209286776456366e+01 3.520311150576959136e+01 nan 1.000000000000000000e+00 nan
7.800000000000000000e+01 3.591345650412820589e+01 3.516902059667507530e+01 1.000000000000000000e+00 1.000000000000000000e+00 1.000000000000000000e+00
7.900000000000000000e+01 3.591345650412819879e+01 3.517038423303884542e+01 1.000000000000000000e+00 1.000000000000000000e+00 1.000000000000000000e+00
8.000000000000000000e+01 3.591345650412820589e+01 3.517174786940262976e+01 1.000000000000000000e+00 1.000000000000000000e+00 1.000000000000000000e+00
8.100000000000000000e+01 3.591345650412821300e+01 3.517311150576640699e+01 1.000000000000000000e+00 1.000000000000000000e+00 1.000000000000000000e+00
8.200000000000000000e+01 3.591345650412820589e+01 3.517447514213019133e+01 1.000000000000000000e+00 1.000000000000000000e+00 1.000000000000000000e+00
8.300000000000000000e+01 3.591345650412820589e+01 3.517583877849396146e+01 1.000000000000000000e+00 1.000000000000000000e+00 1.000000000000000000e+00
8.400000000000000000e+01 3.591345650412820589e+01 3.517720241485774579e+01 nan 1.000000000000000000e+00 nan
8.500000000000000000e+01 3.591345650412821300e+01 3.517856605122153013e+01 nan 1.000000000000000000e+00 nan
8.600000000000000000e+01 3.591345650412820589e+01 3.517992968758530736e+01 nan 1.000000000000000000e+00 nan
8.700000000000000000e+01 3.591345650412820589e+01 3.518129332394910591e+01 nan 1.000000000000000000e+00 nan
8.800000000000000000e+01 3.591345650412821300e+01 3.518265696031287604e+01 nan 1.000000000000000000e+00 nan
8.900000000000000000e+01 3.591345650412820589e+01 3.518402059667665327e+01 nan 1.000000000000000000e+00 nan
9.000000000000000000e+01 3.591345650412820589e+01 3.518538423304043761e+01 nan 1.000000000000000000e+00 nan
9.100000000000000000e+01 3.591345650412820589e+01 3.518674786940422194e+01 nan 1.000000000000000000e+00 nan
9.200000000000000000e+01 3.591345650412820589e+01 3.518811150576799918e+01 nan 1.000000000000000000e+00 nan
9.300000000000000000e+01 3.591345650412820589e+01 3.518947514213176930e+01 nan 1.000000000000000000e+00 nan
9.400000000000000000e+01 3.591345650412820589e+01 3.519083877849556075e+01 nan 1.000000000000000000e+00 nan
9.500000000000000000e+01 3.591345650412821300e+01 3.519220241485934508e+01 nan 1.000000000000000000e+00 nan
9.600000000000000000e+01 3.591345650412820589e+01 3.519356605122310810e+01 nan 1.000000000000000000e+00 nan
9.700000000000000000e+01 3.591345650412820589e+01 3.519492968758689955e+01 nan 1.000000000000000000e+00 nan
9.800000000000000000e+01 3.591345650412821300e+01 3.519629332395068388e+01 nan 1.000000000000000000e+00 nan
9.900000000000000000e+01 3.591345650412820589e+01 3.519765696031446112e+01 nan 1.000000000000000000e+00 nan
1.000000000000000000e+02 3.591345650412819879e+01 3.519902059667823124e+01 nan 1.000000000000000000e+00 nan
1.010000000000000000e+02 3.591345650412821300e+01 3.520038423304202979e+01 nan 1.000000000000000000e+00 nan
1.020000000000000000e+02 3.591345650412820589e+01 3.520174786940580702e+01 nan 1.000000000000000000e+00 nan
1.030000000000000000e+02 3.591345650412820589e+01 3.520311150576958426e+01 nan 1.000000000000000000e+00 nan
1.040000000000000000e+02 3.591482014049183391e+01 3.516902059667507530e+01 1.000000000000000000e+00 1.000000000000000000e+00 1.000000000000000000e+00
1.050000000000000000e+02 3.591482014049183391e+01 3.517038423303884542e+01 1.000000000000000000e+00 1.000000000000000000e+00 1.000000000000000000e+00
1.060000000000000000e+02 3.591482014049182681e+01 3.517174786940262976e+01 1.000000000000000000e+00 1.000000000000000000e+00 1.000000000000000000e+00
1.070000000000000000e+02 3.591482014049183391e+01 3.517311150576640699e+01 1.000000000000000000e+00 1.000000000000000000e+00 1.000000000000000000e+00
1.080000000000000000e+02 3.591482014049183391e+01 3.517447514213019133e+01 1.000000000000000000e+00 1.000000000000000000e+00 1.000000000000000000e+00
1.090000000000000000e+02 3.591482014049182681e+01 3.517583877849396146e+01 1.000000000000000000e+00 1.000000000000000000e+00 1.000000000000000000e+00
1.100000000000000000e+02 3.591482014049183391e+01 3.517720241485774579e+01 nan 1.000000000000000000e+00 nan
1.110000000000000000e+02 3.591482014049183391e+01 3.517856605122153013e+01 nan 1.000000000000000000e+00 nan
1.120000000000000000e+02 3.591482014049183391e+01 3.517992968758530736e+01 1.000000000000000000e+00 1.000000000000000000e+00 1.000000000000000000e+00
1.130000000000000000e+02 3.591482014049182681e+01 3.518129332394910591e+01 1.000000000000000000e+00 1.000000000000000000e+00 1.000000000000000000e+00
1.140000000000000000e+02 3.591482014049183391e+01 3.518265696031287604e+01 nan 1.000000000000000000e+00 nan
1.150000000000000000e+02 3.591482014049183391e+01 3.518402059667665327e+01 nan 1.000000000000000000e+00 nan
1.160000000000000000e+02 3.591482014049183391e+01 3.518538423304043761e+01 nan 1.000000000000000000e+00 nan
1.170000000000000000e+02 3.591482014049183391e+01 3.518674786940422194e+01 nan 1.000000000000000000e+00 nan
1.180000000000000000e+02 3.591482014049183391e+01 3.518811150576799918e+01 nan 1.000000000000000000e+00 nan
1.190000000000000000e+02 3.591482014049182681e+01 3.518947514213176930e+01 nan 1.000000000000000000e+00 nan
1.200000000000000000e+02 3.591482014049182681e+01 3.519083877849556075e+01 nan 1.000000000000000000e+00 nan
1.210000000000000000e+02 3.591482014049183391e+01 3.519220241485934508e+01 nan 1.000000000000000000e+00 nan
1.220000000000000000e+02 3.591482014049182681e+01 3.519356605122310810e+01 nan 1.000000000000000000e+00 nan
1.230000000000000000e+02 3.591482014049182681e+01 3.519492968758689955e+01 nan 1.000000000000000000e+00 nan
1.240000000000000000e+02 3.591482014049183391e+01 3.519629332395068388e+01 nan 1.000000000000000000e+00 nan
1.250000000000000000e+02 3.591482014049183391e+01 3.519765696031446112e+01 nan 1.000000000000000000e+00 nan
1.260000000000000000e+02 3.591482014049183391e+01 3.519902059667823124e+01 nan 1.000000000000000000e+00 nan
1.270000000000000000e+02 3.591482014049183391e+01 3.520038423304202979e+01 nan 1.000000000000000000e+00 nan
1.280000000000000000e+02 3.591482014049183391e+01 3.520174786940580702e+01 nan 1.000000000000000000e+00 nan
1.290000000000000000e+02 3.591482014049183391e+01 3.520311150576958426e+01 nan 1.000000000000000000e+00 nan
1.300000000000000000e+02 3.591618377685546903e+01 3.516902059667506819e+01 1.000000000000000000e+00 1.000000000000000000e+00 1.000000000000000000e+00
1.310000000000000000e+02 3.591618377685546903e+01 3.517038423303885253e+01 1.000000000000000000e+00 1.000000000000000000e+00 1.000000000000000000e+00
1.320000000000000000e+02 3.591618377685546903e+01 3.517174786940262265e+01 1.000000000000000000e+00 1.000000000000000000e+00 1.000000000000000000e+00
1.330000000000000000e+02 3.591618377685546903e+01 3.517311150576640699e+01 1.000000000000000000e+00 1.000000000000000000e+00 1.000000000000000000e+00
1.340000000000000000e+02 3.591618377685547614e+01 3.517447514213019133e+01 1.000000000000000000e+00 1.000000000000000000e+00 1.000000000000000000e+00
1.350000000000000000e+02 3.591618377685546903e+01 3.517583877849397567e+01 1.000000000000000000e+00 1.000000000000000000e+00 1.000000000000000000e+00
1.360000000000000000e+02 3.591618377685547614e+01 3.517720241485774579e+01 1.000000000000000000e+00 1.000000000000000000e+00 1.000000000000000000e+00
1.370000000000000000e+02 3.591618377685547614e+01 3.517856605122153013e+01 1.000000000000000000e+00 1.000000000000000000e+00 1.000000000000000000e+00
1.380000000000000000e+02 3.591618377685546903e+01 3.517992968758530736e+01 nan 1.000000000000000000e+00 nan
1.390000000000000000e+02 3.591618377685548325e+01 3.518129332394910591e+01 nan 1.000000000000000000e+00 nan
1.400000000000000000e+02 3.591618377685546903e+01 3.518265696031287604e+01 nan 1.000000000000000000e+00 nan
1.410000000000000000e+02 3.591618377685547614e+01 3.518402059667665327e+01 nan 1.000000000000000000e+00 nan
1.420000000000000000e+02 3.591618377685547614e+01 3.518538423304043050e+01 nan 1.000000000000000000e+00 nan
1.430000000000000000e+02 3.591618377685547614e+01 3.518674786940421484e+01 nan 1.000000000000000000e+00 nan
1.440000000000000000e+02 3.591618377685547614e+01 3.518811150576799207e+01 nan 1.000000000000000000e+00 nan
1.450000000000000000e+02 3.591618377685546903e+01 3.518947514213176930e+01 nan 1.000000000000000000e+00 nan
1.460000000000000000e+02 3.591618377685547614e+01 3.519083877849556075e+01 nan 1.000000000000000000e+00 nan
1.470000000000000000e+02 3.591618377685548325e+01 3.519220241485934508e+01 nan 1.000000000000000000e+00 nan
1.480000000000000000e+02 3.591618377685546903e+01 3.519356605122311521e+01 nan 1.000000000000000000e+00 nan
1.490000000000000000e+02 3.591618377685546903e+01 3.519492968758689955e+01 nan 1.000000000000000000e+00 nan
1.500000000000000000e+02 3.591618377685547614e+01 3.519629332395068388e+01 nan 1.000000000000000000e+00 nan
1.510000000000000000e+02 3.591618377685546903e+01 3.519765696031446822e+01 nan 1.000000000000000000e+00 nan
1.520000000000000000e+02 3.591618377685546903e+01 3.519902059667824545e+01 nan 1.000000000000000000e+00 nan
1.530000000000000000e+02 3.591618377685546903e+01 3.520038423304201558e+01 nan 1.000000000000000000e+00 nan
1.540000000000000000e+02 3.591618377685546903e+01 3.520174786940580702e+01 nan 1.000000000000000000e+00 nan
1.550000000000000000e+02 3.591618377685546903e+01 3.520311150576959136e+01 nan 1.000000000000000000e+00 nan
1.560000000000000000e+02 3.591754741321909705e+01 3.516902059667506819e+01 1.000000000000000000e+00 1.000000000000000000e+00 1.000000000000000000e+00
1.570000000000000000e+02 3.591754741321911126e+01 3.517038423303885253e+01 1.000000000000000000e+00 1.000000000000000000e+00 1.000000000000000000e+00
1.580000000000000000e+02 3.591754741321911126e+01 3.517174786940262976e+01 1.000000000000000000e+00 1.000000000000000000e+00 1.000000000000000000e+00
1.590000000000000000e+02 3.591754741321911126e+01 3.517311150576640699e+01 1.000000000000000000e+00 1.000000000000000000e+00 1.000000000000000000e+00
1.600000000000000000e+02 3.591754741321911126e+01 3.517447514213019133e+01 1.000000000000000000e+00 1.000000000000000000e+00 1.000000000000000000e+00
1.610000000000000000e+02 3.591754741321911126e+01 3.517583877849397567e+01 1.000000000000000000e+00 1.000000000000000000e+00 1.000000000000000000e+00
1.620000000000000000e+02 3.591754741321911126e+01 3.517720241485773869e+01 1.000000000000000000e+00 1.000000000000000000e+00 1.000000000000000000e+00
1.630000000000000000e+02 3.591754741321910416e+01 3.517856605122152303e+01 1.000000000000000000e+00 1.000000000000000000e+00 1.000000000000000000e+00
1.640000000000000000e+02 3.591754741321911126e+01 3.517992968758530736e+01 nan 1.000000000000000000e+00 nan
1.650000000000000000e+02 3.591754741321910416e+01 3.518129332394909881e+01 nan 1.000000000000000000e+00 nan
1.660000000000000000e+02 3.591754741321911126e+01 3.518265696031287604e+01 1.000000000000000000e+00 1.000000000000000000e+00 1.000000000000000000e+00
1.670000000000000000e+02 3.591754741321910416e+01 3.518402059667665327e+01 nan 1.000000000000000000e+00 nan
1.680000000000000000e+02 3.591754741321911126e+01 3.518538423304043761e+01 nan 1.000000000000000000e+00 nan
1.690000000000000000e+02 3.591754741321911126e+01 3.518674786940422194e+01 nan 1.000000000000000000e+00 nan
1.700000000000000000e+02 3.591754741321911126e+01 3.518811150576799918e+01 nan 1.000000000000000000e+00 nan
1.710000000000000000e+02 3.591754741321910416e+01 3.518947514213177641e+01 nan 1.000000000000000000e+00 nan
1.720000000000000000e+02 3.591754741321911126e+01 3.519083877849556075e+01 nan 1.000000000000000000e+00 nan
1.730000000000000000e+02 3.591754741321911126e+01 3.519220241485933798e+01 nan 1.000000000000000000e+00 nan
1.740000000000000000e+02 3.591754741321910416e+01 3.519356605122310810e+01 nan 1.000000000000000000e+00 nan
1.750000000000000000e+02 3.591754741321911126e+01 3.519492968758689955e+01 nan 1.000000000000000000e+00 nan
1.760000000000000000e+02 3.591754741321910416e+01 3.519629332395067678e+01 nan 1.000000000000000000e+00 nan
1.770000000000000000e+02 3.591754741321911126e+01 3.519765696031446112e+01 nan 1.000000000000000000e+00 nan
1.780000000000000000e+02 3.591754741321911126e+01 3.519902059667823124e+01 nan 1.000000000000000000e+00 nan
1.790000000000000000e+02 3.591754741321911126e+01 3.520038423304202979e+01 nan 1.000000000000000000e+00 nan
1.800000000000000000e+02 3.591754741321911126e+01 3.520174786940580702e+01 nan 1.000000000000000000e+00 nan
1.810000000000000000e+02 3.591754741321911126e+01 3.520311150576959136e+01 nan 1.000000000000000000e+00 nan
1.820000000000000000e+02 3.591891104958274639e+01 3.516902059667506819e+01 1.000000000000000000e+00 1.000000000000000000e+00 1.000000000000000000e+00
1.830000000000000000e+02 3.591891104958273928e+01 3.517038423303885253e+01 1.000000000000000000e+00 1.000000000000000000e+00 1.000000000000000000e+00
1.840000000000000000e+02 3.591891104958273928e+01 3.517174786940262265e+01 1.000000000000000000e+00 1.000000000000000000e+00 1.000000000000000000e+00
1.850000000000000000e+02 3.591891104958273928e+01 3.517311150576640699e+01 1.000000000000000000e+00 1.000000000000000000e+00 1.000000000000000000e+00
1.860000000000000000e+02 3.591891104958274639e+01 3.517447514213019133e+01 1.000000000000000000e+00 1.000000000000000000e+00 1.000000000000000000e+00
1.870000000000000000e+02 3.591891104958273928e+01 3.517583877849397567e+01 1.000000000000000000e+00 1.000000000000000000e+00 1.000000000000000000e+00
1.880000000000000000e+02 3.591891104958273928e+01 3.517720241485774579e+01 1.000000000000000000e+00 1.000000000000000000e+00 1.000000000000000000e+00
1.890000000000000000e+02 3.591891104958273928e+01 3.517856605122153013e+01 1.000000000000000000e+00 1.000000000000000000e+00 1.000000000000000000e+00
1.900000000000000000e+02 3.591891104958273928e+01 3.517992968758530736e+01 nan 1.000000000000000000e+00 nan
1.910000000000000000e+02 3.591891104958274639e+01 3.518129332394910591e+01 nan 1.000000000000000000e+00 nan
1.920000000000000000e+02 3.591891104958273928e+01 3.518265696031287604e+01 1.000000000000000000e+00 1.000000000000000000e+00 1.000000000000000000e+00
1.930000000000000000e+02 3.591891104958273928e+01 3.518402059667665327e+01 nan 1.000000000000000000e+00 nan
1.940000000000000000e+02 3.591891104958273928e+01 3.518538423304043050e+01 nan 1.000000000000000000e+00 nan
1.950000000000000000e+02 3.591891104958273928e+01 3.518674786940421484e+01 nan 1.000000000000000000e+00 nan
1.960000000000000000e+02 3.591891104958273928e+01 3.518811150576799207e+01 nan 1.000000000000000000e+00 nan
1.970000000000000000e+02 3.591891104958273928e+01 3.518947514213176930e+01 nan 1.000000000000000000e+00 nan
1.980000000000000000e+02 3.591891104958273928e+01 3.519083877849556075e+01 nan 1.000000000000000000e+00 nan
1.990000000000000000e+02 3.591891104958273928e+01 3.519220241485934508e+01 nan 1.000000000000000000e+00 nan
2.000000000000000000e+02 3.591891104958273928e+01 3.519356605122311521e+01 nan 1.000000000000000000e+00 nan
2.010000000000000000e+02 3.591891104958274639e+01 3.519492968758689955e+01 nan 1.000000000000000000e+00 nan
2.020000000000000000e+02 3.591891104958273928e+01 3.519629332395068388e+01 nan 1.000000000000000000e+00 nan
2.030000000000000000e+02 3.591891104958273928e+01 3.519765696031446822e+01 nan 1.000000000000000000e+00 nan
2.040000000000000000e+02 3.591891104958273928e+01 3.519902059667824545e+01 nan 1.000000000000000000e+00 nan
2.050000000000000000e+02 3.591891104958273928e+01 3.520038423304201558e+01 nan 1.000000000000000000e+00 nan
2.060000000000000000e+02 3.591891104958274639e+01 3.520174786940580702e+01 nan 1.000000000000000000e+00 nan
2.070000000000000000e+02 3.591891104958273928e+01 3.520311150576959136e+01 nan 1.000000000000000000e+00 nan
2.080000000000000000e+02 3.592027468594638151e+01 3.516902059667507530e+01 nan 1.000000000000000000e+00 nan
2.090000000000000000e+02 3.592027468594637440e+01 3.517038423303884542e+01 1.000000000000000000e+00 1.000000000000000000e+00 1.000000000000000000e+00
2.100000000000000000e+02 3.592027468594637440e+01 3.517174786940262976e+01 1.000000000000000000e+00 1.000000000000000000e+00 1.000000000000000000e+00
2.110000000000000000e+02 3.592027468594637440e+01 3.517311150576640699e+01 1.000000000000000000e+00 1.000000000000000000e+00 1.000000000000000000e+00
2.120000000000000000e+02 3.592027468594638151e+01 3.517447514213019133e+01 1.000000000000000000e+00 1.000000000000000000e+00 1.000000000000000000e+00
2.130000000000000000e+02 3.592027468594638151e+01 3.517583877849396146e+01 1.000000000000000000e+00 1.000000000000000000e+00 1.000000000000000000e+00
2.140000000000000000e+02 3.592027468594638151e+01 3.517720241485774579e+01 1.000000000000000000e+00 1.000000000000000000e+00 1.000000000000000000e+00
2.150000000000000000e+02 3.592027468594638151e+01 3.517856605122153013e+01 1.000000000000000000e+00 1.000000000000000000e+00 1.000000000000000000e+00
2.160000000000000000e+02 3.592027468594638151e+01 3.517992968758530736e+01 1.000000000000000000e+00 1.000000000000000000e+00 1.000000000000000000e+00
2.170000000000000000e+02 3.592027468594638151e+01 3.518129332394910591e+01 1.000000000000000000e+00 1.000000000000000000e+00 1.000000000000000000e+00
2.180000000000000000e+02 3.592027468594638862e+01 3.518265696031287604e+01 1.000000000000000000e+00 1.000000000000000000e+00 1.000000000000000000e+00
2.190000000000000000e+02 3.592027468594638151e+01 3.518402059667665327e+01 nan 1.000000000000000000e+00 nan
2.200000000000000000e+02 3.592027468594638151e+01 3.518538423304043761e+01 nan 1.000000000000000000e+00 nan
2.210000000000000000e+02 3.592027468594637440e+01 3.518674786940422194e+01 nan 1.000000000000000000e+00 nan
2.220000000000000000e+02 3.592027468594638151e+01 3.518811150576799918e+01 nan 1.000000000000000000e+00 nan
2.230000000000000000e+02 3.592027468594638151e+01 3.518947514213176930e+01 nan 1.000000000000000000e+00 nan
2.240000000000000000e+02 3.592027468594638151e+01 3.519083877849556075e+01 nan 1.000000000000000000e+00 nan
2.250000000000000000e+02 3.592027468594638151e+01 3.519220241485934508e+01 nan 1.000000000000000000e+00 nan
2.260000000000000000e+02 3.592027468594637440e+01 3.519356605122310810e+01 nan 1.000000000000000000e+00 nan
2.270000000000000000e+02 3.592027468594638151e+01 3.519492968758689955e+01 nan 1.000000000000000000e+00 nan
2.280000000000000000e+02 3.592027468594638151e+01 3.519629332395068388e+01 nan 1.000000000000000000e+00 nan
2.290000000000000000e+02 3.592027468594638151e+01 3.519765696031446112e+01 nan 1.000000000000000000e+00 nan
2.300000000000000000e+02 3.592027468594637440e+01 3.519902059667823124e+01 nan 1.000000000000000000e+00 nan
2.310000000000000000e+02 3.592027468594638151e+01 3.520038423304202979e+01 nan 1.000000000000000000e+00 nan
2.320000000000000000e+02 3.592027468594638151e+01 3.520174786940580702e+01 nan 1.000000000000000000e+00 nan
2.330000000000000000e+02 3.592027468594637440e+01 3.520311150576958426e+01 nan 1.000000000000000000e+00 nan
2.340000000000000000e+02 3.592163832231000953e+01 3.516902059667506819e+01 1.000000000000000000e+00 1.000000000000000000e+00 1.000000000000000000e+00
2.350000000000000000e+02 3.592163832231000953e+01 3.517038423303885253e+01 1.000000000000000000e+00 1.000000000000000000e+00 1.000000000000000000e+00
2.360000000000000000e+02 3.592163832231000953e+01 3.517174786940262976e+01 1.000000000000000000e+00 1.000000000000000000e+00 1.000000000000000000e+00
2.370000000000000000e+02 3.592163832231000953e+01 3.517311150576640699e+01 1.000000000000000000e+00 1.000000000000000000e+00 1.000000000000000000e+00
2.380000000000000000e+02 3.592163832231000953e+01 3.517447514213019133e+01 1.000000000000000000e+00 1.000000000000000000e+00 1.000000000000000000e+00
2.390000000000000000e+02 3.592163832231000953e+01 3.517583877849397567e+01 1.000000000000000000e+00 1.000000000000000000e+00 1.000000000000000000e+00
2.400000000000000000e+02 3.592163832231000953e+01 3.517720241485773869e+01 1.000000000000000000e+00 1.000000000000000000e+00 1.000000000000000000e+00
2.410000000000000000e+02 3.592163832231000953e+01 3.517856605122152303e+01 1.000000000000000000e+00 1.000000000000000000e+00 1.000000000000000000e+00
2.420000000000000000e+02 3.592163832231000953e+01 3.517992968758530736e+01 1.000000000000000000e+00 1.000000000000000000e+00 1.000000000000000000e+00
2.430000000000000000e+02 3.592163832231000953e+01 3.518129332394909881e+01 1.000000000000000000e+00 1.000000000000000000e+00 1.000000000000000000e+00
2.440000000000000000e+02 3.592163832231000953e+01 3.518265696031287604e+01 nan 1.000000000000000000e+00 nan
2.450000000000000000e+02 3.592163832231001663e+01 3.518402059667665327e+01 nan 1.000000000000000000e+00 nan
2.460000000000000000e+02 3.592163832231000953e+01 3.518538423304043761e+01 nan 1.000000000000000000e+00 nan
2.470000000000000000e+02 3.592163832231001663e+01 3.518674786940422194e+01 1.000000000000000000e+00 1.000000000000000000e+00 1.000000000000000000e+00
2.480000000000000000e+02 3.592163832231000953e+01 3.518811150576799918e+01 nan 1.000000000000000000e+00 nan
2.490000000000000000e+02 3.592163832231000953e+01 3.518947514213177641e+01 1.000000000000000000e+00 1.000000000000000000e+00 1.000000000000000000e+00
2.500000000000000000e+02 3.592163832231000953e+01 3.519083877849556075e+01 nan 1.000000000000000000e+00 nan
2.510000000000000000e+02 3.592163832231001663e+01 3.519220241485933798e+01 nan 1.000000000000000000e+00 nan
2.520000000000000000e+02 3.592163832231000953e+01 3.519356605122310810e+01 nan 1.000000000000000000e+00 nan
2.530000000000000000e+02 3.592163832231000953e+01 3.519492968758689955e+01 nan 1.000000000000000000e+00 nan
2.540000000000000000e+02 3.592163832231000953e+01 3.519629332395067678e+01 nan 1.000000000000000000e+00 nan
2.550000000000000000e+02 3.592163832231000953e+01 3.519765696031446112e+01 nan 1.000000000000000000e+00 nan
2.560000000000000000e+02 3.592163832231000953e+01 3.519902059667823124e+01 nan 1.000000000000000000e+00 nan
2.570000000000000000e+02 3.592163832231001663e+01 3.520038423304202979e+01 nan 1.000000000000000000e+00 nan
2.580000000000000000e+02 3.592163832231000953e+01 3.520174786940580702e+01 nan 1.000000000000000000e+00 nan
2.590000000000000000e+02 3.592163832231000953e+01 3.520311150576959136e+01 nan 1.000000000000000000e+00 nan
2.600000000000000000e+02 3.592300195867365176e+01 3.516902059667506819e+01 nan 1.000000000000000000e+00 nan
2.610000000000000000e+02 3.592300195867365176e+01 3.517038423303885253e+01 nan 1.000000000000000000e+00 nan
2.620000000000000000e+02 3.592300195867365886e+01 3.517174786940262265e+01 1.000000000000000000e+00 1.000000000000000000e+00 1.000000000000000000e+00
2.630000000000000000e+02 3.592300195867365176e+01 3.517311150576640699e+01 1.000000000000000000e+00 1.000000000000000000e+00 1.000000000000000000e+00
2.640000000000000000e+02 3.592300195867365886e+01 3.517447514213019133e+01 1.000000000000000000e+00 1.000000000000000000e+00 1.000000000000000000e+00
2.650000000000000000e+02 3.592300195867365886e+01 3.517583877849397567e+01 1.000000000000000000e+00 1.000000000000000000e+00 1.000000000000000000e+00
2.660000000000000000e+02 3.592300195867365886e+01 3.517720241485774579e+01 1.000000000000000000e+00 1.000000000000000000e+00 1.000000000000000000e+00
2.670000000000000000e+02 3.592300195867365176e+01 3.517856605122153013e+01 1.000000000000000000e+00 1.000000000000000000e+00 1.000000000000000000e+00
2.680000000000000000e+02 3.592300195867365886e+01 3.517992968758530736e+01 1.000000000000000000e+00 1.000000000000000000e+00 1.000000000000000000e+00
2.690000000000000000e+02 3.592300195867365176e+01 3.518129332394910591e+01 1.000000000000000000e+00 1.000000000000000000e+00 1.000000000000000000e+00
2.700000000000000000e+02 3.592300195867365886e+01 3.518265696031287604e+01 nan 1.000000000000000000e+00 nan
2.710000000000000000e+02 3.592300195867365886e+01 3.518402059667665327e+01 nan 1.000000000000000000e+00 nan
2.720000000000000000e+02 3.592300195867365886e+01 3.518538423304043050e+01 nan 1.000000000000000000e+00 nan
2.730000000000000000e+02 3.592300195867364465e+01 3.518674786940421484e+01 1.000000000000000000e+00 1.000000000000000000e+00 1.000000000000000000e+00
2.740000000000000000e+02 3.592300195867365886e+01 3.518811150576799207e+01 nan 1.000000000000000000e+00 nan
2.750000000000000000e+02 3.592300195867365886e+01 3.518947514213176930e+01 nan 1.000000000000000000e+00 nan
2.760000000000000000e+02 3.592300195867365886e+01 3.519083877849556075e+01 nan 1.000000000000000000e+00 nan
2.770000000000000000e+02 3.592300195867364465e+01 3.519220241485934508e+01 nan 1.000000000000000000e+00 nan
2.780000000000000000e+02 3.592300195867365176e+01 3.519356605122311521e+01 nan 1.000000000000000000e+00 nan
2.790000000000000000e+02 3.592300195867365176e+01 3.519492968758689955e+01 nan 1.000000000000000000e+00 nan
2.800000000000000000e+02 3.592300195867365176e+01 3.519629332395068388e+01 nan 1.000000000000000000e+00 nan
2.810000000000000000e+02 3.592300195867365176e+01 3.519765696031446822e+01 nan 1.000000000000000000e+00 nan
2.820000000000000000e+02 3.592300195867365176e+01 3.519902059667824545e+01 nan 1.000000000000000000e+00 nan
2.830000000000000000e+02 3.592300195867365176e+01 3.520038423304201558e+01 nan 1.000000000000000000e+00 nan
2.840000000000000000e+02 3.592300195867365886e+01 3.520174786940580702e+01 nan 1.000000000000000000e+00 nan
2.850000000000000000e+02 3.592300195867365176e+01 3.520311150576959136e+01 nan 1.000000000000000000e+00 nan
2.860000000000000000e+02 3.592436559503728688e+01 3.516902059667506819e+01 nan 1.000000000000000000e+00 nan
2.870000000000000000e+02 3.592436559503728688e+01 3.517038423303885253e+01 nan 1.000000000000000000e+00 nan
2.880000000000000000e+02 3.592436559503729399e+01 3.517174786940262976e+01 1.000000000000000000e+00 nan nan
2.890000000000000000e+02 3.592436559503728688e+01 3.517311150576640699e+01 1.000000000000000000e+00 1.000000000000000000e+00 1.000000000000000000e+00
2.900000000000000000e+02 3.592436559503728688e+01 3.517447514213019133e+01 1.000000000000000000e+00 1.000000000000000000e+00 1.000000000000000000e+00
2.910000000000000000e+02 3.592436559503727977e+01 3.517583877849397567e+01 1.000000000000000000e+00 1.000000000000000000e+00 1.000000000000000000e+00
2.920000000000000000e+02 3.592436559503728688e+01 3.517720241485773869e+01 1.000000000000000000e+00 1.000000000000000000e+00 1.000000000000000000e+00
2.930000000000000000e+02 3.592436559503729399e+01 3.517856605122152303e+01 1.000000000000000000e+00 1.000000000000000000e+00 1.000000000000000000e+00
2.940000000000000000e+02 3.592436559503728688e+01 3.517992968758530736e+01 1.000000000000000000e+00 1.000000000000000000e+00 1.000000000000000000e+00
2.950000000000000000e+02 3.592436559503728688e+01 3.518129332394909881e+01 1.000000000000000000e+00 1.000000000000000000e+00 1.000000000000000000e+00
2.960000000000000000e+02 3.592436559503728688e+01 3.518265696031287604e+01 1.000000000000000000e+00 1.000000000000000000e+00 1.000000000000000000e+00
2.970000000000000000e+02 3.592436559503728688e+01 3.518402059667665327e+01 1.000000000000000000e+00 1.000000000000000000e+00 1.000000000000000000e+00
2.980000000000000000e+02 3.592436559503728688e+01 3.518538423304043761e+01 nan 1.000000000000000000e+00 nan
2.990000000000000000e+02 3.592436559503728688e+01 3.518674786940422194e+01 1.000000000000000000e+00 1.000000000000000000e+00 1.000000000000000000e+00
3.000000000000000000e+02 3.592436559503728688e+01 3.518811150576799918e+01 nan 1.000000000000000000e+00 nan
3.010000000000000000e+02 3.592436559503728688e+01 3.518947514213177641e+01 nan 1.000000000000000000e+00 nan
3.020000000000000000e+02 3.592436559503728688e+01 3.519083877849556075e+01 nan 1.000000000000000000e+00 nan
3.030000000000000000e+02 3.592436559503728688e+01 3.519220241485933798e+01 nan 1.000000000000000000e+00 nan
3.040000000000000000e+02 3.592436559503728688e+01 3.519356605122310810e+01 nan 1.000000000000000000e+00 nan
3.050000000000000000e+02 3.592436559503728688e+01 3.519492968758689955e+01 nan 1.000000000000000000e+00 nan
3.060000000000000000e+02 3.592436559503728688e+01 3.519629332395067678e+01 nan 1.000000000000000000e+00 nan
3.070000000000000000e+02 3.592436559503728688e+01 3.519765696031446112e+01 nan 1.000000000000000000e+00 nan
3.080000000000000000e+02 3.592436559503728688e+01 3.519902059667823124e+01 nan 1.000000000000000000e+00 nan
3.090000000000000000e+02 3.592436559503728688e+01 3.520038423304202979e+01 nan 1.000000000000000000e+00 nan
3.100000000000000000e+02 3.592436559503728688e+01 3.520174786940580702e+01 nan 1.000000000000000000e+00 nan
3.110000000000000000e+02 3.592436559503728688e+01 3.520311150576959136e+01 nan 1.000000000000000000e+00 nan
3.120000000000000000e+02 3.592572923140092200e+01 3.516902059667506819e+01 nan nan nan
3.130000000000000000e+02 3.592572923140092911e+01 3.517038423303885253e+01 nan nan nan
3.140000000000000000e+02 3.592572923140092200e+01 3.517174786940262265e+01 1.000000000000000000e+00 nan nan
3.150000000000000000e+02 3.592572923140092200e+01 3.517311150576640699e+01 1.000000000000000000e+00 nan nan
3.160000000000000000e+02 3.592572923140091490e+01 3.517447514213019133e+01 1.000000000000000000e+00 nan nan
3.170000000000000000e+02 3.592572923140092911e+01 3.517583877849397567e+01 1.000000000000000000e+00 1.000000000000000000e+00 1.000000000000000000e+00
3.180000000000000000e+02 3.592572923140091490e+01 3.517720241485774579e+01 1.000000000000000000e+00 1.000000000000000000e+00 1.000000000000000000e+00
3.190000000000000000e+02 3.592572923140091490e+01 3.517856605122153013e+01 1.000000000000000000e+00 1.000000000000000000e+00 1.000000000000000000e+00
3.200000000000000000e+02 3.592572923140092200e+01 3.517992968758530736e+01 1.000000000000000000e+00 1.000000000000000000e+00 1.000000000000000000e+00
3.210000000000000000e+02 3.592572923140091490e+01 3.518129332394910591e+01 1.000000000000000000e+00 1.000000000000000000e+00 1.000000000000000000e+00
3.220000000000000000e+02 3.592572923140092200e+01 3.518265696031287604e+01 1.000000000000000000e+00 1.000000000000000000e+00 1.000000000000000000e+00
3.230000000000000000e+02 3.592572923140092200e+01 3.518402059667665327e+01 1.000000000000000000e+00 1.000000000000000000e+00 1.000000000000000000e+00
3.240000000000000000e+02 3.592572923140091490e+01 3.518538423304043050e+01 1.000000000000000000e+00 1.000000000000000000e+00 1.000000000000000000e+00
3.250000000000000000e+02 3.592572923140091490e+01 3.518674786940421484e+01 1.000000000000000000e+00 1.000000000000000000e+00 1.000000000000000000e+00
3.260000000000000000e+02 3.592572923140092911e+01 3.518811150576799207e+01 1.000000000000000000e+00 1.000000000000000000e+00 1.000000000000000000e+00
3.270000000000000000e+02 3.592572923140092200e+01 3.518947514213176930e+01 1.000000000000000000e+00 1.000000000000000000e+00 1.000000000000000000e+00
3.280000000000000000e+02 3.592572923140092911e+01 3.519083877849556075e+01 1.000000000000000000e+00 1.000000000000000000e+00 1.000000000000000000e+00
3.290000000000000000e+02 3.592572923140091490e+01 3.519220241485934508e+01 nan 1.000000000000000000e+00 nan
3.300000000000000000e+02 3.592572923140091490e+01 3.519356605122311521e+01 1.000000000000000000e+00 1.000000000000000000e+00 1.000000000000000000e+00
3.310000000000000000e+02 3.592572923140092911e+01 3.519492968758689955e+01 nan 1.000000000000000000e+00 nan
3.320000000000000000e+02 3.592572923140091490e+01 3.519629332395068388e+01 nan 1.000000000000000000e+00 nan
3.330000000000000000e+02 3.592572923140092911e+01 3.519765696031446822e+01 nan 1.000000000000000000e+00 nan
3.340000000000000000e+02 3.592572923140092911e+01 3.519902059667824545e+01 nan 1.000000000000000000e+00 nan
3.350000000000000000e+02 3.592572923140092200e+01 3.520038423304201558e+01 nan 1.000000000000000000e+00 nan
3.360000000000000000e+02 3.592572923140091490e+01 3.520174786940580702e+01 nan 1.000000000000000000e+00 nan
3.370000000000000000e+02 3.592572923140091490e+01 3.520311150576959136e+01 nan 1.000000000000000000e+00 nan
3.380000000000000000e+02 3.592709286776455713e+01 3.516902059667507530e+01 nan nan nan
3.390000000000000000e+02 3.592709286776455713e+01 3.517038423303884542e+01 nan nan nan
3.400000000000000000e+02 3.592709286776455002e+01 3.517174786940262976e+01 1.000000000000000000e+00 nan nan
3.410000000000000000e+02 3.592709286776455713e+01 3.517311150576640699e+01 nan nan nan
3.420000000000000000e+02 3.592709286776455713e+01 3.517447514213019133e+01 1.000000000000000000e+00 nan nan
3.430000000000000000e+02 3.592709286776455713e+01 3.517583877849396146e+01 1.000000000000000000e+00 nan nan
3.440000000000000000e+02 3.592709286776455713e+01 3.517720241485774579e+01 1.000000000000000000e+00 1.000000000000000000e+00 1.000000000000000000e+00
3.450000000000000000e+02 3.592709286776455713e+01 3.517856605122153013e+01 1.000000000000000000e+00 1.000000000000000000e+00 1.000000000000000000e+00
3.460000000000000000e+02 3.592709286776455713e+01 3.517992968758530736e+01 1.000000000000000000e+00 1.000000000000000000e+00 1.000000000000000000e+00
3.470000000000000000e+02 3.592709286776455713e+01 3.518129332394910591e+01 1.000000000000000000e+00 1.000000000000000000e+00 1.000000000000000000e+00
3.480000000000000000e+02 3.592709286776455713e+01 3.518265696031287604e+01 1.000000000000000000e+00 1.000000000000000000e+00 1.000000000000000000e+00
3.490000000000000000e+02 3.592709286776455002e+01 3.518402059667665327e+01 1.000000000000000000e+00 1.000000000000000000e+00 1.000000000000000000e+00
3.500000000000000000e+02 3.592709286776455002e+01 3.518538423304043761e+01 1.000000000000000000e+00 1.000000000000000000e+00 1.000000000000000000e+00
3.510000000000000000e+02 3.592709286776455713e+01 3.518674786940422194e+01 1.000000000000000000e+00 1.000000000000000000e+00 1.000000000000000000e+00
3.520000000000000000e+02 3.592709286776455002e+01 3.518811150576799918e+01 1.000000000000000000e+00 1.000000000000000000e+00 1.000000000000000000e+00
3.530000000000000000e+02 3.592709286776455713e+01 3.518947514213176930e+01 1.000000000000000000e+00 1.000000000000000000e+00 1.000000000000000000e+00
3.540000000000000000e+02 3.592709286776455713e+01 3.519083877849556075e+01 1.000000000000000000e+00 1.000000000000000000e+00 1.000000000000000000e+00
3.550000000000000000e+02 3.592709286776455713e+01 3.519220241485934508e+01 nan 1.000000000000000000e+00 nan
3.560000000000000000e+02 3.592709286776455002e+01 3.519356605122310810e+01 nan 1.000000000000000000e+00 nan
3.570000000000000000e+02 3.592709286776455713e+01 3.519492968758689955e+01 nan 1.000000000000000000e+00 nan
3.580000000000000000e+02 3.592709286776455713e+01 3.519629332395068388e+01 nan 1.000000000000000000e+00 nan
3.590000000000000000e+02 3.592709286776455713e+01 3.519765696031446112e+01 nan 1.000000000000000000e+00 nan
3.600000000000000000e+02 3.592709286776455002e+01 3.519902059667823124e+01 nan 1.000000000000000000e+00 nan
3.610000000000000000e+02 3.592709286776455002e+01 3.520038423304202979e+01 nan 1.000000000000000000e+00 nan
3.620000000000000000e+02 3.592709286776455002e+01 3.520174786940580702e+01 nan 1.000000000000000000e+00 nan
3.630000000000000000e+02 3.592709286776455713e+01 3.520311150576958426e+01 nan 1.000000000000000000e+00 nan
3.640000000000000000e+02 3.592845650412819936e+01 3.516902059667507530e+01 nan nan nan
3.650000000000000000e+02 3.592845650412819936e+01 3.517038423303884542e+01 1.000000000000000000e+00 nan nan
3.660000000000000000e+02 3.592845650412819936e+01 3.517174786940261555e+01 nan nan nan
3.670000000000000000e+02 3.592845650412819936e+01 3.517311150576640699e+01 nan nan nan
3.680000000000000000e+02 3.592845650412819225e+01 3.517447514213019133e+01 1.000000000000000000e+00 nan nan
3.690000000000000000e+02 3.592845650412819936e+01 3.517583877849397567e+01 1.000000000000000000e+00 nan nan
3.700000000000000000e+02 3.592845650412819936e+01 3.517720241485774579e+01 1.000000000000000000e+00 nan nan
3.710000000000000000e+02 3.592845650412819936e+01 3.517856605122153013e+01 1.000000000000000000e+00 1.000000000000000000e+00 1.000000000000000000e+00
3.720000000000000000e+02 3.592845650412819936e+01 3.517992968758530736e+01 1.000000000000000000e+00 1.000000000000000000e+00 1.000000000000000000e+00
3.730000000000000000e+02 3.592845650412819936e+01 3.518129332394909881e+01 1.000000000000000000e+00 1.000000000000000000e+00 1.000000000000000000e+00
3.740000000000000000e+02 3.592845650412819225e+01 3.518265696031287604e+01 1.000000000000000000e+00 1.000000000000000000e+00 1.000000000000000000e+00
3.750000000000000000e+02 3.592845650412819936e+01 3.518402059667665327e+01 1.000000000000000000e+00 1.000000000000000000e+00 1.000000000000000000e+00
3.760000000000000000e+02 3.592845650412819225e+01 3.518538423304043761e+01 1.000000000000000000e+00 1.000000000000000000e+00 1.000000000000000000e+00
3.770000000000000000e+02 3.592845650412819225e+01 3.518674786940422194e+01 1.000000000000000000e+00 1.000000000000000000e+00 1.000000000000000000e+00
3.780000000000000000e+02 3.592845650412819936e+01 3.518811150576799918e+01 1.000000000000000000e+00 1.000000000000000000e+00 1.000000000000000000e+00
3.790000000000000000e+02 3.592845650412819225e+01 3.518947514213177641e+01 1.000000000000000000e+00 1.000000000000000000e+00 1.000000000000000000e+00
3.800000000000000000e+02 3.592845650412819936e+01 3.519083877849556075e+01 1.000000000000000000e+00 1.000000000000000000e+00 1.000000000000000000e+00
3.810000000000000000e+02 3.592845650412819936e+01 3.519220241485933798e+01 nan 1.000000000000000000e+00 nan
3.820000000000000000e+02 3.592845650412819936e+01 3.519356605122311521e+01 1.000000000000000000e+00 1.000000000000000000e+00 1.000000000000000000e+00
3.830000000000000000e+02 3.592845650412819936e+01 3.519492968758689955e+01 nan 1.000000000000000000e+00 nan
3.840000000000000000e+02 3.592845650412819936e+01 3.519629332395068388e+01 nan 1.000000000000000000e+00 nan
3.850000000000000000e+02 3.592845650412819936e+01 3.519765696031446112e+01 nan 1.000000000000000000e+00 nan
3.860000000000000000e+02 3.592845650412819225e+01 3.519902059667824545e+01 nan 1.000000000000000000e+00 nan
3.870000000000000000e+02 3.592845650412819225e+01 3.520038423304202979e+01 nan 1.000000000000000000e+00 nan
3.880000000000000000e+02 3.592845650412819936e+01 3.520174786940580702e+01 nan 1.000000000000000000e+00 nan
3.890000000000000000e+02 3.592845650412819936e+01 3.520311150576959136e+01 nan 1.000000000000000000e+00 nan
3.900000000000000000e+02 3.592982014049183448e+01 3.516902059667506819e+01 nan nan nan
3.910000000000000000e+02 3.592982014049182737e+01 3.517038423303885253e+01 1.000000000000000000e+00 nan nan
3.920000000000000000e+02 3.592982014049184158e+01 3.517174786940262265e+01 nan nan nan
3.930000000000000000e+02 3.592982014049182737e+01 3.517311150576640699e+01 nan nan nan
3.940000000000000000e+02 3.592982014049183448e+01 3.517447514213019133e+01 1.000000000000000000e+00 nan nan
3.950000000000000000e+02 3.592982014049183448e+01 3.517583877849397567e+01 1.000000000000000000e+00 nan nan
3.960000000000000000e+02 3.592982014049182737e+01 3.517720241485774579e+01 1.000000000000000000e+00 nan nan
3.970000000000000000e+02 3.592982014049183448e+01 3.517856605122153013e+01 1.000000000000000000e+00 1.000000000000000000e+00 1.000000000000000000e+00
3.980000000000000000e+02 3.592982014049183448e+01 3.517992968758530736e+01 1.000000000000000000e+00 1.000000000000000000e+00 1.000000000000000000e+00
3.990000000000000000e+02 3.592982014049184158e+01 3.518129332394910591e+01 1.000000000000000000e+00 1.000000000000000000e+00 1.000000000000000000e+00
4.000000000000000000e+02 3.592982014049184158e+01 3.518265696031287604e+01 1.000000000000000000e+00 1.000000000000000000e+00 1.000000000000000000e+00
4.010000000000000000e+02 3.592982014049182737e+01 3.518402059667665327e+01 1.000000000000000000e+00 1.000000000000000000e+00 1.000000000000000000e+00
4.020000000000000000e+02 3.592982014049183448e+01 3.518538423304043050e+01 1.000000000000000000e+00 1.000000000000000000e+00 1.000000000000000000e+00
4.030000000000000000e+02 3.592982014049184158e+01 3.518674786940421484e+01 1.000000000000000000e+00 1.000000000000000000e+00 1.000000000000000000e+00
4.040000000000000000e+02 3.592982014049182737e+01 3.518811150576799207e+01 1.000000000000000000e+00 1.000000000000000000e+00 1.000000000000000000e+00
4.050000000000000000e+02 3.592982014049184158e+01 3.518947514213176930e+01 1.000000000000000000e+00 1.000000000000000000e+00 1.000000000000000000e+00
4.060000000000000000e+02 3.592982014049183448e+01 3.519083877849556075e+01 1.000000000000000000e+00 1.000000000000000000e+00 1.000000000000000000e+00
4.070000000000000000e+02 3.592982014049183448e+01 3.519220241485934508e+01 1.000000000000000000e+00 1.000000000000000000e+00 1.000000000000000000e+00
4.080000000000000000e+02 3.592982014049182737e+01 3.519356605122311521e+01 nan 1.000000000000000000e+00 nan
4.090000000000000000e+02 3.592982014049182737e+01 3.519492968758689955e+01 nan 1.000000000000000000e+00 nan
4.100000000000000000e+02 3.592982014049183448e+01 3.519629332395068388e+01 1.000000000000000000e+00 1.000000000000000000e+00 1.000000000000000000e+00
4.110000000000000000e+02 3.592982014049183448e+01 3.519765696031446822e+01 nan 1.000000000000000000e+00 nan
4.120000000000000000e+02 3.592982014049184158e+01 3.519902059667824545e+01 nan 1.000000000000000000e+00 nan
4.130000000000000000e+02 3.592982014049183448e+01 3.520038423304201558e+01 1.000000000000000000e+00 1.000000000000000000e+00 1.000000000000000000e+00
4.140000000000000000e+02 3.592982014049183448e+01 3.520174786940580702e+01 nan 1.000000000000000000e+00 nan
4.150000000000000000e+02 3.592982014049183448e+01 3.520311150576959136e+01 nan 1.000000000000000000e+00 nan
4.160000000000000000e+02 3.593118377685546960e+01 3.516902059667506819e+01 nan nan nan
4.170000000000000000e+02 3.593118377685547671e+01 3.517038423303885253e+01 nan nan nan
4.180000000000000000e+02 3.593118377685547671e+01 3.517174786940262976e+01 nan nan nan
4.190000000000000000e+02 3.593118377685546960e+01 3.517311150576640699e+01 1.000000000000000000e+00 nan nan
4.200000000000000000e+02 3.593118377685547671e+01 3.517447514213019133e+01 1.000000000000000000e+00 nan nan
4.210000000000000000e+02 3.593118377685546960e+01 3.517583877849397567e+01 1.000000000000000000e+00 nan nan
4.220000000000000000e+02 3.593118377685546960e+01 3.517720241485773869e+01 1.000000000000000000e+00 nan nan
4.230000000000000000e+02 3.593118377685547671e+01 3.517856605122152303e+01 1.000000000000000000e+00 nan nan
4.240000000000000000e+02 3.593118377685546960e+01 3.517992968758530736e+01 1.000000000000000000e+00 1.000000000000000000e+00 1.000000000000000000e+00
4.250000000000000000e+02 3.593118377685547671e+01 3.518129332394909881e+01 1.000000000000000000e+00 1.000000000000000000e+00 1.000000000000000000e+00
4.260000000000000000e+02 3.593118377685547671e+01 3.518265696031287604e+01 1.000000000000000000e+00 1.000000000000000000e+00 1.000000000000000000e+00
4.270000000000000000e+02 3.593118377685546960e+01 3.518402059667665327e+01 1.000000000000000000e+00 1.000000000000000000e+00 1.000000000000000000e+00
4.280000000000000000e+02 3.593118377685547671e+01 3.518538423304043761e+01 1.000000000000000000e+00 1.000000000000000000e+00 1.000000000000000000e+00
4.290000000000000000e+02 3.593118377685547671e+01 3.518674786940422194e+01 1.000000000000000000e+00 1.000000000000000000e+00 1.000000000000000000e+00
4.300000000000000000e+02 3.593118377685547671e+01 3.518811150576799918e+01 1.000000000000000000e+00 1.000000000000000000e+00 1.000000000000000000e+00
4.310000000000000000e+02 3.593118377685547671e+01 3.518947514213177641e+01 1.000000000000000000e+00 1.000000000000000000e+00 1.000000000000000000e+00
4.320000000000000000e+02 3.593118377685546250e+01 3.519083877849556075e+01 1.000000000000000000e+00 1.000000000000000000e+00 1.000000000000000000e+00
4.330000000000000000e+02 3.593118377685547671e+01 3.519220241485933798e+01 1.000000000000000000e+00 1.000000000000000000e+00 1.000000000000000000e+00
4.340000000000000000e+02 3.593118377685547671e+01 3.519356605122310810e+01 nan 1.000000000000000000e+00 nan
4.350000000000000000e+02 3.593118377685546250e+01 3.519492968758689955e+01 nan 1.000000000000000000e+00 nan
4.360000000000000000e+02 3.593118377685547671e+01 3.519629332395067678e+01 nan 1.000000000000000000e+00 nan
4.370000000000000000e+02 3.593118377685546960e+01 3.519765696031446112e+01 nan 1.000000000000000000e+00 nan
4.380000000000000000e+02 3.593118377685547671e+01 3.519902059667823124e+01 nan 1.000000000000000000e+00 nan
4.390000000000000000e+02 3.593118377685546960e+01 3.520038423304202979e+01 nan 1.000000000000000000e+00 nan
4.400000000000000000e+02 3.593118377685546960e+01 3.520174786940580702e+01 nan 1.000000000000000000e+00 nan
4.410000000000000000e+02 3.593118377685546250e+01 3.520311150576959136e+01 nan 1.000000000000000000e+00 nan
4.420000000000000000e+02 3.593254741321910473e+01 3.516902059667506819e+01 nan nan nan
4.430000000000000000e+02 3.593254741321910473e+01 3.517038423303885253e+01 nan nan nan
4.440000000000000000e+02 3.593254741321910473e+01 3.517174786940262265e+01 nan nan nan
4.450000000000000000e+02 3.593254741321910473e+01 3.517311150576640699e+01 1.000000000000000000e+00 nan nan
4.460000000000000000e+02 3.593254741321911183e+01 3.517447514213019133e+01 1.000000000000000000e+00 nan nan
4.470000000000000000e+02 3.593254741321910473e+01 3.517583877849397567e+01 1.000000000000000000e+00 nan nan
4.480000000000000000e+02 3.593254741321910473e+01 3.517720241485774579e+01 1.000000000000000000e+00 nan nan
4.490000000000000000e+02 3.593254741321911183e+01 3.517856605122153013e+01 1.000000000000000000e+00 nan nan
4.500000000000000000e+02 3.593254741321910473e+01 3.517992968758530736e+01 1.000000000000000000e+00 nan nan
4.510000000000000000e+02 3.593254741321910473e+01 3.518129332394910591e+01 1.000000000000000000e+00 1.000000000000000000e+00 1.000000000000000000e+00
4.520000000000000000e+02 3.593254741321910473e+01 3.518265696031287604e+01 1.000000000000000000e+00 1.000000000000000000e+00 1.000000000000000000e+00
4.530000000000000000e+02 3.593254741321911183e+01 3.518402059667665327e+01 1.000000000000000000e+00 1.000000000000000000e+00 1.000000000000000000e+00
4.540000000000000000e+02 3.593254741321910473e+01 3.518538423304043050e+01 1.000000000000000000e+00 1.000000000000000000e+00 1.000000000000000000e+00
4.550000000000000000e+02 3.593254741321910473e+01 3.518674786940421484e+01 1.000000000000000000e+00 1.000000000000000000e+00 1.000000000000000000e+00
4.560000000000000000e+02 3.593254741321911183e+01 3.518811150576799207e+01 1.000000000000000000e+00 1.000000000000000000e+00 1.000000000000000000e+00
4.570000000000000000e+02 3.593254741321910473e+01 3.518947514213176930e+01 1.000000000000000000e+00 1.000000000000000000e+00 1.000000000000000000e+00
4.580000000000000000e+02 3.593254741321910473e+01 3.519083877849556075e+01 1.000000000000000000e+00 1.000000000000000000e+00 1.000000000000000000e+00
4.590000000000000000e+02 3.593254741321911894e+01 3.519220241485934508e+01 1.000000000000000000e+00 1.000000000000000000e+00 1.000000000000000000e+00
4.600000000000000000e+02 3.593254741321911183e+01 3.519356605122311521e+01 1.000000000000000000e+00 1.000000000000000000e+00 1.000000000000000000e+00
4.610000000000000000e+02 3.593254741321911183e+01 3.519492968758689955e+01 1.000000000000000000e+00 1.000000000000000000e+00 1.000000000000000000e+00
4.620000000000000000e+02 3.593254741321911183e+01 3.519629332395068388e+01 1.000000000000000000e+00 1.000000000000000000e+00 1.000000000000000000e+00
4.630000000000000000e+02 3.593254741321910473e+01 3.519765696031446822e+01 nan 1.000000000000000000e+00 nan
4.640000000000000000e+02 3.593254741321910473e+01 3.519902059667824545e+01 1.000000000000000000e+00 1.000000000000000000e+00 1.000000000000000000e+00
4.650000000000000000e+02 3.593254741321911183e+01 3.520038423304201558e+01 nan 1.000000000000000000e+00 nan
4.660000000000000000e+02 3.593254741321911183e+01 3.520174786940580702e+01 nan 1.000000000000000000e+00 nan
4.670000000000000000e+02 3.593254741321911183e+01 3.520311150576959136e+01 nan 1.000000000000000000e+00 nan
4.680000000000000000e+02 3.593391104958274695e+01 3.516902059667506819e+01 nan nan nan
4.690000000000000000e+02 3.593391104958273985e+01 3.517038423303885253e+01 nan nan nan
4.700000000000000000e+02 3.593391104958273985e+01 3.517174786940262265e+01 1.000000000000000000e+00 nan nan
4.710000000000000000e+02 3.593391104958274695e+01 3.517311150576640699e+01 1.000000000000000000e+00 nan nan
4.720000000000000000e+02 3.593391104958274695e+01 3.517447514213019133e+01 1.000000000000000000e+00 nan nan
4.730000000000000000e+02 3.593391104958274695e+01 3.517583877849397567e+01 1.000000000000000000e+00 nan nan
4.740000000000000000e+02 3.593391104958274695e+01 3.517720241485774579e+01 1.000000000000000000e+00 nan nan
4.750000000000000000e+02 3.593391104958274695e+01 3.517856605122153013e+01 1.000000000000000000e+00 nan nan
4.760000000000000000e+02 3.593391104958274695e+01 3.517992968758530736e+01 1.000000000000000000e+00 nan nan
4.770000000000000000e+02 3.593391104958274695e+01 3.518129332394910591e+01 1.000000000000000000e+00 1.000000000000000000e+00 1.000000000000000000e+00
4.780000000000000000e+02 3.593391104958274695e+01 3.518265696031287604e+01 1.000000000000000000e+00 1.000000000000000000e+00 1.000000000000000000e+00
4.790000000000000000e+02 3.593391104958273985e+01 3.518402059667665327e+01 1.000000000000000000e+00 1.000000000000000000e+00 1.000000000000000000e+00
4.800000000000000000e+02 3.593391104958274695e+01 3.518538423304043050e+01 1.000000000000000000e+00 1.000000000000000000e+00 1.000000000000000000e+00
4.810000000000000000e+02 3.593391104958274695e+01 3.518674786940421484e+01 1.000000000000000000e+00 1.000000000000000000e+00 1.000000000000000000e+00
4.820000000000000000e+02 3.593391104958274695e+01 3.518811150576799207e+01 1.000000000000000000e+00 1.000000000000000000e+00 1.000000000000000000e+00
4.830000000000000000e+02 3.593391104958274695e+01 3.518947514213176930e+01 1.000000000000000000e+00 1.000000000000000000e+00 1.000000000000000000e+00
4.840000000000000000e+02 3.593391104958274695e+01 3.519083877849556075e+01 1.000000000000000000e+00 1.000000000000000000e+00 1.000000000000000000e+00
4.850000000000000000e+02 3.593391104958273985e+01 3.519220241485934508e+01 1.000000000000000000e+00 1.000000000000000000e+00 1.000000000000000000e+00
4.860000000000000000e+02 3.593391104958273985e+01 3.519356605122311521e+01 1.000000000000000000e+00 1.000000000000000000e+00 1.000000000000000000e+00
4.870000000000000000e+02 3.593391104958274695e+01 3.519492968758689955e+01 nan 1.000000000000000000e+00 nan
4.880000000000000000e+02 3.593391104958274695e+01 3.519629332395068388e+01 1.000000000000000000e+00 1.000000000000000000e+00 1.000000000000000000e+00
4.890000000000000000e+02 3.593391104958274695e+01 3.519765696031446822e+01 nan 1.000000000000000000e+00 nan
4.900000000000000000e+02 3.593391104958273985e+01 3.519902059667824545e+01 1.000000000000000000e+00 1.000000000000000000e+00 1.000000000000000000e+00
4.910000000000000000e+02 3.593391104958274695e+01 3.520038423304201558e+01 nan 1.000000000000000000e+00 nan
4.920000000000000000e+02 3.593391104958274695e+01 3.520174786940580702e+01 nan 1.000000000000000000e+00 nan
4.930000000000000000e+02 3.593391104958273985e+01 3.520311150576959136e+01 nan 1.000000000000000000e+00 nan
4.940000000000000000e+02 3.593527468594638208e+01 3.516902059667506819e+01 nan nan nan
4.950000000000000000e+02 3.593527468594638208e+01 3.517038423303885253e+01 nan nan nan
4.960000000000000000e+02 3.593527468594637497e+01 3.517174786940262976e+01 nan nan nan
4.970000000000000000e+02 3.593527468594638208e+01 3.517311150576640699e+01 nan nan nan
4.980000000000000000e+02 3.593527468594636787e+01 3.517447514213019133e+01 1.000000000000000000e+00 nan nan
4.990000000000000000e+02 3.593527468594638208e+01 3.517583877849397567e+01 1.000000000000000000e+00 nan nan
5.000000000000000000e+02 3.593527468594636787e+01 3.517720241485773869e+01 1.000000000000000000e+00 nan nan
5.010000000000000000e+02 3.593527468594638208e+01 3.517856605122152303e+01 1.000000000000000000e+00 nan nan
5.020000000000000000e+02 3.593527468594638208e+01 3.517992968758530736e+01 1.000000000000000000e+00 nan nan
5.030000000000000000e+02 3.593527468594637497e+01 3.518129332394909881e+01 1.000000000000000000e+00 nan nan
5.040000000000000000e+02 3.593527468594638208e+01 3.518265696031287604e+01 1.000000000000000000e+00 1.000000000000000000e+00 1.000000000000000000e+00
5.050000000000000000e+02 3.593527468594637497e+01 3.518402059667665327e+01 1.000000000000000000e+00 1.000000000000000000e+00 1.000000000000000000e+00
5.060000000000000000e+02 3.593527468594638208e+01 3.518538423304043761e+01 1.000000000000000000e+00 1.000000000000000000e+00 1.000000000000000000e+00
5.070000000000000000e+02 3.593527468594638208e+01 3.518674786940422194e+01 1.000000000000000000e+00 1.000000000000000000e+00 1.000000000000000000e+00
5.080000000000000000e+02 3.593527468594638208e+01 3.518811150576799918e+01 1.000000000000000000e+00 1.000000000000000000e+00 1.000000000000000000e+00
5.090000000000000000e+02 3.593527468594637497e+01 3.518947514213177641e+01 1.000000000000000000e+00 1.000000000000000000e+00 1.000000000000000000e+00
5.100000000000000000e+02 3.593527468594638208e+01 3.519083877849556075e+01 1.000000000000000000e+00 1.000000000000000000e+00 1.000000000000000000e+00
5.110000000000000000e+02 3.593527468594638208e+01 3.519220241485933798e+01 1.000000000000000000e+00 1.000000000000000000e+00 1.000000000000000000e+00
5.120000000000000000e+02 3.593527468594638208e+01 3.519356605122310810e+01 nan 1.000000000000000000e+00 nan
5.130000000000000000e+02 3.593527468594638208e+01 3.519492968758689955e+01 1.000000000000000000e+00 1.000000000000000000e+00 1.000000000000000000e+00
5.140000000000000000e+02 3.593527468594638208e+01 3.519629332395067678e+01 1.000000000000000000e+00 1.000000000000000000e+00 1.000000000000000000e+00
5.150000000000000000e+02 3.593527468594638208e+01 3.519765696031446112e+01 nan 1.000000000000000000e+00 nan
5.160000000000000000e+02 3.593527468594638208e+01 3.519902059667823124e+01 1.000000000000000000e+00 1.000000000000000000e+00 1.000000000000000000e+00
5.170000000000000000e+02 3.593527468594637497e+01 3.520038423304202979e+01 1.000000000000000000e+00 1.000000000000000000e+00 1.000000000000000000e+00
5.180000000000000000e+02 3.593527468594638208e+01 3.520174786940580702e+01 nan 1.000000000000000000e+00 nan
5.190000000000000000e+02 3.593527468594638208e+01 3.520311150576959136e+01 1.000000000000000000e+00 1.000000000000000000e+00 1.000000000000000000e+00
5.200000000000000000e+02 3.593663832231001720e+01 3.516902059667506819e+01 nan nan nan
5.210000000000000000e+02 3.593663832231001720e+01 3.517038423303885253e+01 nan nan nan
5.220000000000000000e+02 3.593663832231001720e+01 3.517174786940262976e+01 nan nan nan
5.230000000000000000e+02 3.593663832231001720e+01 3.517311150576640699e+01 nan nan nan
5.240000000000000000e+02 3.593663832231001720e+01 3.517447514213019133e+01 1.000000000000000000e+00 nan nan
5.250000000000000000e+02 3.593663832231002431e+01 3.517583877849397567e+01 1.000000000000000000e+00 nan nan
5.260000000000000000e+02 3.593663832231001720e+01 3.517720241485773869e+01 1.000000000000000000e+00 nan nan
5.270000000000000000e+02 3.593663832231001720e+01 3.517856605122152303e+01 1.000000000000000000e+00 nan nan
5.280000000000000000e+02 3.593663832231001720e+01 3.517992968758530736e+01 1.000000000000000000e+00 nan nan
5.290000000000000000e+02 3.593663832231001010e+01 3.518129332394909881e+01 1.000000000000000000e+00 nan nan
5.300000000000000000e+02 3.593663832231001720e+01 3.518265696031287604e+01 1.000000000000000000e+00 1.000000000000000000e+00 1.000000000000000000e+00
5.310000000000000000e+02 3.593663832231001720e+01 3.518402059667665327e+01 1.000000000000000000e+00 1.000000000000000000e+00 1.000000000000000000e+00
5.320000000000000000e+02 3.593663832231001720e+01 3.518538423304043761e+01 1.000000000000000000e+00 1.000000000000000000e+00 1.000000000000000000e+00
5.330000000000000000e+02 3.593663832231001720e+01 3.518674786940422194e+01 1.000000000000000000e+00 1.000000000000000000e+00 1.000000000000000000e+00
5.340000000000000000e+02 3.593663832231001720e+01 3.518811150576799918e+01 1.000000000000000000e+00 1.000000000000000000e+00 1.000000000000000000e+00
5.350000000000000000e+02 3.593663832231001720e+01 3.518947514213177641e+01 1.000000000000000000e+00 1.000000000000000000e+00 1.000000000000000000e+00
5.360000000000000000e+02 3.593663832231001720e+01 3.519083877849556075e+01 1.000000000000000000e+00 1.000000000000000000e+00 1.000000000000000000e+00
5.370000000000000000e+02 3.593663832231001720e+01 3.519220241485933798e+01 1.000000000000000000e+00 1.000000000000000000e+00 1.000000000000000000e+00
5.380000000000000000e+02 3.593663832231001720e+01 3.519356605122310810e+01 1.000000000000000000e+00 1.000000000000000000e+00 1.000000000000000000e+00
5.390000000000000000e+02 3.593663832231001720e+01 3.519492968758689955e+01 nan 1.000000000000000000e+00 nan
5.400000000000000000e+02 3.593663832231001720e+01 3.519629332395067678e+01 1.000000000000000000e+00 1.000000000000000000e+00 1.000000000000000000e+00
5.410000000000000000e+02 3.593663832231001010e+01 3.519765696031446112e+01 1.000000000000000000e+00 1.000000000000000000e+00 1.000000000000000000e+00
5.420000000000000000e+02 3.593663832231001720e+01 3.519902059667823124e+01 1.000000000000000000e+00 1.000000000000000000e+00 1.000000000000000000e+00
5.430000000000000000e+02 3.593663832231001720e+01 3.520038423304202979e+01 nan 1.000000000000000000e+00 nan
5.440000000000000000e+02 3.593663832231001720e+01 3.520174786940580702e+01 nan 1.000000000000000000e+00 nan
5.450000000000000000e+02 3.593663832231001720e+01 3.520311150576959136e+01 nan 1.000000000000000000e+00 nan
5.460000000000000000e+02 3.593800195867365233e+01 3.516902059667506819e+01 nan nan nan
5.470000000000000000e+02 3.593800195867365233e+01 3.517038423303885253e+01 nan nan nan
5.480000000000000000e+02 3.593800195867365233e+01 3.517174786940262265e+01 nan nan nan
5.490000000000000000e+02 3.593800195867365233e+01 3.517311150576640699e+01 1.000000000000000000e+00 nan nan
5.500000000000000000e+02 3.593800195867365233e+01 3.517447514213019133e+01 1.000000000000000000e+00 nan nan
5.510000000000000000e+02 3.593800195867365943e+01 3.517583877849397567e+01 1.000000000000000000e+00 nan nan
5.520000000000000000e+02 3.593800195867364522e+01 3.517720241485774579e+01 1.000000000000000000e+00 nan nan
5.530000000000000000e+02 3.593800195867365233e+01 3.517856605122153013e+01 1.000000000000000000e+00 nan nan
5.540000000000000000e+02 3.593800195867365233e+01 3.517992968758530736e+01 1.000000000000000000e+00 nan nan
5.550000000000000000e+02 3.593800195867365233e+01 3.518129332394910591e+01 1.000000000000000000e+00 nan nan
5.560000000000000000e+02 3.593800195867365233e+01 3.518265696031287604e+01 1.000000000000000000e+00 1.000000000000000000e+00 1.000000000000000000e+00
5.570000000000000000e+02 3.593800195867365233e+01 3.518402059667665327e+01 1.000000000000000000e+00 1.000000000000000000e+00 1.000000000000000000e+00
5.580000000000000000e+02 3.593800195867365233e+01 3.518538423304043050e+01 1.000000000000000000e+00 1.000000000000000000e+00 1.000000000000000000e+00
5.590000000000000000e+02 3.593800195867365233e+01 3.518674786940421484e+01 1.000000000000000000e+00 1.000000000000000000e+00 1.000000000000000000e+00
5.600000000000000000e+02 3.593800195867365233e+01 3.518811150576799207e+01 1.000000000000000000e+00 1.000000000000000000e+00 1.000000000000000000e+00
5.610000000000000000e+02 3.593800195867364522e+01 3.518947514213176930e+01 1.000000000000000000e+00 1.000000000000000000e+00 1.000000000000000000e+00
5.620000000000000000e+02 3.593800195867365233e+01 3.519083877849556075e+01 1.000000000000000000e+00 1.000000000000000000e+00 1.000000000000000000e+00
5.630000000000000000e+02 3.593800195867365233e+01 3.519220241485934508e+01 1.000000000000000000e+00 1.000000000000000000e+00 1.000000000000000000e+00
5.640000000000000000e+02 3.593800195867365233e+01 3.519356605122311521e+01 1.000000000000000000e+00 1.000000000000000000e+00 1.000000000000000000e+00
5.650000000000000000e+02 3.593800195867365233e+01 3.519492968758689955e+01 1.000000000000000000e+00 1.000000000000000000e+00 1.000000000000000000e+00
5.660000000000000000e+02 3.593800195867365233e+01 3.519629332395068388e+01 nan 1.000000000000000000e+00 nan
5.670000000000000000e+02 3.593800195867365233e+01 3.519765696031446822e+01 nan 1.000000000000000000e+00 nan
5.680000000000000000e+02 3.593800195867365233e+01 3.519902059667824545e+01 1.000000000000000000e+00 1.000000000000000000e+00 1.000000000000000000e+00
5.690000000000000000e+02 3.593800195867365233e+01 3.520038423304201558e+01 nan 1.000000000000000000e+00 nan
5.700000000000000000e+02 3.593800195867365233e+01 3.520174786940580702e+01 nan 1.000000000000000000e+00 nan
5.710000000000000000e+02 3.593800195867365233e+01 3.520311150576959136e+01 nan 1.000000000000000000e+00 nan
5.720000000000000000e+02 3.593936559503728745e+01 3.516902059667507530e+01 nan nan nan
5.730000000000000000e+02 3.593936559503728745e+01 3.517038423303884542e+01 nan nan nan
5.740000000000000000e+02 3.593936559503728745e+01 3.517174786940262976e+01 1.000000000000000000e+00 nan nan
5.750000000000000000e+02 3.593936559503728745e+01 3.517311150576640699e+01 nan nan nan
5.760000000000000000e+02 3.593936559503728745e+01 3.517447514213019133e+01 1.000000000000000000e+00 nan nan
5.770000000000000000e+02 3.593936559503728745e+01 3.517583877849396146e+01 1.000000000000000000e+00 nan nan
5.780000000000000000e+02 3.593936559503728745e+01 3.517720241485774579e+01 1.000000000000000000e+00 nan nan
5.790000000000000000e+02 3.593936559503728745e+01 3.517856605122153013e+01 1.000000000000000000e+00 nan nan
5.800000000000000000e+02 3.593936559503728745e+01 3.517992968758530736e+01 1.000000000000000000e+00 nan nan
5.810000000000000000e+02 3.593936559503728745e+01 3.518129332394910591e+01 1.000000000000000000e+00 nan nan
5.820000000000000000e+02 3.593936559503728745e+01 3.518265696031287604e+01 1.000000000000000000e+00 nan nan
5.830000000000000000e+02 3.593936559503728745e+01 3.518402059667665327e+01 1.000000000000000000e+00 nan nan
5.840000000000000000e+02 3.593936559503728745e+01 3.518538423304043761e+01 1.000000000000000000e+00 nan nan
5.850000000000000000e+02 3.593936559503728745e+01 3.518674786940422194e+01 1.000000000000000000e+00 1.000000000000000000e+00 1.000000000000000000e+00
5.860000000000000000e+02 3.593936559503728745e+01 3.518811150576799918e+01 1.000000000000000000e+00 1.000000000000000000e+00 1.000000000000000000e+00
5.870000000000000000e+02 3.593936559503728745e+01 3.518947514213176930e+01 1.000000000000000000e+00 1.000000000000000000e+00 1.000000000000000000e+00
5.880000000000000000e+02 3.593936559503728745e+01 3.519083877849556075e+01 1.000000000000000000e+00 1.000000000000000000e+00 1.000000000000000000e+00
5.890000000000000000e+02 3.593936559503728745e+01 3.519220241485934508e+01 1.000000000000000000e+00 1.000000000000000000e+00 1.000000000000000000e+00
5.900000000000000000e+02 3.593936559503728745e+01 3.519356605122310810e+01 1.000000000000000000e+00 1.000000000000000000e+00 1.000000000000000000e+00
5.910000000000000000e+02 3.593936559503728745e+01 3.519492968758689955e+01 nan 1.000000000000000000e+00 nan
5.920000000000000000e+02 3.593936559503728745e+01 3.519629332395068388e+01 nan 1.000000000000000000e+00 nan
5.930000000000000000e+02 3.593936559503728745e+01 3.519765696031446112e+01 1.000000000000000000e+00 1.000000000000000000e+00 1.000000000000000000e+00
5.940000000000000000e+02 3.593936559503728745e+01 3.519902059667823124e+01 nan 1.000000000000000000e+00 nan
5.950000000000000000e+02 3.593936559503728745e+01 3.520038423304202979e+01 nan 1.000000000000000000e+00 nan
5.960000000000000000e+02 3.593936559503728745e+01 3.520174786940580702e+01 nan 1.000000000000000000e+00 nan
5.970000000000000000e+02 3.593936559503728745e+01 3.520311150576958426e+01 nan 1.000000000000000000e+00 nan
5.980000000000000000e+02 3.594072923140092257e+01 3.516902059667507530e+01 nan nan nan
5.990000000000000000e+02 3.594072923140092257e+01 3.517038423303884542e+01 nan nan nan
6.000000000000000000e+02 3.594072923140093678e+01 3.517174786940262976e+01 nan nan nan
6.010000000000000000e+02 3.594072923140092257e+01 3.517311150576640699e+01 nan nan nan
6.020000000000000000e+02 3.594072923140092968e+01 3.517447514213019133e+01 1.000000000000000000e+00 nan nan
6.030000000000000000e+02 3.594072923140092257e+01 3.517583877849396146e+01 nan nan nan
6.040000000000000000e+02 3.594072923140092257e+01 3.517720241485774579e+01 nan nan nan
6.050000000000000000e+02 3.594072923140092257e+01 3.517856605122153013e+01 1.000000000000000000e+00 nan nan
6.060000000000000000e+02 3.594072923140092257e+01 3.517992968758530736e+01 1.000000000000000000e+00 nan nan
6.070000000000000000e+02 3.594072923140092968e+01 3.518129332394910591e+01 1.000000000000000000e+00 nan nan
6.080000000000000000e+02 3.594072923140092257e+01 3.518265696031287604e+01 1.000000000000000000e+00 nan nan
6.090000000000000000e+02 3.594072923140092257e+01 3.518402059667665327e+01 1.000000000000000000e+00 nan nan
6.100000000000000000e+02 3.594072923140092257e+01 3.518538423304043761e+01 1.000000000000000000e+00 nan nan
6.110000000000000000e+02 3.594072923140092257e+01 3.518674786940422194e+01 1.000000000000000000e+00 nan nan
6.120000000000000000e+02 3.594072923140092257e+01 3.518811150576799918e+01 1.000000000000000000e+00 1.000000000000000000e+00 1.000000000000000000e+00
6.130000000000000000e+02 3.594072923140092257e+01 3.518947514213176930e+01 1.000000000000000000e+00 1.000000000000000000e+00 1.000000000000000000e+00
6.140000000000000000e+02 3.594072923140092257e+01 3.519083877849556075e+01 1.000000000000000000e+00 1.000000000000000000e+00 1.000000000000000000e+00
6.150000000000000000e+02 3.594072923140092257e+01 3.519220241485934508e+01 1.000000000000000000e+00 1.000000000000000000e+00 1.000000000000000000e+00
6.160000000000000000e+02 3.594072923140092968e+01 3.519356605122310810e+01 1.000000000000000000e+00 1.000000000000000000e+00 1.000000000000000000e+00
6.170000000000000000e+02 3.594072923140092257e+01 3.519492968758689955e+01 1.000000000000000000e+00 1.000000000000000000e+00 1.000000000000000000e+00
6.180000000000000000e+02 3.594072923140092257e+01 3.519629332395068388e+01 1.000000000000000000e+00 1.000000000000000000e+00 1.000000000000000000e+00
6.190000000000000000e+02 3.594072923140092968e+01 3.519765696031446112e+01 1.000000000000000000e+00 1.000000000000000000e+00 1.000000000000000000e+00
6.200000000000000000e+02 3.594072923140092257e+01 3.519902059667823124e+01 nan 1.000000000000000000e+00 nan
6.210000000000000000e+02 3.594072923140092257e+01 3.520038423304202979e+01 nan 1.000000000000000000e+00 nan
6.220000000000000000e+02 3.594072923140092257e+01 3.520174786940580702e+01 1.000000000000000000e+00 1.000000000000000000e+00 1.000000000000000000e+00
6.230000000000000000e+02 3.594072923140092257e+01 3.520311150576958426e+01 nan 1.000000000000000000e+00 nan
6.240000000000000000e+02 3.594209286776456480e+01 3.516902059667507530e+01 nan nan nan
6.250000000000000000e+02 3.594209286776455770e+01 3.517038423303884542e+01 nan nan nan
6.260000000000000000e+02 3.594209286776455770e+01 3.517174786940262976e+01 nan nan nan
6.270000000000000000e+02 3.594209286776456480e+01 3.517311150576640699e+01 1.000000000000000000e+00 nan nan
6.280000000000000000e+02 3.594209286776455770e+01 3.517447514213019133e+01 1.000000000000000000e+00 nan nan
6.290000000000000000e+02 3.594209286776456480e+01 3.517583877849396146e+01 nan nan nan
6.300000000000000000e+02 3.594209286776455770e+01 3.517720241485774579e+01 nan nan nan
6.310000000000000000e+02 3.594209286776456480e+01 3.517856605122153013e+01 1.000000000000000000e+00 nan nan
6.320000000000000000e+02 3.594209286776455770e+01 3.517992968758530736e+01 1.000000000000000000e+00 nan nan
6.330000000000000000e+02 3.594209286776455770e+01 3.518129332394910591e+01 1.000000000000000000e+00 nan nan
6.340000000000000000e+02 3.594209286776455770e+01 3.518265696031287604e+01 1.000000000000000000e+00 nan nan
6.350000000000000000e+02 3.594209286776455770e+01 3.518402059667665327e+01 1.000000000000000000e+00 nan nan
6.360000000000000000e+02 3.594209286776455770e+01 3.518538423304043761e+01 1.000000000000000000e+00 nan nan
6.370000000000000000e+02 3.594209286776455770e+01 3.518674786940422194e+01 1.000000000000000000e+00 nan nan
6.380000000000000000e+02 3.594209286776455770e+01 3.518811150576799918e+01 1.000000000000000000e+00 1.000000000000000000e+00 1.000000000000000000e+00
6.390000000000000000e+02 3.594209286776455770e+01 3.518947514213176930e+01 1.000000000000000000e+00 1.000000000000000000e+00 1.000000000000000000e+00
6.400000000000000000e+02 3.594209286776456480e+01 3.519083877849556075e+01 1.000000000000000000e+00 1.000000000000000000e+00 1.000000000000000000e+00
6.410000000000000000e+02 3.594209286776456480e+01 3.519220241485934508e+01 1.000000000000000000e+00 1.000000000000000000e+00 1.000000000000000000e+00
6.420000000000000000e+02 3.594209286776455770e+01 3.519356605122310810e+01 1.000000000000000000e+00 1.000000000000000000e+00 1.000000000000000000e+00
6.430000000000000000e+02 3.594209286776455770e+01 3.519492968758689955e+01 1.000000000000000000e+00 1.000000000000000000e+00 1.000000000000000000e+00
6.440000000000000000e+02 3.594209286776456480e+01 3.519629332395068388e+01 nan 1.000000000000000000e+00 nan
6.450000000000000000e+02 3.594209286776455770e+01 3.519765696031446112e+01 nan 1.000000000000000000e+00 nan
6.460000000000000000e+02 3.594209286776455770e+01 3.519902059667823124e+01 nan 1.000000000000000000e+00 nan
6.470000000000000000e+02 3.594209286776455770e+01 3.520038423304202979e+01 nan 1.000000000000000000e+00 nan
6.480000000000000000e+02 3.594209286776455770e+01 3.520174786940580702e+01 1.000000000000000000e+00 1.000000000000000000e+00 1.000000000000000000e+00
6.490000000000000000e+02 3.594209286776455770e+01 3.520311150576958426e+01 nan 1.000000000000000000e+00 nan
6.500000000000000000e+02 3.594345650412819992e+01 3.516902059667506819e+01 nan nan nan
6.510000000000000000e+02 3.594345650412819282e+01 3.517038423303885253e+01 nan nan nan
6.520000000000000000e+02 3.594345650412819282e+01 3.517174786940262976e+01 nan nan nan
6.530000000000000000e+02 3.594345650412819282e+01 3.517311150576640699e+01 nan nan nan
6.540000000000000000e+02 3.594345650412819282e+01 3.517447514213019133e+01 1.000000000000000000e+00 nan nan
6.550000000000000000e+02 3.594345650412819282e+01 3.517583877849397567e+01 1.000000000000000000e+00 nan nan
6.560000000000000000e+02 3.594345650412819992e+01 3.517720241485773869e+01 1.000000000000000000e+00 nan nan
6.570000000000000000e+02 3.594345650412819992e+01 3.517856605122152303e+01 1.000000000000000000e+00 nan nan
6.580000000000000000e+02 3.594345650412819282e+01 3.517992968758530736e+01 1.000000000000000000e+00 nan nan
6.590000000000000000e+02 3.594345650412819992e+01 3.518129332394909881e+01 nan nan nan
6.600000000000000000e+02 3.594345650412819282e+01 3.518265696031287604e+01 1.000000000000000000e+00 nan nan
6.610000000000000000e+02 3.594345650412819282e+01 3.518402059667665327e+01 1.000000000000000000e+00 nan nan
6.620000000000000000e+02 3.594345650412819282e+01 3.518538423304043761e+01 1.000000000000000000e+00 nan nan
6.630000000000000000e+02 3.594345650412819282e+01 3.518674786940422194e+01 1.000000000000000000e+00 nan nan
6.640000000000000000e+02 3.594345650412818571e+01 3.518811150576799918e+01 1.000000000000000000e+00 1.000000000000000000e+00 1.000000000000000000e+00
6.650000000000000000e+02 3.594345650412819992e+01 3.518947514213177641e+01 1.000000000000000000e+00 1.000000000000000000e+00 1.000000000000000000e+00
6.660000000000000000e+02 3.594345650412819282e+01 3.519083877849556075e+01 nan 1.000000000000000000e+00 nan
6.670000000000000000e+02 3.594345650412819282e+01 3.519220241485933798e+01 1.000000000000000000e+00 1.000000000000000000e+00 1.000000000000000000e+00
6.680000000000000000e+02 3.594345650412819282e+01 3.519356605122310810e+01 1.000000000000000000e+00 1.000000000000000000e+00 1.000000000000000000e+00
6.690000000000000000e+02 3.594345650412819282e+01 3.519492968758689955e+01 1.000000000000000000e+00 1.000000000000000000e+00 1.000000000000000000e+00
6.700000000000000000e+02 3.594345650412819282e+01 3.519629332395067678e+01 1.000000000000000000e+00 1.000000000000000000e+00 1.000000000000000000e+00
6.710000000000000000e+02 3.594345650412819992e+01 3.519765696031446112e+01 1.000000000000000000e+00 1.000000000000000000e+00 1.000000000000000000e+00
6.720000000000000000e+02 3.594345650412819282e+01 3.519902059667823124e+01 nan 1.000000000000000000e+00 nan
6.730000000000000000e+02 3.594345650412819282e+01 3.520038423304202979e+01 nan 1.000000000000000000e+00 nan
6.740000000000000000e+02 3.594345650412819282e+01 3.520174786940580702e+01 nan 1.000000000000000000e+00 nan
6.750000000000000000e+02 3.594345650412819992e+01 3.520311150576959136e+01 nan 1.000000000000000000e+00 nan
6.760000000000000000e+02 3.594482014049182794e+01 3.516902059667506819e+01 nan nan nan
6.770000000000000000e+02 3.594482014049183505e+01 3.517038423303885253e+01 nan nan nan
6.780000000000000000e+02 3.594482014049182794e+01 3.517174786940262265e+01 nan nan nan
6.790000000000000000e+02 3.594482014049182794e+01 3.517311150576640699e+01 nan nan nan
6.800000000000000000e+02 3.594482014049182794e+01 3.517447514213019133e+01 nan nan nan
6.810000000000000000e+02 3.594482014049182794e+01 3.517583877849397567e+01 nan nan nan
6.820000000000000000e+02 3.594482014049182794e+01 3.517720241485774579e+01 nan nan nan
6.830000000000000000e+02 3.594482014049182794e+01 3.517856605122153013e+01 nan nan nan
6.840000000000000000e+02 3.594482014049182794e+01 3.517992968758530736e+01 1.000000000000000000e+00 nan nan
6.850000000000000000e+02 3.594482014049183505e+01 3.518129332394910591e+01 1.000000000000000000e+00 nan nan
6.860000000000000000e+02 3.594482014049183505e+01 3.518265696031287604e+01 1.000000000000000000e+00 nan nan
6.870000000000000000e+02 3.594482014049182794e+01 3.518402059667665327e+01 1.000000000000000000e+00 nan nan
6.880000000000000000e+02 3.594482014049183505e+01 3.518538423304043050e+01 1.000000000000000000e+00 nan nan
6.890000000000000000e+02 3.594482014049182794e+01 3.518674786940421484e+01 1.000000000000000000e+00 nan nan
6.900000000000000000e+02 3.594482014049183505e+01 3.518811150576799207e+01 1.000000000000000000e+00 1.000000000000000000e+00 1.000000000000000000e+00
6.910000000000000000e+02 3.594482014049182794e+01 3.518947514213176930e+01 1.000000000000000000e+00 1.000000000000000000e+00 1.000000000000000000e+00
6.920000000000000000e+02 3.594482014049182794e+01 3.519083877849556075e+01 nan 1.000000000000000000e+00 nan
6.930000000000000000e+02 3.594482014049182794e+01 3.519220241485934508e+01 nan 1.000000000000000000e+00 nan
6.940000000000000000e+02 3.594482014049182794e+01 3.519356605122311521e+01 1.000000000000000000e+00 1.000000000000000000e+00 1.000000000000000000e+00
6.950000000000000000e+02 3.594482014049182794e+01 3.519492968758689955e+01 1.000000000000000000e+00 1.000000000000000000e+00 1.000000000000000000e+00
6.960000000000000000e+02 3.594482014049183505e+01 3.519629332395068388e+01 nan 1.000000000000000000e+00 nan
6.970000000000000000e+02 3.594482014049182794e+01 3.519765696031446822e+01 1.000000000000000000e+00 1.000000000000000000e+00 1.000000000000000000e+00
6.980000000000000000e+02 3.594482014049183505e+01 3.519902059667824545e+01 nan 1.000000000000000000e+00 nan
6.990000000000000000e+02 3.594482014049183505e+01 3.520038423304201558e+01 nan 1.000000000000000000e+00 nan
7.000000000000000000e+02 3.594482014049182794e+01 3.520174786940580702e+01 nan 1.000000000000000000e+00 nan
7.010000000000000000e+02 3.594482014049183505e+01 3.520311150576959136e+01 nan 1.000000000000000000e+00 nan
7.020000000000000000e+02 3.594618377685547017e+01 3.516902059667506819e+01 nan nan nan
7.030000000000000000e+02 3.594618377685547017e+01 3.517038423303885253e+01 nan nan nan
7.040000000000000000e+02 3.594618377685547017e+01 3.517174786940262976e+01 nan nan nan
7.050000000000000000e+02 3.594618377685547017e+01 3.517311150576640699e+01 nan nan nan
7.060000000000000000e+02 3.594618377685547017e+01 3.517447514213019133e+01 1.000000000000000000e+00 nan nan
7.070000000000000000e+02 3.594618377685547017e+01 3.517583877849397567e+01 nan nan nan
7.080000000000000000e+02 3.594618377685547017e+01 3.517720241485773869e+01 nan nan nan
7.090000000000000000e+02 3.594618377685547017e+01 3.517856605122152303e+01 nan nan nan
7.100000000000000000e+02 3.594618377685547017e+01 3.517992968758530736e+01 1.000000000000000000e+00 nan nan
7.110000000000000000e+02 3.594618377685547017e+01 3.518129332394909881e+01 nan nan nan
7.120000000000000000e+02 3.594618377685547728e+01 3.518265696031287604e+01 1.000000000000000000e+00 nan nan
7.130000000000000000e+02 3.594618377685547017e+01 3.518402059667665327e+01 nan nan nan
7.140000000000000000e+02 3.594618377685547017e+01 3.518538423304043761e+01 nan nan nan
7.150000000000000000e+02 3.594618377685547017e+01 3.518674786940422194e+01 1.000000000000000000e+00 nan nan
7.160000000000000000e+02 3.594618377685547017e+01 3.518811150576799918e+01 nan 1.000000000000000000e+00 nan
7.170000000000000000e+02 3.594618377685547017e+01 3.518947514213177641e+01 nan 1.000000000000000000e+00 nan
7.180000000000000000e+02 3.594618377685547017e+01 3.519083877849556075e+01 1.000000000000000000e+00 1.000000000000000000e+00 1.000000000000000000e+00
7.190000000000000000e+02 3.594618377685547017e+01 3.519220241485933798e+01 nan 1.000000000000000000e+00 nan
7.200000000000000000e+02 3.594618377685547017e+01 3.519356605122310810e+01 nan 1.000000000000000000e+00 nan
7.210000000000000000e+02 3.594618377685547017e+01 3.519492968758689955e+01 nan 1.000000000000000000e+00 nan
7.220000000000000000e+02 3.594618377685547017e+01 3.519629332395067678e+01 nan 1.000000000000000000e+00 nan
7.230000000000000000e+02 3.594618377685547017e+01 3.519765696031446112e+01 1.000000000000000000e+00 1.000000000000000000e+00 1.000000000000000000e+00
7.240000000000000000e+02 3.594618377685547017e+01 3.519902059667823124e+01 nan 1.000000000000000000e+00 nan
7.250000000000000000e+02 3.594618377685547017e+01 3.520038423304202979e+01 nan 1.000000000000000000e+00 nan
7.260000000000000000e+02 3.594618377685547017e+01 3.520174786940580702e+01 nan 1.000000000000000000e+00 nan
7.270000000000000000e+02 3.594618377685547017e+01 3.520311150576959136e+01 nan 1.000000000000000000e+00 nan
7.280000000000000000e+02 3.594754741321910529e+01 3.516902059667506819e+01 nan nan nan
7.290000000000000000e+02 3.594754741321911240e+01 3.517038423303885253e+01 nan nan nan
7.300000000000000000e+02 3.594754741321911240e+01 3.517174786940262265e+01 nan nan nan
7.310000000000000000e+02 3.594754741321911240e+01 3.517311150576640699e+01 nan nan nan
7.320000000000000000e+02 3.594754741321910529e+01 3.517447514213019133e+01 1.000000000000000000e+00 nan nan
7.330000000000000000e+02 3.594754741321911240e+01 3.517583877849397567e+01 1.000000000000000000e+00 nan nan
7.340000000000000000e+02 3.594754741321910529e+01 3.517720241485774579e+01 nan nan nan
7.350000000000000000e+02 3.594754741321910529e+01 3.517856605122153013e+01 nan nan nan
7.360000000000000000e+02 3.594754741321909819e+01 3.517992968758530736e+01 nan nan nan
7.370000000000000000e+02 3.594754741321910529e+01 3.518129332394910591e+01 nan nan nan
7.380000000000000000e+02 3.594754741321910529e+01 3.518265696031287604e+01 nan nan nan
7.390000000000000000e+02 3.594754741321911240e+01 3.518402059667665327e+01 1.000000000000000000e+00 nan nan
7.400000000000000000e+02 3.594754741321910529e+01 3.518538423304043050e+01 1.000000000000000000e+00 nan nan
7.410000000000000000e+02 3.594754741321910529e+01 3.518674786940421484e+01 nan nan nan
7.420000000000000000e+02 3.594754741321910529e+01 3.518811150576799207e+01 1.000000000000000000e+00 1.000000000000000000e+00 1.000000000000000000e+00
7.430000000000000000e+02 3.594754741321911240e+01 3.518947514213176930e+01 nan 1.000000000000000000e+00 nan
7.440000000000000000e+02 3.594754741321910529e+01 3.519083877849556075e+01 nan 1.000000000000000000e+00 nan
7.450000000000000000e+02 3.594754741321911240e+01 3.519220241485934508e+01 nan 1.000000000000000000e+00 nan
7.460000000000000000e+02 3.594754741321911240e+01 3.519356605122311521e+01 nan 1.000000000000000000e+00 nan
7.470000000000000000e+02 3.594754741321911240e+01 3.519492968758689955e+01 nan 1.000000000000000000e+00 nan
7.480000000000000000e+02 3.594754741321911240e+01 3.519629332395068388e+01 nan 1.000000000000000000e+00 nan
7.490000000000000000e+02 3.594754741321911240e+01 3.519765696031446822e+01 nan 1.000000000000000000e+00 nan
7.500000000000000000e+02 3.594754741321911240e+01 3.519902059667824545e+01 nan 1.000000000000000000e+00 nan
7.510000000000000000e+02 3.594754741321911240e+01 3.520038423304201558e+01 nan 1.000000000000000000e+00 nan
7.520000000000000000e+02 3.594754741321911240e+01 3.520174786940580702e+01 nan 1.000000000000000000e+00 nan
7.530000000000000000e+02 3.594754741321911240e+01 3.520311150576959136e+01 nan 1.000000000000000000e+00 nan
7.540000000000000000e+02 3.594891104958274042e+01 3.516902059667506819e+01 nan nan nan
7.550000000000000000e+02 3.594891104958274042e+01 3.517038423303885253e+01 1.000000000000000000e+00 nan nan
7.560000000000000000e+02 3.594891104958274042e+01 3.517174786940262265e+01 nan nan nan
7.570000000000000000e+02 3.594891104958274752e+01 3.517311150576640699e+01 nan nan nan
7.580000000000000000e+02 3.594891104958274042e+01 3.517447514213019133e+01 nan nan nan
7.590000000000000000e+02 3.594891104958274042e+01 3.517583877849397567e+01 nan nan nan
7.600000000000000000e+02 3.594891104958273331e+01 3.517720241485774579e+01 nan nan nan
7.610000000000000000e+02 3.594891104958274042e+01 3.517856605122153013e+01 nan nan nan
7.620000000000000000e+02 3.594891104958274042e+01 3.517992968758530736e+01 nan nan nan
7.630000000000000000e+02 3.594891104958274042e+01 3.518129332394910591e+01 nan nan nan
7.640000000000000000e+02 3.594891104958274042e+01 3.518265696031287604e+01 1.000000000000000000e+00 nan nan
7.650000000000000000e+02 3.594891104958274042e+01 3.518402059667665327e+01 nan nan nan
7.660000000000000000e+02 3.594891104958274042e+01 3.518538423304043050e+01 nan nan nan
7.670000000000000000e+02 3.594891104958273331e+01 3.518674786940421484e+01 nan nan nan
7.680000000000000000e+02 3.594891104958274042e+01 3.518811150576799207e+01 nan 1.000000000000000000e+00 nan
7.690000000000000000e+02 3.594891104958274752e+01 3.518947514213176930e+01 nan 1.000000000000000000e+00 nan
7.700000000000000000e+02 3.594891104958274042e+01 3.519083877849556075e+01 nan 1.000000000000000000e+00 nan
7.710000000000000000e+02 3.594891104958274752e+01 3.519220241485934508e+01 nan 1.000000000000000000e+00 nan
7.720000000000000000e+02 3.594891104958274042e+01 3.519356605122311521e+01 nan 1.000000000000000000e+00 nan
7.730000000000000000e+02 3.594891104958274042e+01 3.519492968758689955e+01 nan 1.000000000000000000e+00 nan
7.740000000000000000e+02 3.594891104958274042e+01 3.519629332395068388e+01 nan 1.000000000000000000e+00 nan
7.750000000000000000e+02 3.594891104958274042e+01 3.519765696031446822e+01 nan 1.000000000000000000e+00 nan
7.760000000000000000e+02 3.594891104958274042e+01 3.519902059667824545e+01 nan 1.000000000000000000e+00 nan
7.770000000000000000e+02 3.594891104958274042e+01 3.520038423304201558e+01 nan 1.000000000000000000e+00 nan
7.780000000000000000e+02 3.594891104958274042e+01 3.520174786940580702e+01 nan 1.000000000000000000e+00 nan
7.790000000000000000e+02 3.594891104958274042e+01 3.520311150576959136e+01 nan 1.000000000000000000e+00 nan
7.800000000000000000e+02 3.595027468594636844e+01 3.516902059667506819e+01 nan nan nan
7.810000000000000000e+02 3.595027468594636844e+01 3.517038423303885253e+01 nan nan nan
7.820000000000000000e+02 3.595027468594637554e+01 3.517174786940262976e+01 nan nan nan
7.830000000000000000e+02 3.595027468594636844e+01 3.517311150576640699e+01 nan nan nan
7.840000000000000000e+02 3.595027468594636844e+01 3.517447514213019133e+01 nan nan nan
7.850000000000000000e+02 3.595027468594636844e+01 3.517583877849397567e+01 nan nan nan
7.860000000000000000e+02 3.595027468594636844e+01 3.517720241485773869e+01 nan nan nan
7.870000000000000000e+02 3.595027468594636844e+01 3.517856605122152303e+01 nan nan nan
7.880000000000000000e+02 3.595027468594636844e+01 3.517992968758530736e+01 nan nan nan
7.890000000000000000e+02 3.595027468594636844e+01 3.518129332394909881e+01 nan nan nan
7.900000000000000000e+02 3.595027468594636844e+01 3.518265696031287604e+01 1.000000000000000000e+00 nan nan
7.910000000000000000e+02 3.595027468594636844e+01 3.518402059667665327e+01 nan nan nan
7.920000000000000000e+02 3.595027468594637554e+01 3.518538423304043761e+01 nan nan nan
7.930000000000000000e+02 3.595027468594637554e+01 3.518674786940422194e+01 nan nan nan
7.940000000000000000e+02 3.595027468594636844e+01 3.518811150576799918e+01 nan 1.000000000000000000e+00 nan
7.950000000000000000e+02 3.595027468594636844e+01 3.518947514213177641e+01 nan 1.000000000000000000e+00 nan
7.960000000000000000e+02 3.595027468594636844e+01 3.519083877849556075e+01 nan 1.000000000000000000e+00 nan
7.970000000000000000e+02 3.595027468594636844e+01 3.519220241485933798e+01 nan 1.000000000000000000e+00 nan
7.980000000000000000e+02 3.595027468594637554e+01 3.519356605122310810e+01 nan 1.000000000000000000e+00 nan
7.990000000000000000e+02 3.595027468594636844e+01 3.519492968758689955e+01 nan 1.000000000000000000e+00 nan
8.000000000000000000e+02 3.595027468594636844e+01 3.519629332395067678e+01 nan 1.000000000000000000e+00 nan
8.010000000000000000e+02 3.595027468594636844e+01 3.519765696031446112e+01 nan 1.000000000000000000e+00 nan
8.020000000000000000e+02 3.595027468594636844e+01 3.519902059667823124e+01 nan 1.000000000000000000e+00 nan
8.030000000000000000e+02 3.595027468594636844e+01 3.520038423304202979e+01 nan 1.000000000000000000e+00 nan
8.040000000000000000e+02 3.595027468594636844e+01 3.520174786940580702e+01 nan 1.000000000000000000e+00 nan
8.050000000000000000e+02 3.595027468594637554e+01 3.520311150576959136e+01 nan 1.000000000000000000e+00 nan
