1.000000000000000000e+00 5.337805462386200350e-01
3.000000000000000000e+00 5.743067535209454011e-01
5.000000000000000000e+00 5.965687626100161234e-01
7.000000000000000000e+00 6.129396450127585494e-01
9.000000000000000000e+00 6.273012983568178047e-01
1.100000000000000000e+01 6.407382997176889194e-01
1.300000000000000000e+01 6.534745771741841125e-01
1.500000000000000000e+01 6.655969167370736628e-01
1.700000000000000000e+01 6.773388632916808039e-01
1.900000000000000000e+01 6.890204626215958861e-01
2.100000000000000000e+01 7.006379608679054183e-01
2.300000000000000000e+01 7.122615681969823864e-01
2.500000000000000000e+01 7.239631414108439467e-01
2.700000000000000000e+01 7.356433645423201551e-01
2.900000000000000000e+01 7.473155897197241160e-01
3.100000000000000000e+01 7.589306529576744786e-01
3.300000000000000000e+01 7.704307706910666909e-01
3.500000000000000000e+01 7.815656043612342341e-01
3.700000000000000000e+01 7.921596425549758402e-01
3.900000000000000000e+01 8.021028273938178854e-01
4.100000000000000000e+01 8.114179740741946922e-01
4.300000000000000000e+01 8.201100308954688556e-01
4.500000000000000000e+01 8.280902449478659832e-01
4.700000000000000000e+01 8.354428838177883065e-01
4.900000000000000000e+01 8.422675535177389650e-01
5.100000000000000000e+01 8.485524803217546763e-01
5.300000000000000000e+01 8.543508217342307143e-01
5.500000000000000000e+01 8.596120974083932831e-01
5.700000000000000000e+01 8.643550801973511888e-01
5.900000000000000000e+01 8.685971628141575529e-01
6.100000000000000000e+01 8.723397765440455975e-01
6.300000000000000000e+01 8.755666531962678079e-01
6.500000000000000000e+01 8.782356662030148531e-01
6.700000000000000000e+01 8.803709856775105980e-01
6.900000000000000000e+01 8.820245868247147403e-01
7.100000000000000000e+01 8.831743453856035764e-01
7.300000000000000000e+01 8.838835776143234568e-01
7.500000000000000000e+01 8.841794071804359723e-01
7.700000000000000000e+01 8.842496689512050478e-01
7.900000000000000000e+01 8.841416489500351084e-01
8.100000000000000000e+01 8.839041335867580118e-01
8.300000000000000000e+01 8.835945115819187068e-01
8.500000000000000000e+01 8.833128286583943334e-01
8.700000000000000000e+01 8.830954744641527077e-01
8.900000000000000000e+01 8.830486912662357524e-01
9.100000000000000000e+01 8.831669408415022682e-01
9.300000000000000000e+01 8.832123788260297648e-01
9.500000000000000000e+01 8.831884984218631995e-01
9.700000000000000000e+01 8.830902065250207933e-01
9.900000000000000000e+01 8.829304644786275524e-01
1.010000000000000000e+02 8.827113693345132184e-01
1.030000000000000000e+02 8.824362690101077433e-01
1.050000000000000000e+02 8.821115446569729457e-01
1.070000000000000000e+02 8.817440337743335244e-01
1.090000000000000000e+02 8.813363555864653920e-01
1.110000000000000000e+02 8.808816019987559809e-01
1.130000000000000000e+02 8.803881502151478244e-01
1.150000000000000000e+02 8.798650889667575248e-01
1.170000000000000000e+02 8.793136068845136544e-01
1.190000000000000000e+02 8.787226307986635288e-01
1.210000000000000000e+02 8.781014046976831633e-01
1.230000000000000000e+02 8.774512204762967560e-01
1.250000000000000000e+02 8.767731991350595777e-01
1.270000000000000000e+02 8.760781091104693497e-01
1.290000000000000000e+02 8.753665285773767346e-01
1.310000000000000000e+02 8.746315236896970990e-01
1.330000000000000000e+02 8.738738127216855167e-01
1.350000000000000000e+02 8.730939886583102272e-01
1.370000000000000000e+02 8.723234567002353668e-01
1.390000000000000000e+02 8.715624554186861550e-01
1.410000000000000000e+02 8.708510932029538409e-01
1.430000000000000000e+02 8.701903465969147433e-01
1.450000000000000000e+02 8.695813067914948125e-01
1.470000000000000000e+02 8.690310668938742156e-01
1.490000000000000000e+02 8.685413338654098814e-01
