1.000000000000000000e+00 1.800100513226632337e-02
3.000000000000000000e+00 1.847112620347679535e-02
5.000000000000000000e+00 1.875784783083789264e-02
7.000000000000000000e+00 1.899752638964913309e-02
9.000000000000000000e+00 1.920383141873927002e-02
1.100000000000000000e+01 1.938616112053492824e-02
1.300000000000000000e+01 1.955230873038937833e-02
1.500000000000000000e+01 1.970410074332051842e-02
1.700000000000000000e+01 1.984077118504334880e-02
1.900000000000000000e+01 1.996305634788209105e-02
2.100000000000000000e+01 2.007337078089199700e-02
2.300000000000000000e+01 2.017387775596402033e-02
2.500000000000000000e+01 2.026870973845362744e-02
2.700000000000000000e+01 2.036067886618520006e-02
2.900000000000000000e+01 2.044955779488877301e-02
3.100000000000000000e+01 2.053593549045484856e-02
3.300000000000000000e+01 2.061963257107246594e-02
3.500000000000000000e+01 2.070048728040563280e-02
3.700000000000000000e+01 2.077901129352444087e-02
3.900000000000000000e+01 2.085455617934262040e-02
4.100000000000000000e+01 2.092629233502385500e-02
4.300000000000000000e+01 2.099393376322411520e-02
4.500000000000000000e+01 2.105795945818866866e-02
4.700000000000000000e+01 2.111807718610003715e-02
4.900000000000000000e+01 2.117403482534241377e-02
5.100000000000000000e+01 2.122549990741573467e-02
5.300000000000000000e+01 2.127199041773097932e-02
5.500000000000000000e+01 2.131279620893100635e-02
5.700000000000000000e+01 2.134726431165923088e-02
5.900000000000000000e+01 2.137503836336229757e-02
6.100000000000000000e+01 2.139567329155134257e-02
6.300000000000000000e+01 2.140892218313794615e-02
6.500000000000000000e+01 2.141464731637321428e-02
6.700000000000000000e+01 2.141281862880273223e-02
6.900000000000000000e+01 2.140331931424821477e-02
7.100000000000000000e+01 2.138600029019777082e-02
7.300000000000000000e+01 2.136038724609390371e-02
7.500000000000000000e+01 2.132606367452305474e-02
7.700000000000000000e+01 2.128287678178641951e-02
7.900000000000000000e+01 2.123083808349424118e-02
8.100000000000000000e+01 2.117031831180593571e-02
8.300000000000000000e+01 2.110253154782482099e-02
8.500000000000000000e+01 2.102826789747203051e-02
8.700000000000000000e+01 2.094759851076755108e-02
8.900000000000000000e+01 2.086062410994349303e-02
9.100000000000000000e+01 2.076741138190441038e-02
9.300000000000000000e+01 2.066913957629468168e-02
9.500000000000000000e+01 2.056638361037388396e-02
9.700000000000000000e+01 2.045943486778289966e-02
9.900000000000000000e+01 2.034883896051842278e-02
1.010000000000000000e+02 2.023592335522195196e-02
1.030000000000000000e+02 2.012110006816203445e-02
1.050000000000000000e+02 2.000439293090494619e-02
1.070000000000000000e+02 1.988582007251937789e-02
1.090000000000000000e+02 1.976615851416529956e-02
1.110000000000000000e+02 1.964578381240678073e-02
1.130000000000000000e+02 1.952504200892923869e-02
1.150000000000000000e+02 1.940436299209646887e-02
1.170000000000000000e+02 1.928351074873735360e-02
1.190000000000000000e+02 1.916230042089073216e-02
1.210000000000000000e+02 1.904108645803492816e-02
1.230000000000000000e+02 1.892013830990679768e-02
1.250000000000000000e+02 1.879967806404336805e-02
1.270000000000000000e+02 1.867946930758945800e-02
1.290000000000000000e+02 1.856033913935895008e-02
1.310000000000000000e+02 1.844178184561606759e-02
1.330000000000000000e+02 1.832392576929409156e-02
1.350000000000000000e+02 1.820634922447528226e-02
1.370000000000000000e+02 1.808915750925754740e-02
1.390000000000000000e+02 1.797194969532500686e-02
1.410000000000000000e+02 1.785541290272973924e-02
1.430000000000000000e+02 1.773960705082133771e-02
1.450000000000000000e+02 1.762608744985261211e-02
1.470000000000000000e+02 1.751427580844688858e-02
1.490000000000000000e+02 1.740415181137189293e-02
