1.000000000000000000e+00 2.755675675675676173e-01
3.000000000000000000e+00 3.055288221968029960e-01
5.000000000000000000e+00 3.186279798957435405e-01
7.000000000000000000e+00 3.257139582541346279e-01
9.000000000000000000e+00 3.306530827445326448e-01
1.100000000000000000e+01 3.346850268826500052e-01
1.300000000000000000e+01 3.383143877075928119e-01
1.500000000000000000e+01 3.418179354413618531e-01
1.700000000000000000e+01 3.452676756171466632e-01
1.900000000000000000e+01 3.486940545455132767e-01
2.100000000000000000e+01 3.521108822501901603e-01
2.300000000000000000e+01 3.555139221644485481e-01
2.500000000000000000e+01 3.589364927628980739e-01
2.700000000000000000e+01 3.624004538534060238e-01
2.900000000000000000e+01 3.659197360113245479e-01
3.100000000000000000e+01 3.694890227080765976e-01
3.300000000000000000e+01 3.731089163132643716e-01
3.500000000000000000e+01 3.767824642128663193e-01
3.700000000000000000e+01 3.805105482952884088e-01
3.900000000000000000e+01 3.842958461862586717e-01
4.100000000000000000e+01 3.881373258249648517e-01
4.300000000000000000e+01 3.920302497804407649e-01
4.500000000000000000e+01 3.959697436136946358e-01
4.700000000000000000e+01 3.999605661947205348e-01
4.900000000000000000e+01 4.040058096117580266e-01
5.100000000000000000e+01 4.081067933623704347e-01
5.300000000000000000e+01 4.122528123860965676e-01
5.500000000000000000e+01 4.164375077175155315e-01
5.700000000000000000e+01 4.206612660483521893e-01
5.900000000000000000e+01 4.249224060271650227e-01
6.100000000000000000e+01 4.292151658507964429e-01
6.300000000000000000e+01 4.335343044004871249e-01
6.500000000000000000e+01 4.378844084712560925e-01
6.700000000000000000e+01 4.422625508966071539e-01
6.900000000000000000e+01 4.466721137627743810e-01
7.100000000000000000e+01 4.511099413635960564e-01
7.300000000000000000e+01 4.555744196287919712e-01
7.500000000000000000e+01 4.600725739565567629e-01
7.700000000000000000e+01 4.646052841432017910e-01
7.900000000000000000e+01 4.691693372658779504e-01
8.100000000000000000e+01 4.737480849561902518e-01
8.300000000000000000e+01 4.783351639917601261e-01
8.500000000000000000e+01 4.829295324349152096e-01
8.700000000000000000e+01 4.875365905938544575e-01
8.900000000000000000e+01 4.921639419170131813e-01
9.100000000000000000e+01 4.968095462646830995e-01
9.300000000000000000e+01 5.014703064456546011e-01
9.500000000000000000e+01 5.061389017678489255e-01
9.700000000000000000e+01 5.108194600184494671e-01
9.900000000000000000e+01 5.155043822494107530e-01
1.010000000000000000e+02 5.201880491026495967e-01
1.030000000000000000e+02 5.248698937555367205e-01
1.050000000000000000e+02 5.295446471809870381e-01
1.070000000000000000e+02 5.342048643120778095e-01
1.090000000000000000e+02 5.388458767027224372e-01
1.110000000000000000e+02 5.434716472187148817e-01
1.130000000000000000e+02 5.480779955916164070e-01
1.150000000000000000e+02 5.526599391787754278e-01
1.170000000000000000e+02 5.572196669071258768e-01
1.190000000000000000e+02 5.617555876550135441e-01
1.210000000000000000e+02 5.662479751047648779e-01
1.230000000000000000e+02 5.706963950955030729e-01
1.250000000000000000e+02 5.750994809482787851e-01
1.270000000000000000e+02 5.794567183950808387e-01
1.290000000000000000e+02 5.837654542613810449e-01
1.310000000000000000e+02 5.880230810620652449e-01
1.330000000000000000e+02 5.922380161844209567e-01
1.350000000000000000e+02 5.964132148151661816e-01
1.370000000000000000e+02 6.005462387980180505e-01
1.390000000000000000e+02 6.046353149954617479e-01
1.410000000000000000e+02 6.086715096586499119e-01
1.430000000000000000e+02 6.126637372293177730e-01
1.450000000000000000e+02 6.166114013645952463e-01
1.470000000000000000e+02 6.205053390053252294e-01
1.490000000000000000e+02 6.243517324864771290e-01
