1.000000000000000000e+00 1.926012064830292525e-01
3.000000000000000000e+00 2.143834234525058280e-01
5.000000000000000000e+00 2.219941811176761037e-01
7.000000000000000000e+00 2.256142611321594327e-01
9.000000000000000000e+00 2.278140666476140552e-01
1.100000000000000000e+01 2.293625418977895958e-01
1.300000000000000000e+01 2.306526692275638890e-01
1.500000000000000000e+01 2.318206627586776314e-01
1.700000000000000000e+01 2.329499280286663199e-01
1.900000000000000000e+01 2.340734778720268139e-01
2.100000000000000000e+01 2.352506890411100171e-01
2.300000000000000000e+01 2.365154862141175540e-01
2.500000000000000000e+01 2.378774402551324663e-01
2.700000000000000000e+01 2.393606802800862798e-01
2.900000000000000000e+01 2.409719696938037448e-01
3.100000000000000000e+01 2.427156721600991496e-01
3.300000000000000000e+01 2.445617185609628708e-01
3.500000000000000000e+01 2.465177075339987089e-01
3.700000000000000000e+01 2.486068074869016709e-01
3.900000000000000000e+01 2.508242331662873248e-01
4.100000000000000000e+01 2.531756146922320427e-01
4.300000000000000000e+01 2.556562447505357216e-01
4.500000000000000000e+01 2.582714932653535911e-01
4.700000000000000000e+01 2.610196268808030462e-01
4.900000000000000000e+01 2.639137751121886089e-01
5.100000000000000000e+01 2.669545848723420267e-01
5.300000000000000000e+01 2.701488470645977413e-01
5.500000000000000000e+01 2.734736425602575238e-01
5.700000000000000000e+01 2.769289919122487342e-01
5.900000000000000000e+01 2.805232141284700331e-01
6.100000000000000000e+01 2.842356974893021082e-01
6.300000000000000000e+01 2.880624995689539114e-01
6.500000000000000000e+01 2.919923616504358499e-01
6.700000000000000000e+01 2.960319682299485944e-01
6.900000000000000000e+01 3.001777853420320996e-01
7.100000000000000000e+01 3.044318203995936001e-01
7.300000000000000000e+01 3.087983208345539410e-01
7.500000000000000000e+01 3.132637127192481330e-01
7.700000000000000000e+01 3.178376941650202792e-01
7.900000000000000000e+01 3.225179574389546167e-01
8.100000000000000000e+01 3.273018864054395571e-01
8.300000000000000000e+01 3.321983125469164522e-01
8.500000000000000000e+01 3.372052025069074421e-01
8.700000000000000000e+01 3.423211277668275487e-01
8.900000000000000000e+01 3.475417360459691629e-01
9.100000000000000000e+01 3.528579656939775377e-01
9.300000000000000000e+01 3.582725941548842163e-01
9.500000000000000000e+01 3.637842724367941205e-01
9.700000000000000000e+01 3.693892421164571838e-01
9.900000000000000000e+01 3.750877021409319001e-01
1.010000000000000000e+02 3.808759267395479542e-01
1.030000000000000000e+02 3.867500674475393696e-01
1.050000000000000000e+02 3.927021111968688194e-01
1.070000000000000000e+02 3.987253415006567492e-01
1.090000000000000000e+02 4.048131920620229307e-01
1.110000000000000000e+02 4.109594918838535005e-01
1.130000000000000000e+02 4.171543573439755459e-01
1.150000000000000000e+02 4.233842168708568110e-01
1.170000000000000000e+02 4.296411420325092489e-01
1.190000000000000000e+02 4.359123960781142726e-01
1.210000000000000000e+02 4.421865738680641478e-01
1.230000000000000000e+02 4.484501446881664632e-01
1.250000000000000000e+02 4.546976428997940856e-01
1.270000000000000000e+02 4.609246897480452354e-01
1.290000000000000000e+02 4.671282050319853774e-01
1.310000000000000000e+02 4.733047013243725232e-01
1.330000000000000000e+02 4.794537908897608114e-01
1.350000000000000000e+02 4.855714322686937034e-01
1.370000000000000000e+02 4.916503974746844197e-01
1.390000000000000000e+02 4.976921208196812829e-01
1.410000000000000000e+02 5.036941783572143061e-01
1.430000000000000000e+02 5.096421843161376142e-01
1.450000000000000000e+02 5.155289731750782867e-01
1.470000000000000000e+02 5.213546530613759611e-01
1.490000000000000000e+02 5.271154667880642020e-01
