1.000000000000000000e+00 1.949500880798593627e-02
3.000000000000000000e+00 2.127094103097859623e-02
5.000000000000000000e+00 2.258800258481175049e-02
7.000000000000000000e+00 2.337872721583944546e-02
9.000000000000000000e+00 2.386712256677236965e-02
1.100000000000000000e+01 2.423562398596312839e-02
1.300000000000000000e+01 2.447837600449609408e-02
1.500000000000000000e+01 2.465419175422800535e-02
1.700000000000000000e+01 2.482721078081417954e-02
1.900000000000000000e+01 2.498570004807465494e-02
2.100000000000000000e+01 2.512575929374494255e-02
2.300000000000000000e+01 2.523922866707339896e-02
2.500000000000000000e+01 2.534888650615740868e-02
2.700000000000000000e+01 2.545751409148111488e-02
2.900000000000000000e+01 2.555689443136599515e-02
3.100000000000000000e+01 2.565272603201018686e-02
3.300000000000000000e+01 2.575748878131289832e-02
3.500000000000000000e+01 2.586168869845861806e-02
3.700000000000000000e+01 2.596396314855986542e-02
3.900000000000000000e+01 2.606227314639042447e-02
4.100000000000000000e+01 2.617089956983587040e-02
4.300000000000000000e+01 2.628973310881277392e-02
4.500000000000000000e+01 2.640407539198841302e-02
4.700000000000000000e+01 2.651024437414251089e-02
4.900000000000000000e+01 2.661061377679307949e-02
5.100000000000000000e+01 2.671263069070894947e-02
5.300000000000000000e+01 2.681654259626953252e-02
5.500000000000000000e+01 2.691167327813048793e-02
5.700000000000000000e+01 2.700654251666900763e-02
5.900000000000000000e+01 2.710328541338247188e-02
6.100000000000000000e+01 2.720124106279098175e-02
6.300000000000000000e+01 2.729854001139431219e-02
6.500000000000000000e+01 2.738352004474142731e-02
6.700000000000000000e+01 2.746801392455044954e-02
6.900000000000000000e+01 2.755244880035523369e-02
7.100000000000000000e+01 2.762005763829866734e-02
7.300000000000000000e+01 2.768538676371734564e-02
7.500000000000000000e+01 2.774437415495278891e-02
7.700000000000000000e+01 2.779682797161231456e-02
7.900000000000000000e+01 2.784195061851435504e-02
8.100000000000000000e+01 2.788153739672127873e-02
8.300000000000000000e+01 2.791593501240186015e-02
8.500000000000000000e+01 2.794395515220904347e-02
8.700000000000000000e+01 2.796558502209134378e-02
8.900000000000000000e+01 2.797915050849930640e-02
9.100000000000000000e+01 2.798427074654097346e-02
9.300000000000000000e+01 2.798148115276444248e-02
9.500000000000000000e+01 2.797814997434466822e-02
9.700000000000000000e+01 2.797133320638034437e-02
9.900000000000000000e+01 2.796124360504403938e-02
1.010000000000000000e+02 2.794464187206158190e-02
1.030000000000000000e+02 2.792777590028416856e-02
1.050000000000000000e+02 2.791141409192654521e-02
1.070000000000000000e+02 2.789543885554091052e-02
1.090000000000000000e+02 2.787676785696979742e-02
1.110000000000000000e+02 2.785810967173152353e-02
1.130000000000000000e+02 2.783959937527791251e-02
1.150000000000000000e+02 2.782158762636166571e-02
1.170000000000000000e+02 2.780129045673318533e-02
1.190000000000000000e+02 2.777905238625444362e-02
1.210000000000000000e+02 2.775855778512048566e-02
1.230000000000000000e+02 2.773950732245045181e-02
1.250000000000000000e+02 2.772244497997511381e-02
1.270000000000000000e+02 2.770746857434891464e-02
1.290000000000000000e+02 2.769500870237051604e-02
1.310000000000000000e+02 2.768596221275276825e-02
1.330000000000000000e+02 2.768047507166659926e-02
1.350000000000000000e+02 2.767888859084877140e-02
1.370000000000000000e+02 2.768143393381539141e-02
1.390000000000000000e+02 2.768702710308046377e-02
1.410000000000000000e+02 2.769573061712038431e-02
1.430000000000000000e+02 2.770748591258753724e-02
1.450000000000000000e+02 2.772208001570075631e-02
1.470000000000000000e+02 2.774072731393517621e-02
1.490000000000000000e+02 2.776316068300621609e-02
