1.000000000000000000e+00 2.376137512639029392e-01
3.000000000000000000e+00 2.897963706672882500e-01
5.000000000000000000e+00 3.171854719690013757e-01
7.000000000000000000e+00 3.352429979874651522e-01
9.000000000000000000e+00 3.503096401837253460e-01
1.100000000000000000e+01 3.640375578048077321e-01
1.300000000000000000e+01 3.770866463840030214e-01
1.500000000000000000e+01 3.900349522669216418e-01
1.700000000000000000e+01 4.029922212257049940e-01
1.900000000000000000e+01 4.159854453513412986e-01
2.100000000000000000e+01 4.288713576926115323e-01
2.300000000000000000e+01 4.416565688982280191e-01
2.500000000000000000e+01 4.545746139801777330e-01
2.700000000000000000e+01 4.677129265387420798e-01
2.900000000000000000e+01 4.811159462019174438e-01
3.100000000000000000e+01 4.947688506173727463e-01
3.300000000000000000e+01 5.085926283231821943e-01
3.500000000000000000e+01 5.226157223281667763e-01
3.700000000000000000e+01 5.369446933265806798e-01
3.900000000000000000e+01 5.512053089482428225e-01
4.100000000000000000e+01 5.654669831353271725e-01
4.300000000000000000e+01 5.798783090895418546e-01
4.500000000000000000e+01 5.944104989321704613e-01
4.700000000000000000e+01 6.089445433371399874e-01
4.900000000000000000e+01 6.234528791085249821e-01
5.100000000000000000e+01 6.378731190660262840e-01
5.300000000000000000e+01 6.520925632280795137e-01
5.500000000000000000e+01 6.660191709338825206e-01
5.700000000000000000e+01 6.796133847286198737e-01
5.900000000000000000e+01 6.927378303034437135e-01
6.100000000000000000e+01 7.054190154463064744e-01
6.300000000000000000e+01 7.176847865823663408e-01
6.500000000000000000e+01 7.293689493458359596e-01
6.700000000000000000e+01 7.406510239771071369e-01
6.900000000000000000e+01 7.515582149646686805e-01
7.100000000000000000e+01 7.619589732422278328e-01
7.300000000000000000e+01 7.719350924480282705e-01
7.500000000000000000e+01 7.815048718878153666e-01
7.700000000000000000e+01 7.907503541655175328e-01
7.900000000000000000e+01 7.996818036396933227e-01
8.100000000000000000e+01 8.082056434779920639e-01
8.300000000000000000e+01 8.162548093226466017e-01
8.500000000000000000e+01 8.238627390346620061e-01
8.700000000000000000e+01 8.310527577860566950e-01
8.900000000000000000e+01 8.378501783309199036e-01
9.100000000000000000e+01 8.441992547142779246e-01
9.300000000000000000e+01 8.500671636465727543e-01
9.500000000000000000e+01 8.554445051021367652e-01
9.700000000000000000e+01 8.603737035243490539e-01
9.900000000000000000e+01 8.648843893365323332e-01
1.010000000000000000e+02 8.689275472846549331e-01
1.030000000000000000e+02 8.725007768706314337e-01
1.050000000000000000e+02 8.756298671305587922e-01
1.070000000000000000e+02 8.783992176073381897e-01
1.090000000000000000e+02 8.808024839824991625e-01
1.110000000000000000e+02 8.829403899767814812e-01
1.130000000000000000e+02 8.848262544801417384e-01
1.150000000000000000e+02 8.864925250464412709e-01
1.170000000000000000e+02 8.879535024197471316e-01
1.190000000000000000e+02 8.892225723408274662e-01
1.210000000000000000e+02 8.902297768995522942e-01
1.230000000000000000e+02 8.909977531070155665e-01
1.250000000000000000e+02 8.915401720541323849e-01
1.270000000000000000e+02 8.918935091690731731e-01
1.290000000000000000e+02 8.921039300989612730e-01
1.310000000000000000e+02 8.922302734245842748e-01
1.330000000000000000e+02 8.922807091503245358e-01
1.350000000000000000e+02 8.921870760440533399e-01
1.370000000000000000e+02 8.919700075507024373e-01
1.390000000000000000e+02 8.917127416366380510e-01
1.410000000000000000e+02 8.914022838798674186e-01
1.430000000000000000e+02 8.910550565811810042e-01
1.450000000000000000e+02 8.906556512076502230e-01
1.470000000000000000e+02 8.902174292406754841e-01
1.490000000000000000e+02 8.897477825053193845e-01
