1.000000000000000000e+00 1.514426105581453408e-01
3.000000000000000000e+00 1.609597124506707555e-01
5.000000000000000000e+00 1.652407334405981976e-01
7.000000000000000000e+00 1.678823011143831812e-01
9.000000000000000000e+00 1.699686357234201362e-01
1.100000000000000000e+01 1.717769282662958696e-01
1.300000000000000000e+01 1.733423727267100478e-01
1.500000000000000000e+01 1.746505535560810563e-01
1.700000000000000000e+01 1.757480976853633692e-01
1.900000000000000000e+01 1.766728366240751802e-01
2.100000000000000000e+01 1.774543345015073825e-01
2.300000000000000000e+01 1.781225733878729622e-01
2.500000000000000000e+01 1.786661839879554181e-01
2.700000000000000000e+01 1.791037040081604470e-01
2.900000000000000000e+01 1.794691322869773620e-01
3.100000000000000000e+01 1.797676661379873364e-01
3.300000000000000000e+01 1.800071695755388612e-01
3.500000000000000000e+01 1.801874342466213141e-01
3.700000000000000000e+01 1.803199446857699506e-01
3.900000000000000000e+01 1.804039994570456606e-01
4.100000000000000000e+01 1.804542279056259302e-01
4.300000000000000000e+01 1.804939003780254847e-01
4.500000000000000000e+01 1.805238923793127670e-01
4.700000000000000000e+01 1.805404747823069478e-01
4.900000000000000000e+01 1.805520594928189393e-01
5.100000000000000000e+01 1.805478263310288378e-01
5.300000000000000000e+01 1.805302765992503611e-01
5.500000000000000000e+01 1.805029296064986077e-01
5.700000000000000000e+01 1.804681644815836483e-01
5.900000000000000000e+01 1.804236802578109700e-01
6.100000000000000000e+01 1.803710426898171848e-01
6.300000000000000000e+01 1.803106398552635214e-01
6.500000000000000000e+01 1.802362605769151083e-01
6.700000000000000000e+01 1.801688779029849696e-01
6.900000000000000000e+01 1.801102152611887552e-01
7.100000000000000000e+01 1.800602563571478409e-01
7.300000000000000000e+01 1.800151454504108628e-01
7.500000000000000000e+01 1.799780234082257735e-01
7.700000000000000000e+01 1.799491425243826548e-01
7.900000000000000000e+01 1.799278769553738222e-01
8.100000000000000000e+01 1.798934825619284972e-01
8.300000000000000000e+01 1.798418772254529729e-01
8.500000000000000000e+01 1.797857268885418858e-01
8.700000000000000000e+01 1.797281622169968340e-01
8.900000000000000000e+01 1.796797056631542766e-01
9.100000000000000000e+01 1.796340335504174046e-01
9.300000000000000000e+01 1.795882484283671809e-01
9.500000000000000000e+01 1.795420612007869732e-01
9.700000000000000000e+01 1.794890053985671585e-01
9.900000000000000000e+01 1.794366604457405812e-01
1.010000000000000000e+02 1.793795438107776974e-01
1.030000000000000000e+02 1.793178925011514879e-01
1.050000000000000000e+02 1.792509447562643521e-01
1.070000000000000000e+02 1.791808671102093076e-01
1.090000000000000000e+02 1.791158780542430051e-01
1.110000000000000000e+02 1.790476573131455362e-01
1.130000000000000000e+02 1.789803680665844610e-01
1.150000000000000000e+02 1.789046462014683980e-01
1.170000000000000000e+02 1.788234446078775797e-01
1.190000000000000000e+02 1.787411339278802691e-01
1.210000000000000000e+02 1.786666336996466375e-01
1.230000000000000000e+02 1.785812427057581475e-01
1.250000000000000000e+02 1.784933533381686255e-01
1.270000000000000000e+02 1.783991982885523297e-01
1.290000000000000000e+02 1.783032737679924873e-01
1.310000000000000000e+02 1.782050471329658103e-01
1.330000000000000000e+02 1.781058616260663419e-01
1.350000000000000000e+02 1.780058666707944326e-01
1.370000000000000000e+02 1.779012674108271241e-01
1.390000000000000000e+02 1.777874399204557587e-01
1.410000000000000000e+02 1.776616154404061509e-01
1.430000000000000000e+02 1.775234824541502832e-01
1.450000000000000000e+02 1.773783851940662348e-01
1.470000000000000000e+02 1.772286567684429048e-01
1.490000000000000000e+02 1.770785121709187449e-01
