1.000000000000000000e+00 1.846384107762433224e-01
3.000000000000000000e+00 2.051924416383938965e-01
5.000000000000000000e+00 2.124942519051190581e-01
7.000000000000000000e+00 2.158559149946320810e-01
9.000000000000000000e+00 2.177634949166135092e-01
1.100000000000000000e+01 2.189531928878873934e-01
1.300000000000000000e+01 2.198931921808896517e-01
1.500000000000000000e+01 2.207865913936187807e-01
1.700000000000000000e+01 2.216932416898954594e-01
1.900000000000000000e+01 2.226457116781506151e-01
2.100000000000000000e+01 2.236656306647843984e-01
2.300000000000000000e+01 2.247781846672483042e-01
2.500000000000000000e+01 2.260024391258165233e-01
2.700000000000000000e+01 2.273455749004390514e-01
2.900000000000000000e+01 2.288191207235164004e-01
3.100000000000000000e+01 2.304066302120247878e-01
3.300000000000000000e+01 2.321353966291845872e-01
3.500000000000000000e+01 2.340089579828932287e-01
3.700000000000000000e+01 2.360181083598863472e-01
3.900000000000000000e+01 2.381608907753304250e-01
4.100000000000000000e+01 2.404386418058213071e-01
4.300000000000000000e+01 2.428351124690873997e-01
4.500000000000000000e+01 2.453550597191548333e-01
4.700000000000000000e+01 2.479966556867475580e-01
4.900000000000000000e+01 2.507674721500242621e-01
5.100000000000000000e+01 2.536594950647633739e-01
5.300000000000000000e+01 2.566669541834748491e-01
5.500000000000000000e+01 2.597648342989875569e-01
5.700000000000000000e+01 2.629698709356137476e-01
5.900000000000000000e+01 2.662746146986070261e-01
6.100000000000000000e+01 2.696836315344985913e-01
6.300000000000000000e+01 2.731898234264740211e-01
6.500000000000000000e+01 2.767917678066162956e-01
6.700000000000000000e+01 2.804907031484953350e-01
6.900000000000000000e+01 2.842860986157184078e-01
7.100000000000000000e+01 2.881763533988289661e-01
7.300000000000000000e+01 2.921601328050197344e-01
7.500000000000000000e+01 2.962315074536032711e-01
7.700000000000000000e+01 3.003914814567408831e-01
7.900000000000000000e+01 3.046360694124007340e-01
8.100000000000000000e+01 3.089670069719834267e-01
8.300000000000000000e+01 3.133798540064329785e-01
8.500000000000000000e+01 3.178759470496776984e-01
8.700000000000000000e+01 3.224561060340291885e-01
8.900000000000000000e+01 3.271195572315038769e-01
9.100000000000000000e+01 3.318556539588199961e-01
9.300000000000000000e+01 3.366688792892993387e-01
9.500000000000000000e+01 3.415649271718409485e-01
9.700000000000000000e+01 3.465430304204990541e-01
9.900000000000000000e+01 3.515969992507879116e-01
1.010000000000000000e+02 3.567181094082124693e-01
1.030000000000000000e+02 3.619049146945834128e-01
1.050000000000000000e+02 3.671606540885486991e-01
1.070000000000000000e+02 3.724971454953777128e-01
1.090000000000000000e+02 3.779115511201892597e-01
1.110000000000000000e+02 3.833970865185981625e-01
1.130000000000000000e+02 3.889464480140961689e-01
1.150000000000000000e+02 3.945599776952509741e-01
1.170000000000000000e+02 4.002347772092109679e-01
1.190000000000000000e+02 4.059668228695834102e-01
1.210000000000000000e+02 4.117466093170057961e-01
1.230000000000000000e+02 4.175646369197537622e-01
1.250000000000000000e+02 4.234090689672324048e-01
1.270000000000000000e+02 4.292749398221596957e-01
1.290000000000000000e+02 4.351438628026950139e-01
1.310000000000000000e+02 4.410081725264263230e-01
1.330000000000000000e+02 4.468624520941969491e-01
1.350000000000000000e+02 4.527057638152625074e-01
1.370000000000000000e+02 4.585338267509929677e-01
1.390000000000000000e+02 4.643388818801557072e-01
1.410000000000000000e+02 4.701146214459018813e-01
1.430000000000000000e+02 4.758545557736104659e-01
1.450000000000000000e+02 4.815570372469948346e-01
1.470000000000000000e+02 4.872187185848703139e-01
1.490000000000000000e+02 4.928371028475165838e-01
