1.000000000000000000e+00 2.813403640074843004e-01
3.000000000000000000e+00 2.953001031771445017e-01
5.000000000000000000e+00 3.033972936206773552e-01
7.000000000000000000e+00 3.104412113335591750e-01
9.000000000000000000e+00 3.168538341386836210e-01
1.100000000000000000e+01 3.228435787740271401e-01
1.300000000000000000e+01 3.284927850954317829e-01
1.500000000000000000e+01 3.337615876967300332e-01
1.700000000000000000e+01 3.385856961951029254e-01
1.900000000000000000e+01 3.428412096987452085e-01
2.100000000000000000e+01 3.465011478571341508e-01
2.300000000000000000e+01 3.495600096867170770e-01
2.500000000000000000e+01 3.520626599801689460e-01
2.700000000000000000e+01 3.540330833010592038e-01
2.900000000000000000e+01 3.555527258196460316e-01
3.100000000000000000e+01 3.567281767822402250e-01
3.300000000000000000e+01 3.576526354341100777e-01
3.500000000000000000e+01 3.584352914925595934e-01
3.700000000000000000e+01 3.591528275459313635e-01
3.900000000000000000e+01 3.598552144787969809e-01
4.100000000000000000e+01 3.605765168760611816e-01
4.300000000000000000e+01 3.613342773353718229e-01
4.500000000000000000e+01 3.621369792496005324e-01
4.700000000000000000e+01 3.629683439008276613e-01
4.900000000000000000e+01 3.638260079992978735e-01
5.100000000000000000e+01 3.647348470074456284e-01
5.300000000000000000e+01 3.656569962619211633e-01
5.500000000000000000e+01 3.665777030647143775e-01
5.700000000000000000e+01 3.674690909957430973e-01
5.900000000000000000e+01 3.683298190156103491e-01
6.100000000000000000e+01 3.691602340183290920e-01
6.300000000000000000e+01 3.699397712818801587e-01
6.500000000000000000e+01 3.706628920887004019e-01
6.700000000000000000e+01 3.713211906205976520e-01
6.900000000000000000e+01 3.719227047482208670e-01
7.100000000000000000e+01 3.725088970670439315e-01
7.300000000000000000e+01 3.730636285667696672e-01
7.500000000000000000e+01 3.736023964557355637e-01
7.700000000000000000e+01 3.741257790381949944e-01
7.900000000000000000e+01 3.746475896048558907e-01
8.100000000000000000e+01 3.751346095501510991e-01
8.300000000000000000e+01 3.755792579076114857e-01
8.500000000000000000e+01 3.759886160191114879e-01
8.700000000000000000e+01 3.763548511254931617e-01
8.900000000000000000e+01 3.766621019447237151e-01
9.100000000000000000e+01 3.769077852881039803e-01
9.300000000000000000e+01 3.771023042025395400e-01
9.500000000000000000e+01 3.772458077511156027e-01
9.700000000000000000e+01 3.773203597564368517e-01
9.900000000000000000e+01 3.773316433443930640e-01
1.010000000000000000e+02 3.772911396345598467e-01
1.030000000000000000e+02 3.771881517973166842e-01
1.050000000000000000e+02 3.770318258739693285e-01
1.070000000000000000e+02 3.767972848379503858e-01
1.090000000000000000e+02 3.765217292819156292e-01
1.110000000000000000e+02 3.761722479669007413e-01
1.130000000000000000e+02 3.757796933393792171e-01
1.150000000000000000e+02 3.753513647398688535e-01
1.170000000000000000e+02 3.748870327814191050e-01
1.190000000000000000e+02 3.743881282126882981e-01
1.210000000000000000e+02 3.738476925967718634e-01
1.230000000000000000e+02 3.732654570270519390e-01
1.250000000000000000e+02 3.726342011132978138e-01
1.270000000000000000e+02 3.719710678051035835e-01
1.290000000000000000e+02 3.713166881243806783e-01
1.310000000000000000e+02 3.706731164757485208e-01
1.330000000000000000e+02 3.700428337097768638e-01
1.350000000000000000e+02 3.694246199801078934e-01
1.370000000000000000e+02 3.688546976449998960e-01
1.390000000000000000e+02 3.683284091838425756e-01
1.410000000000000000e+02 3.678522857021676584e-01
1.430000000000000000e+02 3.674252904064857495e-01
1.450000000000000000e+02 3.670488841365299182e-01
1.470000000000000000e+02 3.667229620594850692e-01
1.490000000000000000e+02 3.664546190571484896e-01
