1.000000000000000000e+00 2.511387418441461961e-01
3.000000000000000000e+00 2.780770982905221844e-01
5.000000000000000000e+00 2.899357249933260938e-01
7.000000000000000000e+00 2.963149503555850828e-01
9.000000000000000000e+00 3.005190246515281327e-01
1.100000000000000000e+01 3.036379189392727218e-01
1.300000000000000000e+01 3.062021301285705599e-01
1.500000000000000000e+01 3.084202777835766129e-01
1.700000000000000000e+01 3.103954603944865109e-01
1.900000000000000000e+01 3.121721456053416777e-01
2.100000000000000000e+01 3.138359273444437658e-01
2.300000000000000000e+01 3.154607166520806416e-01
2.500000000000000000e+01 3.170686143105537758e-01
2.700000000000000000e+01 3.187045760599762634e-01
2.900000000000000000e+01 3.203723607209497670e-01
3.100000000000000000e+01 3.220942948544540663e-01
3.300000000000000000e+01 3.238918430934657477e-01
3.500000000000000000e+01 3.257820914310775029e-01
3.700000000000000000e+01 3.277827356591129782e-01
3.900000000000000000e+01 3.299075617561125773e-01
4.100000000000000000e+01 3.321667992165164840e-01
4.300000000000000000e+01 3.345598100855238233e-01
4.500000000000000000e+01 3.370906807315368070e-01
4.700000000000000000e+01 3.397609070034082190e-01
4.900000000000000000e+01 3.425722841082708969e-01
5.100000000000000000e+01 3.455277994196901403e-01
5.300000000000000000e+01 3.486123866027339702e-01
5.500000000000000000e+01 3.518331156194364207e-01
5.700000000000000000e+01 3.551902980109479246e-01
5.900000000000000000e+01 3.586817210935334677e-01
6.100000000000000000e+01 3.623106809235013825e-01
6.300000000000000000e+01 3.660734798133616907e-01
6.500000000000000000e+01 3.699742193112836031e-01
6.700000000000000000e+01 3.740227179509297839e-01
6.900000000000000000e+01 3.781985622883136111e-01
7.100000000000000000e+01 3.824968481997303993e-01
7.300000000000000000e+01 3.869223269160751988e-01
7.500000000000000000e+01 3.914727869364630353e-01
7.700000000000000000e+01 3.961366389232311436e-01
7.900000000000000000e+01 4.009046376047317173e-01
8.100000000000000000e+01 4.057667931046067267e-01
8.300000000000000000e+01 4.107184815087048246e-01
8.500000000000000000e+01 4.157650409063538000e-01
8.700000000000000000e+01 4.208893605482398881e-01
8.900000000000000000e+01 4.260949831602992566e-01
9.100000000000000000e+01 4.313805241841823790e-01
9.300000000000000000e+01 4.367348902772141273e-01
9.500000000000000000e+01 4.421612839764592628e-01
9.700000000000000000e+01 4.476594467853380888e-01
9.900000000000000000e+01 4.532243608946677771e-01
1.010000000000000000e+02 4.588548722936859336e-01
1.030000000000000000e+02 4.645443557023342107e-01
1.050000000000000000e+02 4.702854624898061831e-01
1.070000000000000000e+02 4.760798205335170508e-01
1.090000000000000000e+02 4.819225057081498731e-01
1.110000000000000000e+02 4.878076031636477961e-01
1.130000000000000000e+02 4.937283195100702349e-01
1.150000000000000000e+02 4.996724228534400458e-01
1.170000000000000000e+02 5.056443563737638147e-01
1.190000000000000000e+02 5.116339147214756800e-01
1.210000000000000000e+02 5.176332251373572113e-01
1.230000000000000000e+02 5.236086294762728466e-01
1.250000000000000000e+02 5.295520146148297025e-01
1.270000000000000000e+02 5.354528843188027798e-01
1.290000000000000000e+02 5.413073921466338145e-01
1.310000000000000000e+02 5.471105979181556389e-01
1.330000000000000000e+02 5.528576310261034132e-01
1.350000000000000000e+02 5.585483630436973712e-01
1.370000000000000000e+02 5.641773188727758903e-01
1.390000000000000000e+02 5.697381776093747296e-01
1.410000000000000000e+02 5.752202225847546924e-01
1.430000000000000000e+02 5.806209937420455658e-01
1.450000000000000000e+02 5.859500283990568548e-01
1.470000000000000000e+02 5.912098769762632600e-01
1.490000000000000000e+02 5.963662601387687001e-01
