1.000000000000000000e+00 8.032691185055462757e-02
3.000000000000000000e+00 8.667694064819964073e-02
5.000000000000000000e+00 9.047498734064807202e-02
7.000000000000000000e+00 9.272862544530613427e-02
9.000000000000000000e+00 9.411590943338909998e-02
1.100000000000000000e+01 9.512032790292224149e-02
1.300000000000000000e+01 9.582877156702385157e-02
1.500000000000000000e+01 9.629995988536432794e-02
1.700000000000000000e+01 9.657691093012921169e-02
1.900000000000000000e+01 9.672507316400169586e-02
2.100000000000000000e+01 9.677716328593033435e-02
2.300000000000000000e+01 9.676991987634919745e-02
2.500000000000000000e+01 9.672599528453507123e-02
2.700000000000000000e+01 9.666753948153161691e-02
2.900000000000000000e+01 9.660679412389483467e-02
3.100000000000000000e+01 9.655101504791208100e-02
3.300000000000000000e+01 9.651728543054216569e-02
3.500000000000000000e+01 9.649909368312314939e-02
3.700000000000000000e+01 9.650143282604639605e-02
3.900000000000000000e+01 9.650047616454715538e-02
4.100000000000000000e+01 9.649451770696848563e-02
4.300000000000000000e+01 9.648742129401122192e-02
4.500000000000000000e+01 9.648245274176303621e-02
4.700000000000000000e+01 9.648433997980565557e-02
4.900000000000000000e+01 9.649375655030145715e-02
5.100000000000000000e+01 9.651841767455737742e-02
5.300000000000000000e+01 9.654870416582295167e-02
5.500000000000000000e+01 9.658383995928154775e-02
5.700000000000000000e+01 9.662577737294641977e-02
5.900000000000000000e+01 9.667620789567976658e-02
6.100000000000000000e+01 9.673144656416854392e-02
6.300000000000000000e+01 9.679137069254439840e-02
6.500000000000000000e+01 9.685628039132121447e-02
6.700000000000000000e+01 9.692522316883989131e-02
6.900000000000000000e+01 9.699517298252424702e-02
7.100000000000000000e+01 9.705923597682153403e-02
7.300000000000000000e+01 9.711752912522197967e-02
7.500000000000000000e+01 9.718212299445683211e-02
7.700000000000000000e+01 9.724992388586783942e-02
7.900000000000000000e+01 9.732000331305801222e-02
8.100000000000000000e+01 9.739938395537672822e-02
8.300000000000000000e+01 9.748436583031794278e-02
8.500000000000000000e+01 9.757493862177102351e-02
8.700000000000000000e+01 9.767756776921232564e-02
8.900000000000000000e+01 9.778718497330540771e-02
9.100000000000000000e+01 9.790249294557173965e-02
9.300000000000000000e+01 9.800610962544487048e-02
9.500000000000000000e+01 9.810208729289549012e-02
9.700000000000000000e+01 9.819030682966767287e-02
9.900000000000000000e+01 9.826287170525682679e-02
1.010000000000000000e+02 9.832352653082399030e-02
1.030000000000000000e+02 9.837013310619402429e-02
1.050000000000000000e+02 9.841411584500048271e-02
1.070000000000000000e+02 9.846368929998083885e-02
1.090000000000000000e+02 9.851803549736937171e-02
1.110000000000000000e+02 9.857901393295498416e-02
1.130000000000000000e+02 9.863811045927872723e-02
1.150000000000000000e+02 9.869563626205546392e-02
1.170000000000000000e+02 9.876044907737435707e-02
1.190000000000000000e+02 9.882325936474689598e-02
1.210000000000000000e+02 9.888443945591995909e-02
1.230000000000000000e+02 9.894476097895810174e-02
1.250000000000000000e+02 9.901091454483690324e-02
1.270000000000000000e+02 9.907731796079366493e-02
1.290000000000000000e+02 9.914904863931939261e-02
1.310000000000000000e+02 9.921932323159698974e-02
1.330000000000000000e+02 9.928854492274563626e-02
1.350000000000000000e+02 9.935343546695973860e-02
1.370000000000000000e+02 9.941937212085039111e-02
1.390000000000000000e+02 9.948728957460906130e-02
1.410000000000000000e+02 9.956088755878511609e-02
1.430000000000000000e+02 9.963518122566761281e-02
1.450000000000000000e+02 9.970781319462385106e-02
1.470000000000000000e+02 9.977751266055012724e-02
1.490000000000000000e+02 9.985537616842343756e-02
