1.000000000000000000e+00 1.361596354346474858e-01
3.000000000000000000e+00 1.516190993652166696e-01
5.000000000000000000e+00 1.579738527111925750e-01
7.000000000000000000e+00 1.612967160348522944e-01
9.000000000000000000e+00 1.632978700617594425e-01
1.100000000000000000e+01 1.646903604855535219e-01
1.300000000000000000e+01 1.657471977052870082e-01
1.500000000000000000e+01 1.666670556462743757e-01
1.700000000000000000e+01 1.675064565069523947e-01
1.900000000000000000e+01 1.683070572193562375e-01
2.100000000000000000e+01 1.691094952658854789e-01
2.300000000000000000e+01 1.699439979089598651e-01
2.500000000000000000e+01 1.708900964345937412e-01
2.700000000000000000e+01 1.719877351002576660e-01
2.900000000000000000e+01 1.732483590905815607e-01
3.100000000000000000e+01 1.746335860453305244e-01
3.300000000000000000e+01 1.761727729088865546e-01
3.500000000000000000e+01 1.778738983640841820e-01
3.700000000000000000e+01 1.797405669562984754e-01
3.900000000000000000e+01 1.817651451800345042e-01
4.100000000000000000e+01 1.839320858197345254e-01
4.300000000000000000e+01 1.862528945530167457e-01
4.500000000000000000e+01 1.887174042869206314e-01
4.700000000000000000e+01 1.913019425390128925e-01
4.900000000000000000e+01 1.940021663114266381e-01
5.100000000000000000e+01 1.968544134950804825e-01
5.300000000000000000e+01 1.998447568905579175e-01
5.500000000000000000e+01 2.029581324816643884e-01
5.700000000000000000e+01 2.062071491673530543e-01
5.900000000000000000e+01 2.096001519306514016e-01
6.100000000000000000e+01 2.131463026236524172e-01
6.300000000000000000e+01 2.168402162327889293e-01
6.500000000000000000e+01 2.206809005398284729e-01
6.700000000000000000e+01 2.246714137761991470e-01
6.900000000000000000e+01 2.288090886690301584e-01
7.100000000000000000e+01 2.330813890927151411e-01
7.300000000000000000e+01 2.374900537089352781e-01
7.500000000000000000e+01 2.420338352169074669e-01
7.700000000000000000e+01 2.467121793332630597e-01
7.900000000000000000e+01 2.515196945784338167e-01
8.100000000000000000e+01 2.564542313346097613e-01
8.300000000000000000e+01 2.615148236263985515e-01
8.500000000000000000e+01 2.667096569318330168e-01
8.700000000000000000e+01 2.720354373656662661e-01
8.900000000000000000e+01 2.774877312889525438e-01
9.100000000000000000e+01 2.830712056060561421e-01
9.300000000000000000e+01 2.887819127051324264e-01
9.500000000000000000e+01 2.946259191663007648e-01
9.700000000000000000e+01 3.005962925146656861e-01
9.900000000000000000e+01 3.066860925466219356e-01
1.010000000000000000e+02 3.128879253478037414e-01
1.030000000000000000e+02 3.191973842768065506e-01
1.050000000000000000e+02 3.256115743306482457e-01
1.070000000000000000e+02 3.321244613070983842e-01
1.090000000000000000e+02 3.387294200767887453e-01
1.110000000000000000e+02 3.454236087477866590e-01
1.130000000000000000e+02 3.522032408744704135e-01
1.150000000000000000e+02 3.590553286144162470e-01
1.170000000000000000e+02 3.659727105512717849e-01
1.190000000000000000e+02 3.729416999184956838e-01
1.210000000000000000e+02 3.799532417036713960e-01
1.230000000000000000e+02 3.869970702236238402e-01
1.250000000000000000e+02 3.940615086503020947e-01
1.270000000000000000e+02 4.011431155072554544e-01
1.290000000000000000e+02 4.082253040701727675e-01
1.310000000000000000e+02 4.152863605005979730e-01
1.330000000000000000e+02 4.223264466110009385e-01
1.350000000000000000e+02 4.293402764883773592e-01
1.370000000000000000e+02 4.363253729401788128e-01
1.390000000000000000e+02 4.432777635587249465e-01
1.410000000000000000e+02 4.501922693914756080e-01
1.430000000000000000e+02 4.570665295210799561e-01
1.450000000000000000e+02 4.638936192516740498e-01
1.470000000000000000e+02 4.706609962832588590e-01
1.490000000000000000e+02 4.773702617441782925e-01
