1.000000000000000000e+00 3.905319223491487968e-02
3.000000000000000000e+00 4.204595896345864059e-02
5.000000000000000000e+00 4.338812266264424622e-02
7.000000000000000000e+00 4.422840611290113078e-02
9.000000000000000000e+00 4.492214206466749182e-02
1.100000000000000000e+01 4.555427704718273407e-02
1.300000000000000000e+01 4.613986739144360083e-02
1.500000000000000000e+01 4.668587285753122984e-02
1.700000000000000000e+01 4.720176677933807241e-02
1.900000000000000000e+01 4.769411926946043323e-02
2.100000000000000000e+01 4.817212710457641212e-02
2.300000000000000000e+01 4.863454255452137609e-02
2.500000000000000000e+01 4.908441093461646254e-02
2.700000000000000000e+01 4.952681438511086220e-02
2.900000000000000000e+01 4.996410269517159719e-02
3.100000000000000000e+01 5.039705127631388670e-02
3.300000000000000000e+01 5.082666755712605955e-02
3.500000000000000000e+01 5.125476803034334505e-02
3.700000000000000000e+01 5.168296031407870750e-02
3.900000000000000000e+01 5.211408475662138162e-02
4.100000000000000000e+01 5.255043890615374025e-02
4.300000000000000000e+01 5.299356452239079029e-02
4.500000000000000000e+01 5.344451125126581381e-02
4.700000000000000000e+01 5.390445252935804898e-02
4.900000000000000000e+01 5.437398030644513547e-02
5.100000000000000000e+01 5.485305619694991197e-02
5.300000000000000000e+01 5.534181780688651742e-02
5.500000000000000000e+01 5.584073713719139853e-02
5.700000000000000000e+01 5.635007120294399652e-02
5.900000000000000000e+01 5.686999546854032417e-02
6.100000000000000000e+01 5.740091055159812772e-02
6.300000000000000000e+01 5.794255807820425375e-02
6.500000000000000000e+01 5.849402797876712690e-02
6.700000000000000000e+01 5.905491841753285343e-02
6.900000000000000000e+01 5.962466874399574568e-02
7.100000000000000000e+01 6.020255682267072750e-02
7.300000000000000000e+01 6.078754553746368305e-02
7.500000000000000000e+01 6.137863375832874890e-02
7.700000000000000000e+01 6.197465296209070384e-02
7.900000000000000000e+01 6.257477559293567193e-02
8.100000000000000000e+01 6.317794424730049929e-02
8.300000000000000000e+01 6.378332309138134981e-02
8.500000000000000000e+01 6.439038092130633384e-02
8.700000000000000000e+01 6.499885364486079897e-02
8.900000000000000000e+01 6.560850018933650496e-02
9.100000000000000000e+01 6.621927581120545803e-02
9.300000000000000000e+01 6.683106520859183330e-02
9.500000000000000000e+01 6.744364305509775726e-02
9.700000000000000000e+01 6.805686151869583256e-02
9.900000000000000000e+01 6.867050753792947049e-02
1.010000000000000000e+02 6.928463921305338946e-02
1.030000000000000000e+02 6.989937176361982196e-02
1.050000000000000000e+02 7.051505439987693080e-02
1.070000000000000000e+02 7.113181126475576210e-02
1.090000000000000000e+02 7.174986892084733725e-02
1.110000000000000000e+02 7.236937837508883309e-02
1.130000000000000000e+02 7.299025715520257585e-02
1.150000000000000000e+02 7.361275938352451753e-02
1.170000000000000000e+02 7.423711846358282962e-02
1.190000000000000000e+02 7.486360781888778959e-02
1.210000000000000000e+02 7.549257922996233106e-02
1.230000000000000000e+02 7.612437730571774974e-02
1.250000000000000000e+02 7.675961555424160032e-02
1.270000000000000000e+02 7.739867987057957865e-02
1.290000000000000000e+02 7.804200288868645696e-02
1.310000000000000000e+02 7.869004565150250485e-02
1.330000000000000000e+02 7.934304948527459711e-02
1.350000000000000000e+02 8.000142595166381820e-02
1.370000000000000000e+02 8.066556779634403984e-02
1.390000000000000000e+02 8.133544394013447754e-02
1.410000000000000000e+02 8.201142069275779711e-02
1.430000000000000000e+02 8.269379202791138361e-02
1.450000000000000000e+02 8.338274752804430978e-02
1.470000000000000000e+02 8.407711293520314655e-02
1.490000000000000000e+02 8.477708272235184861e-02
