1.000000000000000000e+00 1.924507251766460758e-02
3.000000000000000000e+00 1.926179424066631896e-02
5.000000000000000000e+00 1.920545714131627335e-02
7.000000000000000000e+00 1.906173628903184980e-02
9.000000000000000000e+00 1.889060370445150294e-02
1.100000000000000000e+01 1.873751436452431030e-02
1.300000000000000000e+01 1.862437309824194198e-02
1.500000000000000000e+01 1.856259699258222540e-02
1.700000000000000000e+01 1.855361058648641315e-02
1.900000000000000000e+01 1.860550948321271214e-02
2.100000000000000000e+01 1.871207424233378713e-02
2.300000000000000000e+01 1.887047547102249645e-02
2.500000000000000000e+01 1.908104603934235310e-02
2.700000000000000000e+01 1.933614119519255770e-02
2.900000000000000000e+01 1.962528784437000962e-02
3.100000000000000000e+01 1.994185565073181010e-02
3.300000000000000000e+01 2.028082075333514922e-02
3.500000000000000000e+01 2.063475730873343128e-02
3.700000000000000000e+01 2.099729297909047609e-02
3.900000000000000000e+01 2.136376756064184423e-02
4.100000000000000000e+01 2.173512913647024369e-02
4.300000000000000000e+01 2.210921028336509941e-02
4.500000000000000000e+01 2.248271480540242617e-02
4.700000000000000000e+01 2.285121402709178184e-02
4.900000000000000000e+01 2.320892710780542156e-02
5.100000000000000000e+01 2.355222063044903891e-02
5.300000000000000000e+01 2.387936715612704042e-02
5.500000000000000000e+01 2.418895383808761235e-02
5.700000000000000000e+01 2.448013422445327603e-02
5.900000000000000000e+01 2.475182942918274787e-02
6.100000000000000000e+01 2.500351377134735209e-02
6.300000000000000000e+01 2.523653267246239729e-02
6.500000000000000000e+01 2.545076809323265632e-02
6.700000000000000000e+01 2.564591868257226626e-02
6.900000000000000000e+01 2.582237152458477514e-02
7.100000000000000000e+01 2.597873353626667381e-02
7.300000000000000000e+01 2.611930391909944582e-02
7.500000000000000000e+01 2.624314244251457762e-02
7.700000000000000000e+01 2.635164929053290805e-02
7.900000000000000000e+01 2.644802734883167084e-02
8.100000000000000000e+01 2.653351146811988581e-02
8.300000000000000000e+01 2.660831839748412087e-02
8.500000000000000000e+01 2.667384004475437109e-02
8.700000000000000000e+01 2.672948876960035136e-02
8.900000000000000000e+01 2.677646816653467265e-02
9.100000000000000000e+01 2.681591213833256493e-02
9.300000000000000000e+01 2.684844375076989031e-02
9.500000000000000000e+01 2.687905939200685435e-02
9.700000000000000000e+01 2.690853682712235351e-02
9.900000000000000000e+01 2.693493211234154749e-02
1.010000000000000000e+02 2.695898338155500173e-02
1.030000000000000000e+02 2.698119297450607412e-02
1.050000000000000000e+02 2.700223340821750195e-02
1.070000000000000000e+02 2.702225945321423684e-02
1.090000000000000000e+02 2.704228206393444189e-02
1.110000000000000000e+02 2.706257860386485081e-02
1.130000000000000000e+02 2.708039993469679718e-02
1.150000000000000000e+02 2.709625142554084043e-02
1.170000000000000000e+02 2.710983603833971856e-02
1.190000000000000000e+02 2.712184500945180599e-02
1.210000000000000000e+02 2.713275568807804738e-02
1.230000000000000000e+02 2.714280389920564751e-02
1.250000000000000000e+02 2.715236926640396398e-02
1.270000000000000000e+02 2.716114619636167404e-02
1.290000000000000000e+02 2.716658785607795057e-02
1.310000000000000000e+02 2.717034796944628461e-02
1.330000000000000000e+02 2.717167921802410291e-02
1.350000000000000000e+02 2.717057823898694213e-02
1.370000000000000000e+02 2.716837404629257602e-02
1.390000000000000000e+02 2.716529103713205551e-02
1.410000000000000000e+02 2.716429873723424926e-02
1.430000000000000000e+02 2.716693622317345458e-02
1.450000000000000000e+02 2.717021647356787639e-02
1.470000000000000000e+02 2.717527196196589667e-02
1.490000000000000000e+02 2.718302094122815316e-02
