1.000000000000000000e+00 1.981871976705962268e-02
3.000000000000000000e+00 2.061493114156187634e-02
5.000000000000000000e+00 2.117215179750953080e-02
7.000000000000000000e+00 2.171312438377870357e-02
9.000000000000000000e+00 2.219633211538063478e-02
1.100000000000000000e+01 2.260021726818139953e-02
1.300000000000000000e+01 2.296721533303580642e-02
1.500000000000000000e+01 2.330554317086541705e-02
1.700000000000000000e+01 2.363208245017012210e-02
1.900000000000000000e+01 2.394575190111103424e-02
2.100000000000000000e+01 2.424657651401995739e-02
2.300000000000000000e+01 2.453284745982253767e-02
2.500000000000000000e+01 2.480433759896671919e-02
2.700000000000000000e+01 2.506611973095052015e-02
2.900000000000000000e+01 2.531865263644417219e-02
3.100000000000000000e+01 2.555748303163973834e-02
3.300000000000000000e+01 2.578389451371110308e-02
3.500000000000000000e+01 2.599924727873226260e-02
3.700000000000000000e+01 2.620552160677835918e-02
3.900000000000000000e+01 2.640411860647418063e-02
4.100000000000000000e+01 2.659704852110100770e-02
4.300000000000000000e+01 2.678539713997818428e-02
4.500000000000000000e+01 2.696974193278600662e-02
4.700000000000000000e+01 2.715154111213324839e-02
4.900000000000000000e+01 2.733071073250858962e-02
5.100000000000000000e+01 2.750752699660063971e-02
5.300000000000000000e+01 2.768097135738711856e-02
5.500000000000000000e+01 2.785024919675849198e-02
5.700000000000000000e+01 2.801256045053268640e-02
5.900000000000000000e+01 2.816724619951438413e-02
6.100000000000000000e+01 2.831402427137263977e-02
6.300000000000000000e+01 2.845497410421993223e-02
6.500000000000000000e+01 2.859047293340977181e-02
6.700000000000000000e+01 2.872047826382595481e-02
6.900000000000000000e+01 2.884509491740350207e-02
7.100000000000000000e+01 2.895733085248264338e-02
7.300000000000000000e+01 2.905719847886512053e-02
7.500000000000000000e+01 2.914492359086040540e-02
7.700000000000000000e+01 2.922136346141979146e-02
7.900000000000000000e+01 2.929300802957723882e-02
8.100000000000000000e+01 2.935927752213995934e-02
8.300000000000000000e+01 2.941874322646353956e-02
8.500000000000000000e+01 2.947459021837295357e-02
8.700000000000000000e+01 2.952621033609603707e-02
8.900000000000000000e+01 2.957121883694824316e-02
9.100000000000000000e+01 2.961134741044357810e-02
9.300000000000000000e+01 2.964717841617581229e-02
9.500000000000000000e+01 2.967898565461668525e-02
9.700000000000000000e+01 2.970917122954819245e-02
9.900000000000000000e+01 2.973920044983957567e-02
1.010000000000000000e+02 2.976948501659515411e-02
1.030000000000000000e+02 2.979956819042262062e-02
1.050000000000000000e+02 2.983097235369680522e-02
1.070000000000000000e+02 2.986429050630068360e-02
1.090000000000000000e+02 2.989982937739776858e-02
1.110000000000000000e+02 2.993754314842200781e-02
1.130000000000000000e+02 2.997752323998514878e-02
1.150000000000000000e+02 3.001904618453343776e-02
1.170000000000000000e+02 3.006282333888687930e-02
1.190000000000000000e+02 3.010891845108121245e-02
1.210000000000000000e+02 3.015811397146972439e-02
1.230000000000000000e+02 3.021044324826926974e-02
1.250000000000000000e+02 3.026599800035789656e-02
1.270000000000000000e+02 3.032397005551379365e-02
1.290000000000000000e+02 3.037923556638522093e-02
1.310000000000000000e+02 3.043237656004249558e-02
1.330000000000000000e+02 3.048418400053953814e-02
1.350000000000000000e+02 3.053823325892690566e-02
1.370000000000000000e+02 3.059396416041970657e-02
1.390000000000000000e+02 3.065134303404914995e-02
1.410000000000000000e+02 3.071299174985253622e-02
1.430000000000000000e+02 3.077894331872665923e-02
1.450000000000000000e+02 3.084507816456683038e-02
1.470000000000000000e+02 3.090957741194266806e-02
1.490000000000000000e+02 3.097280808110502992e-02
