1.000000000000000000e+00 8.088999792056561500e-02
3.000000000000000000e+00 8.955111897216017081e-02
5.000000000000000000e+00 9.416502627294698335e-02
7.000000000000000000e+00 9.679249063921913088e-02
9.000000000000000000e+00 9.866501337157085327e-02
1.100000000000000000e+01 1.003924784028956685e-01
1.300000000000000000e+01 1.021638400712405748e-01
1.500000000000000000e+01 1.039098923179073708e-01
1.700000000000000000e+01 1.056732633098577123e-01
1.900000000000000000e+01 1.073969818607177773e-01
2.100000000000000000e+01 1.090950956550389428e-01
2.300000000000000000e+01 1.107623246178208731e-01
2.500000000000000000e+01 1.123878199840260272e-01
2.700000000000000000e+01 1.139179431105877827e-01
2.900000000000000000e+01 1.153732535992221253e-01
3.100000000000000000e+01 1.167503100123578053e-01
3.300000000000000000e+01 1.180503187356705119e-01
3.500000000000000000e+01 1.192766266491668281e-01
3.700000000000000000e+01 1.204208459442167589e-01
3.900000000000000000e+01 1.214735717196213649e-01
4.100000000000000000e+01 1.224334992260560639e-01
4.300000000000000000e+01 1.233082366010646025e-01
4.500000000000000000e+01 1.240927698678198077e-01
4.700000000000000000e+01 1.247956951492295019e-01
4.900000000000000000e+01 1.254337841289462352e-01
5.100000000000000000e+01 1.260109383494036894e-01
5.300000000000000000e+01 1.265338805756828222e-01
5.500000000000000000e+01 1.269975925882510515e-01
5.700000000000000000e+01 1.273835502134019748e-01
5.900000000000000000e+01 1.276969492225276115e-01
6.100000000000000000e+01 1.279641929745426454e-01
6.300000000000000000e+01 1.281899633880014822e-01
6.500000000000000000e+01 1.283872596470313487e-01
6.700000000000000000e+01 1.285586766908261014e-01
6.900000000000000000e+01 1.286966831114203513e-01
7.100000000000000000e+01 1.288061647525878817e-01
7.300000000000000000e+01 1.288881861377934035e-01
7.500000000000000000e+01 1.289457888123538565e-01
7.700000000000000000e+01 1.289863674202463839e-01
7.900000000000000000e+01 1.290089339239716137e-01
8.100000000000000000e+01 1.290166545603457227e-01
8.300000000000000000e+01 1.290047454769310820e-01
8.500000000000000000e+01 1.289759200301091591e-01
8.700000000000000000e+01 1.289305249280844334e-01
8.900000000000000000e+01 1.288770842123373450e-01
9.100000000000000000e+01 1.288111937514114791e-01
9.300000000000000000e+01 1.287347317672611346e-01
9.500000000000000000e+01 1.286585776450607232e-01
9.700000000000000000e+01 1.285837963851422794e-01
9.900000000000000000e+01 1.284999442793162139e-01
1.010000000000000000e+02 1.283882040699738658e-01
1.030000000000000000e+02 1.282501333732564142e-01
1.050000000000000000e+02 1.280963948200888325e-01
1.070000000000000000e+02 1.279263125987311067e-01
1.090000000000000000e+02 1.277391663739554373e-01
1.110000000000000000e+02 1.275367977287481525e-01
1.130000000000000000e+02 1.273359304491593624e-01
1.150000000000000000e+02 1.271323244870113944e-01
1.170000000000000000e+02 1.269267757741947555e-01
1.190000000000000000e+02 1.267196113861827067e-01
1.210000000000000000e+02 1.265328921005087759e-01
1.230000000000000000e+02 1.263646587437370350e-01
1.250000000000000000e+02 1.262120034079166064e-01
1.270000000000000000e+02 1.260706260934425504e-01
1.290000000000000000e+02 1.259387583415999545e-01
1.310000000000000000e+02 1.258143465576393449e-01
1.330000000000000000e+02 1.256965546163018033e-01
1.350000000000000000e+02 1.255910833027951146e-01
1.370000000000000000e+02 1.254986097001413725e-01
1.390000000000000000e+02 1.254254290117466919e-01
1.410000000000000000e+02 1.253708326882211344e-01
1.430000000000000000e+02 1.253339931351112879e-01
1.450000000000000000e+02 1.253142795562298684e-01
1.470000000000000000e+02 1.253088647292976976e-01
1.490000000000000000e+02 1.253116946161745293e-01
