1.000000000000000000e+00 2.715906268112944222e-02
3.000000000000000000e+00 2.996006286134456076e-02
5.000000000000000000e+00 3.114757557443437186e-02
7.000000000000000000e+00 3.183098094907155229e-02
9.000000000000000000e+00 3.229046087812015298e-02
1.100000000000000000e+01 3.265309506630631464e-02
1.300000000000000000e+01 3.296792045575480667e-02
1.500000000000000000e+01 3.326273884076325071e-02
1.700000000000000000e+01 3.354397071314230150e-02
1.900000000000000000e+01 3.381472013951403177e-02
2.100000000000000000e+01 3.407635643038220419e-02
2.300000000000000000e+01 3.433045106955867620e-02
2.500000000000000000e+01 3.458014236440409839e-02
2.700000000000000000e+01 3.482619904932582333e-02
2.900000000000000000e+01 3.506902198292671802e-02
3.100000000000000000e+01 3.531019689610037648e-02
3.300000000000000000e+01 3.555045263309497550e-02
3.500000000000000000e+01 3.579264896418299369e-02
3.700000000000000000e+01 3.603550920139031444e-02
3.900000000000000000e+01 3.627753371577313590e-02
4.100000000000000000e+01 3.651722886891028974e-02
4.300000000000000000e+01 3.675381687737666603e-02
4.500000000000000000e+01 3.698820790413281934e-02
4.700000000000000000e+01 3.722173934071382195e-02
4.900000000000000000e+01 3.745509988264950074e-02
5.100000000000000000e+01 3.768958434049229922e-02
5.300000000000000000e+01 3.792667431584484383e-02
5.500000000000000000e+01 3.816734738292615337e-02
5.700000000000000000e+01 3.841229224518638574e-02
5.900000000000000000e+01 3.866218273185362264e-02
6.100000000000000000e+01 3.891759994808408063e-02
6.300000000000000000e+01 3.917893418719653464e-02
6.500000000000000000e+01 3.944720691348579944e-02
6.700000000000000000e+01 3.972312399882249601e-02
6.900000000000000000e+01 4.000711515762256365e-02
7.100000000000000000e+01 4.029954465807605857e-02
7.300000000000000000e+01 4.060081217902677952e-02
7.500000000000000000e+01 4.091108452099978532e-02
7.700000000000000000e+01 4.123037430646991908e-02
7.900000000000000000e+01 4.155845943940605913e-02
8.100000000000000000e+01 4.189499856583844828e-02
8.300000000000000000e+01 4.223987600852707747e-02
8.500000000000000000e+01 4.259304057264656773e-02
8.700000000000000000e+01 4.295445041192547109e-02
8.900000000000000000e+01 4.332388131965703160e-02
9.100000000000000000e+01 4.370122252993025036e-02
9.300000000000000000e+01 4.408633095999692220e-02
9.500000000000000000e+01 4.447902500019162986e-02
9.700000000000000000e+01 4.487925957485838779e-02
9.900000000000000000e+01 4.528677791018975718e-02
1.010000000000000000e+02 4.570037711854102458e-02
1.030000000000000000e+02 4.611959453928071717e-02
1.050000000000000000e+02 4.654432460644764014e-02
1.070000000000000000e+02 4.697456300111624294e-02
1.090000000000000000e+02 4.741060056182366811e-02
1.110000000000000000e+02 4.785222034613823006e-02
1.130000000000000000e+02 4.829917424248131308e-02
1.150000000000000000e+02 4.875151182261372451e-02
1.170000000000000000e+02 4.920899517200150175e-02
1.190000000000000000e+02 4.967141632474136870e-02
1.210000000000000000e+02 5.013850775354611322e-02
1.230000000000000000e+02 5.061022374716828143e-02
1.250000000000000000e+02 5.108661009524362306e-02
1.270000000000000000e+02 5.156768542379985831e-02
1.290000000000000000e+02 5.205358969651396883e-02
1.310000000000000000e+02 5.254428620762241486e-02
1.330000000000000000e+02 5.303976274670108015e-02
1.350000000000000000e+02 5.353960888978248622e-02
1.370000000000000000e+02 5.404394173407556234e-02
1.390000000000000000e+02 5.455284462320064698e-02
1.410000000000000000e+02 5.506653686948581594e-02
1.430000000000000000e+02 5.558516532872037619e-02
1.450000000000000000e+02 5.610887712564305296e-02
1.470000000000000000e+02 5.663783570514746568e-02
1.490000000000000000e+02 5.717220844503989596e-02
