1.000000000000000000e+00 4.278224180188006098e-02
3.000000000000000000e+00 4.469576177091361124e-02
5.000000000000000000e+00 4.600031062243636892e-02
7.000000000000000000e+00 4.702843997074657167e-02
9.000000000000000000e+00 4.791835777196218338e-02
1.100000000000000000e+01 4.873380291482265481e-02
1.300000000000000000e+01 4.949149101124283856e-02
1.500000000000000000e+01 5.019713948345760901e-02
1.700000000000000000e+01 5.086054624337421615e-02
1.900000000000000000e+01 5.148346723050922780e-02
2.100000000000000000e+01 5.206598327204980947e-02
2.300000000000000000e+01 5.260754532888844981e-02
2.500000000000000000e+01 5.310874601472292955e-02
2.700000000000000000e+01 5.357020587284844204e-02
2.900000000000000000e+01 5.399301930759925483e-02
3.100000000000000000e+01 5.437857826449188359e-02
3.300000000000000000e+01 5.473066889406441593e-02
3.500000000000000000e+01 5.505275081725347075e-02
3.700000000000000000e+01 5.534723333060165285e-02
3.900000000000000000e+01 5.561687561565309412e-02
4.100000000000000000e+01 5.586348362134752055e-02
4.300000000000000000e+01 5.608872257788954929e-02
4.500000000000000000e+01 5.629418727467594419e-02
4.700000000000000000e+01 5.647910562196589712e-02
4.900000000000000000e+01 5.664484335176844798e-02
5.100000000000000000e+01 5.679329225800267000e-02
5.300000000000000000e+01 5.692618119580783453e-02
5.500000000000000000e+01 5.704598534549587541e-02
5.700000000000000000e+01 5.715432456588309673e-02
5.900000000000000000e+01 5.725246377625681227e-02
6.100000000000000000e+01 5.734030079348928499e-02
6.300000000000000000e+01 5.741777506164980061e-02
6.500000000000000000e+01 5.748536972476825380e-02
6.700000000000000000e+01 5.754387405878758077e-02
6.900000000000000000e+01 5.759333788015230660e-02
7.100000000000000000e+01 5.763400519787553744e-02
7.300000000000000000e+01 5.766635626997085318e-02
7.500000000000000000e+01 5.769037700740065056e-02
7.700000000000000000e+01 5.770617233844110849e-02
7.900000000000000000e+01 5.771405239851057356e-02
8.100000000000000000e+01 5.771384319211747549e-02
8.300000000000000000e+01 5.770474317320106739e-02
8.500000000000000000e+01 5.768689689522898956e-02
8.700000000000000000e+01 5.766034436039069178e-02
8.900000000000000000e+01 5.762499044725466479e-02
9.100000000000000000e+01 5.758074171036942079e-02
9.300000000000000000e+01 5.752780017737946228e-02
9.500000000000000000e+01 5.746611272708923579e-02
9.700000000000000000e+01 5.739606123185769793e-02
9.900000000000000000e+01 5.731804953409946890e-02
1.010000000000000000e+02 5.723225515589736023e-02
1.030000000000000000e+02 5.713959781243738156e-02
1.050000000000000000e+02 5.704048420364737915e-02
1.070000000000000000e+02 5.693552904777887669e-02
1.090000000000000000e+02 5.682519903594951405e-02
1.110000000000000000e+02 5.671008593328630276e-02
1.130000000000000000e+02 5.659101385456666300e-02
1.150000000000000000e+02 5.646834945266676620e-02
1.170000000000000000e+02 5.634281779224659115e-02
1.190000000000000000e+02 5.621457059249479471e-02
1.210000000000000000e+02 5.608434861709588048e-02
1.230000000000000000e+02 5.595286778819352769e-02
1.250000000000000000e+02 5.582080712386139343e-02
1.270000000000000000e+02 5.568821437407567299e-02
1.290000000000000000e+02 5.555559739678495035e-02
1.310000000000000000e+02 5.542361141748231024e-02
1.330000000000000000e+02 5.529262609768881287e-02
1.350000000000000000e+02 5.516230312965297866e-02
1.370000000000000000e+02 5.503314084304922194e-02
1.390000000000000000e+02 5.490551953138655961e-02
1.410000000000000000e+02 5.477959308545821138e-02
1.430000000000000000e+02 5.465635259365231313e-02
1.450000000000000000e+02 5.453612072597613381e-02
1.470000000000000000e+02 5.441898613780915550e-02
1.490000000000000000e+02 5.430549182503019434e-02
