1.000000000000000000e+00 6.514870191209887196e-05
3.000000000000000000e+00 6.626676627585759149e-05
5.000000000000000000e+00 6.697481271966676530e-05
7.000000000000000000e+00 6.886062373379076007e-05
9.000000000000000000e+00 7.278466377269587895e-05
1.100000000000000000e+01 7.718704279158217219e-05
1.300000000000000000e+01 8.117986050559800049e-05
1.500000000000000000e+01 8.452656816237968940e-05
1.700000000000000000e+01 8.735117100633349452e-05
1.900000000000000000e+01 8.960795081536243600e-05
2.100000000000000000e+01 9.134577174496616436e-05
2.300000000000000000e+01 9.270809329409157584e-05
2.500000000000000000e+01 9.367153425476892892e-05
2.700000000000000000e+01 9.430291953493874502e-05
2.900000000000000000e+01 9.472440734015208363e-05
3.100000000000000000e+01 9.501653828514200484e-05
3.300000000000000000e+01 9.522865241529121505e-05
3.500000000000000000e+01 9.540617160741504676e-05
3.700000000000000000e+01 9.556611532834935474e-05
3.900000000000000000e+01 9.570914355450099720e-05
4.100000000000000000e+01 9.584972441434302937e-05
4.300000000000000000e+01 9.600775792140137099e-05
4.500000000000000000e+01 9.620105862306882472e-05
4.700000000000000000e+01 9.645931291135667607e-05
4.900000000000000000e+01 9.680215192098273747e-05
5.100000000000000000e+01 9.735478961647725527e-05
5.300000000000000000e+01 9.819993681092764604e-05
5.500000000000000000e+01 9.933363639724746008e-05
5.700000000000000000e+01 1.007800178510764866e-04
5.900000000000000000e+01 1.025713939016847931e-04
6.100000000000000000e+01 1.047272959158185301e-04
6.300000000000000000e+01 1.072664056941396993e-04
6.500000000000000000e+01 1.101994852014120951e-04
6.700000000000000000e+01 1.135547004916803715e-04
6.900000000000000000e+01 1.173363256486981143e-04
7.100000000000000000e+01 1.215511352771203590e-04
7.300000000000000000e+01 1.262063101077348648e-04
7.500000000000000000e+01 1.313073676170173343e-04
7.700000000000000000e+01 1.368259778906644186e-04
7.900000000000000000e+01 1.427576000737618145e-04
8.100000000000000000e+01 1.490929809596641675e-04
8.300000000000000000e+01 1.558142102613402358e-04
8.500000000000000000e+01 1.629038339728827722e-04
8.700000000000000000e+01 1.703456687384141688e-04
8.900000000000000000e+01 1.781198845663967134e-04
9.100000000000000000e+01 1.862093572684297982e-04
9.300000000000000000e+01 1.946211023163835208e-04
9.500000000000000000e+01 2.033449793755748303e-04
9.700000000000000000e+01 2.123616662410565681e-04
9.900000000000000000e+01 2.216522129994125123e-04
1.010000000000000000e+02 2.312274810098990940e-04
1.030000000000000000e+02 2.411234306297638241e-04
1.050000000000000000e+02 2.513329070896741513e-04
1.070000000000000000e+02 2.618184363250009028e-04
1.090000000000000000e+02 2.725726479021473025e-04
1.110000000000000000e+02 2.835817835691312183e-04
1.130000000000000000e+02 2.948268991396219008e-04
1.150000000000000000e+02 3.062846813652875255e-04
1.170000000000000000e+02 3.179302427961383515e-04
1.190000000000000000e+02 3.297543173755856927e-04
1.210000000000000000e+02 3.417416038034026826e-04
1.230000000000000000e+02 3.538820672202014350e-04
1.250000000000000000e+02 3.661237885675960868e-04
1.270000000000000000e+02 3.784632463862402929e-04
1.290000000000000000e+02 3.908961842107316897e-04
1.310000000000000000e+02 4.034629130066358371e-04
1.330000000000000000e+02 4.161567991782799680e-04
1.350000000000000000e+02 4.289828717589649898e-04
1.370000000000000000e+02 4.419405261737452406e-04
1.390000000000000000e+02 4.550229369684188896e-04
1.410000000000000000e+02 4.682267708233656123e-04
1.430000000000000000e+02 4.815453309714445851e-04
1.450000000000000000e+02 4.949728260043029238e-04
1.470000000000000000e+02 5.085042175666520947e-04
1.490000000000000000e+02 5.221384276872242935e-04
