1.000000000000000000e+00 2.502380700454975848e-02
3.000000000000000000e+00 2.620581077688233229e-02
5.000000000000000000e+00 2.677968848961476134e-02
7.000000000000000000e+00 2.714900316688417803e-02
9.000000000000000000e+00 2.738542912241581639e-02
1.100000000000000000e+01 2.752132778948157554e-02
1.300000000000000000e+01 2.758998774002707766e-02
1.500000000000000000e+01 2.761726057735136575e-02
1.700000000000000000e+01 2.762349873538982870e-02
1.900000000000000000e+01 2.761622723019674375e-02
2.100000000000000000e+01 2.759717214817491993e-02
2.300000000000000000e+01 2.756278153327540448e-02
2.500000000000000000e+01 2.751374175157417223e-02
2.700000000000000000e+01 2.745241196149950103e-02
2.900000000000000000e+01 2.737933249988078188e-02
3.100000000000000000e+01 2.729513714829712168e-02
3.300000000000000000e+01 2.719800724743859366e-02
3.500000000000000000e+01 2.708698600938519441e-02
3.700000000000000000e+01 2.695980063273306637e-02
3.900000000000000000e+01 2.682001837198511041e-02
4.100000000000000000e+01 2.666962575396603086e-02
4.300000000000000000e+01 2.651015225155062272e-02
4.500000000000000000e+01 2.634194226682340378e-02
4.700000000000000000e+01 2.616611986399230982e-02
4.900000000000000000e+01 2.598389562429748167e-02
5.100000000000000000e+01 2.579524531500021478e-02
5.300000000000000000e+01 2.559930949766697772e-02
5.500000000000000000e+01 2.539809934727366159e-02
5.700000000000000000e+01 2.519260999938532919e-02
5.900000000000000000e+01 2.498375269888197803e-02
6.100000000000000000e+01 2.477179076379032452e-02
6.300000000000000000e+01 2.455885277439917580e-02
6.500000000000000000e+01 2.434641259407777092e-02
6.700000000000000000e+01 2.413343923295696580e-02
6.900000000000000000e+01 2.392100216953274572e-02
7.100000000000000000e+01 2.370963334576925430e-02
7.300000000000000000e+01 2.349921532294851900e-02
7.500000000000000000e+01 2.329048378868558977e-02
7.700000000000000000e+01 2.308242574160879190e-02
7.900000000000000000e+01 2.287648245490736532e-02
8.100000000000000000e+01 2.267513288309730424e-02
8.300000000000000000e+01 2.247854338661736673e-02
8.500000000000000000e+01 2.228475880970626211e-02
8.700000000000000000e+01 2.209398872938206360e-02
8.900000000000000000e+01 2.190787539652550020e-02
9.100000000000000000e+01 2.172645050275123779e-02
9.300000000000000000e+01 2.154979958214042757e-02
9.500000000000000000e+01 2.137784723861835268e-02
9.700000000000000000e+01 2.121047162159639399e-02
9.900000000000000000e+01 2.104566173959676600e-02
1.010000000000000000e+02 2.088260976122413570e-02
1.030000000000000000e+02 2.072272035418132319e-02
1.050000000000000000e+02 2.056608808246340736e-02
1.070000000000000000e+02 2.041433112889345924e-02
1.090000000000000000e+02 2.026641838513987270e-02
1.110000000000000000e+02 2.012341980439347200e-02
1.130000000000000000e+02 1.998517154493784087e-02
1.150000000000000000e+02 1.984848656659654598e-02
1.170000000000000000e+02 1.971411347156792893e-02
1.190000000000000000e+02 1.958187717873050016e-02
1.210000000000000000e+02 1.945116671856994550e-02
1.230000000000000000e+02 1.932188245666355275e-02
1.250000000000000000e+02 1.919460103824877084e-02
1.270000000000000000e+02 1.906941691918528914e-02
1.290000000000000000e+02 1.894760482181168104e-02
1.310000000000000000e+02 1.882839494887666998e-02
1.330000000000000000e+02 1.871178680951135487e-02
1.350000000000000000e+02 1.859883890430757969e-02
1.370000000000000000e+02 1.848778580416121642e-02
1.390000000000000000e+02 1.837864644366726807e-02
1.410000000000000000e+02 1.827142456824004668e-02
1.430000000000000000e+02 1.816637412570931698e-02
1.450000000000000000e+02 1.806346177229400940e-02
1.470000000000000000e+02 1.796232180957513247e-02
1.490000000000000000e+02 1.786396096863873684e-02
