1.000000000000000000e+00 2.025834030294582089e-02
3.000000000000000000e+00 2.184282004596593829e-02
5.000000000000000000e+00 2.264656064286796333e-02
7.000000000000000000e+00 2.326229601493057242e-02
9.000000000000000000e+00 2.379889891138087243e-02
1.100000000000000000e+01 2.422060099020528767e-02
1.300000000000000000e+01 2.452098066274288612e-02
1.500000000000000000e+01 2.474307518004248418e-02
1.700000000000000000e+01 2.493535115023215454e-02
1.900000000000000000e+01 2.511923895601253509e-02
2.100000000000000000e+01 2.529198827669920657e-02
2.300000000000000000e+01 2.544962176192666625e-02
2.500000000000000000e+01 2.559888666919729605e-02
2.700000000000000000e+01 2.574036677323066069e-02
2.900000000000000000e+01 2.587617851067935959e-02
3.100000000000000000e+01 2.601009328062153791e-02
3.300000000000000000e+01 2.614703641228732778e-02
3.500000000000000000e+01 2.628576748468236524e-02
3.700000000000000000e+01 2.642335607513046636e-02
3.900000000000000000e+01 2.655672823917631931e-02
4.100000000000000000e+01 2.668451334186106028e-02
4.300000000000000000e+01 2.680613910064122418e-02
4.500000000000000000e+01 2.692016141061315260e-02
4.700000000000000000e+01 2.702513585972809995e-02
4.900000000000000000e+01 2.711998306168739159e-02
5.100000000000000000e+01 2.720414369018320233e-02
5.300000000000000000e+01 2.727762796157118252e-02
5.500000000000000000e+01 2.734121893157048788e-02
5.700000000000000000e+01 2.739561661002076765e-02
5.900000000000000000e+01 2.744396871132492866e-02
6.100000000000000000e+01 2.748396722810086956e-02
6.300000000000000000e+01 2.751555519772053149e-02
6.500000000000000000e+01 2.753965926423762589e-02
6.700000000000000000e+01 2.755746059048347352e-02
6.900000000000000000e+01 2.757111015866553494e-02
7.100000000000000000e+01 2.758085847931646128e-02
7.300000000000000000e+01 2.758632804190919163e-02
7.500000000000000000e+01 2.758750751610883345e-02
7.700000000000000000e+01 2.758265930636027985e-02
7.900000000000000000e+01 2.757122706306347482e-02
8.100000000000000000e+01 2.755384795030324518e-02
8.300000000000000000e+01 2.753254125875304048e-02
8.500000000000000000e+01 2.750774323482541028e-02
8.700000000000000000e+01 2.748246591694192276e-02
8.900000000000000000e+01 2.745581748740155703e-02
9.100000000000000000e+01 2.742547484536728142e-02
9.300000000000000000e+01 2.739201782386135875e-02
9.500000000000000000e+01 2.735829927277266815e-02
9.700000000000000000e+01 2.732448172634238670e-02
9.900000000000000000e+01 2.728939915502603952e-02
1.010000000000000000e+02 2.725360316004299399e-02
1.030000000000000000e+02 2.721951933765054399e-02
1.050000000000000000e+02 2.718732315146987766e-02
1.070000000000000000e+02 2.715708056948806792e-02
1.090000000000000000e+02 2.712915214389199914e-02
1.110000000000000000e+02 2.710311583863100893e-02
1.130000000000000000e+02 2.707914799248833937e-02
1.150000000000000000e+02 2.705101825019196049e-02
1.170000000000000000e+02 2.701753664910577779e-02
1.190000000000000000e+02 2.697937306220843379e-02
1.210000000000000000e+02 2.694589933216773314e-02
1.230000000000000000e+02 2.691716379446851271e-02
1.250000000000000000e+02 2.689095411491848608e-02
1.270000000000000000e+02 2.686849911957489567e-02
1.290000000000000000e+02 2.684960960999416280e-02
1.310000000000000000e+02 2.683435435664949242e-02
1.330000000000000000e+02 2.682410373494159561e-02
1.350000000000000000e+02 2.681791149585566192e-02
1.370000000000000000e+02 2.681579165984582236e-02
1.390000000000000000e+02 2.681962083211997250e-02
1.410000000000000000e+02 2.682940283989487806e-02
1.430000000000000000e+02 2.684247548094476077e-02
1.450000000000000000e+02 2.685881854022431625e-02
1.470000000000000000e+02 2.687845170312685994e-02
1.490000000000000000e+02 2.689980144467474243e-02
