1.000000000000000000e+00 2.991812347864575283e-02
3.000000000000000000e+00 3.071311470760096363e-02
5.000000000000000000e+00 3.116713684101113380e-02
7.000000000000000000e+00 3.167009803593912043e-02
9.000000000000000000e+00 3.221036580097547120e-02
1.100000000000000000e+01 3.271394997662679938e-02
1.300000000000000000e+01 3.317433846712758427e-02
1.500000000000000000e+01 3.357589153579831898e-02
1.700000000000000000e+01 3.393920601222799593e-02
1.900000000000000000e+01 3.425773636626305851e-02
2.100000000000000000e+01 3.453171154638801088e-02
2.300000000000000000e+01 3.476310264173909648e-02
2.500000000000000000e+01 3.494486978837152424e-02
2.700000000000000000e+01 3.508522783185352711e-02
2.900000000000000000e+01 3.518595079247288648e-02
3.100000000000000000e+01 3.525267303359691518e-02
3.300000000000000000e+01 3.528671786857673354e-02
3.500000000000000000e+01 3.529091150423657730e-02
3.700000000000000000e+01 3.527019393773922484e-02
3.900000000000000000e+01 3.522879116584198833e-02
4.100000000000000000e+01 3.517180494818561431e-02
4.300000000000000000e+01 3.510062774512134887e-02
4.500000000000000000e+01 3.501525747656952792e-02
4.700000000000000000e+01 3.491851574618987097e-02
4.900000000000000000e+01 3.481373367547868636e-02
5.100000000000000000e+01 3.470188469056978420e-02
5.300000000000000000e+01 3.458272168408826897e-02
5.500000000000000000e+01 3.445163824026731270e-02
5.700000000000000000e+01 3.431118396296983786e-02
5.900000000000000000e+01 3.416259709036850722e-02
6.100000000000000000e+01 3.400752754225533359e-02
6.300000000000000000e+01 3.384739055835761512e-02
6.500000000000000000e+01 3.368368159801926609e-02
6.700000000000000000e+01 3.352270256928346903e-02
6.900000000000000000e+01 3.336383927046049358e-02
7.100000000000000000e+01 3.320314360284160049e-02
7.300000000000000000e+01 3.303715052300815191e-02
7.500000000000000000e+01 3.287074828521607817e-02
7.700000000000000000e+01 3.270040121843942327e-02
7.900000000000000000e+01 3.252996710022415527e-02
8.100000000000000000e+01 3.235745230355768776e-02
8.300000000000000000e+01 3.218398657367338433e-02
8.500000000000000000e+01 3.201277334449326162e-02
8.700000000000000000e+01 3.184429424276447040e-02
8.900000000000000000e+01 3.167904804752963432e-02
9.100000000000000000e+01 3.151596455682703635e-02
9.300000000000000000e+01 3.135444508816720433e-02
9.500000000000000000e+01 3.119440958040409217e-02
9.700000000000000000e+01 3.103597695082738195e-02
9.900000000000000000e+01 3.087756337763924996e-02
1.010000000000000000e+02 3.071993796822236611e-02
1.030000000000000000e+02 3.056442763056632650e-02
1.050000000000000000e+02 3.041157186576048943e-02
1.070000000000000000e+02 3.026290201815018399e-02
1.090000000000000000e+02 3.011862372280738054e-02
1.110000000000000000e+02 2.998115701088355234e-02
1.130000000000000000e+02 2.984959348308047211e-02
1.150000000000000000e+02 2.972289206352718427e-02
1.170000000000000000e+02 2.959962521770043153e-02
1.190000000000000000e+02 2.948024435945151289e-02
1.210000000000000000e+02 2.936390005942235426e-02
1.230000000000000000e+02 2.925219546324053788e-02
1.250000000000000000e+02 2.914594948661841656e-02
1.270000000000000000e+02 2.904584022482203931e-02
1.290000000000000000e+02 2.895143344057116153e-02
1.310000000000000000e+02 2.886258618082693239e-02
1.330000000000000000e+02 2.877930629767944115e-02
1.350000000000000000e+02 2.870131747238813258e-02
1.370000000000000000e+02 2.862868745676849791e-02
1.390000000000000000e+02 2.856223067717822417e-02
1.410000000000000000e+02 2.850193825922686663e-02
1.430000000000000000e+02 2.844881668828069810e-02
1.450000000000000000e+02 2.840177507259544765e-02
1.470000000000000000e+02 2.836027844321797886e-02
1.490000000000000000e+02 2.832507908469761304e-02
