1.000000000000000000e+00 1.827599946872094927e-01
3.000000000000000000e+00 2.024553557090827960e-01
5.000000000000000000e+00 2.105981875543028181e-01
7.000000000000000000e+00 2.147261785635192766e-01
9.000000000000000000e+00 2.174493992243480278e-01
1.100000000000000000e+01 2.196753667687785239e-01
1.300000000000000000e+01 2.216309981028500298e-01
1.500000000000000000e+01 2.233736405618051979e-01
1.700000000000000000e+01 2.249834471904867961e-01
1.900000000000000000e+01 2.265086131443049267e-01
2.100000000000000000e+01 2.280288867320426904e-01
2.300000000000000000e+01 2.295804418639324496e-01
2.500000000000000000e+01 2.312111617564379662e-01
2.700000000000000000e+01 2.329492719750358987e-01
2.900000000000000000e+01 2.348021277455599742e-01
3.100000000000000000e+01 2.367899999566431823e-01
3.300000000000000000e+01 2.389120933142837577e-01
3.500000000000000000e+01 2.411848372220228853e-01
3.700000000000000000e+01 2.435903682315508911e-01
3.900000000000000000e+01 2.461393963716417277e-01
4.100000000000000000e+01 2.488372600370869492e-01
4.300000000000000000e+01 2.516710995458314448e-01
4.500000000000000000e+01 2.546157497359570199e-01
4.700000000000000000e+01 2.576662871091278673e-01
4.900000000000000000e+01 2.608218119583637362e-01
5.100000000000000000e+01 2.640754970002711088e-01
5.300000000000000000e+01 2.674240003632103457e-01
5.500000000000000000e+01 2.708688728390997724e-01
5.700000000000000000e+01 2.744093480475311431e-01
5.900000000000000000e+01 2.780367380274930689e-01
6.100000000000000000e+01 2.817539152127237490e-01
6.300000000000000000e+01 2.855555718854646541e-01
6.500000000000000000e+01 2.894316052089811464e-01
6.700000000000000000e+01 2.933698469056147395e-01
6.900000000000000000e+01 2.973676757070171650e-01
7.100000000000000000e+01 3.014232787394777180e-01
7.300000000000000000e+01 3.055543747561522139e-01
7.500000000000000000e+01 3.097558348373479209e-01
7.700000000000000000e+01 3.140209014491901485e-01
7.900000000000000000e+01 3.183454025267259402e-01
8.100000000000000000e+01 3.227294956990476305e-01
8.300000000000000000e+01 3.271787604692980578e-01
8.500000000000000000e+01 3.316832010937368347e-01
8.700000000000000000e+01 3.362417874867574819e-01
8.900000000000000000e+01 3.408625176795463396e-01
9.100000000000000000e+01 3.455468301549542431e-01
9.300000000000000000e+01 3.503003632577734727e-01
9.500000000000000000e+01 3.551290719588500178e-01
9.700000000000000000e+01 3.600304307347372834e-01
9.900000000000000000e+01 3.650018973712930714e-01
1.010000000000000000e+02 3.700416066012602867e-01
1.030000000000000000e+02 3.751484299109988374e-01
1.050000000000000000e+02 3.803102089488827886e-01
1.070000000000000000e+02 3.855246897767915515e-01
1.090000000000000000e+02 3.907918972537325342e-01
1.110000000000000000e+02 3.961164131908259112e-01
1.130000000000000000e+02 4.014964491779111633e-01
1.150000000000000000e+02 4.069369684147124966e-01
1.170000000000000000e+02 4.124383508730879999e-01
1.190000000000000000e+02 4.179982127933331570e-01
1.210000000000000000e+02 4.236194610870087640e-01
1.230000000000000000e+02 4.292989128311576197e-01
1.250000000000000000e+02 4.350291266631413079e-01
1.270000000000000000e+02 4.408068236361450953e-01
1.290000000000000000e+02 4.466247293481384606e-01
1.310000000000000000e+02 4.524684810727028772e-01
1.330000000000000000e+02 4.583303236035735084e-01
1.350000000000000000e+02 4.642027869168582344e-01
1.370000000000000000e+02 4.700847825127271173e-01
1.390000000000000000e+02 4.759679427617645731e-01
1.410000000000000000e+02 4.818460277792102620e-01
1.430000000000000000e+02 4.877118907771865741e-01
1.450000000000000000e+02 4.935596866995620724e-01
1.470000000000000000e+02 4.993852263347785536e-01
1.490000000000000000e+02 5.051839741063404166e-01
