0.000000000000000000e+00 3.591765493219548944e+01 3.517346090429272465e+01 1.000000000000000000e+00 nan nan
1.000000000000000000e+00 3.591765493219548233e+01 3.517482454065650188e+01 nan nan nan
2.000000000000000000e+00 3.591765493219548944e+01 3.517618817702029332e+01 nan nan nan
3.000000000000000000e+00 3.591765493219548233e+01 3.517755181338406345e+01 nan nan nan
4.000000000000000000e+00 3.591765493219548944e+01 3.517891544974785489e+01 nan 1.000000000000000000e+00 nan
5.000000000000000000e+00 3.591765493219548233e+01 3.518027908611163213e+01 nan 1.000000000000000000e+00 nan
6.000000000000000000e+00 3.591765493219548944e+01 3.518164272247540225e+01 nan 1.000000000000000000e+00 nan
7.000000000000000000e+00 3.591765493219548944e+01 3.518300635883918659e+01 nan 1.000000000000000000e+00 nan
8.000000000000000000e+00 3.591765493219548944e+01 3.518436999520297803e+01 nan 1.000000000000000000e+00 nan
9.000000000000000000e+00 3.591765493219548944e+01 3.518573363156674816e+01 nan 1.000000000000000000e+00 nan
1.000000000000000000e+01 3.591765493219548944e+01 3.518709726793052539e+01 nan 1.000000000000000000e+00 nan
1.100000000000000000e+01 3.591765493219548944e+01 3.518846090429430973e+01 nan 1.000000000000000000e+00 nan
1.200000000000000000e+01 3.591765493219548944e+01 3.518982454065810117e+01 nan 1.000000000000000000e+00 nan
1.300000000000000000e+01 3.591765493219548233e+01 3.519118817702187840e+01 nan 1.000000000000000000e+00 nan
1.400000000000000000e+01 3.591765493219548233e+01 3.519255181338564853e+01 nan 1.000000000000000000e+00 nan
1.500000000000000000e+01 3.591765493219548944e+01 3.519391544974943287e+01 nan 1.000000000000000000e+00 nan
1.600000000000000000e+01 3.591765493219548944e+01 3.519527908611322431e+01 nan 1.000000000000000000e+00 nan
1.700000000000000000e+01 3.591765493219548944e+01 3.519664272247699444e+01 nan 1.000000000000000000e+00 nan
1.800000000000000000e+01 3.591765493219548944e+01 3.519800635884077877e+01 nan nan nan
1.900000000000000000e+01 3.591765493219548233e+01 3.519936999520455601e+01 nan nan nan
2.000000000000000000e+01 3.591765493219549654e+01 3.520073363156834034e+01 nan nan nan
2.100000000000000000e+01 3.591765493219548944e+01 3.520209726793213179e+01 nan nan nan
2.200000000000000000e+01 3.591765493219548944e+01 3.520346090429590902e+01 nan nan nan
2.300000000000000000e+01 3.591765493219548944e+01 3.520482454065968625e+01 nan nan nan
2.400000000000000000e+01 3.591765493219548944e+01 3.520618817702346348e+01 nan nan nan
2.500000000000000000e+01 3.591765493219548944e+01 3.520755181338724782e+01 nan nan nan
2.600000000000000000e+01 3.591765493219548944e+01 3.520891544975102505e+01 nan nan nan
2.700000000000000000e+01 3.591765493219548944e+01 3.521027908611480939e+01 nan nan nan
2.800000000000000000e+01 3.591765493219548233e+01 3.521164272247858662e+01 nan nan nan
2.900000000000000000e+01 3.591765493219548944e+01 3.521300635884237096e+01 nan nan nan
3.000000000000000000e+01 3.591765493219548944e+01 3.521436999520614819e+01 nan nan nan
3.100000000000000000e+01 3.591765493219548944e+01 3.521573363156993963e+01 nan nan nan
3.200000000000000000e+01 3.591765493219548944e+01 3.521709726793372397e+01 nan nan nan
3.300000000000000000e+01 3.591765493219548944e+01 3.521846090429749410e+01 nan nan nan
3.400000000000000000e+01 3.591765493219548944e+01 3.521982454066127843e+01 nan nan nan
3.500000000000000000e+01 3.591765493219548944e+01 3.522118817702505567e+01 nan nan nan
3.600000000000000000e+01 3.591765493219548944e+01 3.522255181338882579e+01 nan nan nan
3.700000000000000000e+01 3.591901856855912456e+01 3.517346090429271754e+01 1.000000000000000000e+00 nan nan
3.800000000000000000e+01 3.591901856855912456e+01 3.517482454065650899e+01 1.000000000000000000e+00 nan nan
3.900000000000000000e+01 3.591901856855913167e+01 3.517618817702028622e+01 nan nan nan
4.000000000000000000e+01 3.591901856855912456e+01 3.517755181338406345e+01 nan nan nan
4.100000000000000000e+01 3.591901856855912456e+01 3.517891544974784779e+01 nan 1.000000000000000000e+00 nan
4.200000000000000000e+01 3.591901856855912456e+01 3.518027908611163213e+01 nan 1.000000000000000000e+00 nan
4.300000000000000000e+01 3.591901856855913167e+01 3.518164272247540936e+01 nan 1.000000000000000000e+00 nan
4.400000000000000000e+01 3.591901856855913167e+01 3.518300635883918659e+01 nan 1.000000000000000000e+00 nan
4.500000000000000000e+01 3.591901856855912456e+01 3.518436999520297803e+01 nan 1.000000000000000000e+00 nan
4.600000000000000000e+01 3.591901856855912456e+01 3.518573363156674816e+01 nan 1.000000000000000000e+00 nan
4.700000000000000000e+01 3.591901856855912456e+01 3.518709726793052539e+01 nan 1.000000000000000000e+00 nan
4.800000000000000000e+01 3.591901856855912456e+01 3.518846090429430973e+01 nan 1.000000000000000000e+00 nan
4.900000000000000000e+01 3.591901856855913167e+01 3.518982454065810117e+01 nan 1.000000000000000000e+00 nan
5.000000000000000000e+01 3.591901856855912456e+01 3.519118817702187130e+01 nan 1.000000000000000000e+00 nan
5.100000000000000000e+01 3.591901856855912456e+01 3.519255181338565563e+01 nan 1.000000000000000000e+00 nan
5.200000000000000000e+01 3.591901856855912456e+01 3.519391544974943997e+01 nan 1.000000000000000000e+00 nan
5.300000000000000000e+01 3.591901856855913167e+01 3.519527908611321720e+01 nan 1.000000000000000000e+00 nan
5.400000000000000000e+01 3.591901856855912456e+01 3.519664272247700865e+01 nan 1.000000000000000000e+00 nan
5.500000000000000000e+01 3.591901856855912456e+01 3.519800635884078588e+01 nan nan nan
5.600000000000000000e+01 3.591901856855912456e+01 3.519936999520455601e+01 nan nan nan
5.700000000000000000e+01 3.591901856855912456e+01 3.520073363156834034e+01 nan nan nan
5.800000000000000000e+01 3.591901856855912456e+01 3.520209726793213179e+01 nan nan nan
5.900000000000000000e+01 3.591901856855912456e+01 3.520346090429590902e+01 nan nan nan
6.000000000000000000e+01 3.591901856855912456e+01 3.520482454065968625e+01 nan nan nan
6.100000000000000000e+01 3.591901856855913167e+01 3.520618817702346348e+01 nan nan nan
6.200000000000000000e+01 3.591901856855913167e+01 3.520755181338725492e+01 nan nan nan
6.300000000000000000e+01 3.591901856855912456e+01 3.520891544975103216e+01 nan nan nan
6.400000000000000000e+01 3.591901856855912456e+01 3.521027908611480939e+01 nan nan nan
6.500000000000000000e+01 3.591901856855913167e+01 3.521164272247860083e+01 nan nan nan
6.600000000000000000e+01 3.591901856855912456e+01 3.521300635884237096e+01 nan nan nan
6.700000000000000000e+01 3.591901856855913167e+01 3.521436999520615529e+01 nan nan nan
6.800000000000000000e+01 3.591901856855912456e+01 3.521573363156993253e+01 nan nan nan
6.900000000000000000e+01 3.591901856855913167e+01 3.521709726793371686e+01 nan nan nan
7.000000000000000000e+01 3.591901856855912456e+01 3.521846090429749410e+01 nan nan nan
7.100000000000000000e+01 3.591901856855912456e+01 3.521982454066127843e+01 nan nan nan
7.200000000000000000e+01 3.591901856855912456e+01 3.522118817702506277e+01 nan nan nan
7.300000000000000000e+01 3.591901856855912456e+01 3.522255181338884000e+01 nan nan nan
7.400000000000000000e+01 3.592038220492276679e+01 3.517346090429271754e+01 nan nan nan
7.500000000000000000e+01 3.592038220492277389e+01 3.517482454065650899e+01 1.000000000000000000e+00 nan nan
7.600000000000000000e+01 3.592038220492276679e+01 3.517618817702027911e+01 1.000000000000000000e+00 nan nan
7.700000000000000000e+01 3.592038220492276679e+01 3.517755181338406345e+01 nan nan nan
7.800000000000000000e+01 3.592038220492276679e+01 3.517891544974784779e+01 nan 1.000000000000000000e+00 nan
7.900000000000000000e+01 3.592038220492276679e+01 3.518027908611163213e+01 nan 1.000000000000000000e+00 nan
8.000000000000000000e+01 3.592038220492276679e+01 3.518164272247540225e+01 nan 1.000000000000000000e+00 nan
8.100000000000000000e+01 3.592038220492276679e+01 3.518300635883918659e+01 nan 1.000000000000000000e+00 nan
8.200000000000000000e+01 3.592038220492276679e+01 3.518436999520297093e+01 nan 1.000000000000000000e+00 nan
8.300000000000000000e+01 3.592038220492276679e+01 3.518573363156674816e+01 nan 1.000000000000000000e+00 nan
8.400000000000000000e+01 3.592038220492277389e+01 3.518709726793052539e+01 nan 1.000000000000000000e+00 nan
8.500000000000000000e+01 3.592038220492276679e+01 3.518846090429430973e+01 nan 1.000000000000000000e+00 nan
8.600000000000000000e+01 3.592038220492276679e+01 3.518982454065810117e+01 nan 1.000000000000000000e+00 nan
8.700000000000000000e+01 3.592038220492277389e+01 3.519118817702187840e+01 nan 1.000000000000000000e+00 nan
8.800000000000000000e+01 3.592038220492276679e+01 3.519255181338565563e+01 nan 1.000000000000000000e+00 nan
8.900000000000000000e+01 3.592038220492276679e+01 3.519391544974943997e+01 nan 1.000000000000000000e+00 nan
9.000000000000000000e+01 3.592038220492276679e+01 3.519527908611321720e+01 nan 1.000000000000000000e+00 nan
9.100000000000000000e+01 3.592038220492276679e+01 3.519664272247700154e+01 nan 1.000000000000000000e+00 nan
9.200000000000000000e+01 3.592038220492276679e+01 3.519800635884078588e+01 nan nan nan
9.300000000000000000e+01 3.592038220492276679e+01 3.519936999520455601e+01 nan nan nan
9.400000000000000000e+01 3.592038220492276679e+01 3.520073363156834034e+01 nan nan nan
9.500000000000000000e+01 3.592038220492277389e+01 3.520209726793211757e+01 nan nan nan
9.600000000000000000e+01 3.592038220492276679e+01 3.520346090429590902e+01 nan nan nan
9.700000000000000000e+01 3.592038220492276679e+01 3.520482454065968625e+01 nan nan nan
9.800000000000000000e+01 3.592038220492277389e+01 3.520618817702346348e+01 nan nan nan
9.900000000000000000e+01 3.592038220492277389e+01 3.520755181338725492e+01 nan nan nan
1.000000000000000000e+02 3.592038220492276679e+01 3.520891544975102505e+01 nan nan nan
1.010000000000000000e+02 3.592038220492276679e+01 3.521027908611480939e+01 nan nan nan
1.020000000000000000e+02 3.592038220492276679e+01 3.521164272247858662e+01 nan nan nan
1.030000000000000000e+02 3.592038220492277389e+01 3.521300635884237096e+01 nan nan nan
1.040000000000000000e+02 3.592038220492276679e+01 3.521436999520614819e+01 nan nan nan
1.050000000000000000e+02 3.592038220492276679e+01 3.521573363156993253e+01 nan nan nan
1.060000000000000000e+02 3.592038220492276679e+01 3.521709726793371686e+01 nan nan nan
1.070000000000000000e+02 3.592038220492276679e+01 3.521846090429748699e+01 nan nan nan
1.080000000000000000e+02 3.592038220492276679e+01 3.521982454066127843e+01 nan nan nan
1.090000000000000000e+02 3.592038220492276679e+01 3.522118817702506277e+01 nan nan nan
1.100000000000000000e+02 3.592038220492276679e+01 3.522255181338883290e+01 nan nan nan
1.110000000000000000e+02 3.592174584128639481e+01 3.517346090429271754e+01 nan nan nan
1.120000000000000000e+02 3.592174584128640191e+01 3.517482454065650899e+01 nan nan nan
1.130000000000000000e+02 3.592174584128639481e+01 3.517618817702028622e+01 1.000000000000000000e+00 nan nan
1.140000000000000000e+02 3.592174584128640191e+01 3.517755181338406345e+01 1.000000000000000000e+00 nan nan
1.150000000000000000e+02 3.592174584128639481e+01 3.517891544974784779e+01 nan 1.000000000000000000e+00 nan
1.160000000000000000e+02 3.592174584128639481e+01 3.518027908611163213e+01 nan 1.000000000000000000e+00 nan
1.170000000000000000e+02 3.592174584128640191e+01 3.518164272247540936e+01 nan 1.000000000000000000e+00 nan
1.180000000000000000e+02 3.592174584128640902e+01 3.518300635883918659e+01 nan 1.000000000000000000e+00 nan
1.190000000000000000e+02 3.592174584128640902e+01 3.518436999520297803e+01 nan 1.000000000000000000e+00 nan
1.200000000000000000e+02 3.592174584128640902e+01 3.518573363156674816e+01 nan 1.000000000000000000e+00 nan
1.210000000000000000e+02 3.592174584128640191e+01 3.518709726793052539e+01 nan 1.000000000000000000e+00 nan
1.220000000000000000e+02 3.592174584128640902e+01 3.518846090429430973e+01 nan 1.000000000000000000e+00 nan
1.230000000000000000e+02 3.592174584128639481e+01 3.518982454065810117e+01 nan 1.000000000000000000e+00 nan
1.240000000000000000e+02 3.592174584128639481e+01 3.519118817702187130e+01 nan 1.000000000000000000e+00 nan
1.250000000000000000e+02 3.592174584128639481e+01 3.519255181338565563e+01 nan 1.000000000000000000e+00 nan
1.260000000000000000e+02 3.592174584128640902e+01 3.519391544974943997e+01 nan 1.000000000000000000e+00 nan
1.270000000000000000e+02 3.592174584128640191e+01 3.519527908611321720e+01 nan 1.000000000000000000e+00 nan
1.280000000000000000e+02 3.592174584128639481e+01 3.519664272247700865e+01 nan 1.000000000000000000e+00 nan
1.290000000000000000e+02 3.592174584128639481e+01 3.519800635884078588e+01 nan nan nan
1.300000000000000000e+02 3.592174584128640902e+01 3.519936999520455601e+01 nan nan nan
1.310000000000000000e+02 3.592174584128640191e+01 3.520073363156834034e+01 nan nan nan
1.320000000000000000e+02 3.592174584128640902e+01 3.520209726793213179e+01 nan nan nan
1.330000000000000000e+02 3.592174584128639481e+01 3.520346090429590902e+01 nan nan nan
1.340000000000000000e+02 3.592174584128639481e+01 3.520482454065968625e+01 nan nan nan
1.350000000000000000e+02 3.592174584128640902e+01 3.520618817702346348e+01 nan nan nan
1.360000000000000000e+02 3.592174584128640191e+01 3.520755181338725492e+01 nan nan nan
1.370000000000000000e+02 3.592174584128640191e+01 3.520891544975103216e+01 nan nan nan
1.380000000000000000e+02 3.592174584128640191e+01 3.521027908611480939e+01 nan nan nan
1.390000000000000000e+02 3.592174584128640191e+01 3.521164272247860083e+01 nan nan nan
1.400000000000000000e+02 3.592174584128640191e+01 3.521300635884237096e+01 nan nan nan
1.410000000000000000e+02 3.592174584128639481e+01 3.521436999520615529e+01 nan nan nan
1.420000000000000000e+02 3.592174584128639481e+01 3.521573363156993253e+01 nan nan nan
1.430000000000000000e+02 3.592174584128640902e+01 3.521709726793371686e+01 nan nan nan
1.440000000000000000e+02 3.592174584128639481e+01 3.521846090429749410e+01 nan nan nan
1.450000000000000000e+02 3.592174584128640191e+01 3.521982454066127843e+01 nan nan nan
1.460000000000000000e+02 3.592174584128640191e+01 3.522118817702506277e+01 nan nan nan
1.470000000000000000e+02 3.592174584128640191e+01 3.522255181338884000e+01 nan 1.000000000000000000e+00 nan
1.480000000000000000e+02 3.592310947765003704e+01 3.517346090429271754e+01 nan nan nan
1.490000000000000000e+02 3.592310947765003704e+01 3.517482454065650899e+01 nan nan nan
1.500000000000000000e+02 3.592310947765003704e+01 3.517618817702028622e+01 nan nan nan
1.510000000000000000e+02 3.592310947765003704e+01 3.517755181338406345e+01 1.000000000000000000e+00 nan nan
1.520000000000000000e+02 3.592310947765003704e+01 3.517891544974784779e+01 1.000000000000000000e+00 1.000000000000000000e+00 1.000000000000000000e+00
1.530000000000000000e+02 3.592310947765002993e+01 3.518027908611163213e+01 1.000000000000000000e+00 1.000000000000000000e+00 1.000000000000000000e+00
1.540000000000000000e+02 3.592310947765002993e+01 3.518164272247540936e+01 nan 1.000000000000000000e+00 nan
1.550000000000000000e+02 3.592310947765002993e+01 3.518300635883918659e+01 nan 1.000000000000000000e+00 nan
1.560000000000000000e+02 3.592310947765003704e+01 3.518436999520297803e+01 nan 1.000000000000000000e+00 nan
1.570000000000000000e+02 3.592310947765002993e+01 3.518573363156674816e+01 nan 1.000000000000000000e+00 nan
1.580000000000000000e+02 3.592310947765002993e+01 3.518709726793052539e+01 nan 1.000000000000000000e+00 nan
1.590000000000000000e+02 3.592310947765002993e+01 3.518846090429430973e+01 nan 1.000000000000000000e+00 nan
1.600000000000000000e+02 3.592310947765003704e+01 3.518982454065810117e+01 nan 1.000000000000000000e+00 nan
1.610000000000000000e+02 3.592310947765003704e+01 3.519118817702187130e+01 nan 1.000000000000000000e+00 nan
1.620000000000000000e+02 3.592310947765002993e+01 3.519255181338565563e+01 nan nan nan
1.630000000000000000e+02 3.592310947765002993e+01 3.519391544974943997e+01 nan nan nan
1.640000000000000000e+02 3.592310947765003704e+01 3.519527908611321720e+01 nan nan nan
1.650000000000000000e+02 3.592310947765003704e+01 3.519664272247700865e+01 nan nan nan
1.660000000000000000e+02 3.592310947765002993e+01 3.519800635884078588e+01 nan nan nan
1.670000000000000000e+02 3.592310947765002993e+01 3.519936999520455601e+01 nan nan nan
1.680000000000000000e+02 3.592310947765003704e+01 3.520073363156834034e+01 nan nan nan
1.690000000000000000e+02 3.592310947765002993e+01 3.520209726793213179e+01 nan nan nan
1.700000000000000000e+02 3.592310947765002993e+01 3.520346090429590902e+01 nan nan nan
1.710000000000000000e+02 3.592310947765002993e+01 3.520482454065968625e+01 nan nan nan
1.720000000000000000e+02 3.592310947765002993e+01 3.520618817702346348e+01 nan nan nan
1.730000000000000000e+02 3.592310947765002993e+01 3.520755181338725492e+01 nan nan nan
1.740000000000000000e+02 3.592310947765003704e+01 3.520891544975103216e+01 nan nan nan
1.750000000000000000e+02 3.592310947765002993e+01 3.521027908611480939e+01 nan nan nan
1.760000000000000000e+02 3.592310947765002993e+01 3.521164272247860083e+01 nan nan nan
1.770000000000000000e+02 3.592310947765002993e+01 3.521300635884237096e+01 nan nan nan
1.780000000000000000e+02 3.592310947765002993e+01 3.521436999520615529e+01 nan nan nan
1.790000000000000000e+02 3.592310947765003704e+01 3.521573363156993253e+01 nan nan nan
1.800000000000000000e+02 3.592310947765002993e+01 3.521709726793371686e+01 nan nan nan
1.810000000000000000e+02 3.592310947765002993e+01 3.521846090429749410e+01 nan nan nan
1.820000000000000000e+02 3.592310947765003704e+01 3.521982454066127843e+01 nan nan nan
1.830000000000000000e+02 3.592310947765002993e+01 3.522118817702506277e+01 nan nan nan
1.840000000000000000e+02 3.592310947765002993e+01 3.522255181338884000e+01 nan 1.000000000000000000e+00 nan
1.850000000000000000e+02 3.592447311401367216e+01 3.517346090429272465e+01 nan nan nan
1.860000000000000000e+02 3.592447311401367216e+01 3.517482454065650188e+01 nan nan nan
1.870000000000000000e+02 3.592447311401367216e+01 3.517618817702029332e+01 nan nan nan
1.880000000000000000e+02 3.592447311401367216e+01 3.517755181338406345e+01 1.000000000000000000e+00 nan nan
1.890000000000000000e+02 3.592447311401367216e+01 3.517891544974785489e+01 1.000000000000000000e+00 1.000000000000000000e+00 1.000000000000000000e+00
1.900000000000000000e+02 3.592447311401367216e+01 3.518027908611163213e+01 1.000000000000000000e+00 1.000000000000000000e+00 1.000000000000000000e+00
1.910000000000000000e+02 3.592447311401367216e+01 3.518164272247540225e+01 nan 1.000000000000000000e+00 nan
1.920000000000000000e+02 3.592447311401367216e+01 3.518300635883918659e+01 nan 1.000000000000000000e+00 nan
1.930000000000000000e+02 3.592447311401367216e+01 3.518436999520297803e+01 nan 1.000000000000000000e+00 nan
1.940000000000000000e+02 3.592447311401367216e+01 3.518573363156674816e+01 nan 1.000000000000000000e+00 nan
1.950000000000000000e+02 3.592447311401367216e+01 3.518709726793052539e+01 nan 1.000000000000000000e+00 nan
1.960000000000000000e+02 3.592447311401367216e+01 3.518846090429430973e+01 nan 1.000000000000000000e+00 nan
1.970000000000000000e+02 3.592447311401367216e+01 3.518982454065810117e+01 nan 1.000000000000000000e+00 nan
1.980000000000000000e+02 3.592447311401367216e+01 3.519118817702187840e+01 nan 1.000000000000000000e+00 nan
1.990000000000000000e+02 3.592447311401367216e+01 3.519255181338564853e+01 nan nan nan
2.000000000000000000e+02 3.592447311401367216e+01 3.519391544974943287e+01 nan nan nan
2.010000000000000000e+02 3.592447311401367216e+01 3.519527908611322431e+01 nan nan nan
2.020000000000000000e+02 3.592447311401367926e+01 3.519664272247699444e+01 nan nan nan
2.030000000000000000e+02 3.592447311401367216e+01 3.519800635884077877e+01 nan nan nan
2.040000000000000000e+02 3.592447311401367216e+01 3.519936999520455601e+01 nan nan nan
2.050000000000000000e+02 3.592447311401367216e+01 3.520073363156834034e+01 nan nan nan
2.060000000000000000e+02 3.592447311401367216e+01 3.520209726793213179e+01 nan nan nan
2.070000000000000000e+02 3.592447311401367216e+01 3.520346090429590902e+01 nan nan nan
2.080000000000000000e+02 3.592447311401367216e+01 3.520482454065968625e+01 nan nan nan
2.090000000000000000e+02 3.592447311401367216e+01 3.520618817702346348e+01 nan nan nan
2.100000000000000000e+02 3.592447311401367216e+01 3.520755181338724782e+01 nan 1.000000000000000000e+00 nan
2.110000000000000000e+02 3.592447311401367216e+01 3.520891544975102505e+01 nan 1.000000000000000000e+00 nan
2.120000000000000000e+02 3.592447311401367216e+01 3.521027908611480939e+01 nan nan nan
2.130000000000000000e+02 3.592447311401367216e+01 3.521164272247858662e+01 nan 1.000000000000000000e+00 nan
2.140000000000000000e+02 3.592447311401367216e+01 3.521300635884237096e+01 nan 1.000000000000000000e+00 nan
2.150000000000000000e+02 3.592447311401367216e+01 3.521436999520614819e+01 nan 1.000000000000000000e+00 nan
2.160000000000000000e+02 3.592447311401367216e+01 3.521573363156993963e+01 nan 1.000000000000000000e+00 nan
2.170000000000000000e+02 3.592447311401367216e+01 3.521709726793372397e+01 nan 1.000000000000000000e+00 nan
2.180000000000000000e+02 3.592447311401367216e+01 3.521846090429749410e+01 nan 1.000000000000000000e+00 nan
2.190000000000000000e+02 3.592447311401367216e+01 3.521982454066127843e+01 nan 1.000000000000000000e+00 nan
2.200000000000000000e+02 3.592447311401367216e+01 3.522118817702505567e+01 nan 1.000000000000000000e+00 nan
2.210000000000000000e+02 3.592447311401366505e+01 3.522255181338882579e+01 nan 1.000000000000000000e+00 nan
2.220000000000000000e+02 3.592583675037730728e+01 3.517346090429271754e+01 nan nan nan
2.230000000000000000e+02 3.592583675037731439e+01 3.517482454065650899e+01 nan nan nan
2.240000000000000000e+02 3.592583675037730018e+01 3.517618817702028622e+01 nan nan nan
2.250000000000000000e+02 3.592583675037731439e+01 3.517755181338406345e+01 nan nan nan
2.260000000000000000e+02 3.592583675037731439e+01 3.517891544974784779e+01 1.000000000000000000e+00 1.000000000000000000e+00 1.000000000000000000e+00
2.270000000000000000e+02 3.592583675037730728e+01 3.518027908611163213e+01 1.000000000000000000e+00 1.000000000000000000e+00 1.000000000000000000e+00
2.280000000000000000e+02 3.592583675037731439e+01 3.518164272247540936e+01 1.000000000000000000e+00 1.000000000000000000e+00 1.000000000000000000e+00
2.290000000000000000e+02 3.592583675037730728e+01 3.518300635883918659e+01 1.000000000000000000e+00 1.000000000000000000e+00 1.000000000000000000e+00
2.300000000000000000e+02 3.592583675037730018e+01 3.518436999520297803e+01 nan 1.000000000000000000e+00 nan
2.310000000000000000e+02 3.592583675037731439e+01 3.518573363156674816e+01 nan 1.000000000000000000e+00 nan
2.320000000000000000e+02 3.592583675037731439e+01 3.518709726793052539e+01 nan 1.000000000000000000e+00 nan
2.330000000000000000e+02 3.592583675037731439e+01 3.518846090429430973e+01 nan 1.000000000000000000e+00 nan
2.340000000000000000e+02 3.592583675037730728e+01 3.518982454065810117e+01 nan 1.000000000000000000e+00 nan
2.350000000000000000e+02 3.592583675037731439e+01 3.519118817702187130e+01 nan nan nan
2.360000000000000000e+02 3.592583675037730728e+01 3.519255181338565563e+01 nan nan nan
2.370000000000000000e+02 3.592583675037730018e+01 3.519391544974943997e+01 nan nan nan
2.380000000000000000e+02 3.592583675037731439e+01 3.519527908611321720e+01 nan nan nan
2.390000000000000000e+02 3.592583675037731439e+01 3.519664272247700865e+01 nan nan nan
2.400000000000000000e+02 3.592583675037730728e+01 3.519800635884078588e+01 nan nan nan
2.410000000000000000e+02 3.592583675037730728e+01 3.519936999520455601e+01 nan nan nan
2.420000000000000000e+02 3.592583675037731439e+01 3.520073363156834034e+01 nan nan nan
2.430000000000000000e+02 3.592583675037730728e+01 3.520209726793213179e+01 nan nan nan
2.440000000000000000e+02 3.592583675037730728e+01 3.520346090429590902e+01 nan nan nan
2.450000000000000000e+02 3.592583675037730018e+01 3.520482454065968625e+01 nan nan nan
2.460000000000000000e+02 3.592583675037730728e+01 3.520618817702346348e+01 nan nan nan
2.470000000000000000e+02 3.592583675037730728e+01 3.520755181338725492e+01 nan 1.000000000000000000e+00 nan
2.480000000000000000e+02 3.592583675037730728e+01 3.520891544975103216e+01 nan 1.000000000000000000e+00 nan
2.490000000000000000e+02 3.592583675037730728e+01 3.521027908611480939e+01 nan nan nan
2.500000000000000000e+02 3.592583675037731439e+01 3.521164272247860083e+01 nan 1.000000000000000000e+00 nan
2.510000000000000000e+02 3.592583675037730728e+01 3.521300635884237096e+01 nan 1.000000000000000000e+00 nan
2.520000000000000000e+02 3.592583675037730728e+01 3.521436999520615529e+01 nan 1.000000000000000000e+00 nan
2.530000000000000000e+02 3.592583675037730728e+01 3.521573363156993253e+01 nan 1.000000000000000000e+00 nan
2.540000000000000000e+02 3.592583675037730018e+01 3.521709726793371686e+01 nan 1.000000000000000000e+00 nan
2.550000000000000000e+02 3.592583675037730728e+01 3.521846090429749410e+01 nan 1.000000000000000000e+00 nan
2.560000000000000000e+02 3.592583675037730018e+01 3.521982454066127843e+01 nan 1.000000000000000000e+00 nan
2.570000000000000000e+02 3.592583675037731439e+01 3.522118817702506277e+01 nan 1.000000000000000000e+00 nan
2.580000000000000000e+02 3.592583675037731439e+01 3.522255181338884000e+01 nan 1.000000000000000000e+00 nan
2.590000000000000000e+02 3.592720038674094241e+01 3.517346090429272465e+01 nan nan nan
2.600000000000000000e+02 3.592720038674094241e+01 3.517482454065650188e+01 nan nan nan
2.610000000000000000e+02 3.592720038674094241e+01 3.517618817702029332e+01 nan nan nan
2.620000000000000000e+02 3.592720038674094241e+01 3.517755181338406345e+01 nan nan nan
2.630000000000000000e+02 3.592720038674094951e+01 3.517891544974785489e+01 nan 1.000000000000000000e+00 nan
2.640000000000000000e+02 3.592720038674094951e+01 3.518027908611163213e+01 nan 1.000000000000000000e+00 nan
2.650000000000000000e+02 3.592720038674094241e+01 3.518164272247540225e+01 1.000000000000000000e+00 1.000000000000000000e+00 1.000000000000000000e+00
2.660000000000000000e+02 3.592720038674094241e+01 3.518300635883918659e+01 1.000000000000000000e+00 1.000000000000000000e+00 1.000000000000000000e+00
2.670000000000000000e+02 3.592720038674094241e+01 3.518436999520297803e+01 1.000000000000000000e+00 1.000000000000000000e+00 1.000000000000000000e+00
2.680000000000000000e+02 3.592720038674094951e+01 3.518573363156674816e+01 nan 1.000000000000000000e+00 nan
2.690000000000000000e+02 3.592720038674094241e+01 3.518709726793052539e+01 nan 1.000000000000000000e+00 nan
2.700000000000000000e+02 3.592720038674094241e+01 3.518846090429430973e+01 nan 1.000000000000000000e+00 nan
2.710000000000000000e+02 3.592720038674094241e+01 3.518982454065810117e+01 nan 1.000000000000000000e+00 nan
2.720000000000000000e+02 3.592720038674094951e+01 3.519118817702187840e+01 nan 1.000000000000000000e+00 nan
2.730000000000000000e+02 3.592720038674094241e+01 3.519255181338564853e+01 nan 1.000000000000000000e+00 nan
2.740000000000000000e+02 3.592720038674094241e+01 3.519391544974943287e+01 nan 1.000000000000000000e+00 nan
2.750000000000000000e+02 3.592720038674094241e+01 3.519527908611322431e+01 nan 1.000000000000000000e+00 nan
2.760000000000000000e+02 3.592720038674094241e+01 3.519664272247699444e+01 nan 1.000000000000000000e+00 nan
2.770000000000000000e+02 3.592720038674094241e+01 3.519800635884077877e+01 nan nan nan
2.780000000000000000e+02 3.592720038674094951e+01 3.519936999520455601e+01 nan nan nan
2.790000000000000000e+02 3.592720038674094951e+01 3.520073363156834034e+01 nan nan nan
2.800000000000000000e+02 3.592720038674094241e+01 3.520209726793213179e+01 nan 1.000000000000000000e+00 nan
2.810000000000000000e+02 3.592720038674094951e+01 3.520346090429590902e+01 nan 1.000000000000000000e+00 nan
2.820000000000000000e+02 3.592720038674094241e+01 3.520482454065968625e+01 nan 1.000000000000000000e+00 nan
2.830000000000000000e+02 3.592720038674094241e+01 3.520618817702346348e+01 nan 1.000000000000000000e+00 nan
2.840000000000000000e+02 3.592720038674094241e+01 3.520755181338724782e+01 nan 1.000000000000000000e+00 nan
2.850000000000000000e+02 3.592720038674094951e+01 3.520891544975102505e+01 nan 1.000000000000000000e+00 nan
2.860000000000000000e+02 3.592720038674094241e+01 3.521027908611480939e+01 nan 1.000000000000000000e+00 nan
2.870000000000000000e+02 3.592720038674094241e+01 3.521164272247858662e+01 nan 1.000000000000000000e+00 nan
2.880000000000000000e+02 3.592720038674094951e+01 3.521300635884237096e+01 nan 1.000000000000000000e+00 nan
2.890000000000000000e+02 3.592720038674094241e+01 3.521436999520614819e+01 nan 1.000000000000000000e+00 nan
2.900000000000000000e+02 3.592720038674094241e+01 3.521573363156993963e+01 nan 1.000000000000000000e+00 nan
2.910000000000000000e+02 3.592720038674094951e+01 3.521709726793372397e+01 nan 1.000000000000000000e+00 nan
2.920000000000000000e+02 3.592720038674094241e+01 3.521846090429749410e+01 nan 1.000000000000000000e+00 nan
2.930000000000000000e+02 3.592720038674094241e+01 3.521982454066127843e+01 nan 1.000000000000000000e+00 nan
2.940000000000000000e+02 3.592720038674094241e+01 3.522118817702505567e+01 nan 1.000000000000000000e+00 nan
2.950000000000000000e+02 3.592720038674094951e+01 3.522255181338882579e+01 nan 1.000000000000000000e+00 nan
2.960000000000000000e+02 3.592856402310458463e+01 3.517346090429272465e+01 nan nan nan
2.970000000000000000e+02 3.592856402310458463e+01 3.517482454065650188e+01 nan nan nan
2.980000000000000000e+02 3.592856402310458463e+01 3.517618817702029332e+01 nan nan nan
2.990000000000000000e+02 3.592856402310457753e+01 3.517755181338406345e+01 nan nan nan
3.000000000000000000e+02 3.592856402310457753e+01 3.517891544974785489e+01 nan 1.000000000000000000e+00 nan
3.010000000000000000e+02 3.592856402310458463e+01 3.518027908611163213e+01 nan 1.000000000000000000e+00 nan
3.020000000000000000e+02 3.592856402310457753e+01 3.518164272247540225e+01 nan 1.000000000000000000e+00 nan
3.030000000000000000e+02 3.592856402310458463e+01 3.518300635883918659e+01 1.000000000000000000e+00 1.000000000000000000e+00 1.000000000000000000e+00
3.040000000000000000e+02 3.592856402310458463e+01 3.518436999520297803e+01 1.000000000000000000e+00 1.000000000000000000e+00 1.000000000000000000e+00
3.050000000000000000e+02 3.592856402310457753e+01 3.518573363156674816e+01 1.000000000000000000e+00 1.000000000000000000e+00 1.000000000000000000e+00
3.060000000000000000e+02 3.592856402310457753e+01 3.518709726793052539e+01 nan 1.000000000000000000e+00 nan
3.070000000000000000e+02 3.592856402310457753e+01 3.518846090429430973e+01 1.000000000000000000e+00 1.000000000000000000e+00 1.000000000000000000e+00
3.080000000000000000e+02 3.592856402310458463e+01 3.518982454065810117e+01 nan 1.000000000000000000e+00 nan
3.090000000000000000e+02 3.592856402310458463e+01 3.519118817702187840e+01 nan 1.000000000000000000e+00 nan
3.100000000000000000e+02 3.592856402310457753e+01 3.519255181338564853e+01 nan 1.000000000000000000e+00 nan
3.110000000000000000e+02 3.592856402310458463e+01 3.519391544974943287e+01 nan 1.000000000000000000e+00 nan
3.120000000000000000e+02 3.592856402310458463e+01 3.519527908611322431e+01 nan 1.000000000000000000e+00 nan
3.130000000000000000e+02 3.592856402310458463e+01 3.519664272247699444e+01 nan 1.000000000000000000e+00 nan
3.140000000000000000e+02 3.592856402310458463e+01 3.519800635884077877e+01 nan nan nan
3.150000000000000000e+02 3.592856402310458463e+01 3.519936999520455601e+01 nan nan nan
3.160000000000000000e+02 3.592856402310458463e+01 3.520073363156834034e+01 nan nan nan
3.170000000000000000e+02 3.592856402310458463e+01 3.520209726793213179e+01 nan 1.000000000000000000e+00 nan
3.180000000000000000e+02 3.592856402310457753e+01 3.520346090429590902e+01 nan 1.000000000000000000e+00 nan
3.190000000000000000e+02 3.592856402310458463e+01 3.520482454065968625e+01 nan 1.000000000000000000e+00 nan
3.200000000000000000e+02 3.592856402310458463e+01 3.520618817702346348e+01 nan 1.000000000000000000e+00 nan
3.210000000000000000e+02 3.592856402310458463e+01 3.520755181338724782e+01 nan 1.000000000000000000e+00 nan
3.220000000000000000e+02 3.592856402310458463e+01 3.520891544975102505e+01 nan 1.000000000000000000e+00 nan
3.230000000000000000e+02 3.592856402310458463e+01 3.521027908611480939e+01 nan 1.000000000000000000e+00 nan
3.240000000000000000e+02 3.592856402310458463e+01 3.521164272247858662e+01 nan 1.000000000000000000e+00 nan
3.250000000000000000e+02 3.592856402310458463e+01 3.521300635884237096e+01 nan 1.000000000000000000e+00 nan
3.260000000000000000e+02 3.592856402310458463e+01 3.521436999520614819e+01 nan 1.000000000000000000e+00 nan
3.270000000000000000e+02 3.592856402310458463e+01 3.521573363156993963e+01 nan 1.000000000000000000e+00 nan
3.280000000000000000e+02 3.592856402310457753e+01 3.521709726793372397e+01 nan 1.000000000000000000e+00 nan
3.290000000000000000e+02 3.592856402310457753e+01 3.521846090429749410e+01 nan 1.000000000000000000e+00 nan
3.300000000000000000e+02 3.592856402310458463e+01 3.521982454066127843e+01 nan 1.000000000000000000e+00 nan
3.310000000000000000e+02 3.592856402310457753e+01 3.522118817702505567e+01 nan 1.000000000000000000e+00 nan
3.320000000000000000e+02 3.592856402310458463e+01 3.522255181338882579e+01 nan 1.000000000000000000e+00 nan
3.330000000000000000e+02 3.592992765946821976e+01 3.517346090429271754e+01 nan nan nan
3.340000000000000000e+02 3.592992765946822686e+01 3.517482454065650899e+01 nan nan nan
3.350000000000000000e+02 3.592992765946822686e+01 3.517618817702028622e+01 nan nan nan
3.360000000000000000e+02 3.592992765946822686e+01 3.517755181338406345e+01 nan nan nan
3.370000000000000000e+02 3.592992765946821976e+01 3.517891544974784779e+01 nan 1.000000000000000000e+00 nan
3.380000000000000000e+02 3.592992765946821976e+01 3.518027908611163213e+01 nan 1.000000000000000000e+00 nan
3.390000000000000000e+02 3.592992765946821976e+01 3.518164272247540936e+01 nan 1.000000000000000000e+00 nan
3.400000000000000000e+02 3.592992765946822686e+01 3.518300635883918659e+01 nan 1.000000000000000000e+00 nan
3.410000000000000000e+02 3.592992765946822686e+01 3.518436999520297803e+01 1.000000000000000000e+00 1.000000000000000000e+00 1.000000000000000000e+00
3.420000000000000000e+02 3.592992765946821976e+01 3.518573363156674816e+01 1.000000000000000000e+00 1.000000000000000000e+00 1.000000000000000000e+00
3.430000000000000000e+02 3.592992765946822686e+01 3.518709726793052539e+01 1.000000000000000000e+00 1.000000000000000000e+00 1.000000000000000000e+00
3.440000000000000000e+02 3.592992765946821976e+01 3.518846090429430973e+01 1.000000000000000000e+00 1.000000000000000000e+00 1.000000000000000000e+00
3.450000000000000000e+02 3.592992765946822686e+01 3.518982454065810117e+01 1.000000000000000000e+00 1.000000000000000000e+00 1.000000000000000000e+00
3.460000000000000000e+02 3.592992765946822686e+01 3.519118817702187130e+01 1.000000000000000000e+00 1.000000000000000000e+00 1.000000000000000000e+00
3.470000000000000000e+02 3.592992765946821976e+01 3.519255181338565563e+01 nan 1.000000000000000000e+00 nan
3.480000000000000000e+02 3.592992765946821976e+01 3.519391544974943997e+01 1.000000000000000000e+00 1.000000000000000000e+00 1.000000000000000000e+00
3.490000000000000000e+02 3.592992765946822686e+01 3.519527908611321720e+01 nan 1.000000000000000000e+00 nan
3.500000000000000000e+02 3.592992765946822686e+01 3.519664272247700865e+01 nan 1.000000000000000000e+00 nan
3.510000000000000000e+02 3.592992765946822686e+01 3.519800635884078588e+01 1.000000000000000000e+00 1.000000000000000000e+00 1.000000000000000000e+00
3.520000000000000000e+02 3.592992765946822686e+01 3.519936999520455601e+01 nan 1.000000000000000000e+00 nan
3.530000000000000000e+02 3.592992765946821976e+01 3.520073363156834034e+01 nan 1.000000000000000000e+00 nan
3.540000000000000000e+02 3.592992765946821976e+01 3.520209726793213179e+01 nan 1.000000000000000000e+00 nan
3.550000000000000000e+02 3.592992765946821265e+01 3.520346090429590902e+01 nan 1.000000000000000000e+00 nan
3.560000000000000000e+02 3.592992765946822686e+01 3.520482454065968625e+01 nan 1.000000000000000000e+00 nan
3.570000000000000000e+02 3.592992765946821976e+01 3.520618817702346348e+01 nan 1.000000000000000000e+00 nan
3.580000000000000000e+02 3.592992765946821976e+01 3.520755181338725492e+01 nan 1.000000000000000000e+00 nan
3.590000000000000000e+02 3.592992765946821976e+01 3.520891544975103216e+01 nan 1.000000000000000000e+00 nan
3.600000000000000000e+02 3.592992765946821976e+01 3.521027908611480939e+01 nan 1.000000000000000000e+00 nan
3.610000000000000000e+02 3.592992765946821265e+01 3.521164272247860083e+01 nan 1.000000000000000000e+00 nan
3.620000000000000000e+02 3.592992765946821976e+01 3.521300635884237096e+01 nan 1.000000000000000000e+00 nan
3.630000000000000000e+02 3.592992765946822686e+01 3.521436999520615529e+01 nan 1.000000000000000000e+00 nan
3.640000000000000000e+02 3.592992765946821976e+01 3.521573363156993253e+01 nan 1.000000000000000000e+00 nan
3.650000000000000000e+02 3.592992765946821265e+01 3.521709726793371686e+01 nan 1.000000000000000000e+00 nan
3.660000000000000000e+02 3.592992765946822686e+01 3.521846090429749410e+01 nan 1.000000000000000000e+00 nan
3.670000000000000000e+02 3.592992765946821976e+01 3.521982454066127843e+01 nan 1.000000000000000000e+00 nan
3.680000000000000000e+02 3.592992765946821976e+01 3.522118817702506277e+01 nan 1.000000000000000000e+00 nan
3.690000000000000000e+02 3.592992765946821976e+01 3.522255181338884000e+01 nan 1.000000000000000000e+00 nan
3.700000000000000000e+02 3.593129129583185488e+01 3.517346090429272465e+01 nan nan nan
3.710000000000000000e+02 3.593129129583185488e+01 3.517482454065650188e+01 nan nan nan
3.720000000000000000e+02 3.593129129583185488e+01 3.517618817702029332e+01 nan nan nan
3.730000000000000000e+02 3.593129129583185488e+01 3.517755181338406345e+01 nan nan nan
3.740000000000000000e+02 3.593129129583185488e+01 3.517891544974785489e+01 nan nan nan
3.750000000000000000e+02 3.593129129583185488e+01 3.518027908611163213e+01 nan 1.000000000000000000e+00 nan
3.760000000000000000e+02 3.593129129583185488e+01 3.518164272247540225e+01 nan 1.000000000000000000e+00 nan
3.770000000000000000e+02 3.593129129583185488e+01 3.518300635883918659e+01 nan 1.000000000000000000e+00 nan
3.780000000000000000e+02 3.593129129583185488e+01 3.518436999520297803e+01 nan 1.000000000000000000e+00 nan
3.790000000000000000e+02 3.593129129583185488e+01 3.518573363156674816e+01 nan 1.000000000000000000e+00 nan
3.800000000000000000e+02 3.593129129583185488e+01 3.518709726793052539e+01 1.000000000000000000e+00 1.000000000000000000e+00 1.000000000000000000e+00
3.810000000000000000e+02 3.593129129583185488e+01 3.518846090429430973e+01 1.000000000000000000e+00 1.000000000000000000e+00 1.000000000000000000e+00
3.820000000000000000e+02 3.593129129583185488e+01 3.518982454065810117e+01 1.000000000000000000e+00 1.000000000000000000e+00 1.000000000000000000e+00
3.830000000000000000e+02 3.593129129583185488e+01 3.519118817702187840e+01 1.000000000000000000e+00 1.000000000000000000e+00 1.000000000000000000e+00
3.840000000000000000e+02 3.593129129583185488e+01 3.519255181338564853e+01 1.000000000000000000e+00 1.000000000000000000e+00 1.000000000000000000e+00
3.850000000000000000e+02 3.593129129583185488e+01 3.519391544974943287e+01 1.000000000000000000e+00 1.000000000000000000e+00 1.000000000000000000e+00
3.860000000000000000e+02 3.593129129583185488e+01 3.519527908611322431e+01 1.000000000000000000e+00 1.000000000000000000e+00 1.000000000000000000e+00
3.870000000000000000e+02 3.593129129583185488e+01 3.519664272247699444e+01 1.000000000000000000e+00 1.000000000000000000e+00 1.000000000000000000e+00
3.880000000000000000e+02 3.593129129583185488e+01 3.519800635884077877e+01 1.000000000000000000e+00 1.000000000000000000e+00 1.000000000000000000e+00
3.890000000000000000e+02 3.593129129583185488e+01 3.519936999520455601e+01 1.000000000000000000e+00 1.000000000000000000e+00 1.000000000000000000e+00
3.900000000000000000e+02 3.593129129583185488e+01 3.520073363156834034e+01 1.000000000000000000e+00 1.000000000000000000e+00 1.000000000000000000e+00
3.910000000000000000e+02 3.593129129583185488e+01 3.520209726793213179e+01 1.000000000000000000e+00 1.000000000000000000e+00 1.000000000000000000e+00
3.920000000000000000e+02 3.593129129583185488e+01 3.520346090429590902e+01 nan 1.000000000000000000e+00 nan
3.930000000000000000e+02 3.593129129583185488e+01 3.520482454065968625e+01 1.000000000000000000e+00 1.000000000000000000e+00 1.000000000000000000e+00
3.940000000000000000e+02 3.593129129583185488e+01 3.520618817702346348e+01 1.000000000000000000e+00 1.000000000000000000e+00 1.000000000000000000e+00
3.950000000000000000e+02 3.593129129583185488e+01 3.520755181338724782e+01 nan 1.000000000000000000e+00 nan
3.960000000000000000e+02 3.593129129583185488e+01 3.520891544975102505e+01 1.000000000000000000e+00 1.000000000000000000e+00 1.000000000000000000e+00
3.970000000000000000e+02 3.593129129583185488e+01 3.521027908611480939e+01 nan 1.000000000000000000e+00 nan
3.980000000000000000e+02 3.593129129583185488e+01 3.521164272247858662e+01 nan 1.000000000000000000e+00 nan
3.990000000000000000e+02 3.593129129583185488e+01 3.521300635884237096e+01 nan 1.000000000000000000e+00 nan
4.000000000000000000e+02 3.593129129583185488e+01 3.521436999520614819e+01 nan 1.000000000000000000e+00 nan
4.010000000000000000e+02 3.593129129583185488e+01 3.521573363156993963e+01 nan 1.000000000000000000e+00 nan
4.020000000000000000e+02 3.593129129583185488e+01 3.521709726793372397e+01 nan 1.000000000000000000e+00 nan
4.030000000000000000e+02 3.593129129583185488e+01 3.521846090429749410e+01 nan 1.000000000000000000e+00 nan
4.040000000000000000e+02 3.593129129583185488e+01 3.521982454066127843e+01 nan 1.000000000000000000e+00 nan
4.050000000000000000e+02 3.593129129583185488e+01 3.522118817702505567e+01 nan 1.000000000000000000e+00 nan
4.060000000000000000e+02 3.593129129583185488e+01 3.522255181338882579e+01 nan 1.000000000000000000e+00 nan
4.070000000000000000e+02 3.593265493219549711e+01 3.517346090429271754e+01 nan nan nan
4.080000000000000000e+02 3.593265493219549001e+01 3.517482454065650899e+01 nan nan nan
4.090000000000000000e+02 3.593265493219549711e+01 3.517618817702028622e+01 nan nan nan
4.100000000000000000e+02 3.593265493219549001e+01 3.517755181338406345e+01 nan nan nan
4.110000000000000000e+02 3.593265493219549001e+01 3.517891544974784779e+01 nan nan nan
4.120000000000000000e+02 3.593265493219549001e+01 3.518027908611163213e+01 nan 1.000000000000000000e+00 nan
4.130000000000000000e+02 3.593265493219548290e+01 3.518164272247540936e+01 nan 1.000000000000000000e+00 nan
4.140000000000000000e+02 3.593265493219548290e+01 3.518300635883918659e+01 nan 1.000000000000000000e+00 nan
4.150000000000000000e+02 3.593265493219549711e+01 3.518436999520297803e+01 nan 1.000000000000000000e+00 nan
4.160000000000000000e+02 3.593265493219549001e+01 3.518573363156674816e+01 nan 1.000000000000000000e+00 nan
4.170000000000000000e+02 3.593265493219549001e+01 3.518709726793052539e+01 nan 1.000000000000000000e+00 nan
4.180000000000000000e+02 3.593265493219548290e+01 3.518846090429430973e+01 nan 1.000000000000000000e+00 nan
4.190000000000000000e+02 3.593265493219549711e+01 3.518982454065810117e+01 1.000000000000000000e+00 1.000000000000000000e+00 1.000000000000000000e+00
4.200000000000000000e+02 3.593265493219548290e+01 3.519118817702187130e+01 1.000000000000000000e+00 1.000000000000000000e+00 1.000000000000000000e+00
4.210000000000000000e+02 3.593265493219548290e+01 3.519255181338565563e+01 1.000000000000000000e+00 1.000000000000000000e+00 1.000000000000000000e+00
4.220000000000000000e+02 3.593265493219548290e+01 3.519391544974943997e+01 1.000000000000000000e+00 1.000000000000000000e+00 1.000000000000000000e+00
4.230000000000000000e+02 3.593265493219548290e+01 3.519527908611321720e+01 1.000000000000000000e+00 1.000000000000000000e+00 1.000000000000000000e+00
4.240000000000000000e+02 3.593265493219548290e+01 3.519664272247700865e+01 1.000000000000000000e+00 1.000000000000000000e+00 1.000000000000000000e+00
4.250000000000000000e+02 3.593265493219549001e+01 3.519800635884078588e+01 1.000000000000000000e+00 1.000000000000000000e+00 1.000000000000000000e+00
4.260000000000000000e+02 3.593265493219548290e+01 3.519936999520455601e+01 1.000000000000000000e+00 1.000000000000000000e+00 1.000000000000000000e+00
4.270000000000000000e+02 3.593265493219549711e+01 3.520073363156834034e+01 1.000000000000000000e+00 1.000000000000000000e+00 1.000000000000000000e+00
4.280000000000000000e+02 3.593265493219548290e+01 3.520209726793213179e+01 1.000000000000000000e+00 1.000000000000000000e+00 1.000000000000000000e+00
4.290000000000000000e+02 3.593265493219549001e+01 3.520346090429590902e+01 1.000000000000000000e+00 1.000000000000000000e+00 1.000000000000000000e+00
4.300000000000000000e+02 3.593265493219549001e+01 3.520482454065968625e+01 1.000000000000000000e+00 1.000000000000000000e+00 1.000000000000000000e+00
4.310000000000000000e+02 3.593265493219549001e+01 3.520618817702346348e+01 1.000000000000000000e+00 1.000000000000000000e+00 1.000000000000000000e+00
4.320000000000000000e+02 3.593265493219548290e+01 3.520755181338725492e+01 1.000000000000000000e+00 1.000000000000000000e+00 1.000000000000000000e+00
4.330000000000000000e+02 3.593265493219549711e+01 3.520891544975103216e+01 1.000000000000000000e+00 1.000000000000000000e+00 1.000000000000000000e+00
4.340000000000000000e+02 3.593265493219549001e+01 3.521027908611480939e+01 1.000000000000000000e+00 1.000000000000000000e+00 1.000000000000000000e+00
4.350000000000000000e+02 3.593265493219548290e+01 3.521164272247860083e+01 nan 1.000000000000000000e+00 nan
4.360000000000000000e+02 3.593265493219549001e+01 3.521300635884237096e+01 nan 1.000000000000000000e+00 nan
4.370000000000000000e+02 3.593265493219549001e+01 3.521436999520615529e+01 nan 1.000000000000000000e+00 nan
4.380000000000000000e+02 3.593265493219549001e+01 3.521573363156993253e+01 nan 1.000000000000000000e+00 nan
4.390000000000000000e+02 3.593265493219549001e+01 3.521709726793371686e+01 nan 1.000000000000000000e+00 nan
4.400000000000000000e+02 3.593265493219549711e+01 3.521846090429749410e+01 nan 1.000000000000000000e+00 nan
4.410000000000000000e+02 3.593265493219549001e+01 3.521982454066127843e+01 nan 1.000000000000000000e+00 nan
4.420000000000000000e+02 3.593265493219548290e+01 3.522118817702506277e+01 nan 1.000000000000000000e+00 nan
4.430000000000000000e+02 3.593265493219548290e+01 3.522255181338884000e+01 nan 1.000000000000000000e+00 nan
4.440000000000000000e+02 3.593401856855912513e+01 3.517346090429271754e+01 nan nan nan
4.450000000000000000e+02 3.593401856855912513e+01 3.517482454065650899e+01 nan nan nan
4.460000000000000000e+02 3.593401856855912513e+01 3.517618817702028622e+01 nan nan nan
4.470000000000000000e+02 3.593401856855911802e+01 3.517755181338406345e+01 nan nan nan
4.480000000000000000e+02 3.593401856855912513e+01 3.517891544974784779e+01 nan nan nan
4.490000000000000000e+02 3.593401856855911802e+01 3.518027908611163213e+01 nan nan nan
4.500000000000000000e+02 3.593401856855912513e+01 3.518164272247540936e+01 nan nan nan
4.510000000000000000e+02 3.593401856855912513e+01 3.518300635883918659e+01 nan 1.000000000000000000e+00 nan
4.520000000000000000e+02 3.593401856855913223e+01 3.518436999520297803e+01 nan 1.000000000000000000e+00 nan
4.530000000000000000e+02 3.593401856855911802e+01 3.518573363156674816e+01 nan 1.000000000000000000e+00 nan
4.540000000000000000e+02 3.593401856855912513e+01 3.518709726793052539e+01 nan 1.000000000000000000e+00 nan
4.550000000000000000e+02 3.593401856855911802e+01 3.518846090429430973e+01 nan 1.000000000000000000e+00 nan
4.560000000000000000e+02 3.593401856855912513e+01 3.518982454065810117e+01 nan 1.000000000000000000e+00 nan
4.570000000000000000e+02 3.593401856855911802e+01 3.519118817702187130e+01 nan 1.000000000000000000e+00 nan
4.580000000000000000e+02 3.593401856855911802e+01 3.519255181338565563e+01 nan 1.000000000000000000e+00 nan
4.590000000000000000e+02 3.593401856855912513e+01 3.519391544974943997e+01 1.000000000000000000e+00 1.000000000000000000e+00 1.000000000000000000e+00
4.600000000000000000e+02 3.593401856855912513e+01 3.519527908611321720e+01 1.000000000000000000e+00 1.000000000000000000e+00 1.000000000000000000e+00
4.610000000000000000e+02 3.593401856855912513e+01 3.519664272247700865e+01 1.000000000000000000e+00 1.000000000000000000e+00 1.000000000000000000e+00
4.620000000000000000e+02 3.593401856855912513e+01 3.519800635884078588e+01 1.000000000000000000e+00 1.000000000000000000e+00 1.000000000000000000e+00
4.630000000000000000e+02 3.593401856855913223e+01 3.519936999520455601e+01 1.000000000000000000e+00 1.000000000000000000e+00 1.000000000000000000e+00
4.640000000000000000e+02 3.593401856855911802e+01 3.520073363156834034e+01 1.000000000000000000e+00 1.000000000000000000e+00 1.000000000000000000e+00
4.650000000000000000e+02 3.593401856855912513e+01 3.520209726793213179e+01 1.000000000000000000e+00 1.000000000000000000e+00 1.000000000000000000e+00
4.660000000000000000e+02 3.593401856855911802e+01 3.520346090429590902e+01 1.000000000000000000e+00 1.000000000000000000e+00 1.000000000000000000e+00
4.670000000000000000e+02 3.593401856855911802e+01 3.520482454065968625e+01 1.000000000000000000e+00 1.000000000000000000e+00 1.000000000000000000e+00
4.680000000000000000e+02 3.593401856855911802e+01 3.520618817702346348e+01 1.000000000000000000e+00 1.000000000000000000e+00 1.000000000000000000e+00
4.690000000000000000e+02 3.593401856855911802e+01 3.520755181338725492e+01 1.000000000000000000e+00 1.000000000000000000e+00 1.000000000000000000e+00
4.700000000000000000e+02 3.593401856855911802e+01 3.520891544975103216e+01 1.000000000000000000e+00 1.000000000000000000e+00 1.000000000000000000e+00
4.710000000000000000e+02 3.593401856855913223e+01 3.521027908611480939e+01 1.000000000000000000e+00 1.000000000000000000e+00 1.000000000000000000e+00
4.720000000000000000e+02 3.593401856855911802e+01 3.521164272247860083e+01 1.000000000000000000e+00 1.000000000000000000e+00 1.000000000000000000e+00
4.730000000000000000e+02 3.593401856855912513e+01 3.521300635884237096e+01 1.000000000000000000e+00 1.000000000000000000e+00 1.000000000000000000e+00
4.740000000000000000e+02 3.593401856855912513e+01 3.521436999520615529e+01 nan 1.000000000000000000e+00 nan
4.750000000000000000e+02 3.593401856855912513e+01 3.521573363156993253e+01 nan 1.000000000000000000e+00 nan
4.760000000000000000e+02 3.593401856855911802e+01 3.521709726793371686e+01 nan 1.000000000000000000e+00 nan
4.770000000000000000e+02 3.593401856855912513e+01 3.521846090429749410e+01 nan 1.000000000000000000e+00 nan
4.780000000000000000e+02 3.593401856855912513e+01 3.521982454066127843e+01 nan 1.000000000000000000e+00 nan
4.790000000000000000e+02 3.593401856855911802e+01 3.522118817702506277e+01 nan 1.000000000000000000e+00 nan
4.800000000000000000e+02 3.593401856855912513e+01 3.522255181338884000e+01 nan 1.000000000000000000e+00 nan
4.810000000000000000e+02 3.593538220492276025e+01 3.517346090429272465e+01 nan nan nan
4.820000000000000000e+02 3.593538220492276025e+01 3.517482454065650188e+01 nan nan nan
4.830000000000000000e+02 3.593538220492276025e+01 3.517618817702029332e+01 nan nan nan
4.840000000000000000e+02 3.593538220492276025e+01 3.517755181338406345e+01 nan nan nan
4.850000000000000000e+02 3.593538220492276025e+01 3.517891544974785489e+01 nan nan nan
4.860000000000000000e+02 3.593538220492276025e+01 3.518027908611163213e+01 nan nan nan
4.870000000000000000e+02 3.593538220492276025e+01 3.518164272247540225e+01 nan nan nan
4.880000000000000000e+02 3.593538220492276025e+01 3.518300635883918659e+01 nan 1.000000000000000000e+00 nan
4.890000000000000000e+02 3.593538220492276025e+01 3.518436999520297803e+01 nan 1.000000000000000000e+00 nan
4.900000000000000000e+02 3.593538220492276025e+01 3.518573363156674816e+01 nan 1.000000000000000000e+00 nan
4.910000000000000000e+02 3.593538220492276025e+01 3.518709726793052539e+01 nan 1.000000000000000000e+00 nan
4.920000000000000000e+02 3.593538220492276025e+01 3.518846090429430973e+01 nan 1.000000000000000000e+00 nan
4.930000000000000000e+02 3.593538220492276736e+01 3.518982454065810117e+01 nan 1.000000000000000000e+00 nan
4.940000000000000000e+02 3.593538220492276025e+01 3.519118817702187840e+01 nan 1.000000000000000000e+00 nan
4.950000000000000000e+02 3.593538220492276025e+01 3.519255181338564853e+01 nan 1.000000000000000000e+00 nan
4.960000000000000000e+02 3.593538220492276025e+01 3.519391544974943287e+01 nan 1.000000000000000000e+00 nan
4.970000000000000000e+02 3.593538220492276025e+01 3.519527908611322431e+01 nan 1.000000000000000000e+00 nan
4.980000000000000000e+02 3.593538220492276025e+01 3.519664272247699444e+01 1.000000000000000000e+00 1.000000000000000000e+00 1.000000000000000000e+00
4.990000000000000000e+02 3.593538220492276025e+01 3.519800635884077877e+01 nan 1.000000000000000000e+00 nan
5.000000000000000000e+02 3.593538220492276025e+01 3.519936999520455601e+01 nan 1.000000000000000000e+00 nan
5.010000000000000000e+02 3.593538220492276025e+01 3.520073363156834034e+01 nan 1.000000000000000000e+00 nan
5.020000000000000000e+02 3.593538220492276025e+01 3.520209726793213179e+01 1.000000000000000000e+00 1.000000000000000000e+00 1.000000000000000000e+00
5.030000000000000000e+02 3.593538220492276025e+01 3.520346090429590902e+01 1.000000000000000000e+00 1.000000000000000000e+00 1.000000000000000000e+00
5.040000000000000000e+02 3.593538220492276025e+01 3.520482454065968625e+01 1.000000000000000000e+00 1.000000000000000000e+00 1.000000000000000000e+00
5.050000000000000000e+02 3.593538220492276025e+01 3.520618817702346348e+01 1.000000000000000000e+00 1.000000000000000000e+00 1.000000000000000000e+00
5.060000000000000000e+02 3.593538220492276025e+01 3.520755181338724782e+01 1.000000000000000000e+00 1.000000000000000000e+00 1.000000000000000000e+00
5.070000000000000000e+02 3.593538220492276025e+01 3.520891544975102505e+01 1.000000000000000000e+00 1.000000000000000000e+00 1.000000000000000000e+00
5.080000000000000000e+02 3.593538220492276025e+01 3.521027908611480939e+01 1.000000000000000000e+00 1.000000000000000000e+00 1.000000000000000000e+00
5.090000000000000000e+02 3.593538220492276025e+01 3.521164272247858662e+01 1.000000000000000000e+00 1.000000000000000000e+00 1.000000000000000000e+00
5.100000000000000000e+02 3.593538220492276025e+01 3.521300635884237096e+01 1.000000000000000000e+00 1.000000000000000000e+00 1.000000000000000000e+00
5.110000000000000000e+02 3.593538220492276025e+01 3.521436999520614819e+01 1.000000000000000000e+00 1.000000000000000000e+00 1.000000000000000000e+00
5.120000000000000000e+02 3.593538220492276025e+01 3.521573363156993963e+01 1.000000000000000000e+00 1.000000000000000000e+00 1.000000000000000000e+00
5.130000000000000000e+02 3.593538220492276025e+01 3.521709726793372397e+01 1.000000000000000000e+00 1.000000000000000000e+00 1.000000000000000000e+00
5.140000000000000000e+02 3.593538220492276025e+01 3.521846090429749410e+01 1.000000000000000000e+00 1.000000000000000000e+00 1.000000000000000000e+00
5.150000000000000000e+02 3.593538220492276025e+01 3.521982454066127843e+01 nan 1.000000000000000000e+00 nan
5.160000000000000000e+02 3.593538220492276025e+01 3.522118817702505567e+01 nan 1.000000000000000000e+00 nan
5.170000000000000000e+02 3.593538220492276025e+01 3.522255181338882579e+01 nan 1.000000000000000000e+00 nan
5.180000000000000000e+02 3.593674584128640248e+01 3.517346090429272465e+01 nan nan nan
5.190000000000000000e+02 3.593674584128640248e+01 3.517482454065650188e+01 nan nan nan
5.200000000000000000e+02 3.593674584128639538e+01 3.517618817702029332e+01 nan nan nan
5.210000000000000000e+02 3.593674584128640248e+01 3.517755181338406345e+01 nan nan nan
5.220000000000000000e+02 3.593674584128640248e+01 3.517891544974785489e+01 nan nan nan
5.230000000000000000e+02 3.593674584128639538e+01 3.518027908611163213e+01 nan nan nan
5.240000000000000000e+02 3.593674584128640248e+01 3.518164272247540225e+01 nan nan nan
5.250000000000000000e+02 3.593674584128640248e+01 3.518300635883918659e+01 nan 1.000000000000000000e+00 nan
5.260000000000000000e+02 3.593674584128640248e+01 3.518436999520297803e+01 nan 1.000000000000000000e+00 nan
5.270000000000000000e+02 3.593674584128640248e+01 3.518573363156674816e+01 nan 1.000000000000000000e+00 nan
5.280000000000000000e+02 3.593674584128640248e+01 3.518709726793052539e+01 nan 1.000000000000000000e+00 nan
5.290000000000000000e+02 3.593674584128640248e+01 3.518846090429430973e+01 nan 1.000000000000000000e+00 nan
5.300000000000000000e+02 3.593674584128639538e+01 3.518982454065810117e+01 nan 1.000000000000000000e+00 nan
5.310000000000000000e+02 3.593674584128639538e+01 3.519118817702187840e+01 nan 1.000000000000000000e+00 nan
5.320000000000000000e+02 3.593674584128639538e+01 3.519255181338564853e+01 nan 1.000000000000000000e+00 nan
5.330000000000000000e+02 3.593674584128640248e+01 3.519391544974943287e+01 nan 1.000000000000000000e+00 nan
5.340000000000000000e+02 3.593674584128640248e+01 3.519527908611322431e+01 nan 1.000000000000000000e+00 nan
5.350000000000000000e+02 3.593674584128640248e+01 3.519664272247699444e+01 nan 1.000000000000000000e+00 nan
5.360000000000000000e+02 3.593674584128640248e+01 3.519800635884077877e+01 nan 1.000000000000000000e+00 nan
5.370000000000000000e+02 3.593674584128640248e+01 3.519936999520455601e+01 nan 1.000000000000000000e+00 nan
5.380000000000000000e+02 3.593674584128640248e+01 3.520073363156834034e+01 nan 1.000000000000000000e+00 nan
5.390000000000000000e+02 3.593674584128639538e+01 3.520209726793213179e+01 nan 1.000000000000000000e+00 nan
5.400000000000000000e+02 3.593674584128640248e+01 3.520346090429590902e+01 nan 1.000000000000000000e+00 nan
5.410000000000000000e+02 3.593674584128640248e+01 3.520482454065968625e+01 nan 1.000000000000000000e+00 nan
5.420000000000000000e+02 3.593674584128640248e+01 3.520618817702346348e+01 nan 1.000000000000000000e+00 nan
5.430000000000000000e+02 3.593674584128638827e+01 3.520755181338724782e+01 nan 1.000000000000000000e+00 nan
5.440000000000000000e+02 3.593674584128640248e+01 3.520891544975102505e+01 nan 1.000000000000000000e+00 nan
5.450000000000000000e+02 3.593674584128640248e+01 3.521027908611480939e+01 nan 1.000000000000000000e+00 nan
5.460000000000000000e+02 3.593674584128639538e+01 3.521164272247858662e+01 1.000000000000000000e+00 1.000000000000000000e+00 1.000000000000000000e+00
5.470000000000000000e+02 3.593674584128640248e+01 3.521300635884237096e+01 1.000000000000000000e+00 1.000000000000000000e+00 1.000000000000000000e+00
5.480000000000000000e+02 3.593674584128640248e+01 3.521436999520614819e+01 1.000000000000000000e+00 1.000000000000000000e+00 1.000000000000000000e+00
5.490000000000000000e+02 3.593674584128639538e+01 3.521573363156993963e+01 1.000000000000000000e+00 1.000000000000000000e+00 1.000000000000000000e+00
5.500000000000000000e+02 3.593674584128640248e+01 3.521709726793372397e+01 1.000000000000000000e+00 1.000000000000000000e+00 1.000000000000000000e+00
5.510000000000000000e+02 3.593674584128640248e+01 3.521846090429749410e+01 1.000000000000000000e+00 1.000000000000000000e+00 1.000000000000000000e+00
5.520000000000000000e+02 3.593674584128640248e+01 3.521982454066127843e+01 nan 1.000000000000000000e+00 nan
5.530000000000000000e+02 3.593674584128639538e+01 3.522118817702505567e+01 nan 1.000000000000000000e+00 nan
5.540000000000000000e+02 3.593674584128640248e+01 3.522255181338882579e+01 nan 1.000000000000000000e+00 nan
5.550000000000000000e+02 3.593810947765003760e+01 3.517346090429271754e+01 nan nan nan
5.560000000000000000e+02 3.593810947765004471e+01 3.517482454065650188e+01 nan nan nan
5.570000000000000000e+02 3.593810947765004471e+01 3.517618817702029332e+01 nan nan nan
5.580000000000000000e+02 3.593810947765004471e+01 3.517755181338406345e+01 nan nan nan
5.590000000000000000e+02 3.593810947765004471e+01 3.517891544974785489e+01 nan nan nan
5.600000000000000000e+02 3.593810947765003760e+01 3.518027908611163213e+01 nan nan nan
5.610000000000000000e+02 3.593810947765004471e+01 3.518164272247540225e+01 nan nan nan
5.620000000000000000e+02 3.593810947765004471e+01 3.518300635883918659e+01 nan 1.000000000000000000e+00 nan
5.630000000000000000e+02 3.593810947765004471e+01 3.518436999520297803e+01 nan 1.000000000000000000e+00 nan
5.640000000000000000e+02 3.593810947765003760e+01 3.518573363156675526e+01 nan 1.000000000000000000e+00 nan
5.650000000000000000e+02 3.593810947765004471e+01 3.518709726793052539e+01 nan 1.000000000000000000e+00 nan
5.660000000000000000e+02 3.593810947765004471e+01 3.518846090429430973e+01 nan 1.000000000000000000e+00 nan
5.670000000000000000e+02 3.593810947765004471e+01 3.518982454065810117e+01 nan 1.000000000000000000e+00 nan
5.680000000000000000e+02 3.593810947765004471e+01 3.519118817702187130e+01 nan 1.000000000000000000e+00 nan
5.690000000000000000e+02 3.593810947765004471e+01 3.519255181338564853e+01 nan 1.000000000000000000e+00 nan
5.700000000000000000e+02 3.593810947765004471e+01 3.519391544974943287e+01 nan 1.000000000000000000e+00 nan
5.710000000000000000e+02 3.593810947765004471e+01 3.519527908611322431e+01 nan 1.000000000000000000e+00 nan
5.720000000000000000e+02 3.593810947765004471e+01 3.519664272247699444e+01 nan 1.000000000000000000e+00 nan
5.730000000000000000e+02 3.593810947765004471e+01 3.519800635884077877e+01 nan 1.000000000000000000e+00 nan
5.740000000000000000e+02 3.593810947765003760e+01 3.519936999520454890e+01 nan 1.000000000000000000e+00 nan
5.750000000000000000e+02 3.593810947765003760e+01 3.520073363156834034e+01 nan 1.000000000000000000e+00 nan
5.760000000000000000e+02 3.593810947765004471e+01 3.520209726793211757e+01 nan 1.000000000000000000e+00 nan
5.770000000000000000e+02 3.593810947765004471e+01 3.520346090429590902e+01 nan 1.000000000000000000e+00 nan
5.780000000000000000e+02 3.593810947765004471e+01 3.520482454065968625e+01 nan 1.000000000000000000e+00 nan
5.790000000000000000e+02 3.593810947765004471e+01 3.520618817702346348e+01 nan 1.000000000000000000e+00 nan
5.800000000000000000e+02 3.593810947765004471e+01 3.520755181338724782e+01 nan 1.000000000000000000e+00 nan
5.810000000000000000e+02 3.593810947765003760e+01 3.520891544975103216e+01 nan 1.000000000000000000e+00 nan
5.820000000000000000e+02 3.593810947765004471e+01 3.521027908611480939e+01 nan 1.000000000000000000e+00 nan
5.830000000000000000e+02 3.593810947765004471e+01 3.521164272247859373e+01 nan 1.000000000000000000e+00 nan
5.840000000000000000e+02 3.593810947765004471e+01 3.521300635884237096e+01 1.000000000000000000e+00 1.000000000000000000e+00 1.000000000000000000e+00
5.850000000000000000e+02 3.593810947765003760e+01 3.521436999520614108e+01 1.000000000000000000e+00 1.000000000000000000e+00 1.000000000000000000e+00
5.860000000000000000e+02 3.593810947765004471e+01 3.521573363156993253e+01 1.000000000000000000e+00 1.000000000000000000e+00 1.000000000000000000e+00
5.870000000000000000e+02 3.593810947765004471e+01 3.521709726793371686e+01 1.000000000000000000e+00 1.000000000000000000e+00 1.000000000000000000e+00
5.880000000000000000e+02 3.593810947765003760e+01 3.521846090429749410e+01 1.000000000000000000e+00 1.000000000000000000e+00 1.000000000000000000e+00
5.890000000000000000e+02 3.593810947765004471e+01 3.521982454066127843e+01 1.000000000000000000e+00 1.000000000000000000e+00 1.000000000000000000e+00
5.900000000000000000e+02 3.593810947765004471e+01 3.522118817702506277e+01 nan 1.000000000000000000e+00 nan
5.910000000000000000e+02 3.593810947765004471e+01 3.522255181338883290e+01 nan 1.000000000000000000e+00 nan
5.920000000000000000e+02 3.593947311401366562e+01 3.517346090429271754e+01 nan nan nan
5.930000000000000000e+02 3.593947311401366562e+01 3.517482454065650188e+01 nan nan nan
5.940000000000000000e+02 3.593947311401367273e+01 3.517618817702029332e+01 nan nan nan
5.950000000000000000e+02 3.593947311401367273e+01 3.517755181338406345e+01 nan nan nan
5.960000000000000000e+02 3.593947311401367273e+01 3.517891544974785489e+01 nan nan nan
5.970000000000000000e+02 3.593947311401367273e+01 3.518027908611163213e+01 nan nan nan
5.980000000000000000e+02 3.593947311401367273e+01 3.518164272247540225e+01 nan nan nan
5.990000000000000000e+02 3.593947311401367273e+01 3.518300635883918659e+01 nan nan nan
6.000000000000000000e+02 3.593947311401367273e+01 3.518436999520297803e+01 nan nan nan
6.010000000000000000e+02 3.593947311401366562e+01 3.518573363156675526e+01 nan nan nan
6.020000000000000000e+02 3.593947311401367273e+01 3.518709726793052539e+01 nan 1.000000000000000000e+00 nan
6.030000000000000000e+02 3.593947311401367273e+01 3.518846090429430973e+01 nan 1.000000000000000000e+00 nan
6.040000000000000000e+02 3.593947311401366562e+01 3.518982454065810117e+01 nan 1.000000000000000000e+00 nan
6.050000000000000000e+02 3.593947311401367273e+01 3.519118817702187130e+01 nan 1.000000000000000000e+00 nan
6.060000000000000000e+02 3.593947311401366562e+01 3.519255181338564853e+01 nan 1.000000000000000000e+00 nan
6.070000000000000000e+02 3.593947311401367273e+01 3.519391544974943287e+01 nan 1.000000000000000000e+00 nan
6.080000000000000000e+02 3.593947311401367273e+01 3.519527908611322431e+01 nan 1.000000000000000000e+00 nan
6.090000000000000000e+02 3.593947311401367273e+01 3.519664272247699444e+01 nan 1.000000000000000000e+00 nan
6.100000000000000000e+02 3.593947311401366562e+01 3.519800635884077877e+01 nan 1.000000000000000000e+00 nan
6.110000000000000000e+02 3.593947311401367273e+01 3.519936999520454890e+01 nan 1.000000000000000000e+00 nan
6.120000000000000000e+02 3.593947311401367273e+01 3.520073363156834034e+01 nan 1.000000000000000000e+00 nan
6.130000000000000000e+02 3.593947311401367273e+01 3.520209726793211757e+01 nan 1.000000000000000000e+00 nan
6.140000000000000000e+02 3.593947311401366562e+01 3.520346090429590902e+01 nan 1.000000000000000000e+00 nan
6.150000000000000000e+02 3.593947311401367273e+01 3.520482454065968625e+01 nan 1.000000000000000000e+00 nan
6.160000000000000000e+02 3.593947311401367273e+01 3.520618817702346348e+01 nan 1.000000000000000000e+00 nan
6.170000000000000000e+02 3.593947311401367273e+01 3.520755181338724782e+01 nan 1.000000000000000000e+00 nan
6.180000000000000000e+02 3.593947311401367273e+01 3.520891544975103216e+01 nan 1.000000000000000000e+00 nan
6.190000000000000000e+02 3.593947311401367273e+01 3.521027908611480939e+01 nan 1.000000000000000000e+00 nan
6.200000000000000000e+02 3.593947311401367273e+01 3.521164272247859373e+01 nan 1.000000000000000000e+00 nan
6.210000000000000000e+02 3.593947311401367273e+01 3.521300635884237096e+01 nan 1.000000000000000000e+00 nan
6.220000000000000000e+02 3.593947311401367273e+01 3.521436999520614108e+01 nan 1.000000000000000000e+00 nan
6.230000000000000000e+02 3.593947311401367273e+01 3.521573363156993253e+01 1.000000000000000000e+00 1.000000000000000000e+00 1.000000000000000000e+00
6.240000000000000000e+02 3.593947311401367273e+01 3.521709726793371686e+01 1.000000000000000000e+00 1.000000000000000000e+00 1.000000000000000000e+00
6.250000000000000000e+02 3.593947311401366562e+01 3.521846090429749410e+01 1.000000000000000000e+00 1.000000000000000000e+00 1.000000000000000000e+00
6.260000000000000000e+02 3.593947311401366562e+01 3.521982454066127843e+01 1.000000000000000000e+00 1.000000000000000000e+00 1.000000000000000000e+00
6.270000000000000000e+02 3.593947311401367273e+01 3.522118817702506277e+01 1.000000000000000000e+00 1.000000000000000000e+00 1.000000000000000000e+00
6.280000000000000000e+02 3.593947311401367273e+01 3.522255181338883290e+01 nan 1.000000000000000000e+00 nan
6.290000000000000000e+02 3.594083675037731496e+01 3.517346090429271754e+01 nan nan nan
6.300000000000000000e+02 3.594083675037730785e+01 3.517482454065650899e+01 nan nan nan
6.310000000000000000e+02 3.594083675037730785e+01 3.517618817702028622e+01 nan nan nan
6.320000000000000000e+02 3.594083675037730785e+01 3.517755181338406345e+01 nan nan nan
6.330000000000000000e+02 3.594083675037730785e+01 3.517891544974784779e+01 nan nan nan
6.340000000000000000e+02 3.594083675037730785e+01 3.518027908611163213e+01 nan nan nan
6.350000000000000000e+02 3.594083675037730785e+01 3.518164272247540936e+01 nan nan nan
6.360000000000000000e+02 3.594083675037730785e+01 3.518300635883918659e+01 nan nan nan
6.370000000000000000e+02 3.594083675037730785e+01 3.518436999520297803e+01 nan nan nan
6.380000000000000000e+02 3.594083675037730785e+01 3.518573363156674816e+01 nan nan nan
6.390000000000000000e+02 3.594083675037730785e+01 3.518709726793052539e+01 nan 1.000000000000000000e+00 nan
6.400000000000000000e+02 3.594083675037730785e+01 3.518846090429430973e+01 nan 1.000000000000000000e+00 nan
6.410000000000000000e+02 3.594083675037732206e+01 3.518982454065810117e+01 nan 1.000000000000000000e+00 nan
6.420000000000000000e+02 3.594083675037730785e+01 3.519118817702187130e+01 nan 1.000000000000000000e+00 nan
6.430000000000000000e+02 3.594083675037730785e+01 3.519255181338565563e+01 nan 1.000000000000000000e+00 nan
6.440000000000000000e+02 3.594083675037730785e+01 3.519391544974943997e+01 nan 1.000000000000000000e+00 nan
6.450000000000000000e+02 3.594083675037730785e+01 3.519527908611321720e+01 nan 1.000000000000000000e+00 nan
6.460000000000000000e+02 3.594083675037731496e+01 3.519664272247700865e+01 nan 1.000000000000000000e+00 nan
6.470000000000000000e+02 3.594083675037731496e+01 3.519800635884078588e+01 nan 1.000000000000000000e+00 nan
6.480000000000000000e+02 3.594083675037730785e+01 3.519936999520455601e+01 nan 1.000000000000000000e+00 nan
6.490000000000000000e+02 3.594083675037732206e+01 3.520073363156834034e+01 nan 1.000000000000000000e+00 nan
6.500000000000000000e+02 3.594083675037730785e+01 3.520209726793213179e+01 nan 1.000000000000000000e+00 nan
6.510000000000000000e+02 3.594083675037731496e+01 3.520346090429590902e+01 nan 1.000000000000000000e+00 nan
6.520000000000000000e+02 3.594083675037730785e+01 3.520482454065968625e+01 nan 1.000000000000000000e+00 nan
6.530000000000000000e+02 3.594083675037730785e+01 3.520618817702346348e+01 nan 1.000000000000000000e+00 nan
6.540000000000000000e+02 3.594083675037731496e+01 3.520755181338725492e+01 nan 1.000000000000000000e+00 nan
6.550000000000000000e+02 3.594083675037730785e+01 3.520891544975103216e+01 nan 1.000000000000000000e+00 nan
6.560000000000000000e+02 3.594083675037732206e+01 3.521027908611480939e+01 nan 1.000000000000000000e+00 nan
6.570000000000000000e+02 3.594083675037730785e+01 3.521164272247860083e+01 nan 1.000000000000000000e+00 nan
6.580000000000000000e+02 3.594083675037731496e+01 3.521300635884237096e+01 nan 1.000000000000000000e+00 nan
6.590000000000000000e+02 3.594083675037730785e+01 3.521436999520615529e+01 nan 1.000000000000000000e+00 nan
6.600000000000000000e+02 3.594083675037730785e+01 3.521573363156993253e+01 1.000000000000000000e+00 1.000000000000000000e+00 1.000000000000000000e+00
6.610000000000000000e+02 3.594083675037730785e+01 3.521709726793371686e+01 1.000000000000000000e+00 1.000000000000000000e+00 1.000000000000000000e+00
6.620000000000000000e+02 3.594083675037730785e+01 3.521846090429749410e+01 1.000000000000000000e+00 1.000000000000000000e+00 1.000000000000000000e+00
6.630000000000000000e+02 3.594083675037730785e+01 3.521982454066127843e+01 1.000000000000000000e+00 1.000000000000000000e+00 1.000000000000000000e+00
6.640000000000000000e+02 3.594083675037730785e+01 3.522118817702506277e+01 1.000000000000000000e+00 1.000000000000000000e+00 1.000000000000000000e+00
6.650000000000000000e+02 3.594083675037731496e+01 3.522255181338884000e+01 nan 1.000000000000000000e+00 nan
6.660000000000000000e+02 3.594220038674094297e+01 3.517346090429271754e+01 nan nan nan
6.670000000000000000e+02 3.594220038674094297e+01 3.517482454065650188e+01 nan nan nan
6.680000000000000000e+02 3.594220038674094297e+01 3.517618817702029332e+01 nan nan nan
6.690000000000000000e+02 3.594220038674094297e+01 3.517755181338406345e+01 nan nan nan
6.700000000000000000e+02 3.594220038674095008e+01 3.517891544974785489e+01 nan nan nan
6.710000000000000000e+02 3.594220038674094297e+01 3.518027908611163213e+01 nan nan nan
6.720000000000000000e+02 3.594220038674094297e+01 3.518164272247540225e+01 nan nan nan
6.730000000000000000e+02 3.594220038674094297e+01 3.518300635883918659e+01 nan nan nan
6.740000000000000000e+02 3.594220038674094297e+01 3.518436999520297803e+01 nan nan nan
6.750000000000000000e+02 3.594220038674094297e+01 3.518573363156675526e+01 nan nan nan
6.760000000000000000e+02 3.594220038674094297e+01 3.518709726793052539e+01 nan nan nan
6.770000000000000000e+02 3.594220038674094297e+01 3.518846090429430973e+01 nan nan nan
6.780000000000000000e+02 3.594220038674094297e+01 3.518982454065810117e+01 nan 1.000000000000000000e+00 nan
6.790000000000000000e+02 3.594220038674094297e+01 3.519118817702187130e+01 nan 1.000000000000000000e+00 nan
6.800000000000000000e+02 3.594220038674094297e+01 3.519255181338564853e+01 nan 1.000000000000000000e+00 nan
6.810000000000000000e+02 3.594220038674094297e+01 3.519391544974943287e+01 nan 1.000000000000000000e+00 nan
6.820000000000000000e+02 3.594220038674094297e+01 3.519527908611322431e+01 nan 1.000000000000000000e+00 nan
6.830000000000000000e+02 3.594220038674094297e+01 3.519664272247699444e+01 nan 1.000000000000000000e+00 nan
6.840000000000000000e+02 3.594220038674094297e+01 3.519800635884077877e+01 nan 1.000000000000000000e+00 nan
6.850000000000000000e+02 3.594220038674094297e+01 3.519936999520454890e+01 nan 1.000000000000000000e+00 nan
6.860000000000000000e+02 3.594220038674094297e+01 3.520073363156834034e+01 nan 1.000000000000000000e+00 nan
6.870000000000000000e+02 3.594220038674094297e+01 3.520209726793211757e+01 nan 1.000000000000000000e+00 nan
6.880000000000000000e+02 3.594220038674094297e+01 3.520346090429590902e+01 nan 1.000000000000000000e+00 nan
6.890000000000000000e+02 3.594220038674094297e+01 3.520482454065968625e+01 nan 1.000000000000000000e+00 nan
6.900000000000000000e+02 3.594220038674094297e+01 3.520618817702346348e+01 nan 1.000000000000000000e+00 nan
6.910000000000000000e+02 3.594220038674094297e+01 3.520755181338724782e+01 nan 1.000000000000000000e+00 nan
6.920000000000000000e+02 3.594220038674094297e+01 3.520891544975103216e+01 nan 1.000000000000000000e+00 nan
6.930000000000000000e+02 3.594220038674094297e+01 3.521027908611480939e+01 nan 1.000000000000000000e+00 nan
6.940000000000000000e+02 3.594220038674094297e+01 3.521164272247859373e+01 nan 1.000000000000000000e+00 nan
6.950000000000000000e+02 3.594220038674094297e+01 3.521300635884237096e+01 nan nan nan
6.960000000000000000e+02 3.594220038674094297e+01 3.521436999520614108e+01 nan nan nan
6.970000000000000000e+02 3.594220038674094297e+01 3.521573363156993253e+01 1.000000000000000000e+00 1.000000000000000000e+00 1.000000000000000000e+00
6.980000000000000000e+02 3.594220038674094297e+01 3.521709726793371686e+01 1.000000000000000000e+00 1.000000000000000000e+00 1.000000000000000000e+00
6.990000000000000000e+02 3.594220038674094297e+01 3.521846090429749410e+01 1.000000000000000000e+00 1.000000000000000000e+00 1.000000000000000000e+00
7.000000000000000000e+02 3.594220038674094297e+01 3.521982454066127843e+01 1.000000000000000000e+00 nan nan
7.010000000000000000e+02 3.594220038674094297e+01 3.522118817702506277e+01 1.000000000000000000e+00 nan nan
7.020000000000000000e+02 3.594220038674094297e+01 3.522255181338883290e+01 1.000000000000000000e+00 nan nan
7.030000000000000000e+02 3.594356402310457810e+01 3.517346090429271754e+01 nan nan nan
7.040000000000000000e+02 3.594356402310457810e+01 3.517482454065650188e+01 nan nan nan
7.050000000000000000e+02 3.594356402310458520e+01 3.517618817702029332e+01 nan nan nan
7.060000000000000000e+02 3.594356402310457810e+01 3.517755181338406345e+01 nan nan nan
7.070000000000000000e+02 3.594356402310457810e+01 3.517891544974785489e+01 nan nan nan
7.080000000000000000e+02 3.594356402310457810e+01 3.518027908611163213e+01 nan nan nan
7.090000000000000000e+02 3.594356402310458520e+01 3.518164272247540225e+01 nan nan nan
7.100000000000000000e+02 3.594356402310457810e+01 3.518300635883918659e+01 nan nan nan
7.110000000000000000e+02 3.594356402310457099e+01 3.518436999520297803e+01 nan nan nan
7.120000000000000000e+02 3.594356402310457810e+01 3.518573363156675526e+01 nan nan nan
7.130000000000000000e+02 3.594356402310457810e+01 3.518709726793052539e+01 nan nan nan
7.140000000000000000e+02 3.594356402310457099e+01 3.518846090429430973e+01 nan nan nan
7.150000000000000000e+02 3.594356402310457810e+01 3.518982454065810117e+01 nan nan nan
7.160000000000000000e+02 3.594356402310457810e+01 3.519118817702187130e+01 nan nan nan
7.170000000000000000e+02 3.594356402310457810e+01 3.519255181338564853e+01 nan nan nan
7.180000000000000000e+02 3.594356402310457810e+01 3.519391544974943287e+01 nan 1.000000000000000000e+00 nan
7.190000000000000000e+02 3.594356402310457810e+01 3.519527908611322431e+01 nan 1.000000000000000000e+00 nan
7.200000000000000000e+02 3.594356402310457810e+01 3.519664272247699444e+01 nan 1.000000000000000000e+00 nan
7.210000000000000000e+02 3.594356402310457810e+01 3.519800635884077877e+01 nan 1.000000000000000000e+00 nan
7.220000000000000000e+02 3.594356402310457810e+01 3.519936999520454890e+01 nan 1.000000000000000000e+00 nan
7.230000000000000000e+02 3.594356402310457810e+01 3.520073363156834034e+01 nan 1.000000000000000000e+00 nan
7.240000000000000000e+02 3.594356402310457810e+01 3.520209726793211757e+01 nan 1.000000000000000000e+00 nan
7.250000000000000000e+02 3.594356402310457810e+01 3.520346090429590902e+01 nan 1.000000000000000000e+00 nan
7.260000000000000000e+02 3.594356402310458520e+01 3.520482454065968625e+01 nan 1.000000000000000000e+00 nan
7.270000000000000000e+02 3.594356402310457810e+01 3.520618817702346348e+01 nan 1.000000000000000000e+00 nan
7.280000000000000000e+02 3.594356402310457810e+01 3.520755181338724782e+01 nan 1.000000000000000000e+00 nan
7.290000000000000000e+02 3.594356402310457810e+01 3.520891544975103216e+01 nan 1.000000000000000000e+00 nan
7.300000000000000000e+02 3.594356402310458520e+01 3.521027908611480939e+01 nan nan nan
7.310000000000000000e+02 3.594356402310457810e+01 3.521164272247859373e+01 nan nan nan
7.320000000000000000e+02 3.594356402310457810e+01 3.521300635884237096e+01 nan nan nan
7.330000000000000000e+02 3.594356402310457810e+01 3.521436999520614108e+01 nan nan nan
7.340000000000000000e+02 3.594356402310458520e+01 3.521573363156993253e+01 nan nan nan
7.350000000000000000e+02 3.594356402310457810e+01 3.521709726793371686e+01 1.000000000000000000e+00 nan nan
7.360000000000000000e+02 3.594356402310457810e+01 3.521846090429749410e+01 1.000000000000000000e+00 nan nan
7.370000000000000000e+02 3.594356402310458520e+01 3.521982454066127843e+01 1.000000000000000000e+00 nan nan
7.380000000000000000e+02 3.594356402310457810e+01 3.522118817702506277e+01 1.000000000000000000e+00 nan nan
7.390000000000000000e+02 3.594356402310457810e+01 3.522255181338883290e+01 1.000000000000000000e+00 nan nan
7.400000000000000000e+02 3.594492765946822033e+01 3.517346090429271754e+01 nan nan nan
7.410000000000000000e+02 3.594492765946822743e+01 3.517482454065650899e+01 nan nan nan
7.420000000000000000e+02 3.594492765946822743e+01 3.517618817702027911e+01 nan nan nan
7.430000000000000000e+02 3.594492765946822033e+01 3.517755181338406345e+01 nan nan nan
7.440000000000000000e+02 3.594492765946822743e+01 3.517891544974784779e+01 nan nan nan
7.450000000000000000e+02 3.594492765946821322e+01 3.518027908611163213e+01 nan nan nan
7.460000000000000000e+02 3.594492765946822743e+01 3.518164272247540225e+01 nan nan nan
7.470000000000000000e+02 3.594492765946822743e+01 3.518300635883918659e+01 nan nan nan
7.480000000000000000e+02 3.594492765946822033e+01 3.518436999520297093e+01 nan nan nan
7.490000000000000000e+02 3.594492765946822033e+01 3.518573363156674816e+01 nan nan nan
7.500000000000000000e+02 3.594492765946822743e+01 3.518709726793052539e+01 nan nan nan
7.510000000000000000e+02 3.594492765946822033e+01 3.518846090429430973e+01 nan nan nan
7.520000000000000000e+02 3.594492765946822743e+01 3.518982454065810117e+01 nan nan nan
7.530000000000000000e+02 3.594492765946821322e+01 3.519118817702187840e+01 nan nan nan
7.540000000000000000e+02 3.594492765946821322e+01 3.519255181338565563e+01 nan nan nan
7.550000000000000000e+02 3.594492765946822033e+01 3.519391544974943997e+01 nan 1.000000000000000000e+00 nan
7.560000000000000000e+02 3.594492765946822743e+01 3.519527908611321720e+01 nan 1.000000000000000000e+00 nan
7.570000000000000000e+02 3.594492765946822033e+01 3.519664272247700154e+01 nan 1.000000000000000000e+00 nan
7.580000000000000000e+02 3.594492765946822743e+01 3.519800635884078588e+01 nan 1.000000000000000000e+00 nan
7.590000000000000000e+02 3.594492765946822743e+01 3.519936999520455601e+01 nan 1.000000000000000000e+00 nan
7.600000000000000000e+02 3.594492765946822033e+01 3.520073363156834034e+01 nan 1.000000000000000000e+00 nan
7.610000000000000000e+02 3.594492765946822033e+01 3.520209726793211757e+01 nan 1.000000000000000000e+00 nan
7.620000000000000000e+02 3.594492765946822743e+01 3.520346090429590902e+01 nan 1.000000000000000000e+00 nan
7.630000000000000000e+02 3.594492765946822743e+01 3.520482454065968625e+01 nan 1.000000000000000000e+00 nan
7.640000000000000000e+02 3.594492765946822743e+01 3.520618817702346348e+01 nan 1.000000000000000000e+00 nan
7.650000000000000000e+02 3.594492765946821322e+01 3.520755181338725492e+01 nan 1.000000000000000000e+00 nan
7.660000000000000000e+02 3.594492765946822033e+01 3.520891544975102505e+01 nan 1.000000000000000000e+00 nan
7.670000000000000000e+02 3.594492765946822033e+01 3.521027908611480939e+01 nan nan nan
7.680000000000000000e+02 3.594492765946822743e+01 3.521164272247858662e+01 nan nan nan
7.690000000000000000e+02 3.594492765946822033e+01 3.521300635884237096e+01 nan nan nan
7.700000000000000000e+02 3.594492765946822033e+01 3.521436999520614819e+01 nan nan nan
7.710000000000000000e+02 3.594492765946822743e+01 3.521573363156993253e+01 nan nan nan
7.720000000000000000e+02 3.594492765946822743e+01 3.521709726793371686e+01 1.000000000000000000e+00 nan nan
7.730000000000000000e+02 3.594492765946822033e+01 3.521846090429748699e+01 1.000000000000000000e+00 nan nan
7.740000000000000000e+02 3.594492765946821322e+01 3.521982454066127843e+01 1.000000000000000000e+00 nan nan
7.750000000000000000e+02 3.594492765946822743e+01 3.522118817702506277e+01 1.000000000000000000e+00 nan nan
7.760000000000000000e+02 3.594492765946822743e+01 3.522255181338883290e+01 nan nan nan
7.770000000000000000e+02 3.594629129583184834e+01 3.517346090429271754e+01 nan nan nan
7.780000000000000000e+02 3.594629129583184834e+01 3.517482454065650899e+01 nan nan nan
7.790000000000000000e+02 3.594629129583185545e+01 3.517618817702028622e+01 nan nan nan
7.800000000000000000e+02 3.594629129583185545e+01 3.517755181338406345e+01 nan nan nan
7.810000000000000000e+02 3.594629129583184834e+01 3.517891544974784779e+01 nan nan nan
7.820000000000000000e+02 3.594629129583184834e+01 3.518027908611163213e+01 nan nan nan
7.830000000000000000e+02 3.594629129583185545e+01 3.518164272247540936e+01 nan nan nan
7.840000000000000000e+02 3.594629129583186256e+01 3.518300635883918659e+01 nan nan nan
7.850000000000000000e+02 3.594629129583184834e+01 3.518436999520297803e+01 nan nan nan
7.860000000000000000e+02 3.594629129583185545e+01 3.518573363156674816e+01 nan nan nan
7.870000000000000000e+02 3.594629129583184834e+01 3.518709726793052539e+01 nan nan nan
7.880000000000000000e+02 3.594629129583184834e+01 3.518846090429430973e+01 nan nan nan
7.890000000000000000e+02 3.594629129583184834e+01 3.518982454065810117e+01 nan nan nan
7.900000000000000000e+02 3.594629129583184834e+01 3.519118817702187130e+01 nan nan nan
7.910000000000000000e+02 3.594629129583185545e+01 3.519255181338565563e+01 nan nan nan
7.920000000000000000e+02 3.594629129583184834e+01 3.519391544974943997e+01 nan nan nan
7.930000000000000000e+02 3.594629129583185545e+01 3.519527908611321720e+01 nan nan nan
7.940000000000000000e+02 3.594629129583184834e+01 3.519664272247700865e+01 nan nan nan
7.950000000000000000e+02 3.594629129583184834e+01 3.519800635884078588e+01 nan nan nan
7.960000000000000000e+02 3.594629129583184834e+01 3.519936999520455601e+01 nan nan nan
7.970000000000000000e+02 3.594629129583186256e+01 3.520073363156834034e+01 nan nan nan
7.980000000000000000e+02 3.594629129583184834e+01 3.520209726793213179e+01 nan nan nan
7.990000000000000000e+02 3.594629129583184834e+01 3.520346090429590902e+01 nan nan nan
8.000000000000000000e+02 3.594629129583184834e+01 3.520482454065968625e+01 nan nan nan
8.010000000000000000e+02 3.594629129583184834e+01 3.520618817702346348e+01 nan nan nan
8.020000000000000000e+02 3.594629129583185545e+01 3.520755181338725492e+01 nan nan nan
8.030000000000000000e+02 3.594629129583184834e+01 3.520891544975103216e+01 nan nan nan
8.040000000000000000e+02 3.594629129583185545e+01 3.521027908611480939e+01 nan nan nan
8.050000000000000000e+02 3.594629129583186256e+01 3.521164272247860083e+01 nan nan nan
8.060000000000000000e+02 3.594629129583185545e+01 3.521300635884237096e+01 nan nan nan
8.070000000000000000e+02 3.594629129583185545e+01 3.521436999520615529e+01 nan nan nan
8.080000000000000000e+02 3.594629129583184834e+01 3.521573363156993253e+01 nan nan nan
8.090000000000000000e+02 3.594629129583185545e+01 3.521709726793371686e+01 1.000000000000000000e+00 nan nan
8.100000000000000000e+02 3.594629129583184834e+01 3.521846090429749410e+01 1.000000000000000000e+00 nan nan
8.110000000000000000e+02 3.594629129583185545e+01 3.521982454066127843e+01 1.000000000000000000e+00 nan nan
8.120000000000000000e+02 3.594629129583185545e+01 3.522118817702506277e+01 1.000000000000000000e+00 nan nan
8.130000000000000000e+02 3.594629129583184834e+01 3.522255181338884000e+01 1.000000000000000000e+00 nan nan
8.140000000000000000e+02 3.594765493219548347e+01 3.517346090429271754e+01 nan nan nan
8.150000000000000000e+02 3.594765493219548347e+01 3.517482454065650899e+01 nan nan nan
8.160000000000000000e+02 3.594765493219548347e+01 3.517618817702028622e+01 nan nan nan
8.170000000000000000e+02 3.594765493219548347e+01 3.517755181338406345e+01 nan nan nan
8.180000000000000000e+02 3.594765493219548347e+01 3.517891544974784779e+01 nan nan nan
8.190000000000000000e+02 3.594765493219549057e+01 3.518027908611163213e+01 nan nan nan
8.200000000000000000e+02 3.594765493219549057e+01 3.518164272247540936e+01 nan nan nan
8.210000000000000000e+02 3.594765493219548347e+01 3.518300635883918659e+01 nan nan nan
8.220000000000000000e+02 3.594765493219548347e+01 3.518436999520297803e+01 nan nan nan
8.230000000000000000e+02 3.594765493219549057e+01 3.518573363156674816e+01 nan nan nan
8.240000000000000000e+02 3.594765493219549057e+01 3.518709726793052539e+01 nan nan nan
8.250000000000000000e+02 3.594765493219548347e+01 3.518846090429430973e+01 nan nan nan
8.260000000000000000e+02 3.594765493219549057e+01 3.518982454065810117e+01 nan nan nan
8.270000000000000000e+02 3.594765493219548347e+01 3.519118817702187130e+01 nan nan nan
8.280000000000000000e+02 3.594765493219549057e+01 3.519255181338565563e+01 nan nan nan
8.290000000000000000e+02 3.594765493219549057e+01 3.519391544974943997e+01 nan nan nan
8.300000000000000000e+02 3.594765493219548347e+01 3.519527908611321720e+01 nan nan nan
8.310000000000000000e+02 3.594765493219549057e+01 3.519664272247700865e+01 nan nan nan
8.320000000000000000e+02 3.594765493219548347e+01 3.519800635884078588e+01 nan nan nan
8.330000000000000000e+02 3.594765493219548347e+01 3.519936999520455601e+01 nan nan nan
8.340000000000000000e+02 3.594765493219548347e+01 3.520073363156834034e+01 nan nan nan
8.350000000000000000e+02 3.594765493219548347e+01 3.520209726793213179e+01 nan nan nan
8.360000000000000000e+02 3.594765493219548347e+01 3.520346090429590902e+01 nan nan nan
8.370000000000000000e+02 3.594765493219548347e+01 3.520482454065968625e+01 nan nan nan
8.380000000000000000e+02 3.594765493219549057e+01 3.520618817702346348e+01 nan nan nan
8.390000000000000000e+02 3.594765493219549057e+01 3.520755181338725492e+01 nan nan nan
8.400000000000000000e+02 3.594765493219549057e+01 3.520891544975103216e+01 nan nan nan
8.410000000000000000e+02 3.594765493219549057e+01 3.521027908611480939e+01 nan nan nan
8.420000000000000000e+02 3.594765493219548347e+01 3.521164272247860083e+01 nan nan nan
8.430000000000000000e+02 3.594765493219548347e+01 3.521300635884237096e+01 nan nan nan
8.440000000000000000e+02 3.594765493219548347e+01 3.521436999520615529e+01 nan nan nan
8.450000000000000000e+02 3.594765493219548347e+01 3.521573363156993253e+01 nan nan nan
8.460000000000000000e+02 3.594765493219549057e+01 3.521709726793371686e+01 1.000000000000000000e+00 nan nan
8.470000000000000000e+02 3.594765493219548347e+01 3.521846090429749410e+01 1.000000000000000000e+00 nan nan
8.480000000000000000e+02 3.594765493219548347e+01 3.521982454066127843e+01 1.000000000000000000e+00 nan nan
8.490000000000000000e+02 3.594765493219549057e+01 3.522118817702506277e+01 nan nan nan
8.500000000000000000e+02 3.594765493219549057e+01 3.522255181338884000e+01 nan nan nan
8.510000000000000000e+02 3.594901856855913280e+01 3.517346090429272465e+01 nan nan nan
8.520000000000000000e+02 3.594901856855912570e+01 3.517482454065650188e+01 nan nan nan
8.530000000000000000e+02 3.594901856855912570e+01 3.517618817702029332e+01 nan nan nan
8.540000000000000000e+02 3.594901856855913280e+01 3.517755181338406345e+01 nan nan nan
8.550000000000000000e+02 3.594901856855912570e+01 3.517891544974785489e+01 nan nan nan
8.560000000000000000e+02 3.594901856855913280e+01 3.518027908611163213e+01 nan nan nan
8.570000000000000000e+02 3.594901856855912570e+01 3.518164272247540225e+01 nan nan nan
8.580000000000000000e+02 3.594901856855913280e+01 3.518300635883918659e+01 nan nan nan
8.590000000000000000e+02 3.594901856855913280e+01 3.518436999520297803e+01 nan nan nan
8.600000000000000000e+02 3.594901856855913280e+01 3.518573363156674816e+01 nan nan nan
8.610000000000000000e+02 3.594901856855912570e+01 3.518709726793052539e+01 nan nan nan
8.620000000000000000e+02 3.594901856855913280e+01 3.518846090429430973e+01 nan nan nan
8.630000000000000000e+02 3.594901856855912570e+01 3.518982454065810117e+01 nan nan nan
8.640000000000000000e+02 3.594901856855913280e+01 3.519118817702187840e+01 nan nan nan
8.650000000000000000e+02 3.594901856855912570e+01 3.519255181338564853e+01 nan nan nan
8.660000000000000000e+02 3.594901856855912570e+01 3.519391544974943287e+01 nan nan nan
8.670000000000000000e+02 3.594901856855913280e+01 3.519527908611322431e+01 nan nan nan
8.680000000000000000e+02 3.594901856855912570e+01 3.519664272247699444e+01 nan nan nan
8.690000000000000000e+02 3.594901856855912570e+01 3.519800635884077877e+01 nan nan nan
8.700000000000000000e+02 3.594901856855912570e+01 3.519936999520455601e+01 nan nan nan
8.710000000000000000e+02 3.594901856855913280e+01 3.520073363156834034e+01 nan nan nan
8.720000000000000000e+02 3.594901856855912570e+01 3.520209726793213179e+01 nan nan nan
8.730000000000000000e+02 3.594901856855912570e+01 3.520346090429590902e+01 nan nan nan
8.740000000000000000e+02 3.594901856855912570e+01 3.520482454065968625e+01 nan nan nan
8.750000000000000000e+02 3.594901856855913280e+01 3.520618817702346348e+01 nan nan nan
8.760000000000000000e+02 3.594901856855912570e+01 3.520755181338724782e+01 nan nan nan
8.770000000000000000e+02 3.594901856855912570e+01 3.520891544975102505e+01 nan nan nan
8.780000000000000000e+02 3.594901856855912570e+01 3.521027908611480939e+01 nan nan nan
8.790000000000000000e+02 3.594901856855912570e+01 3.521164272247858662e+01 nan nan nan
8.800000000000000000e+02 3.594901856855913280e+01 3.521300635884237096e+01 nan nan nan
8.810000000000000000e+02 3.594901856855912570e+01 3.521436999520614819e+01 nan nan nan
8.820000000000000000e+02 3.594901856855912570e+01 3.521573363156993963e+01 nan nan nan
8.830000000000000000e+02 3.594901856855913280e+01 3.521709726793372397e+01 nan nan nan
8.840000000000000000e+02 3.594901856855912570e+01 3.521846090429749410e+01 nan nan nan
8.850000000000000000e+02 3.594901856855912570e+01 3.521982454066127843e+01 1.000000000000000000e+00 nan nan
8.860000000000000000e+02 3.594901856855912570e+01 3.522118817702505567e+01 1.000000000000000000e+00 nan nan
8.870000000000000000e+02 3.594901856855912570e+01 3.522255181338882579e+01 nan nan nan
