1.000000000000000000e+00 3.339545285128587837e-01
3.000000000000000000e+00 3.646529167695976570e-01
5.000000000000000000e+00 3.870827893892748728e-01
7.000000000000000000e+00 4.069658822492474570e-01
9.000000000000000000e+00 4.246033891565454965e-01
1.100000000000000000e+01 4.399161677082673583e-01
1.300000000000000000e+01 4.531441326357392718e-01
1.500000000000000000e+01 4.646984048905549169e-01
1.700000000000000000e+01 4.750629323128174875e-01
1.900000000000000000e+01 4.843195252120997552e-01
2.100000000000000000e+01 4.924236601668836588e-01
2.300000000000000000e+01 4.991190146652320081e-01
2.500000000000000000e+01 5.044227602979454161e-01
2.700000000000000000e+01 5.084877660400739519e-01
2.900000000000000000e+01 5.113927958841140153e-01
3.100000000000000000e+01 5.133748104338400342e-01
3.300000000000000000e+01 5.145478303116576280e-01
3.500000000000000000e+01 5.151441561973388872e-01
3.700000000000000000e+01 5.153335635690849958e-01
3.900000000000000000e+01 5.153679487891491551e-01
4.100000000000000000e+01 5.153320043795417416e-01
4.300000000000000000e+01 5.153040019563495111e-01
4.500000000000000000e+01 5.153621681554840794e-01
4.700000000000000000e+01 5.155174671599673797e-01
4.900000000000000000e+01 5.158360105292780773e-01
5.100000000000000000e+01 5.163167229392329194e-01
5.300000000000000000e+01 5.166586468593776793e-01
5.500000000000000000e+01 5.168653967284688733e-01
5.700000000000000000e+01 5.169266326856010174e-01
5.900000000000000000e+01 5.168454950047227658e-01
6.100000000000000000e+01 5.166110573460178657e-01
6.300000000000000000e+01 5.162012103079471892e-01
6.500000000000000000e+01 5.156030707954593062e-01
6.700000000000000000e+01 5.147598736760938820e-01
6.900000000000000000e+01 5.136844010584851183e-01
7.100000000000000000e+01 5.127216104673282260e-01
7.300000000000000000e+01 5.118638822501856422e-01
7.500000000000000000e+01 5.111050563158867632e-01
7.700000000000000000e+01 5.105433167423139018e-01
7.900000000000000000e+01 5.101763251947815103e-01
8.100000000000000000e+01 5.100037247357660508e-01
8.300000000000000000e+01 5.100183105798334893e-01
8.500000000000000000e+01 5.102186290640094990e-01
8.700000000000000000e+01 5.106295265012670281e-01
8.900000000000000000e+01 5.112341810411817900e-01
9.100000000000000000e+01 5.119828333750878757e-01
9.300000000000000000e+01 5.128862921914019157e-01
9.500000000000000000e+01 5.138940406620823298e-01
9.700000000000000000e+01 5.149913618092748502e-01
9.900000000000000000e+01 5.161522820762312058e-01
1.010000000000000000e+02 5.174392402339664798e-01
1.030000000000000000e+02 5.188067380901916215e-01
1.050000000000000000e+02 5.202857859715197542e-01
1.070000000000000000e+02 5.217429546873695312e-01
1.090000000000000000e+02 5.231691378941634163e-01
1.110000000000000000e+02 5.245151176456650521e-01
1.130000000000000000e+02 5.258048343376420242e-01
1.150000000000000000e+02 5.269360558845783693e-01
1.170000000000000000e+02 5.279353148050727196e-01
1.190000000000000000e+02 5.287127775114742745e-01
1.210000000000000000e+02 5.292743541458330148e-01
1.230000000000000000e+02 5.296435201973066498e-01
1.250000000000000000e+02 5.298609967880562044e-01
1.270000000000000000e+02 5.299367591704557956e-01
1.290000000000000000e+02 5.299935974935987559e-01
1.310000000000000000e+02 5.300213886625849691e-01
1.330000000000000000e+02 5.300213886625851911e-01
1.350000000000000000e+02 5.300213886625847470e-01
1.370000000000000000e+02 5.300213886625844140e-01
1.390000000000000000e+02 5.300213886625844140e-01
1.410000000000000000e+02 5.300213886625848581e-01
1.430000000000000000e+02 5.300213886625850801e-01
1.450000000000000000e+02 5.300213886625846360e-01
1.470000000000000000e+02 5.300213886625848581e-01
1.490000000000000000e+02 5.300213886625853021e-01
