0.000000000000000000e+00 3.591407293146306756e+01 3.517334264867747606e+01 nan nan nan
1.000000000000000000e+00 3.591407293146306756e+01 3.517470628504125330e+01 nan nan nan
2.000000000000000000e+00 3.591407293146307467e+01 3.517606992140503763e+01 nan nan nan
3.000000000000000000e+00 3.591407293146306756e+01 3.517743355776881486e+01 nan nan nan
4.000000000000000000e+00 3.591407293146306756e+01 3.517879719413259920e+01 nan nan nan
5.000000000000000000e+00 3.591407293146306756e+01 3.518016083049637643e+01 nan nan nan
6.000000000000000000e+00 3.591407293146306756e+01 3.518152446686016077e+01 nan nan nan
7.000000000000000000e+00 3.591407293146306756e+01 3.518288810322393090e+01 nan nan nan
8.000000000000000000e+00 3.591407293146306756e+01 3.518425173958772234e+01 nan nan nan
9.000000000000000000e+00 3.591407293146306756e+01 3.518561537595150668e+01 nan nan nan
1.000000000000000000e+01 3.591407293146306756e+01 3.518697901231527680e+01 nan 1.000000000000000000e+00 nan
1.100000000000000000e+01 3.591407293146306756e+01 3.518834264867906825e+01 nan 1.000000000000000000e+00 nan
1.200000000000000000e+01 3.591407293146306756e+01 3.518970628504283837e+01 nan 1.000000000000000000e+00 nan
1.300000000000000000e+01 3.591407293146306756e+01 3.519106992140662982e+01 nan 1.000000000000000000e+00 nan
1.400000000000000000e+01 3.591407293146306756e+01 3.519243355777039994e+01 nan 1.000000000000000000e+00 nan
1.500000000000000000e+01 3.591407293146307467e+01 3.519379719413419139e+01 nan 1.000000000000000000e+00 nan
1.600000000000000000e+01 3.591407293146306756e+01 3.519516083049797572e+01 nan 1.000000000000000000e+00 nan
1.700000000000000000e+01 3.591407293146307467e+01 3.519652446686175296e+01 nan 1.000000000000000000e+00 nan
1.800000000000000000e+01 3.591407293146306756e+01 3.519788810322552308e+01 nan 1.000000000000000000e+00 nan
1.900000000000000000e+01 3.591407293146307467e+01 3.519925173958930742e+01 nan 1.000000000000000000e+00 nan
2.000000000000000000e+01 3.591407293146307467e+01 3.520061537595309886e+01 nan 1.000000000000000000e+00 nan
2.100000000000000000e+01 3.591407293146306756e+01 3.520197901231687609e+01 nan 1.000000000000000000e+00 nan
2.200000000000000000e+01 3.591407293146306756e+01 3.520334264868064622e+01 nan 1.000000000000000000e+00 nan
2.300000000000000000e+01 3.591407293146306756e+01 3.520470628504443766e+01 nan 1.000000000000000000e+00 nan
2.400000000000000000e+01 3.591407293146306756e+01 3.520606992140822200e+01 nan 1.000000000000000000e+00 nan
2.500000000000000000e+01 3.591407293146306756e+01 3.520743355777200634e+01 nan 1.000000000000000000e+00 nan
2.600000000000000000e+01 3.591407293146307467e+01 3.520879719413578357e+01 nan 1.000000000000000000e+00 nan
2.700000000000000000e+01 3.591407293146306756e+01 3.521016083049956080e+01 nan 1.000000000000000000e+00 nan
2.800000000000000000e+01 3.591407293146306756e+01 3.521152446686334514e+01 nan 1.000000000000000000e+00 nan
2.900000000000000000e+01 3.591407293146306756e+01 3.521288810322712237e+01 nan 1.000000000000000000e+00 nan
3.000000000000000000e+01 3.591407293146306756e+01 3.521425173959089960e+01 nan 1.000000000000000000e+00 nan
3.100000000000000000e+01 3.591407293146306756e+01 3.521561537595468394e+01 nan 1.000000000000000000e+00 nan
3.200000000000000000e+01 3.591407293146307467e+01 3.521697901231846828e+01 nan 1.000000000000000000e+00 nan
3.300000000000000000e+01 3.591407293146306756e+01 3.521834264868225262e+01 nan 1.000000000000000000e+00 nan
3.400000000000000000e+01 3.591407293146306756e+01 3.521970628504602985e+01 nan 1.000000000000000000e+00 nan
3.500000000000000000e+01 3.591543656782670269e+01 3.517334264867747606e+01 nan nan nan
3.600000000000000000e+01 3.591543656782670269e+01 3.517470628504125330e+01 nan nan nan
3.700000000000000000e+01 3.591543656782669558e+01 3.517606992140503763e+01 nan nan nan
3.800000000000000000e+01 3.591543656782670269e+01 3.517743355776881486e+01 nan nan nan
3.900000000000000000e+01 3.591543656782669558e+01 3.517879719413259920e+01 nan nan nan
4.000000000000000000e+01 3.591543656782670269e+01 3.518016083049637643e+01 nan nan nan
4.100000000000000000e+01 3.591543656782670269e+01 3.518152446686016077e+01 nan nan nan
4.200000000000000000e+01 3.591543656782670269e+01 3.518288810322393090e+01 nan 1.000000000000000000e+00 nan
4.300000000000000000e+01 3.591543656782670269e+01 3.518425173958772234e+01 1.000000000000000000e+00 1.000000000000000000e+00 1.000000000000000000e+00
4.400000000000000000e+01 3.591543656782669558e+01 3.518561537595150668e+01 nan 1.000000000000000000e+00 nan
4.500000000000000000e+01 3.591543656782669558e+01 3.518697901231527680e+01 nan 1.000000000000000000e+00 nan
4.600000000000000000e+01 3.591543656782670269e+01 3.518834264867906825e+01 nan 1.000000000000000000e+00 nan
4.700000000000000000e+01 3.591543656782670269e+01 3.518970628504283837e+01 nan 1.000000000000000000e+00 nan
4.800000000000000000e+01 3.591543656782670269e+01 3.519106992140662982e+01 nan 1.000000000000000000e+00 nan
4.900000000000000000e+01 3.591543656782670269e+01 3.519243355777039994e+01 nan 1.000000000000000000e+00 nan
5.000000000000000000e+01 3.591543656782670269e+01 3.519379719413419139e+01 1.000000000000000000e+00 1.000000000000000000e+00 1.000000000000000000e+00
5.100000000000000000e+01 3.591543656782670269e+01 3.519516083049797572e+01 nan 1.000000000000000000e+00 nan
5.200000000000000000e+01 3.591543656782670269e+01 3.519652446686175296e+01 nan 1.000000000000000000e+00 nan
5.300000000000000000e+01 3.591543656782669558e+01 3.519788810322552308e+01 1.000000000000000000e+00 1.000000000000000000e+00 1.000000000000000000e+00
5.400000000000000000e+01 3.591543656782669558e+01 3.519925173958930742e+01 nan 1.000000000000000000e+00 nan
5.500000000000000000e+01 3.591543656782670269e+01 3.520061537595309886e+01 nan 1.000000000000000000e+00 nan
5.600000000000000000e+01 3.591543656782669558e+01 3.520197901231687609e+01 nan 1.000000000000000000e+00 nan
5.700000000000000000e+01 3.591543656782670269e+01 3.520334264868064622e+01 nan 1.000000000000000000e+00 nan
5.800000000000000000e+01 3.591543656782670269e+01 3.520470628504443766e+01 nan 1.000000000000000000e+00 nan
5.900000000000000000e+01 3.591543656782669558e+01 3.520606992140822200e+01 nan 1.000000000000000000e+00 nan
6.000000000000000000e+01 3.591543656782670269e+01 3.520743355777200634e+01 nan 1.000000000000000000e+00 nan
6.100000000000000000e+01 3.591543656782670269e+01 3.520879719413578357e+01 nan 1.000000000000000000e+00 nan
6.200000000000000000e+01 3.591543656782670269e+01 3.521016083049956080e+01 nan 1.000000000000000000e+00 nan
6.300000000000000000e+01 3.591543656782669558e+01 3.521152446686334514e+01 nan 1.000000000000000000e+00 nan
6.400000000000000000e+01 3.591543656782670269e+01 3.521288810322712237e+01 nan 1.000000000000000000e+00 nan
6.500000000000000000e+01 3.591543656782670269e+01 3.521425173959089960e+01 nan 1.000000000000000000e+00 nan
6.600000000000000000e+01 3.591543656782670269e+01 3.521561537595468394e+01 nan 1.000000000000000000e+00 nan
6.700000000000000000e+01 3.591543656782670269e+01 3.521697901231846828e+01 nan 1.000000000000000000e+00 nan
6.800000000000000000e+01 3.591543656782670269e+01 3.521834264868225262e+01 nan 1.000000000000000000e+00 nan
6.900000000000000000e+01 3.591543656782670269e+01 3.521970628504602985e+01 nan 1.000000000000000000e+00 nan
7.000000000000000000e+01 3.591680020419034491e+01 3.517334264867747606e+01 1.000000000000000000e+00 nan nan
7.100000000000000000e+01 3.591680020419034491e+01 3.517470628504125330e+01 1.000000000000000000e+00 nan nan
7.200000000000000000e+01 3.591680020419034491e+01 3.517606992140503763e+01 1.000000000000000000e+00 nan nan
7.300000000000000000e+01 3.591680020419035202e+01 3.517743355776882908e+01 1.000000000000000000e+00 nan nan
7.400000000000000000e+01 3.591680020419033781e+01 3.517879719413260631e+01 1.000000000000000000e+00 1.000000000000000000e+00 1.000000000000000000e+00
7.500000000000000000e+01 3.591680020419035202e+01 3.518016083049638354e+01 1.000000000000000000e+00 1.000000000000000000e+00 1.000000000000000000e+00
7.600000000000000000e+01 3.591680020419033781e+01 3.518152446686016077e+01 1.000000000000000000e+00 1.000000000000000000e+00 1.000000000000000000e+00
7.700000000000000000e+01 3.591680020419034491e+01 3.518288810322393800e+01 nan 1.000000000000000000e+00 nan
7.800000000000000000e+01 3.591680020419034491e+01 3.518425173958772945e+01 nan 1.000000000000000000e+00 nan
7.900000000000000000e+01 3.591680020419035202e+01 3.518561537595150668e+01 1.000000000000000000e+00 1.000000000000000000e+00 1.000000000000000000e+00
8.000000000000000000e+01 3.591680020419034491e+01 3.518697901231528391e+01 nan 1.000000000000000000e+00 nan
8.100000000000000000e+01 3.591680020419035202e+01 3.518834264867906825e+01 1.000000000000000000e+00 1.000000000000000000e+00 1.000000000000000000e+00
8.200000000000000000e+01 3.591680020419033781e+01 3.518970628504285258e+01 1.000000000000000000e+00 1.000000000000000000e+00 1.000000000000000000e+00
8.300000000000000000e+01 3.591680020419033781e+01 3.519106992140662982e+01 nan 1.000000000000000000e+00 nan
8.400000000000000000e+01 3.591680020419034491e+01 3.519243355777039994e+01 nan 1.000000000000000000e+00 nan
8.500000000000000000e+01 3.591680020419034491e+01 3.519379719413419139e+01 nan 1.000000000000000000e+00 nan
8.600000000000000000e+01 3.591680020419033781e+01 3.519516083049797572e+01 nan 1.000000000000000000e+00 nan
8.700000000000000000e+01 3.591680020419034491e+01 3.519652446686175296e+01 nan 1.000000000000000000e+00 nan
8.800000000000000000e+01 3.591680020419034491e+01 3.519788810322553019e+01 nan 1.000000000000000000e+00 nan
8.900000000000000000e+01 3.591680020419034491e+01 3.519925173958930742e+01 nan 1.000000000000000000e+00 nan
9.000000000000000000e+01 3.591680020419035202e+01 3.520061537595309176e+01 nan 1.000000000000000000e+00 nan
9.100000000000000000e+01 3.591680020419033781e+01 3.520197901231687609e+01 nan 1.000000000000000000e+00 nan
9.200000000000000000e+01 3.591680020419033781e+01 3.520334264868065333e+01 nan 1.000000000000000000e+00 nan
9.300000000000000000e+01 3.591680020419034491e+01 3.520470628504443056e+01 nan 1.000000000000000000e+00 nan
9.400000000000000000e+01 3.591680020419034491e+01 3.520606992140822200e+01 nan 1.000000000000000000e+00 nan
9.500000000000000000e+01 3.591680020419033781e+01 3.520743355777199923e+01 nan 1.000000000000000000e+00 nan
9.600000000000000000e+01 3.591680020419035202e+01 3.520879719413578357e+01 nan 1.000000000000000000e+00 nan
9.700000000000000000e+01 3.591680020419035202e+01 3.521016083049956080e+01 nan 1.000000000000000000e+00 nan
9.800000000000000000e+01 3.591680020419034491e+01 3.521152446686334514e+01 nan 1.000000000000000000e+00 nan
9.900000000000000000e+01 3.591680020419034491e+01 3.521288810322712237e+01 nan 1.000000000000000000e+00 nan
1.000000000000000000e+02 3.591680020419033781e+01 3.521425173959089960e+01 nan 1.000000000000000000e+00 nan
1.010000000000000000e+02 3.591680020419034491e+01 3.521561537595467684e+01 nan 1.000000000000000000e+00 nan
1.020000000000000000e+02 3.591680020419035202e+01 3.521697901231846828e+01 nan 1.000000000000000000e+00 nan
1.030000000000000000e+02 3.591680020419034491e+01 3.521834264868224551e+01 nan 1.000000000000000000e+00 nan
1.040000000000000000e+02 3.591680020419033781e+01 3.521970628504602985e+01 nan 1.000000000000000000e+00 nan
1.050000000000000000e+02 3.591816384055398004e+01 3.517334264867748317e+01 1.000000000000000000e+00 nan nan
1.060000000000000000e+02 3.591816384055397293e+01 3.517470628504125330e+01 1.000000000000000000e+00 nan nan
1.070000000000000000e+02 3.591816384055398004e+01 3.517606992140503763e+01 1.000000000000000000e+00 nan nan
1.080000000000000000e+02 3.591816384055398714e+01 3.517743355776881486e+01 1.000000000000000000e+00 1.000000000000000000e+00 1.000000000000000000e+00
1.090000000000000000e+02 3.591816384055398004e+01 3.517879719413260631e+01 1.000000000000000000e+00 1.000000000000000000e+00 1.000000000000000000e+00
1.100000000000000000e+02 3.591816384055398004e+01 3.518016083049637643e+01 1.000000000000000000e+00 1.000000000000000000e+00 1.000000000000000000e+00
1.110000000000000000e+02 3.591816384055398004e+01 3.518152446686016077e+01 1.000000000000000000e+00 1.000000000000000000e+00 1.000000000000000000e+00
1.120000000000000000e+02 3.591816384055398004e+01 3.518288810322394511e+01 1.000000000000000000e+00 1.000000000000000000e+00 1.000000000000000000e+00
1.130000000000000000e+02 3.591816384055398714e+01 3.518425173958772945e+01 1.000000000000000000e+00 1.000000000000000000e+00 1.000000000000000000e+00
1.140000000000000000e+02 3.591816384055398714e+01 3.518561537595149957e+01 1.000000000000000000e+00 1.000000000000000000e+00 1.000000000000000000e+00
1.150000000000000000e+02 3.591816384055398004e+01 3.518697901231527680e+01 1.000000000000000000e+00 1.000000000000000000e+00 1.000000000000000000e+00
1.160000000000000000e+02 3.591816384055398004e+01 3.518834264867906825e+01 1.000000000000000000e+00 1.000000000000000000e+00 1.000000000000000000e+00
1.170000000000000000e+02 3.591816384055398004e+01 3.518970628504283837e+01 nan 1.000000000000000000e+00 nan
1.180000000000000000e+02 3.591816384055398714e+01 3.519106992140662271e+01 1.000000000000000000e+00 1.000000000000000000e+00 1.000000000000000000e+00
1.190000000000000000e+02 3.591816384055398714e+01 3.519243355777039994e+01 1.000000000000000000e+00 1.000000000000000000e+00 1.000000000000000000e+00
1.200000000000000000e+02 3.591816384055398004e+01 3.519379719413419139e+01 nan 1.000000000000000000e+00 nan
1.210000000000000000e+02 3.591816384055398714e+01 3.519516083049796862e+01 1.000000000000000000e+00 1.000000000000000000e+00 1.000000000000000000e+00
1.220000000000000000e+02 3.591816384055398004e+01 3.519652446686175296e+01 nan 1.000000000000000000e+00 nan
1.230000000000000000e+02 3.591816384055398004e+01 3.519788810322553019e+01 nan 1.000000000000000000e+00 nan
1.240000000000000000e+02 3.591816384055397293e+01 3.519925173958930742e+01 nan 1.000000000000000000e+00 nan
1.250000000000000000e+02 3.591816384055398714e+01 3.520061537595309886e+01 nan 1.000000000000000000e+00 nan
1.260000000000000000e+02 3.591816384055397293e+01 3.520197901231687609e+01 nan 1.000000000000000000e+00 nan
1.270000000000000000e+02 3.591816384055398714e+01 3.520334264868065333e+01 nan 1.000000000000000000e+00 nan
1.280000000000000000e+02 3.591816384055398714e+01 3.520470628504443766e+01 nan 1.000000000000000000e+00 nan
1.290000000000000000e+02 3.591816384055398714e+01 3.520606992140822200e+01 nan 1.000000000000000000e+00 nan
1.300000000000000000e+02 3.591816384055398714e+01 3.520743355777200634e+01 nan 1.000000000000000000e+00 nan
1.310000000000000000e+02 3.591816384055398714e+01 3.520879719413578357e+01 nan 1.000000000000000000e+00 nan
1.320000000000000000e+02 3.591816384055398004e+01 3.521016083049956080e+01 nan 1.000000000000000000e+00 nan
1.330000000000000000e+02 3.591816384055398714e+01 3.521152446686334514e+01 nan 1.000000000000000000e+00 nan
1.340000000000000000e+02 3.591816384055397293e+01 3.521288810322712237e+01 nan 1.000000000000000000e+00 nan
1.350000000000000000e+02 3.591816384055398004e+01 3.521425173959089960e+01 nan 1.000000000000000000e+00 nan
1.360000000000000000e+02 3.591816384055398004e+01 3.521561537595468394e+01 nan 1.000000000000000000e+00 nan
1.370000000000000000e+02 3.591816384055398004e+01 3.521697901231846828e+01 nan 1.000000000000000000e+00 nan
1.380000000000000000e+02 3.591816384055398004e+01 3.521834264868225262e+01 nan 1.000000000000000000e+00 nan
1.390000000000000000e+02 3.591816384055398714e+01 3.521970628504604406e+01 nan 1.000000000000000000e+00 nan
1.400000000000000000e+02 3.591952747691760806e+01 3.517334264867748317e+01 1.000000000000000000e+00 nan nan
1.410000000000000000e+02 3.591952747691761516e+01 3.517470628504125330e+01 1.000000000000000000e+00 1.000000000000000000e+00 1.000000000000000000e+00
1.420000000000000000e+02 3.591952747691762227e+01 3.517606992140503763e+01 1.000000000000000000e+00 1.000000000000000000e+00 1.000000000000000000e+00
1.430000000000000000e+02 3.591952747691762227e+01 3.517743355776881486e+01 1.000000000000000000e+00 1.000000000000000000e+00 1.000000000000000000e+00
1.440000000000000000e+02 3.591952747691761516e+01 3.517879719413260631e+01 1.000000000000000000e+00 1.000000000000000000e+00 1.000000000000000000e+00
1.450000000000000000e+02 3.591952747691762227e+01 3.518016083049637643e+01 1.000000000000000000e+00 1.000000000000000000e+00 1.000000000000000000e+00
1.460000000000000000e+02 3.591952747691761516e+01 3.518152446686016077e+01 1.000000000000000000e+00 1.000000000000000000e+00 1.000000000000000000e+00
1.470000000000000000e+02 3.591952747691760806e+01 3.518288810322394511e+01 1.000000000000000000e+00 1.000000000000000000e+00 1.000000000000000000e+00
1.480000000000000000e+02 3.591952747691761516e+01 3.518425173958772945e+01 1.000000000000000000e+00 1.000000000000000000e+00 1.000000000000000000e+00
1.490000000000000000e+02 3.591952747691762227e+01 3.518561537595149957e+01 1.000000000000000000e+00 1.000000000000000000e+00 1.000000000000000000e+00
1.500000000000000000e+02 3.591952747691760806e+01 3.518697901231527680e+01 1.000000000000000000e+00 1.000000000000000000e+00 1.000000000000000000e+00
1.510000000000000000e+02 3.591952747691762227e+01 3.518834264867906825e+01 1.000000000000000000e+00 1.000000000000000000e+00 1.000000000000000000e+00
1.520000000000000000e+02 3.591952747691762227e+01 3.518970628504283837e+01 1.000000000000000000e+00 1.000000000000000000e+00 1.000000000000000000e+00
1.530000000000000000e+02 3.591952747691762227e+01 3.519106992140662271e+01 1.000000000000000000e+00 1.000000000000000000e+00 1.000000000000000000e+00
1.540000000000000000e+02 3.591952747691762227e+01 3.519243355777039994e+01 1.000000000000000000e+00 1.000000000000000000e+00 1.000000000000000000e+00
1.550000000000000000e+02 3.591952747691761516e+01 3.519379719413419139e+01 nan 1.000000000000000000e+00 nan
1.560000000000000000e+02 3.591952747691761516e+01 3.519516083049796862e+01 nan 1.000000000000000000e+00 nan
1.570000000000000000e+02 3.591952747691761516e+01 3.519652446686175296e+01 1.000000000000000000e+00 1.000000000000000000e+00 1.000000000000000000e+00
1.580000000000000000e+02 3.591952747691762227e+01 3.519788810322553019e+01 nan 1.000000000000000000e+00 nan
1.590000000000000000e+02 3.591952747691762227e+01 3.519925173958930742e+01 1.000000000000000000e+00 1.000000000000000000e+00 1.000000000000000000e+00
1.600000000000000000e+02 3.591952747691760806e+01 3.520061537595309886e+01 nan 1.000000000000000000e+00 nan
1.610000000000000000e+02 3.591952747691761516e+01 3.520197901231687609e+01 nan 1.000000000000000000e+00 nan
1.620000000000000000e+02 3.591952747691760806e+01 3.520334264868065333e+01 nan 1.000000000000000000e+00 nan
1.630000000000000000e+02 3.591952747691761516e+01 3.520470628504443766e+01 nan 1.000000000000000000e+00 nan
1.640000000000000000e+02 3.591952747691761516e+01 3.520606992140822200e+01 nan 1.000000000000000000e+00 nan
1.650000000000000000e+02 3.591952747691762227e+01 3.520743355777200634e+01 nan 1.000000000000000000e+00 nan
1.660000000000000000e+02 3.591952747691761516e+01 3.520879719413578357e+01 nan 1.000000000000000000e+00 nan
1.670000000000000000e+02 3.591952747691761516e+01 3.521016083049956080e+01 nan 1.000000000000000000e+00 nan
1.680000000000000000e+02 3.591952747691762227e+01 3.521152446686334514e+01 nan 1.000000000000000000e+00 nan
1.690000000000000000e+02 3.591952747691762227e+01 3.521288810322712237e+01 nan 1.000000000000000000e+00 nan
1.700000000000000000e+02 3.591952747691760806e+01 3.521425173959089960e+01 nan 1.000000000000000000e+00 nan
1.710000000000000000e+02 3.591952747691761516e+01 3.521561537595468394e+01 nan 1.000000000000000000e+00 nan
1.720000000000000000e+02 3.591952747691760806e+01 3.521697901231846828e+01 nan 1.000000000000000000e+00 nan
1.730000000000000000e+02 3.591952747691761516e+01 3.521834264868225262e+01 nan 1.000000000000000000e+00 nan
1.740000000000000000e+02 3.591952747691761516e+01 3.521970628504604406e+01 nan 1.000000000000000000e+00 nan
1.750000000000000000e+02 3.592089111328125028e+01 3.517334264867747606e+01 1.000000000000000000e+00 nan nan
1.760000000000000000e+02 3.592089111328124318e+01 3.517470628504125330e+01 nan 1.000000000000000000e+00 nan
1.770000000000000000e+02 3.592089111328125028e+01 3.517606992140503763e+01 nan 1.000000000000000000e+00 nan
1.780000000000000000e+02 3.592089111328125028e+01 3.517743355776882908e+01 1.000000000000000000e+00 1.000000000000000000e+00 1.000000000000000000e+00
1.790000000000000000e+02 3.592089111328125028e+01 3.517879719413259920e+01 1.000000000000000000e+00 1.000000000000000000e+00 1.000000000000000000e+00
1.800000000000000000e+02 3.592089111328125028e+01 3.518016083049637643e+01 1.000000000000000000e+00 1.000000000000000000e+00 1.000000000000000000e+00
1.810000000000000000e+02 3.592089111328125028e+01 3.518152446686016077e+01 1.000000000000000000e+00 1.000000000000000000e+00 1.000000000000000000e+00
1.820000000000000000e+02 3.592089111328125028e+01 3.518288810322394511e+01 1.000000000000000000e+00 1.000000000000000000e+00 1.000000000000000000e+00
1.830000000000000000e+02 3.592089111328125028e+01 3.518425173958772945e+01 1.000000000000000000e+00 1.000000000000000000e+00 1.000000000000000000e+00
1.840000000000000000e+02 3.592089111328125028e+01 3.518561537595150668e+01 nan 1.000000000000000000e+00 nan
1.850000000000000000e+02 3.592089111328125028e+01 3.518697901231528391e+01 1.000000000000000000e+00 1.000000000000000000e+00 1.000000000000000000e+00
1.860000000000000000e+02 3.592089111328125028e+01 3.518834264867906825e+01 nan 1.000000000000000000e+00 nan
1.870000000000000000e+02 3.592089111328125028e+01 3.518970628504284548e+01 1.000000000000000000e+00 1.000000000000000000e+00 1.000000000000000000e+00
1.880000000000000000e+02 3.592089111328125028e+01 3.519106992140662271e+01 1.000000000000000000e+00 1.000000000000000000e+00 1.000000000000000000e+00
1.890000000000000000e+02 3.592089111328125028e+01 3.519243355777039994e+01 1.000000000000000000e+00 1.000000000000000000e+00 1.000000000000000000e+00
1.900000000000000000e+02 3.592089111328125028e+01 3.519379719413419139e+01 1.000000000000000000e+00 1.000000000000000000e+00 1.000000000000000000e+00
1.910000000000000000e+02 3.592089111328125028e+01 3.519516083049797572e+01 1.000000000000000000e+00 1.000000000000000000e+00 1.000000000000000000e+00
1.920000000000000000e+02 3.592089111328125028e+01 3.519652446686175296e+01 1.000000000000000000e+00 1.000000000000000000e+00 1.000000000000000000e+00
1.930000000000000000e+02 3.592089111328125028e+01 3.519788810322552308e+01 1.000000000000000000e+00 1.000000000000000000e+00 1.000000000000000000e+00
1.940000000000000000e+02 3.592089111328125028e+01 3.519925173958930742e+01 1.000000000000000000e+00 1.000000000000000000e+00 1.000000000000000000e+00
1.950000000000000000e+02 3.592089111328125028e+01 3.520061537595309886e+01 1.000000000000000000e+00 1.000000000000000000e+00 1.000000000000000000e+00
1.960000000000000000e+02 3.592089111328125028e+01 3.520197901231687609e+01 nan 1.000000000000000000e+00 nan
1.970000000000000000e+02 3.592089111328125028e+01 3.520334264868065333e+01 nan 1.000000000000000000e+00 nan
1.980000000000000000e+02 3.592089111328125028e+01 3.520470628504443766e+01 nan 1.000000000000000000e+00 nan
1.990000000000000000e+02 3.592089111328125028e+01 3.520606992140822200e+01 1.000000000000000000e+00 1.000000000000000000e+00 1.000000000000000000e+00
2.000000000000000000e+02 3.592089111328125028e+01 3.520743355777199923e+01 nan 1.000000000000000000e+00 nan
2.010000000000000000e+02 3.592089111328125028e+01 3.520879719413578357e+01 nan 1.000000000000000000e+00 nan
2.020000000000000000e+02 3.592089111328125028e+01 3.521016083049956080e+01 nan 1.000000000000000000e+00 nan
2.030000000000000000e+02 3.592089111328125028e+01 3.521152446686334514e+01 nan 1.000000000000000000e+00 nan
2.040000000000000000e+02 3.592089111328125028e+01 3.521288810322712948e+01 nan 1.000000000000000000e+00 nan
2.050000000000000000e+02 3.592089111328124318e+01 3.521425173959089960e+01 nan 1.000000000000000000e+00 nan
2.060000000000000000e+02 3.592089111328125028e+01 3.521561537595468394e+01 nan 1.000000000000000000e+00 nan
2.070000000000000000e+02 3.592089111328125028e+01 3.521697901231846828e+01 nan 1.000000000000000000e+00 nan
2.080000000000000000e+02 3.592089111328125028e+01 3.521834264868225262e+01 nan 1.000000000000000000e+00 nan
2.090000000000000000e+02 3.592089111328125028e+01 3.521970628504604406e+01 nan 1.000000000000000000e+00 nan
2.100000000000000000e+02 3.592225474964489251e+01 3.517334264867748317e+01 nan 1.000000000000000000e+00 nan
2.110000000000000000e+02 3.592225474964489251e+01 3.517470628504125330e+01 nan 1.000000000000000000e+00 nan
2.120000000000000000e+02 3.592225474964488541e+01 3.517606992140503763e+01 nan 1.000000000000000000e+00 nan
2.130000000000000000e+02 3.592225474964488541e+01 3.517743355776881486e+01 1.000000000000000000e+00 1.000000000000000000e+00 1.000000000000000000e+00
2.140000000000000000e+02 3.592225474964489251e+01 3.517879719413260631e+01 nan 1.000000000000000000e+00 nan
2.150000000000000000e+02 3.592225474964489251e+01 3.518016083049637643e+01 1.000000000000000000e+00 1.000000000000000000e+00 1.000000000000000000e+00
2.160000000000000000e+02 3.592225474964488541e+01 3.518152446686016077e+01 1.000000000000000000e+00 1.000000000000000000e+00 1.000000000000000000e+00
2.170000000000000000e+02 3.592225474964489251e+01 3.518288810322394511e+01 1.000000000000000000e+00 1.000000000000000000e+00 1.000000000000000000e+00
2.180000000000000000e+02 3.592225474964488541e+01 3.518425173958772945e+01 1.000000000000000000e+00 1.000000000000000000e+00 1.000000000000000000e+00
2.190000000000000000e+02 3.592225474964487830e+01 3.518561537595149957e+01 1.000000000000000000e+00 1.000000000000000000e+00 1.000000000000000000e+00
2.200000000000000000e+02 3.592225474964488541e+01 3.518697901231527680e+01 1.000000000000000000e+00 1.000000000000000000e+00 1.000000000000000000e+00
2.210000000000000000e+02 3.592225474964487830e+01 3.518834264867906825e+01 1.000000000000000000e+00 1.000000000000000000e+00 1.000000000000000000e+00
2.220000000000000000e+02 3.592225474964488541e+01 3.518970628504283837e+01 1.000000000000000000e+00 1.000000000000000000e+00 1.000000000000000000e+00
2.230000000000000000e+02 3.592225474964488541e+01 3.519106992140662271e+01 1.000000000000000000e+00 1.000000000000000000e+00 1.000000000000000000e+00
2.240000000000000000e+02 3.592225474964488541e+01 3.519243355777039994e+01 1.000000000000000000e+00 1.000000000000000000e+00 1.000000000000000000e+00
2.250000000000000000e+02 3.592225474964488541e+01 3.519379719413419139e+01 1.000000000000000000e+00 1.000000000000000000e+00 1.000000000000000000e+00
2.260000000000000000e+02 3.592225474964489251e+01 3.519516083049796862e+01 1.000000000000000000e+00 1.000000000000000000e+00 1.000000000000000000e+00
2.270000000000000000e+02 3.592225474964488541e+01 3.519652446686175296e+01 nan 1.000000000000000000e+00 nan
2.280000000000000000e+02 3.592225474964489251e+01 3.519788810322553019e+01 1.000000000000000000e+00 1.000000000000000000e+00 1.000000000000000000e+00
2.290000000000000000e+02 3.592225474964489251e+01 3.519925173958930742e+01 1.000000000000000000e+00 1.000000000000000000e+00 1.000000000000000000e+00
2.300000000000000000e+02 3.592225474964489251e+01 3.520061537595309886e+01 1.000000000000000000e+00 1.000000000000000000e+00 1.000000000000000000e+00
2.310000000000000000e+02 3.592225474964487830e+01 3.520197901231687609e+01 nan 1.000000000000000000e+00 nan
2.320000000000000000e+02 3.592225474964489251e+01 3.520334264868065333e+01 nan 1.000000000000000000e+00 nan
2.330000000000000000e+02 3.592225474964489251e+01 3.520470628504443766e+01 1.000000000000000000e+00 1.000000000000000000e+00 1.000000000000000000e+00
2.340000000000000000e+02 3.592225474964488541e+01 3.520606992140822200e+01 nan 1.000000000000000000e+00 nan
2.350000000000000000e+02 3.592225474964488541e+01 3.520743355777200634e+01 nan 1.000000000000000000e+00 nan
2.360000000000000000e+02 3.592225474964488541e+01 3.520879719413578357e+01 nan 1.000000000000000000e+00 nan
2.370000000000000000e+02 3.592225474964489251e+01 3.521016083049956080e+01 nan 1.000000000000000000e+00 nan
2.380000000000000000e+02 3.592225474964489251e+01 3.521152446686334514e+01 nan 1.000000000000000000e+00 nan
2.390000000000000000e+02 3.592225474964489251e+01 3.521288810322712237e+01 nan 1.000000000000000000e+00 nan
2.400000000000000000e+02 3.592225474964489251e+01 3.521425173959089960e+01 nan 1.000000000000000000e+00 nan
2.410000000000000000e+02 3.592225474964488541e+01 3.521561537595468394e+01 nan 1.000000000000000000e+00 nan
2.420000000000000000e+02 3.592225474964488541e+01 3.521697901231846828e+01 nan 1.000000000000000000e+00 nan
2.430000000000000000e+02 3.592225474964488541e+01 3.521834264868225262e+01 nan 1.000000000000000000e+00 nan
2.440000000000000000e+02 3.592225474964488541e+01 3.521970628504604406e+01 nan 1.000000000000000000e+00 nan
2.450000000000000000e+02 3.592361838600852053e+01 3.517334264867748317e+01 nan nan nan
2.460000000000000000e+02 3.592361838600852053e+01 3.517470628504125330e+01 nan 1.000000000000000000e+00 nan
2.470000000000000000e+02 3.592361838600852764e+01 3.517606992140503763e+01 1.000000000000000000e+00 1.000000000000000000e+00 1.000000000000000000e+00
2.480000000000000000e+02 3.592361838600852053e+01 3.517743355776881486e+01 nan 1.000000000000000000e+00 nan
2.490000000000000000e+02 3.592361838600852764e+01 3.517879719413260631e+01 1.000000000000000000e+00 1.000000000000000000e+00 1.000000000000000000e+00
2.500000000000000000e+02 3.592361838600852764e+01 3.518016083049637643e+01 nan 1.000000000000000000e+00 nan
2.510000000000000000e+02 3.592361838600852764e+01 3.518152446686016077e+01 1.000000000000000000e+00 1.000000000000000000e+00 1.000000000000000000e+00
2.520000000000000000e+02 3.592361838600852764e+01 3.518288810322394511e+01 1.000000000000000000e+00 1.000000000000000000e+00 1.000000000000000000e+00
2.530000000000000000e+02 3.592361838600852053e+01 3.518425173958772945e+01 1.000000000000000000e+00 1.000000000000000000e+00 1.000000000000000000e+00
2.540000000000000000e+02 3.592361838600852053e+01 3.518561537595149957e+01 nan 1.000000000000000000e+00 nan
2.550000000000000000e+02 3.592361838600851343e+01 3.518697901231527680e+01 nan 1.000000000000000000e+00 nan
2.560000000000000000e+02 3.592361838600852053e+01 3.518834264867906825e+01 1.000000000000000000e+00 1.000000000000000000e+00 1.000000000000000000e+00
2.570000000000000000e+02 3.592361838600852764e+01 3.518970628504283837e+01 1.000000000000000000e+00 1.000000000000000000e+00 1.000000000000000000e+00
2.580000000000000000e+02 3.592361838600852764e+01 3.519106992140662271e+01 1.000000000000000000e+00 1.000000000000000000e+00 1.000000000000000000e+00
2.590000000000000000e+02 3.592361838600851343e+01 3.519243355777039994e+01 1.000000000000000000e+00 1.000000000000000000e+00 1.000000000000000000e+00
2.600000000000000000e+02 3.592361838600852053e+01 3.519379719413419139e+01 1.000000000000000000e+00 1.000000000000000000e+00 1.000000000000000000e+00
2.610000000000000000e+02 3.592361838600852764e+01 3.519516083049796862e+01 1.000000000000000000e+00 1.000000000000000000e+00 1.000000000000000000e+00
2.620000000000000000e+02 3.592361838600852764e+01 3.519652446686175296e+01 1.000000000000000000e+00 1.000000000000000000e+00 1.000000000000000000e+00
2.630000000000000000e+02 3.592361838600852764e+01 3.519788810322553019e+01 nan 1.000000000000000000e+00 nan
2.640000000000000000e+02 3.592361838600852764e+01 3.519925173958930742e+01 nan 1.000000000000000000e+00 nan
2.650000000000000000e+02 3.592361838600852764e+01 3.520061537595309886e+01 1.000000000000000000e+00 1.000000000000000000e+00 1.000000000000000000e+00
2.660000000000000000e+02 3.592361838600852764e+01 3.520197901231687609e+01 1.000000000000000000e+00 1.000000000000000000e+00 1.000000000000000000e+00
2.670000000000000000e+02 3.592361838600852053e+01 3.520334264868065333e+01 1.000000000000000000e+00 1.000000000000000000e+00 1.000000000000000000e+00
2.680000000000000000e+02 3.592361838600852053e+01 3.520470628504443766e+01 nan 1.000000000000000000e+00 nan
2.690000000000000000e+02 3.592361838600852764e+01 3.520606992140822200e+01 1.000000000000000000e+00 1.000000000000000000e+00 1.000000000000000000e+00
2.700000000000000000e+02 3.592361838600852764e+01 3.520743355777200634e+01 nan 1.000000000000000000e+00 nan
2.710000000000000000e+02 3.592361838600852764e+01 3.520879719413578357e+01 1.000000000000000000e+00 1.000000000000000000e+00 1.000000000000000000e+00
2.720000000000000000e+02 3.592361838600851343e+01 3.521016083049956080e+01 nan 1.000000000000000000e+00 nan
2.730000000000000000e+02 3.592361838600852764e+01 3.521152446686334514e+01 nan 1.000000000000000000e+00 nan
2.740000000000000000e+02 3.592361838600852053e+01 3.521288810322712237e+01 nan 1.000000000000000000e+00 nan
2.750000000000000000e+02 3.592361838600852764e+01 3.521425173959089960e+01 nan 1.000000000000000000e+00 nan
2.760000000000000000e+02 3.592361838600852764e+01 3.521561537595468394e+01 nan 1.000000000000000000e+00 nan
2.770000000000000000e+02 3.592361838600852764e+01 3.521697901231846828e+01 nan 1.000000000000000000e+00 nan
2.780000000000000000e+02 3.592361838600852764e+01 3.521834264868225262e+01 nan 1.000000000000000000e+00 nan
2.790000000000000000e+02 3.592361838600852764e+01 3.521970628504604406e+01 nan 1.000000000000000000e+00 nan
2.800000000000000000e+02 3.592498202237215565e+01 3.517334264867747606e+01 nan nan nan
2.810000000000000000e+02 3.592498202237215565e+01 3.517470628504125330e+01 nan nan nan
2.820000000000000000e+02 3.592498202237215565e+01 3.517606992140503763e+01 nan 1.000000000000000000e+00 nan
2.830000000000000000e+02 3.592498202237215565e+01 3.517743355776882908e+01 nan 1.000000000000000000e+00 nan
2.840000000000000000e+02 3.592498202237215565e+01 3.517879719413259210e+01 nan 1.000000000000000000e+00 nan
2.850000000000000000e+02 3.592498202237215565e+01 3.518016083049638354e+01 1.000000000000000000e+00 1.000000000000000000e+00 1.000000000000000000e+00
2.860000000000000000e+02 3.592498202237216276e+01 3.518152446686015367e+01 1.000000000000000000e+00 1.000000000000000000e+00 1.000000000000000000e+00
2.870000000000000000e+02 3.592498202237215565e+01 3.518288810322393800e+01 nan 1.000000000000000000e+00 nan
2.880000000000000000e+02 3.592498202237215565e+01 3.518425173958772945e+01 nan 1.000000000000000000e+00 nan
2.890000000000000000e+02 3.592498202237216276e+01 3.518561537595150668e+01 1.000000000000000000e+00 1.000000000000000000e+00 1.000000000000000000e+00
2.900000000000000000e+02 3.592498202237215565e+01 3.518697901231528391e+01 1.000000000000000000e+00 1.000000000000000000e+00 1.000000000000000000e+00
2.910000000000000000e+02 3.592498202237216276e+01 3.518834264867906825e+01 1.000000000000000000e+00 1.000000000000000000e+00 1.000000000000000000e+00
2.920000000000000000e+02 3.592498202237215565e+01 3.518970628504284548e+01 1.000000000000000000e+00 1.000000000000000000e+00 1.000000000000000000e+00
2.930000000000000000e+02 3.592498202237215565e+01 3.519106992140662271e+01 1.000000000000000000e+00 1.000000000000000000e+00 1.000000000000000000e+00
2.940000000000000000e+02 3.592498202237215565e+01 3.519243355777039994e+01 1.000000000000000000e+00 1.000000000000000000e+00 1.000000000000000000e+00
2.950000000000000000e+02 3.592498202237215565e+01 3.519379719413419139e+01 1.000000000000000000e+00 1.000000000000000000e+00 1.000000000000000000e+00
2.960000000000000000e+02 3.592498202237215565e+01 3.519516083049796862e+01 nan 1.000000000000000000e+00 nan
2.970000000000000000e+02 3.592498202237216276e+01 3.519652446686175296e+01 nan 1.000000000000000000e+00 nan
2.980000000000000000e+02 3.592498202237215565e+01 3.519788810322552308e+01 1.000000000000000000e+00 1.000000000000000000e+00 1.000000000000000000e+00
2.990000000000000000e+02 3.592498202237215565e+01 3.519925173958930742e+01 1.000000000000000000e+00 1.000000000000000000e+00 1.000000000000000000e+00
3.000000000000000000e+02 3.592498202237215565e+01 3.520061537595309886e+01 nan 1.000000000000000000e+00 nan
3.010000000000000000e+02 3.592498202237215565e+01 3.520197901231687609e+01 1.000000000000000000e+00 1.000000000000000000e+00 1.000000000000000000e+00
3.020000000000000000e+02 3.592498202237215565e+01 3.520334264868066043e+01 1.000000000000000000e+00 1.000000000000000000e+00 1.000000000000000000e+00
3.030000000000000000e+02 3.592498202237215565e+01 3.520470628504443766e+01 1.000000000000000000e+00 1.000000000000000000e+00 1.000000000000000000e+00
3.040000000000000000e+02 3.592498202237215565e+01 3.520606992140822200e+01 nan 1.000000000000000000e+00 nan
3.050000000000000000e+02 3.592498202237215565e+01 3.520743355777199923e+01 1.000000000000000000e+00 1.000000000000000000e+00 1.000000000000000000e+00
3.060000000000000000e+02 3.592498202237215565e+01 3.520879719413578357e+01 nan 1.000000000000000000e+00 nan
3.070000000000000000e+02 3.592498202237215565e+01 3.521016083049956080e+01 nan 1.000000000000000000e+00 nan
3.080000000000000000e+02 3.592498202237215565e+01 3.521152446686334514e+01 nan 1.000000000000000000e+00 nan
3.090000000000000000e+02 3.592498202237215565e+01 3.521288810322712237e+01 nan 1.000000000000000000e+00 nan
3.100000000000000000e+02 3.592498202237215565e+01 3.521425173959089960e+01 nan 1.000000000000000000e+00 nan
3.110000000000000000e+02 3.592498202237216276e+01 3.521561537595468394e+01 nan 1.000000000000000000e+00 nan
3.120000000000000000e+02 3.592498202237215565e+01 3.521697901231846828e+01 nan 1.000000000000000000e+00 nan
3.130000000000000000e+02 3.592498202237215565e+01 3.521834264868225262e+01 nan 1.000000000000000000e+00 nan
3.140000000000000000e+02 3.592498202237215565e+01 3.521970628504602985e+01 nan 1.000000000000000000e+00 nan
3.150000000000000000e+02 3.592634565873579788e+01 3.517334264867748317e+01 nan nan nan
3.160000000000000000e+02 3.592634565873579788e+01 3.517470628504125330e+01 nan nan nan
3.170000000000000000e+02 3.592634565873579788e+01 3.517606992140503763e+01 nan nan nan
3.180000000000000000e+02 3.592634565873579788e+01 3.517743355776881486e+01 nan nan nan
3.190000000000000000e+02 3.592634565873579788e+01 3.517879719413260631e+01 1.000000000000000000e+00 1.000000000000000000e+00 1.000000000000000000e+00
3.200000000000000000e+02 3.592634565873579788e+01 3.518016083049637643e+01 nan 1.000000000000000000e+00 nan
3.210000000000000000e+02 3.592634565873579788e+01 3.518152446686016077e+01 nan 1.000000000000000000e+00 nan
3.220000000000000000e+02 3.592634565873579788e+01 3.518288810322394511e+01 1.000000000000000000e+00 1.000000000000000000e+00 1.000000000000000000e+00
3.230000000000000000e+02 3.592634565873579788e+01 3.518425173958772945e+01 nan 1.000000000000000000e+00 nan
3.240000000000000000e+02 3.592634565873579788e+01 3.518561537595149957e+01 1.000000000000000000e+00 1.000000000000000000e+00 1.000000000000000000e+00
3.250000000000000000e+02 3.592634565873579788e+01 3.518697901231527680e+01 1.000000000000000000e+00 1.000000000000000000e+00 1.000000000000000000e+00
3.260000000000000000e+02 3.592634565873579788e+01 3.518834264867906825e+01 1.000000000000000000e+00 1.000000000000000000e+00 1.000000000000000000e+00
3.270000000000000000e+02 3.592634565873579788e+01 3.518970628504283837e+01 1.000000000000000000e+00 1.000000000000000000e+00 1.000000000000000000e+00
3.280000000000000000e+02 3.592634565873579788e+01 3.519106992140662271e+01 1.000000000000000000e+00 1.000000000000000000e+00 1.000000000000000000e+00
3.290000000000000000e+02 3.592634565873579788e+01 3.519243355777039994e+01 nan 1.000000000000000000e+00 nan
3.300000000000000000e+02 3.592634565873579078e+01 3.519379719413419139e+01 1.000000000000000000e+00 1.000000000000000000e+00 1.000000000000000000e+00
3.310000000000000000e+02 3.592634565873579788e+01 3.519516083049796862e+01 1.000000000000000000e+00 1.000000000000000000e+00 1.000000000000000000e+00
3.320000000000000000e+02 3.592634565873580499e+01 3.519652446686175296e+01 1.000000000000000000e+00 1.000000000000000000e+00 1.000000000000000000e+00
3.330000000000000000e+02 3.592634565873579788e+01 3.519788810322553019e+01 1.000000000000000000e+00 1.000000000000000000e+00 1.000000000000000000e+00
3.340000000000000000e+02 3.592634565873579788e+01 3.519925173958930742e+01 nan 1.000000000000000000e+00 nan
3.350000000000000000e+02 3.592634565873579788e+01 3.520061537595309886e+01 1.000000000000000000e+00 1.000000000000000000e+00 1.000000000000000000e+00
3.360000000000000000e+02 3.592634565873579078e+01 3.520197901231687609e+01 1.000000000000000000e+00 1.000000000000000000e+00 1.000000000000000000e+00
3.370000000000000000e+02 3.592634565873579788e+01 3.520334264868065333e+01 1.000000000000000000e+00 1.000000000000000000e+00 1.000000000000000000e+00
3.380000000000000000e+02 3.592634565873579788e+01 3.520470628504443766e+01 1.000000000000000000e+00 1.000000000000000000e+00 1.000000000000000000e+00
3.390000000000000000e+02 3.592634565873579788e+01 3.520606992140822200e+01 nan 1.000000000000000000e+00 nan
3.400000000000000000e+02 3.592634565873579788e+01 3.520743355777200634e+01 1.000000000000000000e+00 1.000000000000000000e+00 1.000000000000000000e+00
3.410000000000000000e+02 3.592634565873579788e+01 3.520879719413578357e+01 nan 1.000000000000000000e+00 nan
3.420000000000000000e+02 3.592634565873579078e+01 3.521016083049956080e+01 nan 1.000000000000000000e+00 nan
3.430000000000000000e+02 3.592634565873579788e+01 3.521152446686334514e+01 nan 1.000000000000000000e+00 nan
3.440000000000000000e+02 3.592634565873579788e+01 3.521288810322712237e+01 nan 1.000000000000000000e+00 nan
3.450000000000000000e+02 3.592634565873579788e+01 3.521425173959089960e+01 nan 1.000000000000000000e+00 nan
3.460000000000000000e+02 3.592634565873580499e+01 3.521561537595468394e+01 nan 1.000000000000000000e+00 nan
3.470000000000000000e+02 3.592634565873579788e+01 3.521697901231846828e+01 nan 1.000000000000000000e+00 nan
3.480000000000000000e+02 3.592634565873579788e+01 3.521834264868225262e+01 nan 1.000000000000000000e+00 nan
3.490000000000000000e+02 3.592634565873579788e+01 3.521970628504604406e+01 nan 1.000000000000000000e+00 nan
3.500000000000000000e+02 3.592770929509943301e+01 3.517334264867747606e+01 nan nan nan
3.510000000000000000e+02 3.592770929509942590e+01 3.517470628504125330e+01 nan nan nan
3.520000000000000000e+02 3.592770929509942590e+01 3.517606992140503763e+01 nan nan nan
3.530000000000000000e+02 3.592770929509942590e+01 3.517743355776881486e+01 nan nan nan
3.540000000000000000e+02 3.592770929509942590e+01 3.517879719413259920e+01 nan 1.000000000000000000e+00 nan
3.550000000000000000e+02 3.592770929509943301e+01 3.518016083049637643e+01 1.000000000000000000e+00 1.000000000000000000e+00 1.000000000000000000e+00
3.560000000000000000e+02 3.592770929509944011e+01 3.518152446686016077e+01 1.000000000000000000e+00 1.000000000000000000e+00 1.000000000000000000e+00
3.570000000000000000e+02 3.592770929509943301e+01 3.518288810322393090e+01 nan 1.000000000000000000e+00 nan
3.580000000000000000e+02 3.592770929509943301e+01 3.518425173958772234e+01 1.000000000000000000e+00 1.000000000000000000e+00 1.000000000000000000e+00
3.590000000000000000e+02 3.592770929509943301e+01 3.518561537595150668e+01 nan 1.000000000000000000e+00 nan
3.600000000000000000e+02 3.592770929509943301e+01 3.518697901231527680e+01 nan 1.000000000000000000e+00 nan
3.610000000000000000e+02 3.592770929509943301e+01 3.518834264867906825e+01 1.000000000000000000e+00 1.000000000000000000e+00 1.000000000000000000e+00
3.620000000000000000e+02 3.592770929509943301e+01 3.518970628504283837e+01 nan 1.000000000000000000e+00 nan
3.630000000000000000e+02 3.592770929509943301e+01 3.519106992140662982e+01 1.000000000000000000e+00 1.000000000000000000e+00 1.000000000000000000e+00
3.640000000000000000e+02 3.592770929509943301e+01 3.519243355777039994e+01 1.000000000000000000e+00 1.000000000000000000e+00 1.000000000000000000e+00
3.650000000000000000e+02 3.592770929509944011e+01 3.519379719413419139e+01 nan 1.000000000000000000e+00 nan
3.660000000000000000e+02 3.592770929509942590e+01 3.519516083049797572e+01 nan 1.000000000000000000e+00 nan
3.670000000000000000e+02 3.592770929509943301e+01 3.519652446686175296e+01 1.000000000000000000e+00 1.000000000000000000e+00 1.000000000000000000e+00
3.680000000000000000e+02 3.592770929509943301e+01 3.519788810322552308e+01 1.000000000000000000e+00 1.000000000000000000e+00 1.000000000000000000e+00
3.690000000000000000e+02 3.592770929509943301e+01 3.519925173958930742e+01 1.000000000000000000e+00 1.000000000000000000e+00 1.000000000000000000e+00
3.700000000000000000e+02 3.592770929509944011e+01 3.520061537595309886e+01 1.000000000000000000e+00 1.000000000000000000e+00 1.000000000000000000e+00
3.710000000000000000e+02 3.592770929509943301e+01 3.520197901231687609e+01 1.000000000000000000e+00 1.000000000000000000e+00 1.000000000000000000e+00
3.720000000000000000e+02 3.592770929509942590e+01 3.520334264868064622e+01 1.000000000000000000e+00 1.000000000000000000e+00 1.000000000000000000e+00
3.730000000000000000e+02 3.592770929509943301e+01 3.520470628504443766e+01 1.000000000000000000e+00 1.000000000000000000e+00 1.000000000000000000e+00
3.740000000000000000e+02 3.592770929509943301e+01 3.520606992140822200e+01 1.000000000000000000e+00 1.000000000000000000e+00 1.000000000000000000e+00
3.750000000000000000e+02 3.592770929509943301e+01 3.520743355777200634e+01 1.000000000000000000e+00 1.000000000000000000e+00 1.000000000000000000e+00
3.760000000000000000e+02 3.592770929509943301e+01 3.520879719413578357e+01 nan 1.000000000000000000e+00 nan
3.770000000000000000e+02 3.592770929509944011e+01 3.521016083049956080e+01 nan 1.000000000000000000e+00 nan
3.780000000000000000e+02 3.592770929509942590e+01 3.521152446686334514e+01 nan 1.000000000000000000e+00 nan
3.790000000000000000e+02 3.592770929509943301e+01 3.521288810322712237e+01 nan 1.000000000000000000e+00 nan
3.800000000000000000e+02 3.592770929509944011e+01 3.521425173959089960e+01 nan 1.000000000000000000e+00 nan
3.810000000000000000e+02 3.592770929509942590e+01 3.521561537595468394e+01 nan 1.000000000000000000e+00 nan
3.820000000000000000e+02 3.592770929509943301e+01 3.521697901231846828e+01 nan 1.000000000000000000e+00 nan
3.830000000000000000e+02 3.592770929509942590e+01 3.521834264868225262e+01 nan 1.000000000000000000e+00 nan
3.840000000000000000e+02 3.592770929509943301e+01 3.521970628504602985e+01 nan 1.000000000000000000e+00 nan
3.850000000000000000e+02 3.592907293146306813e+01 3.517334264867747606e+01 nan nan nan
3.860000000000000000e+02 3.592907293146306813e+01 3.517470628504125330e+01 nan nan nan
3.870000000000000000e+02 3.592907293146306813e+01 3.517606992140503763e+01 nan nan nan
3.880000000000000000e+02 3.592907293146306813e+01 3.517743355776881486e+01 nan nan nan
3.890000000000000000e+02 3.592907293146307524e+01 3.517879719413259920e+01 nan nan nan
3.900000000000000000e+02 3.592907293146307524e+01 3.518016083049637643e+01 nan nan nan
3.910000000000000000e+02 3.592907293146307524e+01 3.518152446686016077e+01 nan 1.000000000000000000e+00 nan
3.920000000000000000e+02 3.592907293146306813e+01 3.518288810322393090e+01 nan 1.000000000000000000e+00 nan
3.930000000000000000e+02 3.592907293146306813e+01 3.518425173958772234e+01 nan 1.000000000000000000e+00 nan
3.940000000000000000e+02 3.592907293146307524e+01 3.518561537595150668e+01 nan 1.000000000000000000e+00 nan
3.950000000000000000e+02 3.592907293146306813e+01 3.518697901231527680e+01 nan 1.000000000000000000e+00 nan
3.960000000000000000e+02 3.592907293146307524e+01 3.518834264867906825e+01 nan 1.000000000000000000e+00 nan
3.970000000000000000e+02 3.592907293146307524e+01 3.518970628504283837e+01 1.000000000000000000e+00 1.000000000000000000e+00 1.000000000000000000e+00
3.980000000000000000e+02 3.592907293146306813e+01 3.519106992140662982e+01 1.000000000000000000e+00 1.000000000000000000e+00 1.000000000000000000e+00
3.990000000000000000e+02 3.592907293146307524e+01 3.519243355777039994e+01 nan 1.000000000000000000e+00 nan
4.000000000000000000e+02 3.592907293146307524e+01 3.519379719413419139e+01 1.000000000000000000e+00 1.000000000000000000e+00 1.000000000000000000e+00
4.010000000000000000e+02 3.592907293146306813e+01 3.519516083049797572e+01 nan 1.000000000000000000e+00 nan
4.020000000000000000e+02 3.592907293146307524e+01 3.519652446686175296e+01 1.000000000000000000e+00 1.000000000000000000e+00 1.000000000000000000e+00
4.030000000000000000e+02 3.592907293146306813e+01 3.519788810322552308e+01 nan 1.000000000000000000e+00 nan
4.040000000000000000e+02 3.592907293146306813e+01 3.519925173958930742e+01 nan 1.000000000000000000e+00 nan
4.050000000000000000e+02 3.592907293146306813e+01 3.520061537595309886e+01 1.000000000000000000e+00 1.000000000000000000e+00 1.000000000000000000e+00
4.060000000000000000e+02 3.592907293146306813e+01 3.520197901231687609e+01 1.000000000000000000e+00 1.000000000000000000e+00 1.000000000000000000e+00
4.070000000000000000e+02 3.592907293146306813e+01 3.520334264868064622e+01 nan 1.000000000000000000e+00 nan
4.080000000000000000e+02 3.592907293146306813e+01 3.520470628504443766e+01 1.000000000000000000e+00 1.000000000000000000e+00 1.000000000000000000e+00
4.090000000000000000e+02 3.592907293146306813e+01 3.520606992140822200e+01 1.000000000000000000e+00 1.000000000000000000e+00 1.000000000000000000e+00
4.100000000000000000e+02 3.592907293146306813e+01 3.520743355777200634e+01 nan 1.000000000000000000e+00 nan
4.110000000000000000e+02 3.592907293146306813e+01 3.520879719413578357e+01 nan 1.000000000000000000e+00 nan
4.120000000000000000e+02 3.592907293146306813e+01 3.521016083049956080e+01 nan 1.000000000000000000e+00 nan
4.130000000000000000e+02 3.592907293146307524e+01 3.521152446686334514e+01 nan 1.000000000000000000e+00 nan
4.140000000000000000e+02 3.592907293146307524e+01 3.521288810322712237e+01 1.000000000000000000e+00 1.000000000000000000e+00 1.000000000000000000e+00
4.150000000000000000e+02 3.592907293146307524e+01 3.521425173959089960e+01 1.000000000000000000e+00 1.000000000000000000e+00 1.000000000000000000e+00
4.160000000000000000e+02 3.592907293146306813e+01 3.521561537595468394e+01 nan 1.000000000000000000e+00 nan
4.170000000000000000e+02 3.592907293146306813e+01 3.521697901231846828e+01 nan 1.000000000000000000e+00 nan
4.180000000000000000e+02 3.592907293146306813e+01 3.521834264868225262e+01 nan 1.000000000000000000e+00 nan
4.190000000000000000e+02 3.592907293146306813e+01 3.521970628504602985e+01 nan 1.000000000000000000e+00 nan
4.200000000000000000e+02 3.593043656782670325e+01 3.517334264867748317e+01 nan nan nan
4.210000000000000000e+02 3.593043656782670325e+01 3.517470628504125330e+01 nan nan nan
4.220000000000000000e+02 3.593043656782670325e+01 3.517606992140503763e+01 nan nan nan
4.230000000000000000e+02 3.593043656782670325e+01 3.517743355776881486e+01 nan nan nan
4.240000000000000000e+02 3.593043656782670325e+01 3.517879719413260631e+01 nan nan nan
4.250000000000000000e+02 3.593043656782670325e+01 3.518016083049637643e+01 nan nan nan
4.260000000000000000e+02 3.593043656782670325e+01 3.518152446686016077e+01 nan 1.000000000000000000e+00 nan
4.270000000000000000e+02 3.593043656782670325e+01 3.518288810322394511e+01 nan 1.000000000000000000e+00 nan
4.280000000000000000e+02 3.593043656782670325e+01 3.518425173958772945e+01 nan 1.000000000000000000e+00 nan
4.290000000000000000e+02 3.593043656782670325e+01 3.518561537595149957e+01 nan 1.000000000000000000e+00 nan
4.300000000000000000e+02 3.593043656782670325e+01 3.518697901231527680e+01 nan 1.000000000000000000e+00 nan
4.310000000000000000e+02 3.593043656782671036e+01 3.518834264867906825e+01 nan 1.000000000000000000e+00 nan
4.320000000000000000e+02 3.593043656782670325e+01 3.518970628504283837e+01 nan 1.000000000000000000e+00 nan
4.330000000000000000e+02 3.593043656782670325e+01 3.519106992140662271e+01 nan 1.000000000000000000e+00 nan
4.340000000000000000e+02 3.593043656782670325e+01 3.519243355777039994e+01 nan 1.000000000000000000e+00 nan
4.350000000000000000e+02 3.593043656782670325e+01 3.519379719413419139e+01 nan 1.000000000000000000e+00 nan
4.360000000000000000e+02 3.593043656782670325e+01 3.519516083049796862e+01 nan 1.000000000000000000e+00 nan
4.370000000000000000e+02 3.593043656782670325e+01 3.519652446686175296e+01 nan 1.000000000000000000e+00 nan
4.380000000000000000e+02 3.593043656782670325e+01 3.519788810322553019e+01 nan 1.000000000000000000e+00 nan
4.390000000000000000e+02 3.593043656782670325e+01 3.519925173958930742e+01 1.000000000000000000e+00 1.000000000000000000e+00 1.000000000000000000e+00
4.400000000000000000e+02 3.593043656782670325e+01 3.520061537595309886e+01 1.000000000000000000e+00 1.000000000000000000e+00 1.000000000000000000e+00
4.410000000000000000e+02 3.593043656782670325e+01 3.520197901231687609e+01 1.000000000000000000e+00 1.000000000000000000e+00 1.000000000000000000e+00
4.420000000000000000e+02 3.593043656782671036e+01 3.520334264868065333e+01 nan 1.000000000000000000e+00 nan
4.430000000000000000e+02 3.593043656782670325e+01 3.520470628504443766e+01 1.000000000000000000e+00 1.000000000000000000e+00 1.000000000000000000e+00
4.440000000000000000e+02 3.593043656782670325e+01 3.520606992140822200e+01 1.000000000000000000e+00 1.000000000000000000e+00 1.000000000000000000e+00
4.450000000000000000e+02 3.593043656782670325e+01 3.520743355777200634e+01 1.000000000000000000e+00 1.000000000000000000e+00 1.000000000000000000e+00
4.460000000000000000e+02 3.593043656782670325e+01 3.520879719413578357e+01 nan 1.000000000000000000e+00 nan
4.470000000000000000e+02 3.593043656782670325e+01 3.521016083049956080e+01 nan 1.000000000000000000e+00 nan
4.480000000000000000e+02 3.593043656782670325e+01 3.521152446686334514e+01 1.000000000000000000e+00 1.000000000000000000e+00 1.000000000000000000e+00
4.490000000000000000e+02 3.593043656782670325e+01 3.521288810322712237e+01 nan 1.000000000000000000e+00 nan
4.500000000000000000e+02 3.593043656782670325e+01 3.521425173959089960e+01 nan 1.000000000000000000e+00 nan
4.510000000000000000e+02 3.593043656782670325e+01 3.521561537595468394e+01 1.000000000000000000e+00 1.000000000000000000e+00 1.000000000000000000e+00
4.520000000000000000e+02 3.593043656782670325e+01 3.521697901231846828e+01 1.000000000000000000e+00 1.000000000000000000e+00 1.000000000000000000e+00
4.530000000000000000e+02 3.593043656782671036e+01 3.521834264868225262e+01 nan 1.000000000000000000e+00 nan
4.540000000000000000e+02 3.593043656782671036e+01 3.521970628504604406e+01 nan 1.000000000000000000e+00 nan
4.550000000000000000e+02 3.593180020419033838e+01 3.517334264867747606e+01 nan nan nan
4.560000000000000000e+02 3.593180020419033127e+01 3.517470628504125330e+01 nan nan nan
4.570000000000000000e+02 3.593180020419033127e+01 3.517606992140503763e+01 nan nan nan
4.580000000000000000e+02 3.593180020419033838e+01 3.517743355776882908e+01 nan nan nan
4.590000000000000000e+02 3.593180020419033838e+01 3.517879719413259920e+01 nan nan nan
4.600000000000000000e+02 3.593180020419033838e+01 3.518016083049637643e+01 nan nan nan
4.610000000000000000e+02 3.593180020419033838e+01 3.518152446686016077e+01 nan 1.000000000000000000e+00 nan
4.620000000000000000e+02 3.593180020419033838e+01 3.518288810322394511e+01 nan 1.000000000000000000e+00 nan
4.630000000000000000e+02 3.593180020419033838e+01 3.518425173958772945e+01 nan 1.000000000000000000e+00 nan
4.640000000000000000e+02 3.593180020419033838e+01 3.518561537595150668e+01 nan 1.000000000000000000e+00 nan
4.650000000000000000e+02 3.593180020419033838e+01 3.518697901231528391e+01 nan 1.000000000000000000e+00 nan
4.660000000000000000e+02 3.593180020419033838e+01 3.518834264867906825e+01 nan 1.000000000000000000e+00 nan
4.670000000000000000e+02 3.593180020419033838e+01 3.518970628504284548e+01 nan 1.000000000000000000e+00 nan
4.680000000000000000e+02 3.593180020419033127e+01 3.519106992140662271e+01 nan 1.000000000000000000e+00 nan
4.690000000000000000e+02 3.593180020419033838e+01 3.519243355777039994e+01 nan 1.000000000000000000e+00 nan
4.700000000000000000e+02 3.593180020419033838e+01 3.519379719413419139e+01 1.000000000000000000e+00 1.000000000000000000e+00 1.000000000000000000e+00
4.710000000000000000e+02 3.593180020419033838e+01 3.519516083049797572e+01 nan 1.000000000000000000e+00 nan
4.720000000000000000e+02 3.593180020419033838e+01 3.519652446686175296e+01 1.000000000000000000e+00 1.000000000000000000e+00 1.000000000000000000e+00
4.730000000000000000e+02 3.593180020419033838e+01 3.519788810322552308e+01 nan 1.000000000000000000e+00 nan
4.740000000000000000e+02 3.593180020419033838e+01 3.519925173958930742e+01 nan 1.000000000000000000e+00 nan
4.750000000000000000e+02 3.593180020419033838e+01 3.520061537595309886e+01 1.000000000000000000e+00 1.000000000000000000e+00 1.000000000000000000e+00
4.760000000000000000e+02 3.593180020419033838e+01 3.520197901231687609e+01 1.000000000000000000e+00 1.000000000000000000e+00 1.000000000000000000e+00
4.770000000000000000e+02 3.593180020419033838e+01 3.520334264868065333e+01 1.000000000000000000e+00 1.000000000000000000e+00 1.000000000000000000e+00
4.780000000000000000e+02 3.593180020419033838e+01 3.520470628504443766e+01 nan 1.000000000000000000e+00 nan
4.790000000000000000e+02 3.593180020419033838e+01 3.520606992140822200e+01 1.000000000000000000e+00 1.000000000000000000e+00 1.000000000000000000e+00
4.800000000000000000e+02 3.593180020419033838e+01 3.520743355777199923e+01 1.000000000000000000e+00 1.000000000000000000e+00 1.000000000000000000e+00
4.810000000000000000e+02 3.593180020419033127e+01 3.520879719413578357e+01 1.000000000000000000e+00 1.000000000000000000e+00 1.000000000000000000e+00
4.820000000000000000e+02 3.593180020419033838e+01 3.521016083049956080e+01 1.000000000000000000e+00 1.000000000000000000e+00 1.000000000000000000e+00
4.830000000000000000e+02 3.593180020419033838e+01 3.521152446686334514e+01 1.000000000000000000e+00 1.000000000000000000e+00 1.000000000000000000e+00
4.840000000000000000e+02 3.593180020419033838e+01 3.521288810322712948e+01 nan 1.000000000000000000e+00 nan
4.850000000000000000e+02 3.593180020419033838e+01 3.521425173959089960e+01 nan 1.000000000000000000e+00 nan
4.860000000000000000e+02 3.593180020419033838e+01 3.521561537595468394e+01 nan 1.000000000000000000e+00 nan
4.870000000000000000e+02 3.593180020419033838e+01 3.521697901231846828e+01 nan 1.000000000000000000e+00 nan
4.880000000000000000e+02 3.593180020419033838e+01 3.521834264868225262e+01 nan 1.000000000000000000e+00 nan
4.890000000000000000e+02 3.593180020419033838e+01 3.521970628504604406e+01 nan 1.000000000000000000e+00 nan
4.900000000000000000e+02 3.593316384055398061e+01 3.517334264867747606e+01 nan nan nan
4.910000000000000000e+02 3.593316384055397350e+01 3.517470628504125330e+01 nan nan nan
4.920000000000000000e+02 3.593316384055397350e+01 3.517606992140503763e+01 nan nan nan
4.930000000000000000e+02 3.593316384055398061e+01 3.517743355776881486e+01 nan nan nan
4.940000000000000000e+02 3.593316384055398061e+01 3.517879719413259920e+01 nan nan nan
4.950000000000000000e+02 3.593316384055398061e+01 3.518016083049637643e+01 nan nan nan
4.960000000000000000e+02 3.593316384055397350e+01 3.518152446686016077e+01 nan nan nan
4.970000000000000000e+02 3.593316384055397350e+01 3.518288810322393090e+01 nan 1.000000000000000000e+00 nan
4.980000000000000000e+02 3.593316384055397350e+01 3.518425173958772234e+01 nan 1.000000000000000000e+00 nan
4.990000000000000000e+02 3.593316384055397350e+01 3.518561537595150668e+01 nan 1.000000000000000000e+00 nan
5.000000000000000000e+02 3.593316384055397350e+01 3.518697901231527680e+01 nan 1.000000000000000000e+00 nan
5.010000000000000000e+02 3.593316384055397350e+01 3.518834264867906825e+01 nan 1.000000000000000000e+00 nan
5.020000000000000000e+02 3.593316384055398061e+01 3.518970628504283837e+01 nan nan nan
5.030000000000000000e+02 3.593316384055397350e+01 3.519106992140662982e+01 nan nan nan
5.040000000000000000e+02 3.593316384055397350e+01 3.519243355777039994e+01 nan 1.000000000000000000e+00 nan
5.050000000000000000e+02 3.593316384055398061e+01 3.519379719413419139e+01 nan nan nan
5.060000000000000000e+02 3.593316384055397350e+01 3.519516083049797572e+01 nan nan nan
5.070000000000000000e+02 3.593316384055398061e+01 3.519652446686175296e+01 nan 1.000000000000000000e+00 nan
5.080000000000000000e+02 3.593316384055398061e+01 3.519788810322552308e+01 1.000000000000000000e+00 1.000000000000000000e+00 1.000000000000000000e+00
5.090000000000000000e+02 3.593316384055397350e+01 3.519925173958930742e+01 nan 1.000000000000000000e+00 nan
5.100000000000000000e+02 3.593316384055398061e+01 3.520061537595309886e+01 1.000000000000000000e+00 1.000000000000000000e+00 1.000000000000000000e+00
5.110000000000000000e+02 3.593316384055397350e+01 3.520197901231687609e+01 1.000000000000000000e+00 1.000000000000000000e+00 1.000000000000000000e+00
5.120000000000000000e+02 3.593316384055398061e+01 3.520334264868064622e+01 1.000000000000000000e+00 1.000000000000000000e+00 1.000000000000000000e+00
5.130000000000000000e+02 3.593316384055398771e+01 3.520470628504443766e+01 1.000000000000000000e+00 1.000000000000000000e+00 1.000000000000000000e+00
5.140000000000000000e+02 3.593316384055397350e+01 3.520606992140822200e+01 1.000000000000000000e+00 1.000000000000000000e+00 1.000000000000000000e+00
5.150000000000000000e+02 3.593316384055397350e+01 3.520743355777200634e+01 1.000000000000000000e+00 1.000000000000000000e+00 1.000000000000000000e+00
5.160000000000000000e+02 3.593316384055397350e+01 3.520879719413578357e+01 1.000000000000000000e+00 1.000000000000000000e+00 1.000000000000000000e+00
5.170000000000000000e+02 3.593316384055397350e+01 3.521016083049956080e+01 1.000000000000000000e+00 1.000000000000000000e+00 1.000000000000000000e+00
5.180000000000000000e+02 3.593316384055398771e+01 3.521152446686334514e+01 nan 1.000000000000000000e+00 nan
5.190000000000000000e+02 3.593316384055397350e+01 3.521288810322712237e+01 1.000000000000000000e+00 1.000000000000000000e+00 1.000000000000000000e+00
5.200000000000000000e+02 3.593316384055398061e+01 3.521425173959089960e+01 nan 1.000000000000000000e+00 nan
5.210000000000000000e+02 3.593316384055398771e+01 3.521561537595468394e+01 1.000000000000000000e+00 1.000000000000000000e+00 1.000000000000000000e+00
5.220000000000000000e+02 3.593316384055398061e+01 3.521697901231846828e+01 nan 1.000000000000000000e+00 nan
5.230000000000000000e+02 3.593316384055397350e+01 3.521834264868225262e+01 nan 1.000000000000000000e+00 nan
5.240000000000000000e+02 3.593316384055398771e+01 3.521970628504602985e+01 nan 1.000000000000000000e+00 nan
5.250000000000000000e+02 3.593452747691761573e+01 3.517334264867747606e+01 nan nan nan
5.260000000000000000e+02 3.593452747691761573e+01 3.517470628504125330e+01 nan nan nan
5.270000000000000000e+02 3.593452747691761573e+01 3.517606992140503763e+01 nan nan nan
5.280000000000000000e+02 3.593452747691762283e+01 3.517743355776882908e+01 nan nan nan
5.290000000000000000e+02 3.593452747691761573e+01 3.517879719413259920e+01 nan nan nan
5.300000000000000000e+02 3.593452747691761573e+01 3.518016083049637643e+01 nan nan nan
5.310000000000000000e+02 3.593452747691761573e+01 3.518152446686016077e+01 nan nan nan
5.320000000000000000e+02 3.593452747691761573e+01 3.518288810322394511e+01 nan nan nan
5.330000000000000000e+02 3.593452747691761573e+01 3.518425173958772945e+01 nan nan nan
5.340000000000000000e+02 3.593452747691762283e+01 3.518561537595150668e+01 nan nan nan
5.350000000000000000e+02 3.593452747691761573e+01 3.518697901231528391e+01 nan nan nan
5.360000000000000000e+02 3.593452747691761573e+01 3.518834264867906825e+01 nan nan nan
5.370000000000000000e+02 3.593452747691761573e+01 3.518970628504284548e+01 nan nan nan
5.380000000000000000e+02 3.593452747691761573e+01 3.519106992140662271e+01 nan nan nan
5.390000000000000000e+02 3.593452747691761573e+01 3.519243355777039994e+01 nan nan nan
5.400000000000000000e+02 3.593452747691761573e+01 3.519379719413419139e+01 nan nan nan
5.410000000000000000e+02 3.593452747691761573e+01 3.519516083049797572e+01 nan nan nan
5.420000000000000000e+02 3.593452747691761573e+01 3.519652446686175296e+01 nan 1.000000000000000000e+00 nan
5.430000000000000000e+02 3.593452747691762283e+01 3.519788810322552308e+01 nan nan nan
5.440000000000000000e+02 3.593452747691761573e+01 3.519925173958930742e+01 1.000000000000000000e+00 1.000000000000000000e+00 1.000000000000000000e+00
5.450000000000000000e+02 3.593452747691761573e+01 3.520061537595309886e+01 1.000000000000000000e+00 nan nan
5.460000000000000000e+02 3.593452747691761573e+01 3.520197901231687609e+01 1.000000000000000000e+00 1.000000000000000000e+00 1.000000000000000000e+00
5.470000000000000000e+02 3.593452747691762283e+01 3.520334264868065333e+01 1.000000000000000000e+00 1.000000000000000000e+00 1.000000000000000000e+00
5.480000000000000000e+02 3.593452747691761573e+01 3.520470628504443766e+01 1.000000000000000000e+00 1.000000000000000000e+00 1.000000000000000000e+00
5.490000000000000000e+02 3.593452747691761573e+01 3.520606992140822200e+01 1.000000000000000000e+00 1.000000000000000000e+00 1.000000000000000000e+00
5.500000000000000000e+02 3.593452747691761573e+01 3.520743355777199923e+01 1.000000000000000000e+00 1.000000000000000000e+00 1.000000000000000000e+00
5.510000000000000000e+02 3.593452747691761573e+01 3.520879719413578357e+01 1.000000000000000000e+00 1.000000000000000000e+00 1.000000000000000000e+00
5.520000000000000000e+02 3.593452747691761573e+01 3.521016083049956080e+01 1.000000000000000000e+00 1.000000000000000000e+00 1.000000000000000000e+00
5.530000000000000000e+02 3.593452747691762283e+01 3.521152446686334514e+01 1.000000000000000000e+00 1.000000000000000000e+00 1.000000000000000000e+00
5.540000000000000000e+02 3.593452747691761573e+01 3.521288810322712948e+01 nan 1.000000000000000000e+00 nan
5.550000000000000000e+02 3.593452747691762283e+01 3.521425173959089960e+01 nan 1.000000000000000000e+00 nan
5.560000000000000000e+02 3.593452747691761573e+01 3.521561537595468394e+01 nan 1.000000000000000000e+00 nan
5.570000000000000000e+02 3.593452747691762283e+01 3.521697901231846828e+01 nan 1.000000000000000000e+00 nan
5.580000000000000000e+02 3.593452747691761573e+01 3.521834264868225262e+01 nan 1.000000000000000000e+00 nan
5.590000000000000000e+02 3.593452747691761573e+01 3.521970628504604406e+01 nan 1.000000000000000000e+00 nan
5.600000000000000000e+02 3.593589111328125796e+01 3.517334264867748317e+01 nan nan nan
5.610000000000000000e+02 3.593589111328125085e+01 3.517470628504125330e+01 nan nan nan
5.620000000000000000e+02 3.593589111328125085e+01 3.517606992140503763e+01 nan nan nan
5.630000000000000000e+02 3.593589111328125796e+01 3.517743355776881486e+01 nan nan nan
5.640000000000000000e+02 3.593589111328125085e+01 3.517879719413260631e+01 nan nan nan
5.650000000000000000e+02 3.593589111328125796e+01 3.518016083049637643e+01 nan nan nan
5.660000000000000000e+02 3.593589111328125796e+01 3.518152446686016077e+01 nan nan nan
5.670000000000000000e+02 3.593589111328125085e+01 3.518288810322394511e+01 nan nan nan
5.680000000000000000e+02 3.593589111328124375e+01 3.518425173958772945e+01 nan nan nan
5.690000000000000000e+02 3.593589111328125796e+01 3.518561537595149957e+01 nan nan nan
5.700000000000000000e+02 3.593589111328125796e+01 3.518697901231527680e+01 nan nan nan
5.710000000000000000e+02 3.593589111328125796e+01 3.518834264867906825e+01 nan nan nan
5.720000000000000000e+02 3.593589111328125796e+01 3.518970628504283837e+01 nan nan nan
5.730000000000000000e+02 3.593589111328125796e+01 3.519106992140662271e+01 nan nan nan
5.740000000000000000e+02 3.593589111328124375e+01 3.519243355777039994e+01 nan nan nan
5.750000000000000000e+02 3.593589111328125085e+01 3.519379719413419139e+01 nan nan nan
5.760000000000000000e+02 3.593589111328125085e+01 3.519516083049796862e+01 nan nan nan
5.770000000000000000e+02 3.593589111328124375e+01 3.519652446686175296e+01 nan nan nan
5.780000000000000000e+02 3.593589111328125085e+01 3.519788810322553019e+01 1.000000000000000000e+00 nan nan
5.790000000000000000e+02 3.593589111328125085e+01 3.519925173958930742e+01 nan 1.000000000000000000e+00 nan
5.800000000000000000e+02 3.593589111328124375e+01 3.520061537595309886e+01 nan 1.000000000000000000e+00 nan
5.810000000000000000e+02 3.593589111328125796e+01 3.520197901231687609e+01 1.000000000000000000e+00 1.000000000000000000e+00 1.000000000000000000e+00
5.820000000000000000e+02 3.593589111328125796e+01 3.520334264868065333e+01 1.000000000000000000e+00 1.000000000000000000e+00 1.000000000000000000e+00
5.830000000000000000e+02 3.593589111328124375e+01 3.520470628504443766e+01 1.000000000000000000e+00 1.000000000000000000e+00 1.000000000000000000e+00
5.840000000000000000e+02 3.593589111328124375e+01 3.520606992140822200e+01 nan 1.000000000000000000e+00 nan
5.850000000000000000e+02 3.593589111328125796e+01 3.520743355777200634e+01 nan 1.000000000000000000e+00 nan
5.860000000000000000e+02 3.593589111328125796e+01 3.520879719413578357e+01 1.000000000000000000e+00 1.000000000000000000e+00 1.000000000000000000e+00
5.870000000000000000e+02 3.593589111328125085e+01 3.521016083049956080e+01 nan 1.000000000000000000e+00 nan
5.880000000000000000e+02 3.593589111328124375e+01 3.521152446686334514e+01 1.000000000000000000e+00 1.000000000000000000e+00 1.000000000000000000e+00
5.890000000000000000e+02 3.593589111328125796e+01 3.521288810322712237e+01 nan 1.000000000000000000e+00 nan
5.900000000000000000e+02 3.593589111328125796e+01 3.521425173959089960e+01 1.000000000000000000e+00 1.000000000000000000e+00 1.000000000000000000e+00
5.910000000000000000e+02 3.593589111328125085e+01 3.521561537595468394e+01 1.000000000000000000e+00 1.000000000000000000e+00 1.000000000000000000e+00
5.920000000000000000e+02 3.593589111328125085e+01 3.521697901231846828e+01 nan 1.000000000000000000e+00 nan
5.930000000000000000e+02 3.593589111328125796e+01 3.521834264868225262e+01 nan 1.000000000000000000e+00 nan
5.940000000000000000e+02 3.593589111328125085e+01 3.521970628504604406e+01 1.000000000000000000e+00 1.000000000000000000e+00 1.000000000000000000e+00
5.950000000000000000e+02 3.593725474964488598e+01 3.517334264867748317e+01 nan nan nan
5.960000000000000000e+02 3.593725474964488598e+01 3.517470628504125330e+01 nan nan nan
5.970000000000000000e+02 3.593725474964488598e+01 3.517606992140503763e+01 nan nan nan
5.980000000000000000e+02 3.593725474964488598e+01 3.517743355776881486e+01 nan nan nan
5.990000000000000000e+02 3.593725474964488598e+01 3.517879719413260631e+01 nan nan nan
6.000000000000000000e+02 3.593725474964487887e+01 3.518016083049637643e+01 nan nan nan
6.010000000000000000e+02 3.593725474964488598e+01 3.518152446686016077e+01 nan nan nan
6.020000000000000000e+02 3.593725474964488598e+01 3.518288810322394511e+01 nan nan nan
6.030000000000000000e+02 3.593725474964488598e+01 3.518425173958772945e+01 nan nan nan
6.040000000000000000e+02 3.593725474964488598e+01 3.518561537595149957e+01 nan nan nan
6.050000000000000000e+02 3.593725474964488598e+01 3.518697901231527680e+01 nan nan nan
6.060000000000000000e+02 3.593725474964488598e+01 3.518834264867906825e+01 nan nan nan
6.070000000000000000e+02 3.593725474964488598e+01 3.518970628504283837e+01 nan nan nan
6.080000000000000000e+02 3.593725474964488598e+01 3.519106992140662271e+01 nan nan nan
6.090000000000000000e+02 3.593725474964488598e+01 3.519243355777039994e+01 nan nan nan
6.100000000000000000e+02 3.593725474964488598e+01 3.519379719413419139e+01 nan nan nan
6.110000000000000000e+02 3.593725474964488598e+01 3.519516083049796862e+01 nan nan nan
6.120000000000000000e+02 3.593725474964487887e+01 3.519652446686175296e+01 nan nan nan
6.130000000000000000e+02 3.593725474964488598e+01 3.519788810322553019e+01 nan nan nan
6.140000000000000000e+02 3.593725474964488598e+01 3.519925173958930742e+01 nan 1.000000000000000000e+00 nan
6.150000000000000000e+02 3.593725474964488598e+01 3.520061537595309886e+01 nan 1.000000000000000000e+00 nan
6.160000000000000000e+02 3.593725474964488598e+01 3.520197901231687609e+01 1.000000000000000000e+00 1.000000000000000000e+00 1.000000000000000000e+00
6.170000000000000000e+02 3.593725474964488598e+01 3.520334264868065333e+01 nan 1.000000000000000000e+00 nan
6.180000000000000000e+02 3.593725474964488598e+01 3.520470628504443766e+01 1.000000000000000000e+00 1.000000000000000000e+00 1.000000000000000000e+00
6.190000000000000000e+02 3.593725474964488598e+01 3.520606992140822200e+01 nan 1.000000000000000000e+00 nan
6.200000000000000000e+02 3.593725474964488598e+01 3.520743355777200634e+01 1.000000000000000000e+00 1.000000000000000000e+00 1.000000000000000000e+00
6.210000000000000000e+02 3.593725474964488598e+01 3.520879719413578357e+01 nan 1.000000000000000000e+00 nan
6.220000000000000000e+02 3.593725474964489308e+01 3.521016083049956080e+01 nan 1.000000000000000000e+00 nan
6.230000000000000000e+02 3.593725474964488598e+01 3.521152446686334514e+01 1.000000000000000000e+00 1.000000000000000000e+00 1.000000000000000000e+00
6.240000000000000000e+02 3.593725474964488598e+01 3.521288810322712237e+01 1.000000000000000000e+00 1.000000000000000000e+00 1.000000000000000000e+00
6.250000000000000000e+02 3.593725474964488598e+01 3.521425173959089960e+01 nan 1.000000000000000000e+00 nan
6.260000000000000000e+02 3.593725474964488598e+01 3.521561537595468394e+01 nan 1.000000000000000000e+00 nan
6.270000000000000000e+02 3.593725474964488598e+01 3.521697901231846828e+01 nan 1.000000000000000000e+00 nan
6.280000000000000000e+02 3.593725474964489308e+01 3.521834264868225262e+01 nan nan nan
6.290000000000000000e+02 3.593725474964488598e+01 3.521970628504604406e+01 nan nan nan
6.300000000000000000e+02 3.593861838600852110e+01 3.517334264867747606e+01 nan nan nan
6.310000000000000000e+02 3.593861838600852110e+01 3.517470628504125330e+01 nan nan nan
6.320000000000000000e+02 3.593861838600852110e+01 3.517606992140503763e+01 nan nan nan
6.330000000000000000e+02 3.593861838600852820e+01 3.517743355776882908e+01 nan nan nan
6.340000000000000000e+02 3.593861838600852110e+01 3.517879719413259920e+01 nan nan nan
6.350000000000000000e+02 3.593861838600852110e+01 3.518016083049637643e+01 nan nan nan
6.360000000000000000e+02 3.593861838600852110e+01 3.518152446686016077e+01 nan nan nan
6.370000000000000000e+02 3.593861838600852110e+01 3.518288810322394511e+01 nan nan nan
6.380000000000000000e+02 3.593861838600852110e+01 3.518425173958772945e+01 nan nan nan
6.390000000000000000e+02 3.593861838600852110e+01 3.518561537595150668e+01 nan nan nan
6.400000000000000000e+02 3.593861838600852110e+01 3.518697901231528391e+01 nan nan nan
6.410000000000000000e+02 3.593861838600852110e+01 3.518834264867906825e+01 nan nan nan
6.420000000000000000e+02 3.593861838600852110e+01 3.518970628504284548e+01 nan nan nan
6.430000000000000000e+02 3.593861838600852110e+01 3.519106992140662271e+01 nan nan nan
6.440000000000000000e+02 3.593861838600852110e+01 3.519243355777039994e+01 nan nan nan
6.450000000000000000e+02 3.593861838600852820e+01 3.519379719413419139e+01 nan nan nan
6.460000000000000000e+02 3.593861838600852110e+01 3.519516083049797572e+01 nan nan nan
6.470000000000000000e+02 3.593861838600852110e+01 3.519652446686175296e+01 nan nan nan
6.480000000000000000e+02 3.593861838600852820e+01 3.519788810322552308e+01 nan 1.000000000000000000e+00 nan
6.490000000000000000e+02 3.593861838600852110e+01 3.519925173958930742e+01 nan 1.000000000000000000e+00 nan
6.500000000000000000e+02 3.593861838600852110e+01 3.520061537595309886e+01 nan 1.000000000000000000e+00 nan
6.510000000000000000e+02 3.593861838600852110e+01 3.520197901231687609e+01 1.000000000000000000e+00 1.000000000000000000e+00 1.000000000000000000e+00
6.520000000000000000e+02 3.593861838600852110e+01 3.520334264868065333e+01 nan 1.000000000000000000e+00 nan
6.530000000000000000e+02 3.593861838600852820e+01 3.520470628504443766e+01 1.000000000000000000e+00 1.000000000000000000e+00 1.000000000000000000e+00
6.540000000000000000e+02 3.593861838600852110e+01 3.520606992140822200e+01 1.000000000000000000e+00 1.000000000000000000e+00 1.000000000000000000e+00
6.550000000000000000e+02 3.593861838600852110e+01 3.520743355777199923e+01 nan 1.000000000000000000e+00 nan
6.560000000000000000e+02 3.593861838600852820e+01 3.520879719413578357e+01 nan 1.000000000000000000e+00 nan
6.570000000000000000e+02 3.593861838600852110e+01 3.521016083049956080e+01 1.000000000000000000e+00 1.000000000000000000e+00 1.000000000000000000e+00
6.580000000000000000e+02 3.593861838600852820e+01 3.521152446686334514e+01 nan 1.000000000000000000e+00 nan
6.590000000000000000e+02 3.593861838600852110e+01 3.521288810322712948e+01 nan 1.000000000000000000e+00 nan
6.600000000000000000e+02 3.593861838600852820e+01 3.521425173959089960e+01 1.000000000000000000e+00 1.000000000000000000e+00 1.000000000000000000e+00
6.610000000000000000e+02 3.593861838600852110e+01 3.521561537595468394e+01 nan 1.000000000000000000e+00 nan
6.620000000000000000e+02 3.593861838600852110e+01 3.521697901231846828e+01 nan 1.000000000000000000e+00 nan
6.630000000000000000e+02 3.593861838600852820e+01 3.521834264868225262e+01 nan nan nan
6.640000000000000000e+02 3.593861838600852110e+01 3.521970628504604406e+01 nan 1.000000000000000000e+00 nan
6.650000000000000000e+02 3.593998202237214912e+01 3.517334264867748317e+01 nan nan nan
6.660000000000000000e+02 3.593998202237214912e+01 3.517470628504125330e+01 nan nan nan
6.670000000000000000e+02 3.593998202237214912e+01 3.517606992140503763e+01 nan nan nan
6.680000000000000000e+02 3.593998202237214912e+01 3.517743355776881486e+01 nan nan nan
6.690000000000000000e+02 3.593998202237214912e+01 3.517879719413260631e+01 nan nan nan
6.700000000000000000e+02 3.593998202237214912e+01 3.518016083049637643e+01 nan nan nan
6.710000000000000000e+02 3.593998202237215622e+01 3.518152446686016077e+01 nan nan nan
6.720000000000000000e+02 3.593998202237216333e+01 3.518288810322394511e+01 nan nan nan
6.730000000000000000e+02 3.593998202237214912e+01 3.518425173958772945e+01 nan nan nan
6.740000000000000000e+02 3.593998202237215622e+01 3.518561537595149957e+01 nan nan nan
6.750000000000000000e+02 3.593998202237214912e+01 3.518697901231527680e+01 nan nan nan
6.760000000000000000e+02 3.593998202237215622e+01 3.518834264867906825e+01 nan nan nan
6.770000000000000000e+02 3.593998202237214912e+01 3.518970628504283837e+01 nan nan nan
6.780000000000000000e+02 3.593998202237214912e+01 3.519106992140662271e+01 nan nan nan
6.790000000000000000e+02 3.593998202237214912e+01 3.519243355777039994e+01 nan nan nan
6.800000000000000000e+02 3.593998202237215622e+01 3.519379719413419139e+01 nan nan nan
6.810000000000000000e+02 3.593998202237215622e+01 3.519516083049796862e+01 nan nan nan
6.820000000000000000e+02 3.593998202237214912e+01 3.519652446686175296e+01 nan 1.000000000000000000e+00 nan
6.830000000000000000e+02 3.593998202237214912e+01 3.519788810322553019e+01 nan 1.000000000000000000e+00 nan
6.840000000000000000e+02 3.593998202237215622e+01 3.519925173958930742e+01 nan 1.000000000000000000e+00 nan
6.850000000000000000e+02 3.593998202237215622e+01 3.520061537595309886e+01 1.000000000000000000e+00 nan nan
6.860000000000000000e+02 3.593998202237214912e+01 3.520197901231687609e+01 1.000000000000000000e+00 1.000000000000000000e+00 1.000000000000000000e+00
6.870000000000000000e+02 3.593998202237215622e+01 3.520334264868065333e+01 nan 1.000000000000000000e+00 nan
6.880000000000000000e+02 3.593998202237215622e+01 3.520470628504443766e+01 1.000000000000000000e+00 nan nan
6.890000000000000000e+02 3.593998202237215622e+01 3.520606992140822200e+01 nan nan nan
6.900000000000000000e+02 3.593998202237215622e+01 3.520743355777200634e+01 1.000000000000000000e+00 1.000000000000000000e+00 1.000000000000000000e+00
6.910000000000000000e+02 3.593998202237214912e+01 3.520879719413578357e+01 nan 1.000000000000000000e+00 nan
6.920000000000000000e+02 3.593998202237214912e+01 3.521016083049956080e+01 nan 1.000000000000000000e+00 nan
6.930000000000000000e+02 3.593998202237215622e+01 3.521152446686334514e+01 nan 1.000000000000000000e+00 nan
6.940000000000000000e+02 3.593998202237215622e+01 3.521288810322712237e+01 nan 1.000000000000000000e+00 nan
6.950000000000000000e+02 3.593998202237215622e+01 3.521425173959089960e+01 nan nan nan
6.960000000000000000e+02 3.593998202237214912e+01 3.521561537595468394e+01 nan 1.000000000000000000e+00 nan
6.970000000000000000e+02 3.593998202237215622e+01 3.521697901231846828e+01 nan 1.000000000000000000e+00 nan
6.980000000000000000e+02 3.593998202237215622e+01 3.521834264868225262e+01 nan 1.000000000000000000e+00 nan
6.990000000000000000e+02 3.593998202237215622e+01 3.521970628504604406e+01 nan nan nan
7.000000000000000000e+02 3.594134565873579845e+01 3.517334264867747606e+01 nan nan nan
7.010000000000000000e+02 3.594134565873579135e+01 3.517470628504125330e+01 nan nan nan
7.020000000000000000e+02 3.594134565873579135e+01 3.517606992140503763e+01 nan nan nan
7.030000000000000000e+02 3.594134565873579135e+01 3.517743355776882908e+01 nan nan nan
7.040000000000000000e+02 3.594134565873579135e+01 3.517879719413259210e+01 nan nan nan
7.050000000000000000e+02 3.594134565873579135e+01 3.518016083049638354e+01 nan nan nan
7.060000000000000000e+02 3.594134565873579135e+01 3.518152446686015367e+01 nan nan nan
7.070000000000000000e+02 3.594134565873579135e+01 3.518288810322393800e+01 nan nan nan
7.080000000000000000e+02 3.594134565873579135e+01 3.518425173958772945e+01 nan nan nan
7.090000000000000000e+02 3.594134565873579845e+01 3.518561537595150668e+01 nan nan nan
7.100000000000000000e+02 3.594134565873579845e+01 3.518697901231528391e+01 nan nan nan
7.110000000000000000e+02 3.594134565873579135e+01 3.518834264867906825e+01 nan nan nan
7.120000000000000000e+02 3.594134565873579135e+01 3.518970628504284548e+01 nan nan nan
7.130000000000000000e+02 3.594134565873580556e+01 3.519106992140662271e+01 nan nan nan
7.140000000000000000e+02 3.594134565873579845e+01 3.519243355777039994e+01 nan nan nan
7.150000000000000000e+02 3.594134565873579135e+01 3.519379719413419139e+01 nan nan nan
7.160000000000000000e+02 3.594134565873579135e+01 3.519516083049796862e+01 nan nan nan
7.170000000000000000e+02 3.594134565873579845e+01 3.519652446686175296e+01 nan 1.000000000000000000e+00 nan
7.180000000000000000e+02 3.594134565873579845e+01 3.519788810322552308e+01 nan nan nan
7.190000000000000000e+02 3.594134565873579135e+01 3.519925173958930742e+01 nan 1.000000000000000000e+00 nan
7.200000000000000000e+02 3.594134565873579135e+01 3.520061537595309886e+01 1.000000000000000000e+00 1.000000000000000000e+00 1.000000000000000000e+00
7.210000000000000000e+02 3.594134565873579135e+01 3.520197901231687609e+01 1.000000000000000000e+00 1.000000000000000000e+00 1.000000000000000000e+00
7.220000000000000000e+02 3.594134565873580556e+01 3.520334264868066043e+01 nan 1.000000000000000000e+00 nan
7.230000000000000000e+02 3.594134565873579135e+01 3.520470628504443766e+01 nan nan nan
7.240000000000000000e+02 3.594134565873579845e+01 3.520606992140822200e+01 nan nan nan
7.250000000000000000e+02 3.594134565873579135e+01 3.520743355777199923e+01 1.000000000000000000e+00 1.000000000000000000e+00 1.000000000000000000e+00
7.260000000000000000e+02 3.594134565873579845e+01 3.520879719413578357e+01 nan 1.000000000000000000e+00 nan
7.270000000000000000e+02 3.594134565873579845e+01 3.521016083049956080e+01 nan 1.000000000000000000e+00 nan
7.280000000000000000e+02 3.594134565873579845e+01 3.521152446686334514e+01 nan 1.000000000000000000e+00 nan
7.290000000000000000e+02 3.594134565873579135e+01 3.521288810322712237e+01 nan 1.000000000000000000e+00 nan
7.300000000000000000e+02 3.594134565873580556e+01 3.521425173959089960e+01 nan nan nan
7.310000000000000000e+02 3.594134565873579135e+01 3.521561537595468394e+01 nan 1.000000000000000000e+00 nan
7.320000000000000000e+02 3.594134565873580556e+01 3.521697901231846828e+01 nan nan nan
7.330000000000000000e+02 3.594134565873579135e+01 3.521834264868225262e+01 nan 1.000000000000000000e+00 nan
7.340000000000000000e+02 3.594134565873579135e+01 3.521970628504602985e+01 nan 1.000000000000000000e+00 nan
7.350000000000000000e+02 3.594270929509943358e+01 3.517334264867748317e+01 nan nan nan
7.360000000000000000e+02 3.594270929509943358e+01 3.517470628504125330e+01 nan nan nan
7.370000000000000000e+02 3.594270929509943358e+01 3.517606992140503763e+01 nan nan nan
7.380000000000000000e+02 3.594270929509943358e+01 3.517743355776881486e+01 nan nan nan
7.390000000000000000e+02 3.594270929509943358e+01 3.517879719413260631e+01 nan nan nan
7.400000000000000000e+02 3.594270929509943358e+01 3.518016083049637643e+01 nan nan nan
7.410000000000000000e+02 3.594270929509943358e+01 3.518152446686016077e+01 nan nan nan
7.420000000000000000e+02 3.594270929509943358e+01 3.518288810322394511e+01 nan nan nan
7.430000000000000000e+02 3.594270929509943358e+01 3.518425173958772945e+01 nan nan nan
7.440000000000000000e+02 3.594270929509943358e+01 3.518561537595149957e+01 nan nan nan
7.450000000000000000e+02 3.594270929509943358e+01 3.518697901231527680e+01 nan nan nan
7.460000000000000000e+02 3.594270929509943358e+01 3.518834264867906825e+01 nan nan nan
7.470000000000000000e+02 3.594270929509943358e+01 3.518970628504283837e+01 nan nan nan
7.480000000000000000e+02 3.594270929509943358e+01 3.519106992140662271e+01 nan nan nan
7.490000000000000000e+02 3.594270929509943358e+01 3.519243355777039994e+01 nan nan nan
7.500000000000000000e+02 3.594270929509943358e+01 3.519379719413419139e+01 nan nan nan
7.510000000000000000e+02 3.594270929509943358e+01 3.519516083049796862e+01 nan nan nan
7.520000000000000000e+02 3.594270929509943358e+01 3.519652446686175296e+01 nan 1.000000000000000000e+00 nan
7.530000000000000000e+02 3.594270929509943358e+01 3.519788810322553019e+01 nan nan nan
7.540000000000000000e+02 3.594270929509943358e+01 3.519925173958930742e+01 nan 1.000000000000000000e+00 nan
7.550000000000000000e+02 3.594270929509943358e+01 3.520061537595309886e+01 nan 1.000000000000000000e+00 nan
7.560000000000000000e+02 3.594270929509943358e+01 3.520197901231687609e+01 nan 1.000000000000000000e+00 nan
7.570000000000000000e+02 3.594270929509943358e+01 3.520334264868065333e+01 1.000000000000000000e+00 1.000000000000000000e+00 1.000000000000000000e+00
7.580000000000000000e+02 3.594270929509943358e+01 3.520470628504443766e+01 nan nan nan
7.590000000000000000e+02 3.594270929509944068e+01 3.520606992140822200e+01 nan nan nan
7.600000000000000000e+02 3.594270929509943358e+01 3.520743355777200634e+01 nan nan nan
7.610000000000000000e+02 3.594270929509944068e+01 3.520879719413578357e+01 nan nan nan
7.620000000000000000e+02 3.594270929509943358e+01 3.521016083049956080e+01 nan nan nan
7.630000000000000000e+02 3.594270929509943358e+01 3.521152446686334514e+01 nan nan nan
7.640000000000000000e+02 3.594270929509944068e+01 3.521288810322712237e+01 nan 1.000000000000000000e+00 nan
7.650000000000000000e+02 3.594270929509944068e+01 3.521425173959089960e+01 1.000000000000000000e+00 1.000000000000000000e+00 1.000000000000000000e+00
7.660000000000000000e+02 3.594270929509944068e+01 3.521561537595468394e+01 nan nan nan
7.670000000000000000e+02 3.594270929509943358e+01 3.521697901231846828e+01 nan nan nan
7.680000000000000000e+02 3.594270929509943358e+01 3.521834264868225262e+01 nan 1.000000000000000000e+00 nan
7.690000000000000000e+02 3.594270929509943358e+01 3.521970628504604406e+01 nan nan nan
7.700000000000000000e+02 3.594407293146307580e+01 3.517334264867748317e+01 nan nan nan
7.710000000000000000e+02 3.594407293146306870e+01 3.517470628504125330e+01 nan nan nan
7.720000000000000000e+02 3.594407293146306159e+01 3.517606992140503763e+01 nan nan nan
7.730000000000000000e+02 3.594407293146306159e+01 3.517743355776881486e+01 nan nan nan
7.740000000000000000e+02 3.594407293146306870e+01 3.517879719413260631e+01 nan nan nan
7.750000000000000000e+02 3.594407293146306159e+01 3.518016083049637643e+01 nan nan nan
7.760000000000000000e+02 3.594407293146306870e+01 3.518152446686016077e+01 nan nan nan
7.770000000000000000e+02 3.594407293146306159e+01 3.518288810322394511e+01 nan nan nan
7.780000000000000000e+02 3.594407293146306870e+01 3.518425173958772945e+01 nan nan nan
7.790000000000000000e+02 3.594407293146306159e+01 3.518561537595149957e+01 nan nan nan
7.800000000000000000e+02 3.594407293146307580e+01 3.518697901231527680e+01 nan nan nan
7.810000000000000000e+02 3.594407293146306159e+01 3.518834264867906825e+01 nan nan nan
7.820000000000000000e+02 3.594407293146306870e+01 3.518970628504283837e+01 nan nan nan
7.830000000000000000e+02 3.594407293146306870e+01 3.519106992140662271e+01 nan nan nan
7.840000000000000000e+02 3.594407293146306870e+01 3.519243355777039994e+01 nan nan nan
7.850000000000000000e+02 3.594407293146307580e+01 3.519379719413419139e+01 nan nan nan
7.860000000000000000e+02 3.594407293146306870e+01 3.519516083049796862e+01 nan nan nan
7.870000000000000000e+02 3.594407293146306159e+01 3.519652446686175296e+01 nan nan nan
7.880000000000000000e+02 3.594407293146306870e+01 3.519788810322553019e+01 nan 1.000000000000000000e+00 nan
7.890000000000000000e+02 3.594407293146306159e+01 3.519925173958930742e+01 nan 1.000000000000000000e+00 nan
7.900000000000000000e+02 3.594407293146306870e+01 3.520061537595309886e+01 nan 1.000000000000000000e+00 nan
7.910000000000000000e+02 3.594407293146307580e+01 3.520197901231687609e+01 1.000000000000000000e+00 1.000000000000000000e+00 1.000000000000000000e+00
7.920000000000000000e+02 3.594407293146306870e+01 3.520334264868065333e+01 nan nan nan
7.930000000000000000e+02 3.594407293146307580e+01 3.520470628504443766e+01 nan nan nan
7.940000000000000000e+02 3.594407293146306870e+01 3.520606992140822200e+01 nan nan nan
7.950000000000000000e+02 3.594407293146306870e+01 3.520743355777200634e+01 nan nan nan
7.960000000000000000e+02 3.594407293146306870e+01 3.520879719413578357e+01 nan nan nan
7.970000000000000000e+02 3.594407293146306870e+01 3.521016083049956080e+01 nan nan nan
7.980000000000000000e+02 3.594407293146306159e+01 3.521152446686334514e+01 nan nan nan
7.990000000000000000e+02 3.594407293146306870e+01 3.521288810322712237e+01 nan nan nan
8.000000000000000000e+02 3.594407293146306870e+01 3.521425173959089960e+01 nan nan nan
8.010000000000000000e+02 3.594407293146306870e+01 3.521561537595468394e+01 nan nan nan
8.020000000000000000e+02 3.594407293146306870e+01 3.521697901231846828e+01 nan nan nan
8.030000000000000000e+02 3.594407293146306159e+01 3.521834264868225262e+01 nan nan nan
8.040000000000000000e+02 3.594407293146306870e+01 3.521970628504604406e+01 nan nan nan
8.050000000000000000e+02 3.594543656782670382e+01 3.517334264867747606e+01 nan nan nan
8.060000000000000000e+02 3.594543656782671093e+01 3.517470628504125330e+01 nan nan nan
8.070000000000000000e+02 3.594543656782671093e+01 3.517606992140503763e+01 nan nan nan
8.080000000000000000e+02 3.594543656782671093e+01 3.517743355776882908e+01 nan nan nan
8.090000000000000000e+02 3.594543656782671093e+01 3.517879719413259920e+01 nan nan nan
8.100000000000000000e+02 3.594543656782671093e+01 3.518016083049637643e+01 nan nan nan
8.110000000000000000e+02 3.594543656782671093e+01 3.518152446686016077e+01 nan nan nan
8.120000000000000000e+02 3.594543656782671093e+01 3.518288810322394511e+01 nan nan nan
8.130000000000000000e+02 3.594543656782670382e+01 3.518425173958772945e+01 nan nan nan
8.140000000000000000e+02 3.594543656782671093e+01 3.518561537595150668e+01 nan nan nan
8.150000000000000000e+02 3.594543656782671093e+01 3.518697901231528391e+01 nan nan nan
8.160000000000000000e+02 3.594543656782671093e+01 3.518834264867906825e+01 nan nan nan
8.170000000000000000e+02 3.594543656782671093e+01 3.518970628504284548e+01 nan nan nan
8.180000000000000000e+02 3.594543656782671093e+01 3.519106992140662271e+01 nan nan nan
8.190000000000000000e+02 3.594543656782671093e+01 3.519243355777039994e+01 nan 1.000000000000000000e+00 nan
8.200000000000000000e+02 3.594543656782671093e+01 3.519379719413419139e+01 nan 1.000000000000000000e+00 nan
8.210000000000000000e+02 3.594543656782671093e+01 3.519516083049797572e+01 nan nan nan
8.220000000000000000e+02 3.594543656782671093e+01 3.519652446686175296e+01 nan nan nan
8.230000000000000000e+02 3.594543656782671093e+01 3.519788810322552308e+01 nan 1.000000000000000000e+00 nan
8.240000000000000000e+02 3.594543656782669672e+01 3.519925173958930742e+01 nan 1.000000000000000000e+00 nan
8.250000000000000000e+02 3.594543656782671093e+01 3.520061537595309886e+01 nan 1.000000000000000000e+00 nan
8.260000000000000000e+02 3.594543656782671093e+01 3.520197901231687609e+01 nan 1.000000000000000000e+00 nan
8.270000000000000000e+02 3.594543656782670382e+01 3.520334264868065333e+01 nan nan nan
8.280000000000000000e+02 3.594543656782671093e+01 3.520470628504443766e+01 1.000000000000000000e+00 nan nan
8.290000000000000000e+02 3.594543656782670382e+01 3.520606992140822200e+01 nan nan nan
8.300000000000000000e+02 3.594543656782670382e+01 3.520743355777199923e+01 nan nan nan
8.310000000000000000e+02 3.594543656782671093e+01 3.520879719413578357e+01 nan nan nan
8.320000000000000000e+02 3.594543656782671093e+01 3.521016083049956080e+01 nan nan nan
8.330000000000000000e+02 3.594543656782671093e+01 3.521152446686334514e+01 nan nan nan
8.340000000000000000e+02 3.594543656782671093e+01 3.521288810322712948e+01 nan nan nan
8.350000000000000000e+02 3.594543656782671093e+01 3.521425173959089960e+01 nan nan nan
8.360000000000000000e+02 3.594543656782671093e+01 3.521561537595468394e+01 nan nan nan
8.370000000000000000e+02 3.594543656782671093e+01 3.521697901231846828e+01 nan nan nan
8.380000000000000000e+02 3.594543656782671093e+01 3.521834264868225262e+01 nan nan nan
8.390000000000000000e+02 3.594543656782671093e+01 3.521970628504604406e+01 nan nan nan
