1.000000000000000000e+00 5.570353213665315550e-01
3.000000000000000000e+00 6.233155927980976729e-01
5.000000000000000000e+00 6.538321621237933590e-01
7.000000000000000000e+00 6.725834015308331804e-01
9.000000000000000000e+00 6.872934048438565924e-01
1.100000000000000000e+01 7.000857169323735363e-01
1.300000000000000000e+01 7.112818931432431935e-01
1.500000000000000000e+01 7.209872022567886951e-01
1.700000000000000000e+01 7.291001372291399107e-01
1.900000000000000000e+01 7.359172546318815122e-01
2.100000000000000000e+01 7.416200137889751298e-01
2.300000000000000000e+01 7.462544088102318618e-01
2.500000000000000000e+01 7.499371769042046942e-01
2.700000000000000000e+01 7.527163838980180932e-01
2.900000000000000000e+01 7.545171946693743914e-01
3.100000000000000000e+01 7.555968198798164170e-01
3.300000000000000000e+01 7.561508262963307914e-01
3.500000000000000000e+01 7.561864467268569756e-01
3.700000000000000000e+01 7.558188375047263374e-01
3.900000000000000000e+01 7.552432372284660911e-01
4.100000000000000000e+01 7.544840878235873349e-01
4.300000000000000000e+01 7.535869595644621999e-01
4.500000000000000000e+01 7.524884242820437663e-01
4.700000000000000000e+01 7.512509983361302934e-01
4.900000000000000000e+01 7.498985143469445447e-01
5.100000000000000000e+01 7.486176229154855033e-01
5.300000000000000000e+01 7.473258416041168584e-01
5.500000000000000000e+01 7.460841371618857076e-01
5.700000000000000000e+01 7.449570990998036768e-01
5.900000000000000000e+01 7.439610716970512794e-01
6.100000000000000000e+01 7.431386566539274208e-01
6.300000000000000000e+01 7.424527511305398786e-01
6.500000000000000000e+01 7.419357662280858801e-01
6.700000000000000000e+01 7.415010307242418941e-01
6.900000000000000000e+01 7.410915513286964185e-01
7.100000000000000000e+01 7.407318480435224339e-01
7.300000000000000000e+01 7.403745947201381128e-01
7.500000000000000000e+01 7.399161131606621922e-01
7.700000000000000000e+01 7.393513865998464496e-01
7.900000000000000000e+01 7.386808397512353297e-01
8.100000000000000000e+01 7.379908823441818644e-01
8.300000000000000000e+01 7.372775017896173733e-01
8.500000000000000000e+01 7.365278726069425241e-01
8.700000000000000000e+01 7.356583207786417944e-01
8.900000000000000000e+01 7.347017767341786909e-01
9.100000000000000000e+01 7.337206117246091175e-01
9.300000000000000000e+01 7.326944761566949182e-01
9.500000000000000000e+01 7.316456919385070368e-01
9.700000000000000000e+01 7.305719936665373559e-01
9.900000000000000000e+01 7.294699843222385294e-01
1.010000000000000000e+02 7.283414303590243222e-01
1.030000000000000000e+02 7.272132696039064204e-01
1.050000000000000000e+02 7.261196444600919175e-01
1.070000000000000000e+02 7.250538314986252342e-01
1.090000000000000000e+02 7.240303730123169856e-01
1.110000000000000000e+02 7.230227226641672278e-01
1.130000000000000000e+02 7.221206372720752054e-01
1.150000000000000000e+02 7.213491125624567069e-01
1.170000000000000000e+02 7.207317724665489589e-01
1.190000000000000000e+02 7.202795488795281642e-01
1.210000000000000000e+02 7.200019348650825712e-01
1.230000000000000000e+02 7.198606364200950125e-01
1.250000000000000000e+02 7.198606364200955676e-01
1.270000000000000000e+02 7.198606364200947905e-01
1.290000000000000000e+02 7.198606364200952346e-01
1.310000000000000000e+02 7.198606364200957897e-01
1.330000000000000000e+02 7.198606364200951235e-01
1.350000000000000000e+02 7.198606364200952346e-01
1.370000000000000000e+02 7.198606364200955676e-01
1.390000000000000000e+02 7.198606364200952346e-01
1.410000000000000000e+02 7.198606364200959007e-01
1.430000000000000000e+02 7.198606364200945684e-01
1.450000000000000000e+02 7.198606364200950125e-01
1.470000000000000000e+02 7.198606364200954566e-01
1.490000000000000000e+02 7.198606364200952346e-01
