1.000000000000000000e+00 1.042811501597443735e-01
3.000000000000000000e+00 1.132787024206788340e-01
5.000000000000000000e+00 1.173702589626438586e-01
7.000000000000000000e+00 1.199809497858299601e-01
9.000000000000000000e+00 1.219075142035377368e-01
1.100000000000000000e+01 1.234670615812502037e-01
1.300000000000000000e+01 1.247783469909544696e-01
1.500000000000000000e+01 1.258608748161712532e-01
1.700000000000000000e+01 1.266962384646409534e-01
1.900000000000000000e+01 1.273407979551011149e-01
2.100000000000000000e+01 1.278256659020997610e-01
2.300000000000000000e+01 1.281849224139395282e-01
2.500000000000000000e+01 1.284430150957387440e-01
2.700000000000000000e+01 1.286313217418293409e-01
2.900000000000000000e+01 1.287671827225904675e-01
3.100000000000000000e+01 1.288579709048136568e-01
3.300000000000000000e+01 1.289136684879753636e-01
3.500000000000000000e+01 1.289352170096661476e-01
3.700000000000000000e+01 1.289310281804834091e-01
3.900000000000000000e+01 1.288980359020057698e-01
4.100000000000000000e+01 1.288429156902398676e-01
4.300000000000000000e+01 1.287686811461535852e-01
4.500000000000000000e+01 1.286790748704428333e-01
4.700000000000000000e+01 1.285723247438672612e-01
4.900000000000000000e+01 1.284507142535388224e-01
5.100000000000000000e+01 1.283067982969416931e-01
5.300000000000000000e+01 1.281419387087862072e-01
5.500000000000000000e+01 1.279582664131445613e-01
5.700000000000000000e+01 1.277759360867942728e-01
5.900000000000000000e+01 1.275917936247722428e-01
6.100000000000000000e+01 1.274002333754555849e-01
6.300000000000000000e+01 1.271997054478185563e-01
6.500000000000000000e+01 1.269970960340023325e-01
6.700000000000000000e+01 1.267915452600014703e-01
6.900000000000000000e+01 1.265801011096842066e-01
7.100000000000000000e+01 1.263671687398264520e-01
7.300000000000000000e+01 1.261528472137913859e-01
7.500000000000000000e+01 1.259379405212469605e-01
7.700000000000000000e+01 1.257220633129954024e-01
7.900000000000000000e+01 1.255074508737274996e-01
8.100000000000000000e+01 1.252939959342712628e-01
8.300000000000000000e+01 1.250782339794566100e-01
8.500000000000000000e+01 1.248494075024656480e-01
8.700000000000000000e+01 1.246209483191121903e-01
8.900000000000000000e+01 1.244064636688880787e-01
9.100000000000000000e+01 1.241882023641879274e-01
9.300000000000000000e+01 1.239721290993280878e-01
9.500000000000000000e+01 1.237586434535796753e-01
9.700000000000000000e+01 1.235487325591622110e-01
9.900000000000000000e+01 1.233374828813432744e-01
1.010000000000000000e+02 1.231245811096461917e-01
1.030000000000000000e+02 1.229154507681383679e-01
1.050000000000000000e+02 1.226993861790930396e-01
1.070000000000000000e+02 1.224724202720981481e-01
1.090000000000000000e+02 1.222344917667808062e-01
1.110000000000000000e+02 1.219858859118387873e-01
1.130000000000000000e+02 1.217488774202295509e-01
1.150000000000000000e+02 1.215239018893273792e-01
1.170000000000000000e+02 1.213091492048162801e-01
1.190000000000000000e+02 1.211043612332536323e-01
1.210000000000000000e+02 1.209091791665697357e-01
1.230000000000000000e+02 1.207237119252089208e-01
1.250000000000000000e+02 1.205433787733839468e-01
1.270000000000000000e+02 1.203681279122315040e-01
1.290000000000000000e+02 1.202067072756680677e-01
1.310000000000000000e+02 1.200595054566344633e-01
1.330000000000000000e+02 1.199262802553936469e-01
1.350000000000000000e+02 1.198061106346036686e-01
1.370000000000000000e+02 1.196995392713536832e-01
1.390000000000000000e+02 1.196065302513742434e-01
1.410000000000000000e+02 1.195303666272391485e-01
1.430000000000000000e+02 1.194714244553211069e-01
1.450000000000000000e+02 1.194308072656853348e-01
1.470000000000000000e+02 1.194113972996890816e-01
1.490000000000000000e+02 1.194132328000708787e-01
