1.000000000000000000e+00 2.335495829471734286e-02
3.000000000000000000e+00 2.452072979676422904e-02
5.000000000000000000e+00 2.507778806025906526e-02
7.000000000000000000e+00 2.539445217296032453e-02
9.000000000000000000e+00 2.558832348632267273e-02
1.100000000000000000e+01 2.572346924592394668e-02
1.300000000000000000e+01 2.581091983670946721e-02
1.500000000000000000e+01 2.585222451390745135e-02
1.700000000000000000e+01 2.586222730775666889e-02
1.900000000000000000e+01 2.585046097681453769e-02
2.100000000000000000e+01 2.582155983336542615e-02
2.300000000000000000e+01 2.577565960879291129e-02
2.500000000000000000e+01 2.571509926990867001e-02
2.700000000000000000e+01 2.564034913548507433e-02
2.900000000000000000e+01 2.555235522930465741e-02
3.100000000000000000e+01 2.545461430196793717e-02
3.300000000000000000e+01 2.534750524828677243e-02
3.500000000000000000e+01 2.523215512284227025e-02
3.700000000000000000e+01 2.510720762342566470e-02
3.900000000000000000e+01 2.497309418134263659e-02
4.100000000000000000e+01 2.482943731044062741e-02
4.300000000000000000e+01 2.467763017566737549e-02
4.500000000000000000e+01 2.451965745899886695e-02
4.700000000000000000e+01 2.435717261978975756e-02
4.900000000000000000e+01 2.419081828240221554e-02
5.100000000000000000e+01 2.402425756174497717e-02
5.300000000000000000e+01 2.385794628934934103e-02
5.500000000000000000e+01 2.369105198123200307e-02
5.700000000000000000e+01 2.352450745702838741e-02
5.900000000000000000e+01 2.335880691454683689e-02
6.100000000000000000e+01 2.319320776769884240e-02
6.300000000000000000e+01 2.302777600385208512e-02
6.500000000000000000e+01 2.286355999176348242e-02
6.700000000000000000e+01 2.270026998969854048e-02
6.900000000000000000e+01 2.253417184273043272e-02
7.100000000000000000e+01 2.236586833042453204e-02
7.300000000000000000e+01 2.219777191950589312e-02
7.500000000000000000e+01 2.203107626956724019e-02
7.700000000000000000e+01 2.186671126076711325e-02
7.900000000000000000e+01 2.170486635751001092e-02
8.100000000000000000e+01 2.154553878310383475e-02
8.300000000000000000e+01 2.138947889666353852e-02
8.500000000000000000e+01 2.123450924488579084e-02
8.700000000000000000e+01 2.108096802295478245e-02
8.900000000000000000e+01 2.092980727917159722e-02
9.100000000000000000e+01 2.078118790273519867e-02
9.300000000000000000e+01 2.063514226598339718e-02
9.500000000000000000e+01 2.049146178108107730e-02
9.700000000000000000e+01 2.035026384671556610e-02
9.900000000000000000e+01 2.021256764707202169e-02
1.010000000000000000e+02 2.007805753422531314e-02
1.030000000000000000e+02 1.994523570882611452e-02
1.050000000000000000e+02 1.981421650895198727e-02
1.070000000000000000e+02 1.968649160201696446e-02
1.090000000000000000e+02 1.956201969139115260e-02
1.110000000000000000e+02 1.944079099227435936e-02
1.130000000000000000e+02 1.932261611698449233e-02
1.150000000000000000e+02 1.920737503692449000e-02
1.170000000000000000e+02 1.909493720252108950e-02
1.190000000000000000e+02 1.898412886339861938e-02
1.210000000000000000e+02 1.887501394941693000e-02
1.230000000000000000e+02 1.876739188654485968e-02
1.250000000000000000e+02 1.866126615555807611e-02
1.270000000000000000e+02 1.855685416376062769e-02
1.290000000000000000e+02 1.845470984845420936e-02
1.310000000000000000e+02 1.835410532822734364e-02
1.330000000000000000e+02 1.825359303620988083e-02
1.350000000000000000e+02 1.815488812247656458e-02
1.370000000000000000e+02 1.805796276981508353e-02
1.390000000000000000e+02 1.796240440107021996e-02
1.410000000000000000e+02 1.786793799315400388e-02
1.430000000000000000e+02 1.777413584037867977e-02
1.450000000000000000e+02 1.768143374033126491e-02
1.470000000000000000e+02 1.758978268435029690e-02
1.490000000000000000e+02 1.749961289557089295e-02
