1.000000000000000000e+00 1.830517493680989816e-01
3.000000000000000000e+00 2.040344387578830743e-01
5.000000000000000000e+00 2.131558764293629560e-01
7.000000000000000000e+00 2.174976945555825436e-01
9.000000000000000000e+00 2.199808350282546066e-01
1.100000000000000000e+01 2.214906696044776080e-01
1.300000000000000000e+01 2.225458700245360744e-01
1.500000000000000000e+01 2.233184582869934820e-01
1.700000000000000000e+01 2.239766937290332827e-01
1.900000000000000000e+01 2.245866893497356909e-01
2.100000000000000000e+01 2.251910578837293953e-01
2.300000000000000000e+01 2.258549876324927874e-01
2.500000000000000000e+01 2.266408208281019965e-01
2.700000000000000000e+01 2.275861105435237342e-01
2.900000000000000000e+01 2.287233039355721642e-01
3.100000000000000000e+01 2.300686498833233173e-01
3.300000000000000000e+01 2.316294968127050602e-01
3.500000000000000000e+01 2.333886266598425019e-01
3.700000000000000000e+01 2.353369516715164700e-01
3.900000000000000000e+01 2.374624627292741819e-01
4.100000000000000000e+01 2.397747596643151624e-01
4.300000000000000000e+01 2.422712896552228212e-01
4.500000000000000000e+01 2.449625350917710165e-01
4.700000000000000000e+01 2.478348735481320508e-01
4.900000000000000000e+01 2.508852782633393952e-01
5.100000000000000000e+01 2.540931632874908752e-01
5.300000000000000000e+01 2.574706385467055991e-01
5.500000000000000000e+01 2.610124986520104828e-01
5.700000000000000000e+01 2.646998098882344941e-01
5.900000000000000000e+01 2.685281060757926941e-01
6.100000000000000000e+01 2.724918647636959124e-01
6.300000000000000000e+01 2.765783410858823066e-01
6.500000000000000000e+01 2.807855890440456026e-01
6.700000000000000000e+01 2.851070047756929515e-01
6.900000000000000000e+01 2.895378193396267452e-01
7.100000000000000000e+01 2.940949566182824437e-01
7.300000000000000000e+01 2.987756575042633811e-01
7.500000000000000000e+01 3.035737844666226426e-01
7.700000000000000000e+01 3.085081356441964351e-01
7.900000000000000000e+01 3.135672241286646678e-01
8.100000000000000000e+01 3.187460160191651903e-01
8.300000000000000000e+01 3.240355973070606632e-01
8.500000000000000000e+01 3.294347569426387956e-01
8.700000000000000000e+01 3.349492988157403150e-01
8.900000000000000000e+01 3.405746151891505535e-01
9.100000000000000000e+01 3.463038795481762078e-01
9.300000000000000000e+01 3.521288385650922503e-01
9.500000000000000000e+01 3.580268734435967382e-01
9.700000000000000000e+01 3.639953524930106266e-01
9.900000000000000000e+01 3.700274317018006354e-01
1.010000000000000000e+02 3.761230947494894616e-01
1.030000000000000000e+02 3.822801524790784278e-01
1.050000000000000000e+02 3.884964093833821464e-01
1.070000000000000000e+02 3.947678880132732271e-01
1.090000000000000000e+02 4.010945877632781098e-01
1.110000000000000000e+02 4.074666288614806620e-01
1.130000000000000000e+02 4.138717142456846965e-01
1.150000000000000000e+02 4.203011040749765614e-01
1.170000000000000000e+02 4.267485697152841873e-01
1.190000000000000000e+02 4.332090739219356390e-01
1.210000000000000000e+02 4.396763841788273730e-01
1.230000000000000000e+02 4.461453152692522739e-01
1.250000000000000000e+02 4.526098198043904119e-01
1.270000000000000000e+02 4.590654612556036573e-01
1.290000000000000000e+02 4.655092745345944527e-01
1.310000000000000000e+02 4.719399336521969968e-01
1.330000000000000000e+02 4.783497781453931452e-01
1.350000000000000000e+02 4.847340491196816537e-01
1.370000000000000000e+02 4.910907137011037982e-01
1.390000000000000000e+02 4.974199566212983425e-01
1.410000000000000000e+02 5.037067847745050342e-01
1.430000000000000000e+02 5.099492377292393908e-01
1.450000000000000000e+02 5.161458912888059469e-01
1.470000000000000000e+02 5.222921630316292863e-01
1.490000000000000000e+02 5.283853646345026966e-01
