1.000000000000000000e+00 1.948654922845828308e-01
3.000000000000000000e+00 2.161732673687265516e-01
5.000000000000000000e+00 2.250543251376269094e-01
7.000000000000000000e+00 2.296928319703747112e-01
9.000000000000000000e+00 2.322393607680298677e-01
1.100000000000000000e+01 2.338374956509557956e-01
1.300000000000000000e+01 2.350200339131489624e-01
1.500000000000000000e+01 2.360238334190999376e-01
1.700000000000000000e+01 2.369947588306378083e-01
1.900000000000000000e+01 2.380077031912627428e-01
2.100000000000000000e+01 2.391062918358208833e-01
2.300000000000000000e+01 2.403200734484352008e-01
2.500000000000000000e+01 2.416099876364999899e-01
2.700000000000000000e+01 2.429892681546411692e-01
2.900000000000000000e+01 2.444535410335261227e-01
3.100000000000000000e+01 2.460255301897675828e-01
3.300000000000000000e+01 2.477183730223406766e-01
3.500000000000000000e+01 2.495384417391292020e-01
3.700000000000000000e+01 2.514871469097118561e-01
3.900000000000000000e+01 2.535515275725087614e-01
4.100000000000000000e+01 2.557446562213688823e-01
4.300000000000000000e+01 2.580636506390876495e-01
4.500000000000000000e+01 2.604893636201079943e-01
4.700000000000000000e+01 2.630068467138636512e-01
4.900000000000000000e+01 2.656386732180135990e-01
5.100000000000000000e+01 2.683696843725492664e-01
5.300000000000000000e+01 2.711865355747128392e-01
5.500000000000000000e+01 2.740822632409914972e-01
5.700000000000000000e+01 2.770668858910247945e-01
5.900000000000000000e+01 2.801371521941746767e-01
6.100000000000000000e+01 2.832934474903848754e-01
6.300000000000000000e+01 2.865221198380877299e-01
6.500000000000000000e+01 2.898276628999300053e-01
6.700000000000000000e+01 2.932116810044427258e-01
6.900000000000000000e+01 2.966762470389079365e-01
7.100000000000000000e+01 3.002319210203461264e-01
7.300000000000000000e+01 3.038785962373613536e-01
7.500000000000000000e+01 3.076196204086987240e-01
7.700000000000000000e+01 3.114573362955901370e-01
7.900000000000000000e+01 3.153754221819848880e-01
8.100000000000000000e+01 3.193729185077259780e-01
8.300000000000000000e+01 3.234496492326959238e-01
8.500000000000000000e+01 3.276020851005122525e-01
8.700000000000000000e+01 3.318315007800000105e-01
8.900000000000000000e+01 3.361385825526040927e-01
9.100000000000000000e+01 3.405186552569852143e-01
9.300000000000000000e+01 3.449740849930571507e-01
9.500000000000000000e+01 3.495111171515868920e-01
9.700000000000000000e+01 3.541292002544931261e-01
9.900000000000000000e+01 3.588268524548362537e-01
1.010000000000000000e+02 3.635982422265962022e-01
1.030000000000000000e+02 3.684385920387804880e-01
1.050000000000000000e+02 3.733450288980026954e-01
1.070000000000000000e+02 3.783150590883388453e-01
1.090000000000000000e+02 3.833447649335954832e-01
1.110000000000000000e+02 3.884347357081727736e-01
1.130000000000000000e+02 3.935915558130236303e-01
1.150000000000000000e+02 3.988083134829309984e-01
1.170000000000000000e+02 4.040855312635808216e-01
1.190000000000000000e+02 4.094189297822370399e-01
1.210000000000000000e+02 4.147983912110153604e-01
1.230000000000000000e+02 4.202151675852681123e-01
1.250000000000000000e+02 4.256557536060515678e-01
1.270000000000000000e+02 4.311184520591891944e-01
1.290000000000000000e+02 4.365981450296015920e-01
1.310000000000000000e+02 4.420836732218386134e-01
1.330000000000000000e+02 4.475536536291517820e-01
1.350000000000000000e+02 4.530061056587212365e-01
1.370000000000000000e+02 4.584389238128936395e-01
1.390000000000000000e+02 4.638476786553255016e-01
1.410000000000000000e+02 4.692334301758540605e-01
1.430000000000000000e+02 4.745948690511391233e-01
1.450000000000000000e+02 4.799264947187015240e-01
1.470000000000000000e+02 4.852271860358619016e-01
1.490000000000000000e+02 4.904952104998392404e-01
