1.000000000000000000e+00 8.182240818224051360e-03
3.000000000000000000e+00 8.202186737947481099e-03
5.000000000000000000e+00 8.165681515814537939e-03
7.000000000000000000e+00 8.130792637499939524e-03
9.000000000000000000e+00 8.079321464345867732e-03
1.100000000000000000e+01 8.008057514572786140e-03
1.300000000000000000e+01 7.902796521274901842e-03
1.500000000000000000e+01 7.765606315051076791e-03
1.700000000000000000e+01 7.603410493637996481e-03
1.900000000000000000e+01 7.418321046937181862e-03
2.100000000000000000e+01 7.223266143930873184e-03
2.300000000000000000e+01 7.028237108977597458e-03
2.500000000000000000e+01 6.834279221115457936e-03
2.700000000000000000e+01 6.647649996601723288e-03
2.900000000000000000e+01 6.471728540822452302e-03
3.100000000000000000e+01 6.309788181741327051e-03
3.300000000000000000e+01 6.158605811367956484e-03
3.500000000000000000e+01 6.018156200164104241e-03
3.700000000000000000e+01 5.885089407466348455e-03
3.900000000000000000e+01 5.761002282066107760e-03
4.100000000000000000e+01 5.646431218698455545e-03
4.300000000000000000e+01 5.540188452035299527e-03
4.500000000000000000e+01 5.440684285933361508e-03
4.700000000000000000e+01 5.347584908038771623e-03
4.900000000000000000e+01 5.258999939336983509e-03
5.100000000000000000e+01 5.174746948522046530e-03
5.300000000000000000e+01 5.095600385821463796e-03
5.500000000000000000e+01 5.021197776205355012e-03
5.700000000000000000e+01 4.951104098986469637e-03
5.900000000000000000e+01 4.887042876769109867e-03
6.100000000000000000e+01 4.828360464938508123e-03
6.300000000000000000e+01 4.773564745707559176e-03
6.500000000000000000e+01 4.722201084465527110e-03
6.700000000000000000e+01 4.672938225327216699e-03
6.900000000000000000e+01 4.625363472368748674e-03
7.100000000000000000e+01 4.579918155274254055e-03
7.300000000000000000e+01 4.536138113975796138e-03
7.500000000000000000e+01 4.493729297527671029e-03
7.700000000000000000e+01 4.451101572264914985e-03
7.900000000000000000e+01 4.407437167205929818e-03
8.100000000000000000e+01 4.363361123522091489e-03
8.300000000000000000e+01 4.319896738791739743e-03
8.500000000000000000e+01 4.278109069980828849e-03
8.700000000000000000e+01 4.237969142865782857e-03
8.900000000000000000e+01 4.198882949818405486e-03
9.100000000000000000e+01 4.160845596112183742e-03
9.300000000000000000e+01 4.123839610523538646e-03
9.500000000000000000e+01 4.087834480851815222e-03
9.700000000000000000e+01 4.054155792895697275e-03
9.900000000000000000e+01 4.022740936773239184e-03
1.010000000000000000e+02 3.993486106820154369e-03
1.030000000000000000e+02 3.966356716884167355e-03
1.050000000000000000e+02 3.941282236365251102e-03
1.070000000000000000e+02 3.918175310882676676e-03
1.090000000000000000e+02 3.896967278628427067e-03
1.110000000000000000e+02 3.877591206746466845e-03
1.130000000000000000e+02 3.858938377897302985e-03
1.150000000000000000e+02 3.841011259748006168e-03
1.170000000000000000e+02 3.823760437721701599e-03
1.190000000000000000e+02 3.808080772202626640e-03
1.210000000000000000e+02 3.793910519371279655e-03
1.230000000000000000e+02 3.781189519596050985e-03
1.250000000000000000e+02 3.769304155874508844e-03
1.270000000000000000e+02 3.758256772120160960e-03
1.290000000000000000e+02 3.748050451496398594e-03
1.310000000000000000e+02 3.739002986743567014e-03
1.330000000000000000e+02 3.731091411279363612e-03
1.350000000000000000e+02 3.724289481340514740e-03
1.370000000000000000e+02 3.718627340584146346e-03
1.390000000000000000e+02 3.714106914114112534e-03
1.410000000000000000e+02 3.709706906054877074e-03
1.430000000000000000e+02 3.705499104674103705e-03
1.450000000000000000e+02 3.701504292501711646e-03
1.470000000000000000e+02 3.697736091050840557e-03
1.490000000000000000e+02 3.695508482149056917e-03
