1.000000000000000000e+00 1.056057866184448857e-01
3.000000000000000000e+00 1.164115372615257549e-01
5.000000000000000000e+00 1.225266137503989716e-01
7.000000000000000000e+00 1.267179944196216157e-01
9.000000000000000000e+00 1.294185777924657943e-01
1.100000000000000000e+01 1.312984971258568390e-01
1.300000000000000000e+01 1.326296376163181856e-01
1.500000000000000000e+01 1.336499116648066643e-01
1.700000000000000000e+01 1.345312380572794009e-01
1.900000000000000000e+01 1.353406393966035681e-01
2.100000000000000000e+01 1.360822844846895086e-01
2.300000000000000000e+01 1.367577815643424843e-01
2.500000000000000000e+01 1.373787573341195278e-01
2.700000000000000000e+01 1.379339908377816837e-01
2.900000000000000000e+01 1.384204636911965380e-01
3.100000000000000000e+01 1.388337967713046961e-01
3.300000000000000000e+01 1.391743058047441028e-01
3.500000000000000000e+01 1.394348497742255999e-01
3.700000000000000000e+01 1.396337312435463884e-01
3.900000000000000000e+01 1.397816789959007711e-01
4.100000000000000000e+01 1.398887836325447553e-01
4.300000000000000000e+01 1.399645423491724383e-01
4.500000000000000000e+01 1.400126951080769011e-01
4.700000000000000000e+01 1.400339154253598117e-01
4.900000000000000000e+01 1.400295942948998063e-01
5.100000000000000000e+01 1.400010229151865682e-01
5.300000000000000000e+01 1.399566650296856229e-01
5.500000000000000000e+01 1.398984349498056945e-01
5.700000000000000000e+01 1.398226739553235509e-01
5.900000000000000000e+01 1.397294491125034011e-01
6.100000000000000000e+01 1.396288925932874792e-01
6.300000000000000000e+01 1.395262337695868382e-01
6.500000000000000000e+01 1.394080199998390945e-01
6.700000000000000000e+01 1.392812901513229562e-01
6.900000000000000000e+01 1.391473291901186293e-01
7.100000000000000000e+01 1.390093270493069078e-01
7.300000000000000000e+01 1.388677806647221624e-01
7.500000000000000000e+01 1.387078538662518401e-01
7.700000000000000000e+01 1.385300531434843219e-01
7.900000000000000000e+01 1.383547757213051677e-01
8.100000000000000000e+01 1.381836389505742835e-01
8.300000000000000000e+01 1.380118364422692201e-01
8.500000000000000000e+01 1.378432247076357697e-01
8.700000000000000000e+01 1.376883243887384589e-01
8.900000000000000000e+01 1.375356980078630276e-01
9.100000000000000000e+01 1.373866730289134974e-01
9.300000000000000000e+01 1.372405994207959168e-01
9.500000000000000000e+01 1.370969476782032404e-01
9.700000000000000000e+01 1.369460222719319775e-01
9.900000000000000000e+01 1.367894027389371381e-01
1.010000000000000000e+02 1.366327878643294191e-01
1.030000000000000000e+02 1.364759107774584646e-01
1.050000000000000000e+02 1.363155864528580175e-01
1.070000000000000000e+02 1.361666484504249208e-01
1.090000000000000000e+02 1.360286588680008624e-01
1.110000000000000000e+02 1.358945082523242975e-01
1.130000000000000000e+02 1.357544291224368482e-01
1.150000000000000000e+02 1.356084172689663303e-01
1.170000000000000000e+02 1.354527244058734148e-01
1.190000000000000000e+02 1.352846309736015495e-01
1.210000000000000000e+02 1.351122952235428443e-01
1.230000000000000000e+02 1.349349263082763040e-01
1.250000000000000000e+02 1.347651976695141141e-01
1.270000000000000000e+02 1.345968584256689304e-01
1.290000000000000000e+02 1.344290237546003075e-01
1.310000000000000000e+02 1.342753674402404895e-01
1.330000000000000000e+02 1.341247091787582946e-01
1.350000000000000000e+02 1.339768562004078900e-01
1.370000000000000000e+02 1.338297297668613606e-01
1.390000000000000000e+02 1.336866902221960363e-01
1.410000000000000000e+02 1.335488811562557387e-01
1.430000000000000000e+02 1.334121647768914398e-01
1.450000000000000000e+02 1.332809359635340751e-01
1.470000000000000000e+02 1.331535121803721911e-01
1.490000000000000000e+02 1.330363005421394407e-01
