1.000000000000000000e+00 1.836315188427861678e-02
3.000000000000000000e+00 1.878143856628755604e-02
5.000000000000000000e+00 1.901131847798809282e-02
7.000000000000000000e+00 1.918166602581583557e-02
9.000000000000000000e+00 1.932076925060299821e-02
1.100000000000000000e+01 1.944646750455958362e-02
1.300000000000000000e+01 1.955865794445321715e-02
1.500000000000000000e+01 1.965884250782179432e-02
1.700000000000000000e+01 1.974977824667611959e-02
1.900000000000000000e+01 1.983475089769737298e-02
2.100000000000000000e+01 1.991467181602768477e-02
2.300000000000000000e+01 1.998954944941000456e-02
2.500000000000000000e+01 2.005918041237397809e-02
2.700000000000000000e+01 2.012389086985832964e-02
2.900000000000000000e+01 2.018456910850940922e-02
3.100000000000000000e+01 2.024112892124685370e-02
3.300000000000000000e+01 2.029339996898538168e-02
3.500000000000000000e+01 2.034162965727726036e-02
3.700000000000000000e+01 2.038632202387902215e-02
3.900000000000000000e+01 2.042735905055670376e-02
4.100000000000000000e+01 2.046493963131623683e-02
4.300000000000000000e+01 2.049925887557890736e-02
4.500000000000000000e+01 2.053059839107806983e-02
4.700000000000000000e+01 2.055901229936163421e-02
4.900000000000000000e+01 2.058386742059148400e-02
5.100000000000000000e+01 2.060515851733912829e-02
5.300000000000000000e+01 2.062285685426823445e-02
5.500000000000000000e+01 2.063665686390947496e-02
5.700000000000000000e+01 2.064627852116507345e-02
5.900000000000000000e+01 2.065105512215958949e-02
6.100000000000000000e+01 2.065055012273253610e-02
6.300000000000000000e+01 2.064335344717938003e-02
6.500000000000000000e+01 2.062912239087089095e-02
6.700000000000000000e+01 2.060790830513570260e-02
6.900000000000000000e+01 2.057948247884733295e-02
7.100000000000000000e+01 2.054417250229245706e-02
7.300000000000000000e+01 2.050261157276001001e-02
7.500000000000000000e+01 2.045452404441849836e-02
7.700000000000000000e+01 2.040099859540833727e-02
7.900000000000000000e+01 2.034208495003719808e-02
8.100000000000000000e+01 2.027803217947454772e-02
8.300000000000000000e+01 2.021043987828707866e-02
8.500000000000000000e+01 2.013903714821574376e-02
8.700000000000000000e+01 2.006399001946079785e-02
8.900000000000000000e+01 1.998511574643913047e-02
9.100000000000000000e+01 1.990268507919912278e-02
9.300000000000000000e+01 1.981663346258577540e-02
9.500000000000000000e+01 1.972722765469558937e-02
9.700000000000000000e+01 1.963389903086132371e-02
9.900000000000000000e+01 1.953692238934123804e-02
1.010000000000000000e+02 1.943693027016557551e-02
1.030000000000000000e+02 1.933421541801472188e-02
1.050000000000000000e+02 1.922889511130398965e-02
1.070000000000000000e+02 1.912153381397729834e-02
1.090000000000000000e+02 1.901068160830476916e-02
1.110000000000000000e+02 1.889672444627921166e-02
1.130000000000000000e+02 1.877916391464962143e-02
1.150000000000000000e+02 1.866003288569006990e-02
1.170000000000000000e+02 1.853991530800824794e-02
1.190000000000000000e+02 1.841869511570881635e-02
1.210000000000000000e+02 1.829665467913543786e-02
1.230000000000000000e+02 1.817409929051028161e-02
1.250000000000000000e+02 1.805185780645035543e-02
1.270000000000000000e+02 1.793040800806455781e-02
1.290000000000000000e+02 1.780915023826834531e-02
1.310000000000000000e+02 1.768787444592578861e-02
1.330000000000000000e+02 1.756672318643404118e-02
1.350000000000000000e+02 1.744658553576039495e-02
1.370000000000000000e+02 1.732752218655719822e-02
1.390000000000000000e+02 1.720989032306841082e-02
1.410000000000000000e+02 1.709338194802123567e-02
1.430000000000000000e+02 1.697804240325107017e-02
1.450000000000000000e+02 1.686314596910298835e-02
1.470000000000000000e+02 1.674892402671301905e-02
1.490000000000000000e+02 1.663541538026858113e-02
