0.000000000000000000e+00 3.591735357111150506e+01 3.517371267431227722e+01 1.000000000000000000e+00 nan nan
1.000000000000000000e+00 3.591735357111150506e+01 3.517507631067605445e+01 1.000000000000000000e+00 nan nan
2.000000000000000000e+00 3.591735357111150506e+01 3.517643994703984589e+01 1.000000000000000000e+00 nan nan
3.000000000000000000e+00 3.591735357111150506e+01 3.517780358340362312e+01 nan 1.000000000000000000e+00 nan
4.000000000000000000e+00 3.591735357111151217e+01 3.517916721976740746e+01 nan 1.000000000000000000e+00 nan
5.000000000000000000e+00 3.591735357111151217e+01 3.518053085613118469e+01 nan 1.000000000000000000e+00 nan
6.000000000000000000e+00 3.591735357111151217e+01 3.518189449249496192e+01 nan 1.000000000000000000e+00 nan
7.000000000000000000e+00 3.591735357111150506e+01 3.518325812885874626e+01 nan 1.000000000000000000e+00 nan
8.000000000000000000e+00 3.591735357111150506e+01 3.518462176522253770e+01 nan 1.000000000000000000e+00 nan
9.000000000000000000e+00 3.591735357111150506e+01 3.518598540158630783e+01 nan 1.000000000000000000e+00 nan
1.000000000000000000e+01 3.591735357111151217e+01 3.518734903795009217e+01 nan 1.000000000000000000e+00 nan
1.100000000000000000e+01 3.591735357111151217e+01 3.518871267431386229e+01 nan 1.000000000000000000e+00 nan
1.200000000000000000e+01 3.591735357111151217e+01 3.519007631067765374e+01 nan 1.000000000000000000e+00 nan
1.300000000000000000e+01 3.591735357111151217e+01 3.519143994704142386e+01 nan 1.000000000000000000e+00 nan
1.400000000000000000e+01 3.591735357111151217e+01 3.519280358340520820e+01 nan 1.000000000000000000e+00 nan
1.500000000000000000e+01 3.591735357111151217e+01 3.519416721976899964e+01 nan 1.000000000000000000e+00 nan
1.600000000000000000e+01 3.591735357111151217e+01 3.519553085613276977e+01 nan 1.000000000000000000e+00 nan
1.700000000000000000e+01 3.591735357111151217e+01 3.519689449249655411e+01 nan 1.000000000000000000e+00 nan
1.800000000000000000e+01 3.591735357111150506e+01 3.519825812886033845e+01 nan 1.000000000000000000e+00 nan
1.900000000000000000e+01 3.591735357111151217e+01 3.519962176522411568e+01 nan 1.000000000000000000e+00 nan
2.000000000000000000e+01 3.591735357111150506e+01 3.520098540158790001e+01 nan 1.000000000000000000e+00 nan
2.100000000000000000e+01 3.591735357111150506e+01 3.520234903795168435e+01 nan 1.000000000000000000e+00 nan
2.200000000000000000e+01 3.591735357111150506e+01 3.520371267431546158e+01 nan 1.000000000000000000e+00 nan
2.300000000000000000e+01 3.591735357111151217e+01 3.520507631067923882e+01 nan 1.000000000000000000e+00 nan
2.400000000000000000e+01 3.591735357111150506e+01 3.520643994704301605e+01 nan 1.000000000000000000e+00 nan
2.500000000000000000e+01 3.591735357111150506e+01 3.520780358340680749e+01 nan 1.000000000000000000e+00 nan
2.600000000000000000e+01 3.591735357111151217e+01 3.520916721977059183e+01 nan 1.000000000000000000e+00 nan
2.700000000000000000e+01 3.591735357111149796e+01 3.521053085613436195e+01 nan 1.000000000000000000e+00 nan
2.800000000000000000e+01 3.591735357111150506e+01 3.521189449249813919e+01 nan 1.000000000000000000e+00 nan
2.900000000000000000e+01 3.591735357111149796e+01 3.521325812886193063e+01 nan 1.000000000000000000e+00 nan
3.000000000000000000e+01 3.591871720747514019e+01 3.517371267431227722e+01 nan nan nan
3.100000000000000000e+01 3.591871720747514729e+01 3.517507631067605445e+01 1.000000000000000000e+00 1.000000000000000000e+00 1.000000000000000000e+00
3.200000000000000000e+01 3.591871720747514019e+01 3.517643994703984589e+01 1.000000000000000000e+00 1.000000000000000000e+00 1.000000000000000000e+00
3.300000000000000000e+01 3.591871720747514729e+01 3.517780358340362312e+01 1.000000000000000000e+00 1.000000000000000000e+00 1.000000000000000000e+00
3.400000000000000000e+01 3.591871720747514729e+01 3.517916721976740746e+01 1.000000000000000000e+00 1.000000000000000000e+00 1.000000000000000000e+00
3.500000000000000000e+01 3.591871720747514729e+01 3.518053085613118469e+01 1.000000000000000000e+00 1.000000000000000000e+00 1.000000000000000000e+00
3.600000000000000000e+01 3.591871720747514019e+01 3.518189449249496192e+01 1.000000000000000000e+00 1.000000000000000000e+00 1.000000000000000000e+00
3.700000000000000000e+01 3.591871720747514729e+01 3.518325812885874626e+01 1.000000000000000000e+00 1.000000000000000000e+00 1.000000000000000000e+00
3.800000000000000000e+01 3.591871720747514019e+01 3.518462176522253770e+01 1.000000000000000000e+00 1.000000000000000000e+00 1.000000000000000000e+00
3.900000000000000000e+01 3.591871720747514729e+01 3.518598540158630783e+01 1.000000000000000000e+00 1.000000000000000000e+00 1.000000000000000000e+00
4.000000000000000000e+01 3.591871720747514729e+01 3.518734903795009217e+01 1.000000000000000000e+00 1.000000000000000000e+00 1.000000000000000000e+00
4.100000000000000000e+01 3.591871720747513308e+01 3.518871267431386229e+01 1.000000000000000000e+00 1.000000000000000000e+00 1.000000000000000000e+00
4.200000000000000000e+01 3.591871720747514019e+01 3.519007631067765374e+01 nan 1.000000000000000000e+00 nan
4.300000000000000000e+01 3.591871720747514729e+01 3.519143994704142386e+01 nan 1.000000000000000000e+00 nan
4.400000000000000000e+01 3.591871720747514019e+01 3.519280358340520820e+01 nan 1.000000000000000000e+00 nan
4.500000000000000000e+01 3.591871720747513308e+01 3.519416721976899964e+01 1.000000000000000000e+00 1.000000000000000000e+00 1.000000000000000000e+00
4.600000000000000000e+01 3.591871720747514019e+01 3.519553085613276977e+01 nan 1.000000000000000000e+00 nan
4.700000000000000000e+01 3.591871720747514729e+01 3.519689449249655411e+01 nan 1.000000000000000000e+00 nan
4.800000000000000000e+01 3.591871720747514729e+01 3.519825812886033845e+01 nan 1.000000000000000000e+00 nan
4.900000000000000000e+01 3.591871720747514019e+01 3.519962176522411568e+01 nan 1.000000000000000000e+00 nan
5.000000000000000000e+01 3.591871720747514019e+01 3.520098540158790001e+01 nan 1.000000000000000000e+00 nan
5.100000000000000000e+01 3.591871720747514729e+01 3.520234903795168435e+01 nan 1.000000000000000000e+00 nan
5.200000000000000000e+01 3.591871720747514729e+01 3.520371267431546158e+01 nan 1.000000000000000000e+00 nan
5.300000000000000000e+01 3.591871720747514729e+01 3.520507631067923882e+01 nan 1.000000000000000000e+00 nan
5.400000000000000000e+01 3.591871720747514019e+01 3.520643994704301605e+01 nan 1.000000000000000000e+00 nan
5.500000000000000000e+01 3.591871720747514729e+01 3.520780358340680749e+01 nan 1.000000000000000000e+00 nan
5.600000000000000000e+01 3.591871720747514019e+01 3.520916721977059183e+01 nan 1.000000000000000000e+00 nan
5.700000000000000000e+01 3.591871720747514729e+01 3.521053085613436195e+01 nan 1.000000000000000000e+00 nan
5.800000000000000000e+01 3.591871720747514019e+01 3.521189449249813919e+01 nan 1.000000000000000000e+00 nan
5.900000000000000000e+01 3.591871720747514729e+01 3.521325812886193063e+01 nan 1.000000000000000000e+00 nan
6.000000000000000000e+01 3.592008084383878241e+01 3.517371267431227011e+01 nan nan nan
6.100000000000000000e+01 3.592008084383878241e+01 3.517507631067605445e+01 nan 1.000000000000000000e+00 nan
6.200000000000000000e+01 3.592008084383878241e+01 3.517643994703983878e+01 nan 1.000000000000000000e+00 nan
6.300000000000000000e+01 3.592008084383878241e+01 3.517780358340362312e+01 1.000000000000000000e+00 1.000000000000000000e+00 1.000000000000000000e+00
6.400000000000000000e+01 3.592008084383878241e+01 3.517916721976740746e+01 1.000000000000000000e+00 1.000000000000000000e+00 1.000000000000000000e+00
6.500000000000000000e+01 3.592008084383878241e+01 3.518053085613118469e+01 1.000000000000000000e+00 1.000000000000000000e+00 1.000000000000000000e+00
6.600000000000000000e+01 3.592008084383877531e+01 3.518189449249496192e+01 1.000000000000000000e+00 1.000000000000000000e+00 1.000000000000000000e+00
6.700000000000000000e+01 3.592008084383878241e+01 3.518325812885873916e+01 1.000000000000000000e+00 1.000000000000000000e+00 1.000000000000000000e+00
6.800000000000000000e+01 3.592008084383878241e+01 3.518462176522253770e+01 1.000000000000000000e+00 1.000000000000000000e+00 1.000000000000000000e+00
6.900000000000000000e+01 3.592008084383878241e+01 3.518598540158631494e+01 1.000000000000000000e+00 1.000000000000000000e+00 1.000000000000000000e+00
7.000000000000000000e+01 3.592008084383878952e+01 3.518734903795008506e+01 1.000000000000000000e+00 1.000000000000000000e+00 1.000000000000000000e+00
7.100000000000000000e+01 3.592008084383878952e+01 3.518871267431386229e+01 1.000000000000000000e+00 1.000000000000000000e+00 1.000000000000000000e+00
7.200000000000000000e+01 3.592008084383878241e+01 3.519007631067765374e+01 1.000000000000000000e+00 1.000000000000000000e+00 1.000000000000000000e+00
7.300000000000000000e+01 3.592008084383877531e+01 3.519143994704143097e+01 1.000000000000000000e+00 1.000000000000000000e+00 1.000000000000000000e+00
7.400000000000000000e+01 3.592008084383878241e+01 3.519280358340520820e+01 1.000000000000000000e+00 1.000000000000000000e+00 1.000000000000000000e+00
7.500000000000000000e+01 3.592008084383878241e+01 3.519416721976899964e+01 1.000000000000000000e+00 1.000000000000000000e+00 1.000000000000000000e+00
7.600000000000000000e+01 3.592008084383878241e+01 3.519553085613277688e+01 1.000000000000000000e+00 1.000000000000000000e+00 1.000000000000000000e+00
7.700000000000000000e+01 3.592008084383878241e+01 3.519689449249656121e+01 1.000000000000000000e+00 1.000000000000000000e+00 1.000000000000000000e+00
7.800000000000000000e+01 3.592008084383878241e+01 3.519825812886033845e+01 nan 1.000000000000000000e+00 nan
7.900000000000000000e+01 3.592008084383878241e+01 3.519962176522411568e+01 nan 1.000000000000000000e+00 nan
8.000000000000000000e+01 3.592008084383878241e+01 3.520098540158790001e+01 nan 1.000000000000000000e+00 nan
8.100000000000000000e+01 3.592008084383878241e+01 3.520234903795167725e+01 nan 1.000000000000000000e+00 nan
8.200000000000000000e+01 3.592008084383878241e+01 3.520371267431546158e+01 nan 1.000000000000000000e+00 nan
8.300000000000000000e+01 3.592008084383878241e+01 3.520507631067923171e+01 nan 1.000000000000000000e+00 nan
8.400000000000000000e+01 3.592008084383878241e+01 3.520643994704301605e+01 nan 1.000000000000000000e+00 nan
8.500000000000000000e+01 3.592008084383878241e+01 3.520780358340680749e+01 nan 1.000000000000000000e+00 nan
8.600000000000000000e+01 3.592008084383878241e+01 3.520916721977059183e+01 nan 1.000000000000000000e+00 nan
8.700000000000000000e+01 3.592008084383877531e+01 3.521053085613436906e+01 nan 1.000000000000000000e+00 nan
8.800000000000000000e+01 3.592008084383878241e+01 3.521189449249813919e+01 nan 1.000000000000000000e+00 nan
8.900000000000000000e+01 3.592008084383878241e+01 3.521325812886193063e+01 nan 1.000000000000000000e+00 nan
9.000000000000000000e+01 3.592144448020242464e+01 3.517371267431227722e+01 nan 1.000000000000000000e+00 nan
9.100000000000000000e+01 3.592144448020241754e+01 3.517507631067605445e+01 nan 1.000000000000000000e+00 nan
9.200000000000000000e+01 3.592144448020241754e+01 3.517643994703983878e+01 nan 1.000000000000000000e+00 nan
9.300000000000000000e+01 3.592144448020241754e+01 3.517780358340362312e+01 nan 1.000000000000000000e+00 nan
9.400000000000000000e+01 3.592144448020241754e+01 3.517916721976740746e+01 nan 1.000000000000000000e+00 nan
9.500000000000000000e+01 3.592144448020241754e+01 3.518053085613118469e+01 nan 1.000000000000000000e+00 nan
9.600000000000000000e+01 3.592144448020241754e+01 3.518189449249496192e+01 1.000000000000000000e+00 1.000000000000000000e+00 1.000000000000000000e+00
9.700000000000000000e+01 3.592144448020241043e+01 3.518325812885873916e+01 1.000000000000000000e+00 1.000000000000000000e+00 1.000000000000000000e+00
9.800000000000000000e+01 3.592144448020241043e+01 3.518462176522253770e+01 nan 1.000000000000000000e+00 nan
9.900000000000000000e+01 3.592144448020241043e+01 3.518598540158631494e+01 1.000000000000000000e+00 1.000000000000000000e+00 1.000000000000000000e+00
1.000000000000000000e+02 3.592144448020241754e+01 3.518734903795008506e+01 1.000000000000000000e+00 1.000000000000000000e+00 1.000000000000000000e+00
1.010000000000000000e+02 3.592144448020241754e+01 3.518871267431386940e+01 1.000000000000000000e+00 1.000000000000000000e+00 1.000000000000000000e+00
1.020000000000000000e+02 3.592144448020241754e+01 3.519007631067765374e+01 1.000000000000000000e+00 1.000000000000000000e+00 1.000000000000000000e+00
1.030000000000000000e+02 3.592144448020241754e+01 3.519143994704142386e+01 1.000000000000000000e+00 1.000000000000000000e+00 1.000000000000000000e+00
1.040000000000000000e+02 3.592144448020241754e+01 3.519280358340520820e+01 1.000000000000000000e+00 1.000000000000000000e+00 1.000000000000000000e+00
1.050000000000000000e+02 3.592144448020241754e+01 3.519416721976899964e+01 1.000000000000000000e+00 1.000000000000000000e+00 1.000000000000000000e+00
1.060000000000000000e+02 3.592144448020241754e+01 3.519553085613277688e+01 1.000000000000000000e+00 1.000000000000000000e+00 1.000000000000000000e+00
1.070000000000000000e+02 3.592144448020242464e+01 3.519689449249656121e+01 1.000000000000000000e+00 1.000000000000000000e+00 1.000000000000000000e+00
1.080000000000000000e+02 3.592144448020241754e+01 3.519825812886033845e+01 1.000000000000000000e+00 1.000000000000000000e+00 1.000000000000000000e+00
1.090000000000000000e+02 3.592144448020241754e+01 3.519962176522410857e+01 1.000000000000000000e+00 1.000000000000000000e+00 1.000000000000000000e+00
1.100000000000000000e+02 3.592144448020241043e+01 3.520098540158790001e+01 1.000000000000000000e+00 1.000000000000000000e+00 1.000000000000000000e+00
1.110000000000000000e+02 3.592144448020241754e+01 3.520234903795167725e+01 nan 1.000000000000000000e+00 nan
1.120000000000000000e+02 3.592144448020241754e+01 3.520371267431546158e+01 nan 1.000000000000000000e+00 nan
1.130000000000000000e+02 3.592144448020241754e+01 3.520507631067923882e+01 nan 1.000000000000000000e+00 nan
1.140000000000000000e+02 3.592144448020241754e+01 3.520643994704301605e+01 nan 1.000000000000000000e+00 nan
1.150000000000000000e+02 3.592144448020241754e+01 3.520780358340680749e+01 nan 1.000000000000000000e+00 nan
1.160000000000000000e+02 3.592144448020241754e+01 3.520916721977059183e+01 nan 1.000000000000000000e+00 nan
1.170000000000000000e+02 3.592144448020241754e+01 3.521053085613436195e+01 nan 1.000000000000000000e+00 nan
1.180000000000000000e+02 3.592144448020241754e+01 3.521189449249814629e+01 nan 1.000000000000000000e+00 nan
1.190000000000000000e+02 3.592144448020241754e+01 3.521325812886193063e+01 nan 1.000000000000000000e+00 nan
1.200000000000000000e+02 3.592280811656605266e+01 3.517371267431227722e+01 nan 1.000000000000000000e+00 nan
1.210000000000000000e+02 3.592280811656605266e+01 3.517507631067605445e+01 nan 1.000000000000000000e+00 nan
1.220000000000000000e+02 3.592280811656605266e+01 3.517643994703984589e+01 nan 1.000000000000000000e+00 nan
1.230000000000000000e+02 3.592280811656605266e+01 3.517780358340362312e+01 nan 1.000000000000000000e+00 nan
1.240000000000000000e+02 3.592280811656605266e+01 3.517916721976740746e+01 nan 1.000000000000000000e+00 nan
1.250000000000000000e+02 3.592280811656605266e+01 3.518053085613118469e+01 nan 1.000000000000000000e+00 nan
1.260000000000000000e+02 3.592280811656605266e+01 3.518189449249496192e+01 nan 1.000000000000000000e+00 nan
1.270000000000000000e+02 3.592280811656603845e+01 3.518325812885874626e+01 nan 1.000000000000000000e+00 nan
1.280000000000000000e+02 3.592280811656605266e+01 3.518462176522253770e+01 nan 1.000000000000000000e+00 nan
1.290000000000000000e+02 3.592280811656605266e+01 3.518598540158630783e+01 nan 1.000000000000000000e+00 nan
1.300000000000000000e+02 3.592280811656605266e+01 3.518734903795009217e+01 nan 1.000000000000000000e+00 nan
1.310000000000000000e+02 3.592280811656605266e+01 3.518871267431386229e+01 1.000000000000000000e+00 1.000000000000000000e+00 1.000000000000000000e+00
1.320000000000000000e+02 3.592280811656605266e+01 3.519007631067765374e+01 nan 1.000000000000000000e+00 nan
1.330000000000000000e+02 3.592280811656605266e+01 3.519143994704142386e+01 1.000000000000000000e+00 1.000000000000000000e+00 1.000000000000000000e+00
1.340000000000000000e+02 3.592280811656605266e+01 3.519280358340520820e+01 nan 1.000000000000000000e+00 nan
1.350000000000000000e+02 3.592280811656605266e+01 3.519416721976899964e+01 1.000000000000000000e+00 1.000000000000000000e+00 1.000000000000000000e+00
1.360000000000000000e+02 3.592280811656605266e+01 3.519553085613276977e+01 1.000000000000000000e+00 1.000000000000000000e+00 1.000000000000000000e+00
1.370000000000000000e+02 3.592280811656605266e+01 3.519689449249655411e+01 1.000000000000000000e+00 1.000000000000000000e+00 1.000000000000000000e+00
1.380000000000000000e+02 3.592280811656605266e+01 3.519825812886033845e+01 1.000000000000000000e+00 1.000000000000000000e+00 1.000000000000000000e+00
1.390000000000000000e+02 3.592280811656605266e+01 3.519962176522411568e+01 1.000000000000000000e+00 1.000000000000000000e+00 1.000000000000000000e+00
1.400000000000000000e+02 3.592280811656605266e+01 3.520098540158790001e+01 nan 1.000000000000000000e+00 nan
1.410000000000000000e+02 3.592280811656605266e+01 3.520234903795168435e+01 1.000000000000000000e+00 1.000000000000000000e+00 1.000000000000000000e+00
1.420000000000000000e+02 3.592280811656605266e+01 3.520371267431546158e+01 1.000000000000000000e+00 1.000000000000000000e+00 1.000000000000000000e+00
1.430000000000000000e+02 3.592280811656604556e+01 3.520507631067923882e+01 nan 1.000000000000000000e+00 nan
1.440000000000000000e+02 3.592280811656605266e+01 3.520643994704301605e+01 nan 1.000000000000000000e+00 nan
1.450000000000000000e+02 3.592280811656605266e+01 3.520780358340680749e+01 nan 1.000000000000000000e+00 nan
1.460000000000000000e+02 3.592280811656605266e+01 3.520916721977059183e+01 nan 1.000000000000000000e+00 nan
1.470000000000000000e+02 3.592280811656605977e+01 3.521053085613436195e+01 nan 1.000000000000000000e+00 nan
1.480000000000000000e+02 3.592280811656605266e+01 3.521189449249813919e+01 nan 1.000000000000000000e+00 nan
1.490000000000000000e+02 3.592280811656605266e+01 3.521325812886193063e+01 nan 1.000000000000000000e+00 nan
1.500000000000000000e+02 3.592417175292969489e+01 3.517371267431228432e+01 nan nan nan
1.510000000000000000e+02 3.592417175292968778e+01 3.517507631067605445e+01 nan 1.000000000000000000e+00 nan
1.520000000000000000e+02 3.592417175292968778e+01 3.517643994703983168e+01 nan 1.000000000000000000e+00 nan
1.530000000000000000e+02 3.592417175292968778e+01 3.517780358340362312e+01 nan 1.000000000000000000e+00 nan
1.540000000000000000e+02 3.592417175292968778e+01 3.517916721976740746e+01 nan 1.000000000000000000e+00 nan
1.550000000000000000e+02 3.592417175292968778e+01 3.518053085613118469e+01 nan 1.000000000000000000e+00 nan
1.560000000000000000e+02 3.592417175292969489e+01 3.518189449249496192e+01 nan 1.000000000000000000e+00 nan
1.570000000000000000e+02 3.592417175292968778e+01 3.518325812885873916e+01 nan 1.000000000000000000e+00 nan
1.580000000000000000e+02 3.592417175292968778e+01 3.518462176522253770e+01 nan 1.000000000000000000e+00 nan
1.590000000000000000e+02 3.592417175292968778e+01 3.518598540158631494e+01 nan 1.000000000000000000e+00 nan
1.600000000000000000e+02 3.592417175292968778e+01 3.518734903795008506e+01 nan 1.000000000000000000e+00 nan
1.610000000000000000e+02 3.592417175292968778e+01 3.518871267431386229e+01 nan 1.000000000000000000e+00 nan
1.620000000000000000e+02 3.592417175292968778e+01 3.519007631067764663e+01 nan 1.000000000000000000e+00 nan
1.630000000000000000e+02 3.592417175292968778e+01 3.519143994704143097e+01 nan 1.000000000000000000e+00 nan
1.640000000000000000e+02 3.592417175292968778e+01 3.519280358340520820e+01 nan 1.000000000000000000e+00 nan
1.650000000000000000e+02 3.592417175292968778e+01 3.519416721976899964e+01 nan 1.000000000000000000e+00 nan
1.660000000000000000e+02 3.592417175292968778e+01 3.519553085613277688e+01 nan 1.000000000000000000e+00 nan
1.670000000000000000e+02 3.592417175292968778e+01 3.519689449249656121e+01 1.000000000000000000e+00 1.000000000000000000e+00 1.000000000000000000e+00
1.680000000000000000e+02 3.592417175292968778e+01 3.519825812886033134e+01 1.000000000000000000e+00 1.000000000000000000e+00 1.000000000000000000e+00
1.690000000000000000e+02 3.592417175292968778e+01 3.519962176522411568e+01 1.000000000000000000e+00 1.000000000000000000e+00 1.000000000000000000e+00
1.700000000000000000e+02 3.592417175292968778e+01 3.520098540158790001e+01 1.000000000000000000e+00 1.000000000000000000e+00 1.000000000000000000e+00
1.710000000000000000e+02 3.592417175292968778e+01 3.520234903795168435e+01 1.000000000000000000e+00 1.000000000000000000e+00 1.000000000000000000e+00
1.720000000000000000e+02 3.592417175292968778e+01 3.520371267431546158e+01 1.000000000000000000e+00 1.000000000000000000e+00 1.000000000000000000e+00
1.730000000000000000e+02 3.592417175292968778e+01 3.520507631067923171e+01 1.000000000000000000e+00 1.000000000000000000e+00 1.000000000000000000e+00
1.740000000000000000e+02 3.592417175292968778e+01 3.520643994704301605e+01 nan 1.000000000000000000e+00 nan
1.750000000000000000e+02 3.592417175292969489e+01 3.520780358340681460e+01 nan 1.000000000000000000e+00 nan
1.760000000000000000e+02 3.592417175292969489e+01 3.520916721977059183e+01 nan 1.000000000000000000e+00 nan
1.770000000000000000e+02 3.592417175292968778e+01 3.521053085613436195e+01 nan 1.000000000000000000e+00 nan
1.780000000000000000e+02 3.592417175292968778e+01 3.521189449249813919e+01 nan 1.000000000000000000e+00 nan
1.790000000000000000e+02 3.592417175292968778e+01 3.521325812886193063e+01 nan 1.000000000000000000e+00 nan
1.800000000000000000e+02 3.592553538929332291e+01 3.517371267431227722e+01 nan nan nan
1.810000000000000000e+02 3.592553538929332291e+01 3.517507631067605445e+01 nan nan nan
1.820000000000000000e+02 3.592553538929332291e+01 3.517643994703984589e+01 nan nan nan
1.830000000000000000e+02 3.592553538929332291e+01 3.517780358340362312e+01 nan 1.000000000000000000e+00 nan
1.840000000000000000e+02 3.592553538929332291e+01 3.517916721976740746e+01 nan 1.000000000000000000e+00 nan
1.850000000000000000e+02 3.592553538929332291e+01 3.518053085613118469e+01 nan 1.000000000000000000e+00 nan
1.860000000000000000e+02 3.592553538929332291e+01 3.518189449249496192e+01 nan 1.000000000000000000e+00 nan
1.870000000000000000e+02 3.592553538929332291e+01 3.518325812885874626e+01 nan 1.000000000000000000e+00 nan
1.880000000000000000e+02 3.592553538929333001e+01 3.518462176522253770e+01 nan 1.000000000000000000e+00 nan
1.890000000000000000e+02 3.592553538929333001e+01 3.518598540158630783e+01 nan 1.000000000000000000e+00 nan
1.900000000000000000e+02 3.592553538929332291e+01 3.518734903795009217e+01 nan 1.000000000000000000e+00 nan
1.910000000000000000e+02 3.592553538929332291e+01 3.518871267431386229e+01 nan 1.000000000000000000e+00 nan
1.920000000000000000e+02 3.592553538929332291e+01 3.519007631067765374e+01 nan 1.000000000000000000e+00 nan
1.930000000000000000e+02 3.592553538929332291e+01 3.519143994704142386e+01 nan 1.000000000000000000e+00 nan
1.940000000000000000e+02 3.592553538929332291e+01 3.519280358340520820e+01 nan 1.000000000000000000e+00 nan
1.950000000000000000e+02 3.592553538929332291e+01 3.519416721976899964e+01 nan 1.000000000000000000e+00 nan
1.960000000000000000e+02 3.592553538929333001e+01 3.519553085613276977e+01 nan 1.000000000000000000e+00 nan
1.970000000000000000e+02 3.592553538929332291e+01 3.519689449249655411e+01 nan 1.000000000000000000e+00 nan
1.980000000000000000e+02 3.592553538929333712e+01 3.519825812886033845e+01 nan 1.000000000000000000e+00 nan
1.990000000000000000e+02 3.592553538929332291e+01 3.519962176522411568e+01 nan 1.000000000000000000e+00 nan
2.000000000000000000e+02 3.592553538929333001e+01 3.520098540158790001e+01 1.000000000000000000e+00 1.000000000000000000e+00 1.000000000000000000e+00
2.010000000000000000e+02 3.592553538929332291e+01 3.520234903795168435e+01 1.000000000000000000e+00 1.000000000000000000e+00 1.000000000000000000e+00
2.020000000000000000e+02 3.592553538929332291e+01 3.520371267431546158e+01 1.000000000000000000e+00 1.000000000000000000e+00 1.000000000000000000e+00
2.030000000000000000e+02 3.592553538929333001e+01 3.520507631067923882e+01 1.000000000000000000e+00 1.000000000000000000e+00 1.000000000000000000e+00
2.040000000000000000e+02 3.592553538929332291e+01 3.520643994704301605e+01 1.000000000000000000e+00 1.000000000000000000e+00 1.000000000000000000e+00
2.050000000000000000e+02 3.592553538929332291e+01 3.520780358340680749e+01 nan 1.000000000000000000e+00 nan
2.060000000000000000e+02 3.592553538929332291e+01 3.520916721977059183e+01 nan 1.000000000000000000e+00 nan
2.070000000000000000e+02 3.592553538929333001e+01 3.521053085613436195e+01 nan 1.000000000000000000e+00 nan
2.080000000000000000e+02 3.592553538929333001e+01 3.521189449249813919e+01 nan 1.000000000000000000e+00 nan
2.090000000000000000e+02 3.592553538929332291e+01 3.521325812886193063e+01 nan 1.000000000000000000e+00 nan
2.100000000000000000e+02 3.592689902565695803e+01 3.517371267431227722e+01 nan nan nan
2.110000000000000000e+02 3.592689902565696514e+01 3.517507631067605445e+01 nan nan nan
2.120000000000000000e+02 3.592689902565696514e+01 3.517643994703983878e+01 nan nan nan
2.130000000000000000e+02 3.592689902565696514e+01 3.517780358340362312e+01 nan nan nan
2.140000000000000000e+02 3.592689902565696514e+01 3.517916721976740746e+01 nan 1.000000000000000000e+00 nan
2.150000000000000000e+02 3.592689902565695803e+01 3.518053085613118469e+01 nan 1.000000000000000000e+00 nan
2.160000000000000000e+02 3.592689902565696514e+01 3.518189449249496192e+01 nan 1.000000000000000000e+00 nan
2.170000000000000000e+02 3.592689902565696514e+01 3.518325812885873916e+01 nan 1.000000000000000000e+00 nan
2.180000000000000000e+02 3.592689902565695803e+01 3.518462176522253770e+01 nan 1.000000000000000000e+00 nan
2.190000000000000000e+02 3.592689902565695093e+01 3.518598540158631494e+01 nan 1.000000000000000000e+00 nan
2.200000000000000000e+02 3.592689902565695093e+01 3.518734903795008506e+01 nan 1.000000000000000000e+00 nan
2.210000000000000000e+02 3.592689902565696514e+01 3.518871267431386940e+01 nan 1.000000000000000000e+00 nan
2.220000000000000000e+02 3.592689902565696514e+01 3.519007631067765374e+01 nan 1.000000000000000000e+00 nan
2.230000000000000000e+02 3.592689902565696514e+01 3.519143994704142386e+01 nan 1.000000000000000000e+00 nan
2.240000000000000000e+02 3.592689902565695803e+01 3.519280358340520820e+01 nan 1.000000000000000000e+00 nan
2.250000000000000000e+02 3.592689902565695093e+01 3.519416721976899964e+01 nan 1.000000000000000000e+00 nan
2.260000000000000000e+02 3.592689902565695093e+01 3.519553085613277688e+01 nan 1.000000000000000000e+00 nan
2.270000000000000000e+02 3.592689902565696514e+01 3.519689449249656121e+01 nan 1.000000000000000000e+00 nan
2.280000000000000000e+02 3.592689902565695803e+01 3.519825812886033845e+01 nan 1.000000000000000000e+00 nan
2.290000000000000000e+02 3.592689902565695093e+01 3.519962176522410857e+01 nan 1.000000000000000000e+00 nan
2.300000000000000000e+02 3.592689902565696514e+01 3.520098540158790001e+01 1.000000000000000000e+00 1.000000000000000000e+00 1.000000000000000000e+00
2.310000000000000000e+02 3.592689902565696514e+01 3.520234903795167725e+01 1.000000000000000000e+00 1.000000000000000000e+00 1.000000000000000000e+00
2.320000000000000000e+02 3.592689902565696514e+01 3.520371267431546158e+01 1.000000000000000000e+00 1.000000000000000000e+00 1.000000000000000000e+00
2.330000000000000000e+02 3.592689902565695803e+01 3.520507631067923882e+01 1.000000000000000000e+00 1.000000000000000000e+00 1.000000000000000000e+00
2.340000000000000000e+02 3.592689902565695803e+01 3.520643994704301605e+01 1.000000000000000000e+00 1.000000000000000000e+00 1.000000000000000000e+00
2.350000000000000000e+02 3.592689902565695093e+01 3.520780358340680749e+01 1.000000000000000000e+00 1.000000000000000000e+00 1.000000000000000000e+00
2.360000000000000000e+02 3.592689902565695803e+01 3.520916721977059183e+01 1.000000000000000000e+00 1.000000000000000000e+00 1.000000000000000000e+00
2.370000000000000000e+02 3.592689902565696514e+01 3.521053085613436195e+01 nan 1.000000000000000000e+00 nan
2.380000000000000000e+02 3.592689902565696514e+01 3.521189449249814629e+01 nan 1.000000000000000000e+00 nan
2.390000000000000000e+02 3.592689902565696514e+01 3.521325812886193063e+01 nan 1.000000000000000000e+00 nan
2.400000000000000000e+02 3.592826266202060026e+01 3.517371267431228432e+01 nan nan nan
2.410000000000000000e+02 3.592826266202059315e+01 3.517507631067605445e+01 nan nan nan
2.420000000000000000e+02 3.592826266202059315e+01 3.517643994703983168e+01 nan nan nan
2.430000000000000000e+02 3.592826266202059315e+01 3.517780358340362312e+01 nan nan nan
2.440000000000000000e+02 3.592826266202059315e+01 3.517916721976740746e+01 nan nan nan
2.450000000000000000e+02 3.592826266202060026e+01 3.518053085613118469e+01 nan 1.000000000000000000e+00 nan
2.460000000000000000e+02 3.592826266202059315e+01 3.518189449249496192e+01 nan 1.000000000000000000e+00 nan
2.470000000000000000e+02 3.592826266202059315e+01 3.518325812885873916e+01 nan 1.000000000000000000e+00 nan
2.480000000000000000e+02 3.592826266202060026e+01 3.518462176522253770e+01 nan 1.000000000000000000e+00 nan
2.490000000000000000e+02 3.592826266202059315e+01 3.518598540158631494e+01 nan 1.000000000000000000e+00 nan
2.500000000000000000e+02 3.592826266202059315e+01 3.518734903795008506e+01 nan 1.000000000000000000e+00 nan
2.510000000000000000e+02 3.592826266202059315e+01 3.518871267431386229e+01 nan 1.000000000000000000e+00 nan
2.520000000000000000e+02 3.592826266202059315e+01 3.519007631067764663e+01 nan 1.000000000000000000e+00 nan
2.530000000000000000e+02 3.592826266202059315e+01 3.519143994704143097e+01 nan 1.000000000000000000e+00 nan
2.540000000000000000e+02 3.592826266202060026e+01 3.519280358340520820e+01 nan 1.000000000000000000e+00 nan
2.550000000000000000e+02 3.592826266202059315e+01 3.519416721976899964e+01 nan 1.000000000000000000e+00 nan
2.560000000000000000e+02 3.592826266202060026e+01 3.519553085613277688e+01 nan 1.000000000000000000e+00 nan
2.570000000000000000e+02 3.592826266202059315e+01 3.519689449249656121e+01 nan 1.000000000000000000e+00 nan
2.580000000000000000e+02 3.592826266202060026e+01 3.519825812886033134e+01 nan 1.000000000000000000e+00 nan
2.590000000000000000e+02 3.592826266202059315e+01 3.519962176522411568e+01 nan 1.000000000000000000e+00 nan
2.600000000000000000e+02 3.592826266202059315e+01 3.520098540158790001e+01 nan 1.000000000000000000e+00 nan
2.610000000000000000e+02 3.592826266202059315e+01 3.520234903795168435e+01 nan 1.000000000000000000e+00 nan
2.620000000000000000e+02 3.592826266202059315e+01 3.520371267431546158e+01 1.000000000000000000e+00 1.000000000000000000e+00 1.000000000000000000e+00
2.630000000000000000e+02 3.592826266202060026e+01 3.520507631067923171e+01 1.000000000000000000e+00 1.000000000000000000e+00 1.000000000000000000e+00
2.640000000000000000e+02 3.592826266202060026e+01 3.520643994704301605e+01 1.000000000000000000e+00 1.000000000000000000e+00 1.000000000000000000e+00
2.650000000000000000e+02 3.592826266202059315e+01 3.520780358340681460e+01 1.000000000000000000e+00 1.000000000000000000e+00 1.000000000000000000e+00
2.660000000000000000e+02 3.592826266202060026e+01 3.520916721977059183e+01 1.000000000000000000e+00 1.000000000000000000e+00 1.000000000000000000e+00
2.670000000000000000e+02 3.592826266202059315e+01 3.521053085613436195e+01 1.000000000000000000e+00 1.000000000000000000e+00 1.000000000000000000e+00
2.680000000000000000e+02 3.592826266202059315e+01 3.521189449249813919e+01 nan 1.000000000000000000e+00 nan
2.690000000000000000e+02 3.592826266202059315e+01 3.521325812886193063e+01 nan 1.000000000000000000e+00 nan
2.700000000000000000e+02 3.592962629838424249e+01 3.517371267431227722e+01 nan nan nan
2.710000000000000000e+02 3.592962629838422828e+01 3.517507631067605445e+01 nan nan nan
2.720000000000000000e+02 3.592962629838423538e+01 3.517643994703984589e+01 nan nan nan
2.730000000000000000e+02 3.592962629838424249e+01 3.517780358340362312e+01 nan nan nan
2.740000000000000000e+02 3.592962629838422828e+01 3.517916721976740746e+01 nan nan nan
2.750000000000000000e+02 3.592962629838423538e+01 3.518053085613118469e+01 nan nan nan
2.760000000000000000e+02 3.592962629838424249e+01 3.518189449249496192e+01 nan 1.000000000000000000e+00 nan
2.770000000000000000e+02 3.592962629838423538e+01 3.518325812885874626e+01 nan 1.000000000000000000e+00 nan
2.780000000000000000e+02 3.592962629838423538e+01 3.518462176522253770e+01 nan 1.000000000000000000e+00 nan
2.790000000000000000e+02 3.592962629838423538e+01 3.518598540158630783e+01 nan 1.000000000000000000e+00 nan
2.800000000000000000e+02 3.592962629838423538e+01 3.518734903795009217e+01 nan 1.000000000000000000e+00 nan
2.810000000000000000e+02 3.592962629838423538e+01 3.518871267431386229e+01 nan 1.000000000000000000e+00 nan
2.820000000000000000e+02 3.592962629838424249e+01 3.519007631067765374e+01 nan 1.000000000000000000e+00 nan
2.830000000000000000e+02 3.592962629838422828e+01 3.519143994704142386e+01 nan 1.000000000000000000e+00 nan
2.840000000000000000e+02 3.592962629838422828e+01 3.519280358340520820e+01 nan 1.000000000000000000e+00 nan
2.850000000000000000e+02 3.592962629838424249e+01 3.519416721976899964e+01 nan 1.000000000000000000e+00 nan
2.860000000000000000e+02 3.592962629838423538e+01 3.519553085613276977e+01 nan 1.000000000000000000e+00 nan
2.870000000000000000e+02 3.592962629838423538e+01 3.519689449249655411e+01 nan 1.000000000000000000e+00 nan
2.880000000000000000e+02 3.592962629838422828e+01 3.519825812886033845e+01 nan 1.000000000000000000e+00 nan
2.890000000000000000e+02 3.592962629838424249e+01 3.519962176522411568e+01 nan 1.000000000000000000e+00 nan
2.900000000000000000e+02 3.592962629838422828e+01 3.520098540158790001e+01 nan 1.000000000000000000e+00 nan
2.910000000000000000e+02 3.592962629838423538e+01 3.520234903795168435e+01 nan 1.000000000000000000e+00 nan
2.920000000000000000e+02 3.592962629838423538e+01 3.520371267431546158e+01 nan 1.000000000000000000e+00 nan
2.930000000000000000e+02 3.592962629838422828e+01 3.520507631067923882e+01 1.000000000000000000e+00 1.000000000000000000e+00 1.000000000000000000e+00
2.940000000000000000e+02 3.592962629838422828e+01 3.520643994704301605e+01 1.000000000000000000e+00 1.000000000000000000e+00 1.000000000000000000e+00
2.950000000000000000e+02 3.592962629838423538e+01 3.520780358340680749e+01 1.000000000000000000e+00 1.000000000000000000e+00 1.000000000000000000e+00
2.960000000000000000e+02 3.592962629838422828e+01 3.520916721977059183e+01 nan 1.000000000000000000e+00 nan
2.970000000000000000e+02 3.592962629838422828e+01 3.521053085613436195e+01 1.000000000000000000e+00 1.000000000000000000e+00 1.000000000000000000e+00
2.980000000000000000e+02 3.592962629838422828e+01 3.521189449249813919e+01 nan 1.000000000000000000e+00 nan
2.990000000000000000e+02 3.592962629838423538e+01 3.521325812886193063e+01 nan 1.000000000000000000e+00 nan
3.000000000000000000e+02 3.593098993474787051e+01 3.517371267431228432e+01 nan nan nan
3.010000000000000000e+02 3.593098993474787051e+01 3.517507631067605445e+01 nan nan nan
3.020000000000000000e+02 3.593098993474787051e+01 3.517643994703983168e+01 nan nan nan
3.030000000000000000e+02 3.593098993474787051e+01 3.517780358340362312e+01 nan nan nan
3.040000000000000000e+02 3.593098993474787051e+01 3.517916721976740746e+01 nan nan nan
3.050000000000000000e+02 3.593098993474787051e+01 3.518053085613118469e+01 nan nan nan
3.060000000000000000e+02 3.593098993474787051e+01 3.518189449249496192e+01 nan 1.000000000000000000e+00 nan
3.070000000000000000e+02 3.593098993474787051e+01 3.518325812885873916e+01 nan 1.000000000000000000e+00 nan
3.080000000000000000e+02 3.593098993474787051e+01 3.518462176522253770e+01 nan 1.000000000000000000e+00 nan
3.090000000000000000e+02 3.593098993474787051e+01 3.518598540158631494e+01 nan 1.000000000000000000e+00 nan
3.100000000000000000e+02 3.593098993474787051e+01 3.518734903795008506e+01 nan 1.000000000000000000e+00 nan
3.110000000000000000e+02 3.593098993474787051e+01 3.518871267431386229e+01 nan 1.000000000000000000e+00 nan
3.120000000000000000e+02 3.593098993474787051e+01 3.519007631067764663e+01 nan 1.000000000000000000e+00 nan
3.130000000000000000e+02 3.593098993474787051e+01 3.519143994704143097e+01 nan 1.000000000000000000e+00 nan
3.140000000000000000e+02 3.593098993474787051e+01 3.519280358340520820e+01 nan 1.000000000000000000e+00 nan
3.150000000000000000e+02 3.593098993474787051e+01 3.519416721976899964e+01 nan 1.000000000000000000e+00 nan
3.160000000000000000e+02 3.593098993474787051e+01 3.519553085613277688e+01 nan 1.000000000000000000e+00 nan
3.170000000000000000e+02 3.593098993474787051e+01 3.519689449249656121e+01 nan 1.000000000000000000e+00 nan
3.180000000000000000e+02 3.593098993474787051e+01 3.519825812886033134e+01 nan 1.000000000000000000e+00 nan
3.190000000000000000e+02 3.593098993474787051e+01 3.519962176522411568e+01 nan 1.000000000000000000e+00 nan
3.200000000000000000e+02 3.593098993474786340e+01 3.520098540158790001e+01 nan 1.000000000000000000e+00 nan
3.210000000000000000e+02 3.593098993474787051e+01 3.520234903795168435e+01 nan 1.000000000000000000e+00 nan
3.220000000000000000e+02 3.593098993474787051e+01 3.520371267431546158e+01 nan 1.000000000000000000e+00 nan
3.230000000000000000e+02 3.593098993474787051e+01 3.520507631067923171e+01 1.000000000000000000e+00 1.000000000000000000e+00 1.000000000000000000e+00
3.240000000000000000e+02 3.593098993474787051e+01 3.520643994704301605e+01 1.000000000000000000e+00 1.000000000000000000e+00 1.000000000000000000e+00
3.250000000000000000e+02 3.593098993474787051e+01 3.520780358340681460e+01 1.000000000000000000e+00 1.000000000000000000e+00 1.000000000000000000e+00
3.260000000000000000e+02 3.593098993474787051e+01 3.520916721977059183e+01 1.000000000000000000e+00 1.000000000000000000e+00 1.000000000000000000e+00
3.270000000000000000e+02 3.593098993474787051e+01 3.521053085613436195e+01 nan 1.000000000000000000e+00 nan
3.280000000000000000e+02 3.593098993474787051e+01 3.521189449249813919e+01 1.000000000000000000e+00 1.000000000000000000e+00 1.000000000000000000e+00
3.290000000000000000e+02 3.593098993474787051e+01 3.521325812886193063e+01 1.000000000000000000e+00 1.000000000000000000e+00 1.000000000000000000e+00
3.300000000000000000e+02 3.593235357111150563e+01 3.517371267431227722e+01 nan nan nan
3.310000000000000000e+02 3.593235357111150563e+01 3.517507631067605445e+01 nan nan nan
3.320000000000000000e+02 3.593235357111151274e+01 3.517643994703984589e+01 nan nan nan
3.330000000000000000e+02 3.593235357111151274e+01 3.517780358340362312e+01 nan nan nan
3.340000000000000000e+02 3.593235357111150563e+01 3.517916721976740746e+01 nan nan nan
3.350000000000000000e+02 3.593235357111151274e+01 3.518053085613118469e+01 nan nan nan
3.360000000000000000e+02 3.593235357111149852e+01 3.518189449249496192e+01 nan 1.000000000000000000e+00 nan
3.370000000000000000e+02 3.593235357111151274e+01 3.518325812885874626e+01 nan 1.000000000000000000e+00 nan
3.380000000000000000e+02 3.593235357111151274e+01 3.518462176522253770e+01 nan 1.000000000000000000e+00 nan
3.390000000000000000e+02 3.593235357111151274e+01 3.518598540158630783e+01 nan 1.000000000000000000e+00 nan
3.400000000000000000e+02 3.593235357111151274e+01 3.518734903795009217e+01 nan 1.000000000000000000e+00 nan
3.410000000000000000e+02 3.593235357111151274e+01 3.518871267431386229e+01 nan 1.000000000000000000e+00 nan
3.420000000000000000e+02 3.593235357111151274e+01 3.519007631067765374e+01 nan 1.000000000000000000e+00 nan
3.430000000000000000e+02 3.593235357111150563e+01 3.519143994704142386e+01 nan 1.000000000000000000e+00 nan
3.440000000000000000e+02 3.593235357111151274e+01 3.519280358340520820e+01 nan 1.000000000000000000e+00 nan
3.450000000000000000e+02 3.593235357111149852e+01 3.519416721976899964e+01 nan 1.000000000000000000e+00 nan
3.460000000000000000e+02 3.593235357111149852e+01 3.519553085613276977e+01 nan nan nan
3.470000000000000000e+02 3.593235357111150563e+01 3.519689449249655411e+01 nan 1.000000000000000000e+00 nan
3.480000000000000000e+02 3.593235357111151274e+01 3.519825812886033845e+01 nan 1.000000000000000000e+00 nan
3.490000000000000000e+02 3.593235357111151274e+01 3.519962176522411568e+01 nan 1.000000000000000000e+00 nan
3.500000000000000000e+02 3.593235357111151274e+01 3.520098540158790001e+01 nan 1.000000000000000000e+00 nan
3.510000000000000000e+02 3.593235357111150563e+01 3.520234903795168435e+01 nan 1.000000000000000000e+00 nan
3.520000000000000000e+02 3.593235357111151274e+01 3.520371267431546158e+01 nan 1.000000000000000000e+00 nan
3.530000000000000000e+02 3.593235357111150563e+01 3.520507631067923882e+01 nan 1.000000000000000000e+00 nan
3.540000000000000000e+02 3.593235357111151274e+01 3.520643994704301605e+01 1.000000000000000000e+00 1.000000000000000000e+00 1.000000000000000000e+00
3.550000000000000000e+02 3.593235357111151274e+01 3.520780358340680749e+01 nan 1.000000000000000000e+00 nan
3.560000000000000000e+02 3.593235357111151274e+01 3.520916721977059183e+01 1.000000000000000000e+00 1.000000000000000000e+00 1.000000000000000000e+00
3.570000000000000000e+02 3.593235357111149852e+01 3.521053085613436195e+01 1.000000000000000000e+00 1.000000000000000000e+00 1.000000000000000000e+00
3.580000000000000000e+02 3.593235357111150563e+01 3.521189449249813919e+01 1.000000000000000000e+00 1.000000000000000000e+00 1.000000000000000000e+00
3.590000000000000000e+02 3.593235357111150563e+01 3.521325812886193063e+01 nan 1.000000000000000000e+00 nan
3.600000000000000000e+02 3.593371720747514075e+01 3.517371267431227722e+01 nan nan nan
3.610000000000000000e+02 3.593371720747514075e+01 3.517507631067605445e+01 nan nan nan
3.620000000000000000e+02 3.593371720747513365e+01 3.517643994703983878e+01 nan nan nan
3.630000000000000000e+02 3.593371720747514075e+01 3.517780358340362312e+01 nan nan nan
3.640000000000000000e+02 3.593371720747514075e+01 3.517916721976740746e+01 nan nan nan
3.650000000000000000e+02 3.593371720747514075e+01 3.518053085613118469e+01 nan nan nan
3.660000000000000000e+02 3.593371720747514786e+01 3.518189449249496192e+01 nan nan nan
3.670000000000000000e+02 3.593371720747514075e+01 3.518325812885873916e+01 nan 1.000000000000000000e+00 nan
3.680000000000000000e+02 3.593371720747514075e+01 3.518462176522253770e+01 nan nan nan
3.690000000000000000e+02 3.593371720747514786e+01 3.518598540158631494e+01 nan 1.000000000000000000e+00 nan
3.700000000000000000e+02 3.593371720747514075e+01 3.518734903795008506e+01 nan nan nan
3.710000000000000000e+02 3.593371720747514075e+01 3.518871267431386940e+01 nan nan nan
3.720000000000000000e+02 3.593371720747514075e+01 3.519007631067765374e+01 nan nan nan
3.730000000000000000e+02 3.593371720747514075e+01 3.519143994704142386e+01 nan 1.000000000000000000e+00 nan
3.740000000000000000e+02 3.593371720747514075e+01 3.519280358340520820e+01 nan 1.000000000000000000e+00 nan
3.750000000000000000e+02 3.593371720747514075e+01 3.519416721976899964e+01 nan nan nan
3.760000000000000000e+02 3.593371720747514075e+01 3.519553085613277688e+01 nan 1.000000000000000000e+00 nan
3.770000000000000000e+02 3.593371720747514075e+01 3.519689449249656121e+01 nan 1.000000000000000000e+00 nan
3.780000000000000000e+02 3.593371720747514075e+01 3.519825812886033845e+01 nan 1.000000000000000000e+00 nan
3.790000000000000000e+02 3.593371720747514075e+01 3.519962176522410857e+01 nan nan nan
3.800000000000000000e+02 3.593371720747514075e+01 3.520098540158790001e+01 nan nan nan
3.810000000000000000e+02 3.593371720747514075e+01 3.520234903795167725e+01 nan 1.000000000000000000e+00 nan
3.820000000000000000e+02 3.593371720747513365e+01 3.520371267431546158e+01 nan 1.000000000000000000e+00 nan
3.830000000000000000e+02 3.593371720747513365e+01 3.520507631067923882e+01 nan 1.000000000000000000e+00 nan
3.840000000000000000e+02 3.593371720747514075e+01 3.520643994704301605e+01 nan 1.000000000000000000e+00 nan
3.850000000000000000e+02 3.593371720747513365e+01 3.520780358340680749e+01 nan 1.000000000000000000e+00 nan
3.860000000000000000e+02 3.593371720747514075e+01 3.520916721977059183e+01 1.000000000000000000e+00 1.000000000000000000e+00 1.000000000000000000e+00
3.870000000000000000e+02 3.593371720747514075e+01 3.521053085613436195e+01 1.000000000000000000e+00 1.000000000000000000e+00 1.000000000000000000e+00
3.880000000000000000e+02 3.593371720747514075e+01 3.521189449249814629e+01 1.000000000000000000e+00 1.000000000000000000e+00 1.000000000000000000e+00
3.890000000000000000e+02 3.593371720747514075e+01 3.521325812886193063e+01 1.000000000000000000e+00 1.000000000000000000e+00 1.000000000000000000e+00
3.900000000000000000e+02 3.593508084383877588e+01 3.517371267431227722e+01 nan nan nan
3.910000000000000000e+02 3.593508084383877588e+01 3.517507631067605445e+01 nan nan nan
3.920000000000000000e+02 3.593508084383877588e+01 3.517643994703983878e+01 nan nan nan
3.930000000000000000e+02 3.593508084383877588e+01 3.517780358340362312e+01 nan nan nan
3.940000000000000000e+02 3.593508084383877588e+01 3.517916721976740746e+01 nan nan nan
3.950000000000000000e+02 3.593508084383876877e+01 3.518053085613118469e+01 nan nan nan
3.960000000000000000e+02 3.593508084383877588e+01 3.518189449249496192e+01 nan nan nan
3.970000000000000000e+02 3.593508084383877588e+01 3.518325812885873916e+01 nan nan nan
3.980000000000000000e+02 3.593508084383877588e+01 3.518462176522253770e+01 nan nan nan
3.990000000000000000e+02 3.593508084383877588e+01 3.518598540158631494e+01 nan nan nan
4.000000000000000000e+02 3.593508084383877588e+01 3.518734903795008506e+01 nan nan nan
4.010000000000000000e+02 3.593508084383877588e+01 3.518871267431386940e+01 nan nan nan
4.020000000000000000e+02 3.593508084383877588e+01 3.519007631067765374e+01 nan nan nan
4.030000000000000000e+02 3.593508084383877588e+01 3.519143994704142386e+01 nan nan nan
4.040000000000000000e+02 3.593508084383876877e+01 3.519280358340520820e+01 nan nan nan
4.050000000000000000e+02 3.593508084383877588e+01 3.519416721976899964e+01 nan nan nan
4.060000000000000000e+02 3.593508084383877588e+01 3.519553085613277688e+01 nan nan nan
4.070000000000000000e+02 3.593508084383877588e+01 3.519689449249656121e+01 nan 1.000000000000000000e+00 nan
4.080000000000000000e+02 3.593508084383877588e+01 3.519825812886033845e+01 nan nan nan
4.090000000000000000e+02 3.593508084383877588e+01 3.519962176522410857e+01 nan 1.000000000000000000e+00 nan
4.100000000000000000e+02 3.593508084383877588e+01 3.520098540158790001e+01 nan 1.000000000000000000e+00 nan
4.110000000000000000e+02 3.593508084383877588e+01 3.520234903795167725e+01 nan 1.000000000000000000e+00 nan
4.120000000000000000e+02 3.593508084383877588e+01 3.520371267431546158e+01 nan 1.000000000000000000e+00 nan
4.130000000000000000e+02 3.593508084383877588e+01 3.520507631067923882e+01 nan 1.000000000000000000e+00 nan
4.140000000000000000e+02 3.593508084383877588e+01 3.520643994704301605e+01 nan 1.000000000000000000e+00 nan
4.150000000000000000e+02 3.593508084383877588e+01 3.520780358340680749e+01 1.000000000000000000e+00 1.000000000000000000e+00 1.000000000000000000e+00
4.160000000000000000e+02 3.593508084383877588e+01 3.520916721977059183e+01 1.000000000000000000e+00 1.000000000000000000e+00 1.000000000000000000e+00
4.170000000000000000e+02 3.593508084383877588e+01 3.521053085613436195e+01 1.000000000000000000e+00 1.000000000000000000e+00 1.000000000000000000e+00
4.180000000000000000e+02 3.593508084383877588e+01 3.521189449249814629e+01 1.000000000000000000e+00 1.000000000000000000e+00 1.000000000000000000e+00
4.190000000000000000e+02 3.593508084383877588e+01 3.521325812886193063e+01 nan 1.000000000000000000e+00 nan
4.200000000000000000e+02 3.593644448020241100e+01 3.517371267431228432e+01 nan nan nan
4.210000000000000000e+02 3.593644448020241100e+01 3.517507631067605445e+01 nan nan nan
4.220000000000000000e+02 3.593644448020241100e+01 3.517643994703983168e+01 nan nan nan
4.230000000000000000e+02 3.593644448020241811e+01 3.517780358340362312e+01 nan nan nan
4.240000000000000000e+02 3.593644448020241100e+01 3.517916721976740746e+01 nan nan nan
4.250000000000000000e+02 3.593644448020242521e+01 3.518053085613118469e+01 nan nan nan
4.260000000000000000e+02 3.593644448020241811e+01 3.518189449249496192e+01 nan nan nan
4.270000000000000000e+02 3.593644448020241100e+01 3.518325812885873916e+01 nan nan nan
4.280000000000000000e+02 3.593644448020241100e+01 3.518462176522253770e+01 nan nan nan
4.290000000000000000e+02 3.593644448020241100e+01 3.518598540158631494e+01 nan nan nan
4.300000000000000000e+02 3.593644448020241811e+01 3.518734903795008506e+01 nan nan nan
4.310000000000000000e+02 3.593644448020241100e+01 3.518871267431386229e+01 nan nan nan
4.320000000000000000e+02 3.593644448020241100e+01 3.519007631067764663e+01 nan nan nan
4.330000000000000000e+02 3.593644448020241100e+01 3.519143994704143097e+01 nan nan nan
4.340000000000000000e+02 3.593644448020241100e+01 3.519280358340520820e+01 nan nan nan
4.350000000000000000e+02 3.593644448020241100e+01 3.519416721976899964e+01 nan nan nan
4.360000000000000000e+02 3.593644448020241100e+01 3.519553085613277688e+01 nan nan nan
4.370000000000000000e+02 3.593644448020241100e+01 3.519689449249656121e+01 nan nan nan
4.380000000000000000e+02 3.593644448020241100e+01 3.519825812886033134e+01 nan nan nan
4.390000000000000000e+02 3.593644448020241100e+01 3.519962176522411568e+01 nan 1.000000000000000000e+00 nan
4.400000000000000000e+02 3.593644448020241811e+01 3.520098540158790001e+01 nan 1.000000000000000000e+00 nan
4.410000000000000000e+02 3.593644448020241100e+01 3.520234903795168435e+01 nan 1.000000000000000000e+00 nan
4.420000000000000000e+02 3.593644448020241100e+01 3.520371267431546158e+01 nan 1.000000000000000000e+00 nan
4.430000000000000000e+02 3.593644448020241100e+01 3.520507631067923171e+01 nan 1.000000000000000000e+00 nan
4.440000000000000000e+02 3.593644448020241100e+01 3.520643994704301605e+01 nan 1.000000000000000000e+00 nan
4.450000000000000000e+02 3.593644448020241100e+01 3.520780358340681460e+01 nan 1.000000000000000000e+00 nan
4.460000000000000000e+02 3.593644448020241100e+01 3.520916721977059183e+01 1.000000000000000000e+00 1.000000000000000000e+00 1.000000000000000000e+00
4.470000000000000000e+02 3.593644448020241100e+01 3.521053085613436195e+01 1.000000000000000000e+00 1.000000000000000000e+00 1.000000000000000000e+00
4.480000000000000000e+02 3.593644448020241100e+01 3.521189449249813919e+01 1.000000000000000000e+00 1.000000000000000000e+00 1.000000000000000000e+00
4.490000000000000000e+02 3.593644448020241100e+01 3.521325812886193063e+01 nan 1.000000000000000000e+00 nan
4.500000000000000000e+02 3.593780811656605323e+01 3.517371267431228432e+01 nan nan nan
4.510000000000000000e+02 3.593780811656606033e+01 3.517507631067605445e+01 nan nan nan
4.520000000000000000e+02 3.593780811656606033e+01 3.517643994703983168e+01 nan nan nan
4.530000000000000000e+02 3.593780811656606033e+01 3.517780358340362312e+01 nan nan nan
4.540000000000000000e+02 3.593780811656606033e+01 3.517916721976740746e+01 nan nan nan
4.550000000000000000e+02 3.593780811656605323e+01 3.518053085613118469e+01 nan nan nan
4.560000000000000000e+02 3.593780811656606033e+01 3.518189449249496192e+01 nan nan nan
4.570000000000000000e+02 3.593780811656606033e+01 3.518325812885873916e+01 nan nan nan
4.580000000000000000e+02 3.593780811656606033e+01 3.518462176522253770e+01 nan nan nan
4.590000000000000000e+02 3.593780811656606033e+01 3.518598540158631494e+01 nan nan nan
4.600000000000000000e+02 3.593780811656606033e+01 3.518734903795008506e+01 nan nan nan
4.610000000000000000e+02 3.593780811656606033e+01 3.518871267431386229e+01 nan nan nan
4.620000000000000000e+02 3.593780811656606033e+01 3.519007631067764663e+01 nan nan nan
4.630000000000000000e+02 3.593780811656605323e+01 3.519143994704143097e+01 nan nan nan
4.640000000000000000e+02 3.593780811656606033e+01 3.519280358340520820e+01 nan nan nan
4.650000000000000000e+02 3.593780811656605323e+01 3.519416721976899964e+01 nan nan nan
4.660000000000000000e+02 3.593780811656605323e+01 3.519553085613277688e+01 nan nan nan
4.670000000000000000e+02 3.593780811656606033e+01 3.519689449249656121e+01 nan 1.000000000000000000e+00 nan
4.680000000000000000e+02 3.593780811656606033e+01 3.519825812886033134e+01 nan 1.000000000000000000e+00 nan
4.690000000000000000e+02 3.593780811656606033e+01 3.519962176522411568e+01 nan 1.000000000000000000e+00 nan
4.700000000000000000e+02 3.593780811656606033e+01 3.520098540158790001e+01 nan 1.000000000000000000e+00 nan
4.710000000000000000e+02 3.593780811656606033e+01 3.520234903795168435e+01 nan 1.000000000000000000e+00 nan
4.720000000000000000e+02 3.593780811656605323e+01 3.520371267431546158e+01 nan 1.000000000000000000e+00 nan
4.730000000000000000e+02 3.593780811656606033e+01 3.520507631067923171e+01 nan 1.000000000000000000e+00 nan
4.740000000000000000e+02 3.593780811656606033e+01 3.520643994704301605e+01 nan 1.000000000000000000e+00 nan
4.750000000000000000e+02 3.593780811656606033e+01 3.520780358340681460e+01 nan 1.000000000000000000e+00 nan
4.760000000000000000e+02 3.593780811656606033e+01 3.520916721977059183e+01 1.000000000000000000e+00 1.000000000000000000e+00 1.000000000000000000e+00
4.770000000000000000e+02 3.593780811656606033e+01 3.521053085613436195e+01 nan 1.000000000000000000e+00 nan
4.780000000000000000e+02 3.593780811656606033e+01 3.521189449249813919e+01 1.000000000000000000e+00 1.000000000000000000e+00 1.000000000000000000e+00
4.790000000000000000e+02 3.593780811656606033e+01 3.521325812886193063e+01 nan 1.000000000000000000e+00 nan
