1.000000000000000000e+00 4.263959390862943621e-01
3.000000000000000000e+00 4.642255997990201166e-01
5.000000000000000000e+00 4.849211827481112458e-01
7.000000000000000000e+00 5.012060016048169864e-01
9.000000000000000000e+00 5.140593311743384408e-01
1.100000000000000000e+01 5.245529785188068894e-01
1.300000000000000000e+01 5.323152428749828857e-01
1.500000000000000000e+01 5.375174017764817735e-01
1.700000000000000000e+01 5.408117435847314969e-01
1.900000000000000000e+01 5.424814428903057539e-01
2.100000000000000000e+01 5.428739205478657626e-01
2.300000000000000000e+01 5.423187709137002877e-01
2.500000000000000000e+01 5.410120973151983925e-01
2.700000000000000000e+01 5.393538511342821362e-01
2.900000000000000000e+01 5.374544512239031180e-01
3.100000000000000000e+01 5.354010076257835760e-01
3.300000000000000000e+01 5.332898172818381077e-01
3.500000000000000000e+01 5.313014649609473228e-01
3.700000000000000000e+01 5.294867661814190996e-01
3.900000000000000000e+01 5.279212895081142332e-01
4.100000000000000000e+01 5.265676961078953333e-01
4.300000000000000000e+01 5.255043433237700512e-01
4.500000000000000000e+01 5.247149907279775594e-01
4.700000000000000000e+01 5.241438083757186117e-01
4.900000000000000000e+01 5.237591727544498310e-01
5.100000000000000000e+01 5.237476337544761940e-01
5.300000000000000000e+01 5.239034409931320191e-01
5.500000000000000000e+01 5.242022559240938628e-01
5.700000000000000000e+01 5.246938619647476543e-01
5.900000000000000000e+01 5.252983679323401933e-01
6.100000000000000000e+01 5.258595889842866411e-01
6.300000000000000000e+01 5.264076537559196911e-01
6.500000000000000000e+01 5.270619089933981094e-01
6.700000000000000000e+01 5.276848750101343910e-01
6.900000000000000000e+01 5.282922885126521972e-01
7.100000000000000000e+01 5.288026327930366310e-01
7.300000000000000000e+01 5.292668405134262066e-01
7.500000000000000000e+01 5.296442065419896261e-01
7.700000000000000000e+01 5.298338298228715271e-01
7.900000000000000000e+01 5.299049597401592759e-01
8.100000000000000000e+01 5.298920769297723599e-01
8.300000000000000000e+01 5.297624366633726378e-01
8.500000000000000000e+01 5.297639801733011744e-01
8.700000000000000000e+01 5.299248981400693781e-01
8.900000000000000000e+01 5.301097420424215612e-01
9.100000000000000000e+01 5.302058448662245738e-01
9.300000000000000000e+01 5.302110735115252993e-01
9.500000000000000000e+01 5.301537518370535995e-01
9.700000000000000000e+01 5.300316537667654204e-01
9.900000000000000000e+01 5.300316537667654204e-01
1.010000000000000000e+02 5.300316537667661976e-01
1.030000000000000000e+02 5.300316537667657535e-01
1.050000000000000000e+02 5.300316537667655314e-01
1.070000000000000000e+02 5.300316537667656425e-01
1.090000000000000000e+02 5.300316537667661976e-01
1.110000000000000000e+02 5.300316537667650874e-01
1.130000000000000000e+02 5.300316537667655314e-01
1.150000000000000000e+02 5.300316537667658645e-01
1.170000000000000000e+02 5.300316537667653094e-01
1.190000000000000000e+02 5.300316537667653094e-01
1.210000000000000000e+02 5.300316537667657535e-01
1.230000000000000000e+02 5.300316537667659755e-01
1.250000000000000000e+02 5.300316537667661976e-01
1.270000000000000000e+02 5.300316537667654204e-01
1.290000000000000000e+02 5.300316537667657535e-01
1.310000000000000000e+02 5.300316537667661976e-01
1.330000000000000000e+02 5.300316537667656425e-01
1.350000000000000000e+02 5.300316537667655314e-01
1.370000000000000000e+02 5.300316537667655314e-01
1.390000000000000000e+02 5.300316537667659755e-01
1.410000000000000000e+02 5.300316537667657535e-01
1.430000000000000000e+02 5.300316537667657535e-01
1.450000000000000000e+02 5.300316537667655314e-01
1.470000000000000000e+02 5.300316537667651984e-01
1.490000000000000000e+02 5.300316537667659755e-01
