1.000000000000000000e+00 1.044335614439073634e-02
3.000000000000000000e+00 1.058913318981213880e-02
5.000000000000000000e+00 1.064423177467443971e-02
7.000000000000000000e+00 1.065469876448776887e-02
9.000000000000000000e+00 1.064294577186797319e-02
1.100000000000000000e+01 1.061642736816481580e-02
1.300000000000000000e+01 1.057481430434448200e-02
1.500000000000000000e+01 1.052141064607914345e-02
1.700000000000000000e+01 1.046013210269713944e-02
1.900000000000000000e+01 1.039468478970517751e-02
2.100000000000000000e+01 1.032767040583859597e-02
2.300000000000000000e+01 1.026001988974944990e-02
2.500000000000000000e+01 1.018973978067472252e-02
2.700000000000000000e+01 1.011713365039212942e-02
2.900000000000000000e+01 1.004247906385991040e-02
3.100000000000000000e+01 9.969093974698250982e-03
3.300000000000000000e+01 9.897555971224214488e-03
3.500000000000000000e+01 9.825184184615198824e-03
3.700000000000000000e+01 9.752375642006150258e-03
3.900000000000000000e+01 9.680811228170660421e-03
4.100000000000000000e+01 9.609896803274065036e-03
4.300000000000000000e+01 9.540056162100407633e-03
4.500000000000000000e+01 9.471285471561174951e-03
4.700000000000000000e+01 9.403731153178718216e-03
4.900000000000000000e+01 9.337141931224035574e-03
5.100000000000000000e+01 9.271574533556314890e-03
5.300000000000000000e+01 9.206541034236681575e-03
5.500000000000000000e+01 9.142136918224741393e-03
5.700000000000000000e+01 9.078486430583065925e-03
5.900000000000000000e+01 9.015633643845832879e-03
6.100000000000000000e+01 8.952569866145565491e-03
6.300000000000000000e+01 8.889809372910617569e-03
6.500000000000000000e+01 8.827397611054221827e-03
6.700000000000000000e+01 8.766086150129304144e-03
6.900000000000000000e+01 8.704743293151184780e-03
7.100000000000000000e+01 8.643983944319977297e-03
7.300000000000000000e+01 8.584344658609577294e-03
7.500000000000000000e+01 8.525907872047211455e-03
7.700000000000000000e+01 8.468876883744202999e-03
7.900000000000000000e+01 8.413424779204814463e-03
8.100000000000000000e+01 8.359257810795273080e-03
8.300000000000000000e+01 8.306555951035021756e-03
8.500000000000000000e+01 8.255278865812676337e-03
8.700000000000000000e+01 8.205449928141428373e-03
8.900000000000000000e+01 8.157103481893690500e-03
9.100000000000000000e+01 8.110442125362271604e-03
9.300000000000000000e+01 8.066027925209828808e-03
9.500000000000000000e+01 8.022959555395003939e-03
9.700000000000000000e+01 7.981256785603352277e-03
9.900000000000000000e+01 7.940923727048243563e-03
1.010000000000000000e+02 7.901960046763134571e-03
1.030000000000000000e+02 7.864416848631483603e-03
1.050000000000000000e+02 7.828436784729331244e-03
1.070000000000000000e+02 7.793977837300514189e-03
1.090000000000000000e+02 7.761020850389876991e-03
1.110000000000000000e+02 7.728996141354471661e-03
1.130000000000000000e+02 7.697876380808765795e-03
1.150000000000000000e+02 7.667855797171996279e-03
1.170000000000000000e+02 7.639924837975820004e-03
1.190000000000000000e+02 7.613969131605946572e-03
1.210000000000000000e+02 7.588474838914782694e-03
1.230000000000000000e+02 7.563483315554453412e-03
1.250000000000000000e+02 7.539883658669643829e-03
1.270000000000000000e+02 7.517377550807058384e-03
1.290000000000000000e+02 7.495863842268857269e-03
1.310000000000000000e+02 7.474923972618507939e-03
1.330000000000000000e+02 7.454482362483250135e-03
1.350000000000000000e+02 7.434460629711869828e-03
1.370000000000000000e+02 7.415234627931477362e-03
1.390000000000000000e+02 7.396726879849158109e-03
1.410000000000000000e+02 7.378573111270769758e-03
1.430000000000000000e+02 7.360579553218449256e-03
1.450000000000000000e+02 7.342693502426000940e-03
1.470000000000000000e+02 7.325050776181951662e-03
1.490000000000000000e+02 7.307605227520830304e-03
