1.000000000000000000e+00 7.205452775073029059e-02
3.000000000000000000e+00 7.550698532263477869e-02
5.000000000000000000e+00 7.766170716858789014e-02
7.000000000000000000e+00 7.967986315778086137e-02
9.000000000000000000e+00 8.154684953154223148e-02
1.100000000000000000e+01 8.320960431165425053e-02
1.300000000000000000e+01 8.474365789300541962e-02
1.500000000000000000e+01 8.610790068112883500e-02
1.700000000000000000e+01 8.725475964028239773e-02
1.900000000000000000e+01 8.818773486724762467e-02
2.100000000000000000e+01 8.894116602684110084e-02
2.300000000000000000e+01 8.953743787065815418e-02
2.500000000000000000e+01 8.998893277250519240e-02
2.700000000000000000e+01 9.034068043956722249e-02
2.900000000000000000e+01 9.062054111655215571e-02
3.100000000000000000e+01 9.083741155963109826e-02
3.300000000000000000e+01 9.102640593264743618e-02
3.500000000000000000e+01 9.120444311046793651e-02
3.700000000000000000e+01 9.138097861495630969e-02
3.900000000000000000e+01 9.157444082257459872e-02
4.100000000000000000e+01 9.178342034428921270e-02
4.300000000000000000e+01 9.198841368008980890e-02
4.500000000000000000e+01 9.218702139673184970e-02
4.700000000000000000e+01 9.239203585310129530e-02
4.900000000000000000e+01 9.257199770609714218e-02
5.100000000000000000e+01 9.272363856720289288e-02
5.300000000000000000e+01 9.284583089250275645e-02
5.500000000000000000e+01 9.293483580801731314e-02
5.700000000000000000e+01 9.298989342575991746e-02
5.900000000000000000e+01 9.302044691602384674e-02
6.100000000000000000e+01 9.303773708083318272e-02
6.300000000000000000e+01 9.303735046065086944e-02
6.500000000000000000e+01 9.302545316445776091e-02
6.700000000000000000e+01 9.300229183894681562e-02
6.900000000000000000e+01 9.297163305133071542e-02
7.100000000000000000e+01 9.293191656155874725e-02
7.300000000000000000e+01 9.289024611980967183e-02
7.500000000000000000e+01 9.284904161917939547e-02
7.700000000000000000e+01 9.280406761208570554e-02
7.900000000000000000e+01 9.275711977674372388e-02
8.100000000000000000e+01 9.270888889843387215e-02
8.300000000000000000e+01 9.265903779166606569e-02
8.500000000000000000e+01 9.260722075709304502e-02
8.700000000000000000e+01 9.256580311857465215e-02
8.900000000000000000e+01 9.252615677591236043e-02
9.100000000000000000e+01 9.246923180842203660e-02
9.300000000000000000e+01 9.239865469237673601e-02
9.500000000000000000e+01 9.231533944497216648e-02
9.700000000000000000e+01 9.224620723953258494e-02
9.900000000000000000e+01 9.219032460460729883e-02
1.010000000000000000e+02 9.214539510112529364e-02
1.030000000000000000e+02 9.210915400915431483e-02
1.050000000000000000e+02 9.208055780415180802e-02
1.070000000000000000e+02 9.205341860916438357e-02
1.090000000000000000e+02 9.201548519601443488e-02
1.110000000000000000e+02 9.196748800471343799e-02
1.130000000000000000e+02 9.191094828820012275e-02
1.150000000000000000e+02 9.185397811678375213e-02
1.170000000000000000e+02 9.179318447744833076e-02
1.190000000000000000e+02 9.172964599178312639e-02
1.210000000000000000e+02 9.167174601616412399e-02
1.230000000000000000e+02 9.161834494298493059e-02
1.250000000000000000e+02 9.156967692249851076e-02
1.270000000000000000e+02 9.152269659018419379e-02
1.290000000000000000e+02 9.147784004706638328e-02
1.310000000000000000e+02 9.144175537565424339e-02
1.330000000000000000e+02 9.141195118991096713e-02
1.350000000000000000e+02 9.139009522855146006e-02
1.370000000000000000e+02 9.138361954097329320e-02
1.390000000000000000e+02 9.139229197983456121e-02
1.410000000000000000e+02 9.141485650681668851e-02
1.430000000000000000e+02 9.144251902009692401e-02
1.450000000000000000e+02 9.147505005971556802e-02
1.470000000000000000e+02 9.151784484249858576e-02
1.490000000000000000e+02 9.157026423168235230e-02
