1.000000000000000000e+00 5.432881714230806125e-01
3.000000000000000000e+00 5.840419368823832613e-01
5.000000000000000000e+00 6.028299331211834922e-01
7.000000000000000000e+00 6.149718643387370731e-01
9.000000000000000000e+00 6.243179107872981470e-01
1.100000000000000000e+01 6.323273022814943634e-01
1.300000000000000000e+01 6.395508020908091673e-01
1.500000000000000000e+01 6.462072664845396330e-01
1.700000000000000000e+01 6.524171682453191456e-01
1.900000000000000000e+01 6.582607693932736037e-01
2.100000000000000000e+01 6.638374914302362928e-01
2.300000000000000000e+01 6.692104207615376943e-01
2.500000000000000000e+01 6.744645455035271908e-01
2.700000000000000000e+01 6.795744317207428331e-01
2.900000000000000000e+01 6.845511548015879022e-01
3.100000000000000000e+01 6.894186360873951758e-01
3.300000000000000000e+01 6.941721124816844224e-01
3.500000000000000000e+01 6.988082824948564920e-01
3.700000000000000000e+01 7.033454946084194415e-01
3.900000000000000000e+01 7.077560073960074138e-01
4.100000000000000000e+01 7.119812724543608251e-01
4.300000000000000000e+01 7.160372669654191391e-01
4.500000000000000000e+01 7.200174905394569613e-01
4.700000000000000000e+01 7.239301561832148790e-01
4.900000000000000000e+01 7.277303749067373095e-01
5.100000000000000000e+01 7.313989075093521031e-01
5.300000000000000000e+01 7.349208210380040462e-01
5.500000000000000000e+01 7.382951864053020063e-01
5.700000000000000000e+01 7.415224195044596289e-01
5.900000000000000000e+01 7.445793513109371098e-01
6.100000000000000000e+01 7.474628273866787964e-01
6.300000000000000000e+01 7.501515035739523274e-01
6.500000000000000000e+01 7.526476633569416652e-01
6.700000000000000000e+01 7.549506953479898641e-01
6.900000000000000000e+01 7.570340911568715914e-01
7.100000000000000000e+01 7.589110089254194058e-01
7.300000000000000000e+01 7.605822898582437208e-01
7.500000000000000000e+01 7.620403592461990616e-01
7.700000000000000000e+01 7.632517957177400447e-01
7.900000000000000000e+01 7.642135835622028139e-01
8.100000000000000000e+01 7.649444345482090402e-01
8.300000000000000000e+01 7.654984261740397367e-01
8.500000000000000000e+01 7.659265752586337239e-01
8.700000000000000000e+01 7.662565180331193382e-01
8.900000000000000000e+01 7.664492286718189717e-01
9.100000000000000000e+01 7.665413719514394542e-01
9.300000000000000000e+01 7.665460652471760561e-01
9.500000000000000000e+01 7.664558071495819469e-01
9.700000000000000000e+01 7.662710001378505442e-01
9.900000000000000000e+01 7.660108817365993694e-01
1.010000000000000000e+02 7.656868208864291425e-01
1.030000000000000000e+02 7.653106575372207176e-01
1.050000000000000000e+02 7.648855681854777044e-01
1.070000000000000000e+02 7.644443172812116494e-01
1.090000000000000000e+02 7.639834894482216976e-01
1.110000000000000000e+02 7.634787856282625462e-01
1.130000000000000000e+02 7.629222728852460556e-01
1.150000000000000000e+02 7.622976472226589140e-01
1.170000000000000000e+02 7.616034028750596763e-01
1.190000000000000000e+02 7.608575677535995840e-01
1.210000000000000000e+02 7.600671907927927240e-01
1.230000000000000000e+02 7.592254415382468924e-01
1.250000000000000000e+02 7.583305728005891311e-01
1.270000000000000000e+02 7.573864692622918060e-01
1.290000000000000000e+02 7.563801620994199393e-01
1.310000000000000000e+02 7.553261205385599641e-01
1.330000000000000000e+02 7.542396077633295448e-01
1.350000000000000000e+02 7.530852875857696471e-01
1.370000000000000000e+02 7.518633942176751184e-01
1.390000000000000000e+02 7.506057478483627587e-01
1.410000000000000000e+02 7.493130552030631275e-01
1.430000000000000000e+02 7.479788013657420187e-01
1.450000000000000000e+02 7.466081447553892803e-01
1.470000000000000000e+02 7.452187344595666563e-01
1.490000000000000000e+02 7.437956093139378444e-01
