1.000000000000000000e+00 1.540742737750219193e-01
3.000000000000000000e+00 1.714480137732544707e-01
5.000000000000000000e+00 1.791277817932048766e-01
7.000000000000000000e+00 1.834680379535403860e-01
9.000000000000000000e+00 1.864561449228451240e-01
1.100000000000000000e+01 1.887115857965863119e-01
1.300000000000000000e+01 1.905006501052303181e-01
1.500000000000000000e+01 1.920114206701524218e-01
1.700000000000000000e+01 1.933845664026022648e-01
1.900000000000000000e+01 1.946670129548131456e-01
2.100000000000000000e+01 1.959245067273565066e-01
2.300000000000000000e+01 1.972044829375926289e-01
2.500000000000000000e+01 1.985023094581416236e-01
2.700000000000000000e+01 1.998699831650336822e-01
2.900000000000000000e+01 2.013472986477675697e-01
3.100000000000000000e+01 2.029597127086998354e-01
3.300000000000000000e+01 2.047168434664279335e-01
3.500000000000000000e+01 2.066290524476879220e-01
3.700000000000000000e+01 2.086842944580917791e-01
3.900000000000000000e+01 2.109012947775691371e-01
4.100000000000000000e+01 2.132741467207953656e-01
4.300000000000000000e+01 2.157966989880111264e-01
4.500000000000000000e+01 2.184517004372231730e-01
4.700000000000000000e+01 2.212328443656420562e-01
4.900000000000000000e+01 2.241190090141615965e-01
5.100000000000000000e+01 2.270994831960033711e-01
5.300000000000000000e+01 2.301699504707684918e-01
5.500000000000000000e+01 2.333618880906247472e-01
5.700000000000000000e+01 2.366589610399167931e-01
5.900000000000000000e+01 2.400631893579764364e-01
6.100000000000000000e+01 2.435735482775879257e-01
6.300000000000000000e+01 2.471952458035363565e-01
6.500000000000000000e+01 2.509357454947679367e-01
6.700000000000000000e+01 2.547894857945817160e-01
6.900000000000000000e+01 2.587554701211773889e-01
7.100000000000000000e+01 2.628345321481441177e-01
7.300000000000000000e+01 2.670364373078670805e-01
7.500000000000000000e+01 2.713739440095288558e-01
7.700000000000000000e+01 2.758461960202858165e-01
7.900000000000000000e+01 2.804475516496374166e-01
8.100000000000000000e+01 2.851763461827573343e-01
8.300000000000000000e+01 2.900274147336802111e-01
8.500000000000000000e+01 2.950036668033977350e-01
8.700000000000000000e+01 3.001023060688132738e-01
8.900000000000000000e+01 3.053195108569153327e-01
9.100000000000000000e+01 3.106523625132413535e-01
9.300000000000000000e+01 3.161002096857219446e-01
9.500000000000000000e+01 3.216607260318551376e-01
9.700000000000000000e+01 3.273291601333881973e-01
9.900000000000000000e+01 3.330975522322162652e-01
1.010000000000000000e+02 3.389655868994175814e-01
1.030000000000000000e+02 3.449295851829569104e-01
1.050000000000000000e+02 3.509837215222493256e-01
1.070000000000000000e+02 3.571308745964925091e-01
1.090000000000000000e+02 3.633614556310414967e-01
1.110000000000000000e+02 3.696577346216666227e-01
1.130000000000000000e+02 3.760125872475854614e-01
1.150000000000000000e+02 3.824235769768864479e-01
1.170000000000000000e+02 3.888894199936416829e-01
1.190000000000000000e+02 3.953982580625013954e-01
1.210000000000000000e+02 4.019410090263340063e-01
1.230000000000000000e+02 4.085033847352611547e-01
1.250000000000000000e+02 4.150759492010436258e-01
1.270000000000000000e+02 4.216581186508139290e-01
1.290000000000000000e+02 4.282436311542848761e-01
1.310000000000000000e+02 4.348121334890144851e-01
1.330000000000000000e+02 4.413563092638883578e-01
1.350000000000000000e+02 4.478743872075224841e-01
1.370000000000000000e+02 4.543573333846512297e-01
1.390000000000000000e+02 4.607999285576175330e-01
1.410000000000000000e+02 4.672104700571988456e-01
1.430000000000000000e+02 4.735861026513075167e-01
1.450000000000000000e+02 4.799225232854059664e-01
1.470000000000000000e+02 4.862175331327220906e-01
1.490000000000000000e+02 4.924562808306386374e-01
