1.000000000000000000e+00 1.216506500847935879e-02
3.000000000000000000e+00 1.243214880862353322e-02
5.000000000000000000e+00 1.253586828965169708e-02
7.000000000000000000e+00 1.255333546378456511e-02
9.000000000000000000e+00 1.253414646387118747e-02
1.100000000000000000e+01 1.249826823264710285e-02
1.300000000000000000e+01 1.245314134880748380e-02
1.500000000000000000e+01 1.240345981635559980e-02
1.700000000000000000e+01 1.234944447022623404e-02
1.900000000000000000e+01 1.229444905699594859e-02
2.100000000000000000e+01 1.224203003493329334e-02
2.300000000000000000e+01 1.219158966637379216e-02
2.500000000000000000e+01 1.214267155987791558e-02
2.700000000000000000e+01 1.209441462118909794e-02
2.900000000000000000e+01 1.204687525654368763e-02
3.100000000000000000e+01 1.199922205104753115e-02
3.300000000000000000e+01 1.194984929062858914e-02
3.500000000000000000e+01 1.189841054708595802e-02
3.700000000000000000e+01 1.184353062705190140e-02
3.900000000000000000e+01 1.178670309591944854e-02
4.100000000000000000e+01 1.172787098987770893e-02
4.300000000000000000e+01 1.166717297531083553e-02
4.500000000000000000e+01 1.160429643941995881e-02
4.700000000000000000e+01 1.153932142836933128e-02
4.900000000000000000e+01 1.147267311445676619e-02
5.100000000000000000e+01 1.140444884755587029e-02
5.300000000000000000e+01 1.133379678090373766e-02
5.500000000000000000e+01 1.126144860898403710e-02
5.700000000000000000e+01 1.118790856253371047e-02
5.900000000000000000e+01 1.111345826836651618e-02
6.100000000000000000e+01 1.103818443241300074e-02
6.300000000000000000e+01 1.096304989237983918e-02
6.500000000000000000e+01 1.088879767049577563e-02
6.700000000000000000e+01 1.081445753263177156e-02
6.900000000000000000e+01 1.074033392044948521e-02
7.100000000000000000e+01 1.066640192050927194e-02
7.300000000000000000e+01 1.059259266777989872e-02
7.500000000000000000e+01 1.051915227278810150e-02
7.700000000000000000e+01 1.044560741231481682e-02
7.900000000000000000e+01 1.037223641484974479e-02
8.100000000000000000e+01 1.030092338712984557e-02
8.300000000000000000e+01 1.023137813552466024e-02
8.500000000000000000e+01 1.016330444075785877e-02
8.700000000000000000e+01 1.009680207524854545e-02
8.900000000000000000e+01 1.003326773051860243e-02
9.100000000000000000e+01 9.972250765081680512e-03
9.300000000000000000e+01 9.913456786566632317e-03
9.500000000000000000e+01 9.856877297183652686e-03
9.700000000000000000e+01 9.802783854874652647e-03
9.900000000000000000e+01 9.750377604945237309e-03
1.010000000000000000e+02 9.699198259750185791e-03
1.030000000000000000e+02 9.649757884638954231e-03
1.050000000000000000e+02 9.602004243057571387e-03
1.070000000000000000e+02 9.556625709693511439e-03
1.090000000000000000e+02 9.513189001744581930e-03
1.110000000000000000e+02 9.472225451816362884e-03
1.130000000000000000e+02 9.432833449444011364e-03
1.150000000000000000e+02 9.394356517526181172e-03
1.170000000000000000e+02 9.356760090604376856e-03
1.190000000000000000e+02 9.319915453719795906e-03
1.210000000000000000e+02 9.283855754333880661e-03
1.230000000000000000e+02 9.248604643550484283e-03
1.250000000000000000e+02 9.214239623801634416e-03
1.270000000000000000e+02 9.180877098467377095e-03
1.290000000000000000e+02 9.148901419802291102e-03
1.310000000000000000e+02 9.117781511292166741e-03
1.330000000000000000e+02 9.087409829771520009e-03
1.350000000000000000e+02 9.058195655086032083e-03
1.370000000000000000e+02 9.029360359945948211e-03
1.390000000000000000e+02 9.000769217096360464e-03
1.410000000000000000e+02 8.972353304836366839e-03
1.430000000000000000e+02 8.944162876784900185e-03
1.450000000000000000e+02 8.916578900253102624e-03
1.470000000000000000e+02 8.889271815389343523e-03
1.490000000000000000e+02 8.862188095507095298e-03
