1.000000000000000000e+00 5.398259336785282692e-02
3.000000000000000000e+00 5.988935397945149841e-02
5.000000000000000000e+00 6.319314307992385249e-02
7.000000000000000000e+00 6.555186035255355925e-02
9.000000000000000000e+00 6.776545869209449346e-02
1.100000000000000000e+01 6.998332288540032309e-02
1.300000000000000000e+01 7.222896644230591967e-02
1.500000000000000000e+01 7.449343850342815543e-02
1.700000000000000000e+01 7.674081226080631257e-02
1.900000000000000000e+01 7.894139983306014408e-02
2.100000000000000000e+01 8.106831051977403391e-02
2.300000000000000000e+01 8.310245752209177716e-02
2.500000000000000000e+01 8.505029308872547045e-02
2.700000000000000000e+01 8.690016217375129415e-02
2.900000000000000000e+01 8.863980748005251264e-02
3.100000000000000000e+01 9.027879267366789584e-02
3.300000000000000000e+01 9.183627571824470870e-02
3.500000000000000000e+01 9.330769325226306865e-02
3.700000000000000000e+01 9.467129889595593539e-02
3.900000000000000000e+01 9.594849146427797404e-02
4.100000000000000000e+01 9.715012437214787244e-02
4.300000000000000000e+01 9.827111836289659230e-02
4.500000000000000000e+01 9.930832393334165786e-02
4.700000000000000000e+01 1.002667622810284875e-01
4.900000000000000000e+01 1.011395386349591696e-01
5.100000000000000000e+01 1.019271690252869789e-01
5.300000000000000000e+01 1.026267727973856347e-01
5.500000000000000000e+01 1.032458389330498383e-01
5.700000000000000000e+01 1.037858964883711099e-01
5.900000000000000000e+01 1.042538517934027409e-01
6.100000000000000000e+01 1.046545497725814844e-01
6.300000000000000000e+01 1.049968770956558606e-01
6.500000000000000000e+01 1.052888680669815669e-01
6.700000000000000000e+01 1.055371464064913667e-01
6.900000000000000000e+01 1.057406618948374399e-01
7.100000000000000000e+01 1.058840622660420783e-01
7.300000000000000000e+01 1.059952366844220117e-01
7.500000000000000000e+01 1.060821801595617231e-01
7.700000000000000000e+01 1.061486534601767673e-01
7.900000000000000000e+01 1.062033318198062348e-01
8.100000000000000000e+01 1.062185694940115388e-01
8.300000000000000000e+01 1.062063061899811700e-01
8.500000000000000000e+01 1.061696999808061648e-01
8.700000000000000000e+01 1.061003462533381958e-01
8.900000000000000000e+01 1.060062303840949571e-01
9.100000000000000000e+01 1.058885753395426566e-01
9.300000000000000000e+01 1.057456159854396338e-01
9.500000000000000000e+01 1.056000846927652725e-01
9.700000000000000000e+01 1.054506400521172393e-01
9.900000000000000000e+01 1.052875193799023279e-01
1.010000000000000000e+02 1.051159377106690718e-01
1.030000000000000000e+02 1.049377937667749228e-01
1.050000000000000000e+02 1.047546917420055790e-01
1.070000000000000000e+02 1.045712350485680231e-01
1.090000000000000000e+02 1.043928479083320315e-01
1.110000000000000000e+02 1.042195940981578417e-01
1.130000000000000000e+02 1.040395209394044951e-01
1.150000000000000000e+02 1.038523010956436954e-01
1.170000000000000000e+02 1.036647897374718408e-01
1.190000000000000000e+02 1.034768763594196006e-01
1.210000000000000000e+02 1.032882786821475163e-01
1.230000000000000000e+02 1.031067681305565253e-01
1.250000000000000000e+02 1.029331220924090129e-01
1.270000000000000000e+02 1.027636071718081023e-01
1.290000000000000000e+02 1.026053050204921435e-01
1.310000000000000000e+02 1.024591099942403494e-01
1.330000000000000000e+02 1.023178134592473976e-01
1.350000000000000000e+02 1.021805500374112219e-01
1.370000000000000000e+02 1.020504041082769264e-01
1.390000000000000000e+02 1.019349563040055084e-01
1.410000000000000000e+02 1.018294058150450709e-01
1.430000000000000000e+02 1.017437396481104539e-01
1.450000000000000000e+02 1.016716292849858538e-01
1.470000000000000000e+02 1.016138628628669993e-01
1.490000000000000000e+02 1.015717102216310286e-01
