1.000000000000000000e+00 2.064367816091954300e-01
3.000000000000000000e+00 2.500238082281236451e-01
5.000000000000000000e+00 2.723110017851476661e-01
7.000000000000000000e+00 2.856855896214754997e-01
9.000000000000000000e+00 2.958471087222259710e-01
1.100000000000000000e+01 3.045870673412489626e-01
1.300000000000000000e+01 3.126382162803055254e-01
1.500000000000000000e+01 3.203122406857727977e-01
1.700000000000000000e+01 3.277265868732233134e-01
1.900000000000000000e+01 3.349855068965420513e-01
2.100000000000000000e+01 3.421951860911096599e-01
2.300000000000000000e+01 3.493257463508241401e-01
2.500000000000000000e+01 3.563361058791464364e-01
2.700000000000000000e+01 3.632144379875775764e-01
2.900000000000000000e+01 3.699508392481696273e-01
3.100000000000000000e+01 3.765323502284475543e-01
3.300000000000000000e+01 3.829534647329301267e-01
3.500000000000000000e+01 3.892420016034033869e-01
3.700000000000000000e+01 3.954342584464584087e-01
3.900000000000000000e+01 4.015602874271335665e-01
4.100000000000000000e+01 4.076608218936810246e-01
4.300000000000000000e+01 4.137643668216098858e-01
4.500000000000000000e+01 4.198859606976977910e-01
4.700000000000000000e+01 4.260397107017606100e-01
4.900000000000000000e+01 4.322371130310099785e-01
5.100000000000000000e+01 4.384750335308490454e-01
5.300000000000000000e+01 4.447620231420159609e-01
5.500000000000000000e+01 4.510935006306037165e-01
5.700000000000000000e+01 4.574685864307383998e-01
5.900000000000000000e+01 4.638850637130473853e-01
6.100000000000000000e+01 4.703435939311352287e-01
6.300000000000000000e+01 4.768377033577206880e-01
6.500000000000000000e+01 4.833609787259262047e-01
6.700000000000000000e+01 4.899107501584903934e-01
6.900000000000000000e+01 4.964846673657351550e-01
7.100000000000000000e+01 5.030809418503313646e-01
7.300000000000000000e+01 5.096928144087580215e-01
7.500000000000000000e+01 5.163119882081420586e-01
7.700000000000000000e+01 5.229218049189430229e-01
7.900000000000000000e+01 5.295013133294671492e-01
8.100000000000000000e+01 5.360525143688784633e-01
8.300000000000000000e+01 5.425779071301271017e-01
8.500000000000000000e+01 5.490786397651350459e-01
8.700000000000000000e+01 5.555511589147867912e-01
8.900000000000000000e+01 5.619987415198774983e-01
9.100000000000000000e+01 5.684241784095543926e-01
9.300000000000000000e+01 5.748178097988061452e-01
9.500000000000000000e+01 5.811811960485986361e-01
9.700000000000000000e+01 5.875077546156728392e-01
9.900000000000000000e+01 5.938034882858119756e-01
1.010000000000000000e+02 6.000665462230845293e-01
1.030000000000000000e+02 6.062927691237789407e-01
1.050000000000000000e+02 6.124644428697252341e-01
1.070000000000000000e+02 6.185542909998142935e-01
1.090000000000000000e+02 6.245600652347436110e-01
1.110000000000000000e+02 6.304994596281656705e-01
1.130000000000000000e+02 6.363659951836846407e-01
1.150000000000000000e+02 6.421488203629522884e-01
1.170000000000000000e+02 6.478406178710851560e-01
1.190000000000000000e+02 6.534392588285007353e-01
1.210000000000000000e+02 6.589418242132107917e-01
1.230000000000000000e+02 6.643508771193771256e-01
1.250000000000000000e+02 6.696611413265249890e-01
1.270000000000000000e+02 6.748739544193855799e-01
1.290000000000000000e+02 6.799888934558361298e-01
1.310000000000000000e+02 6.849889392184098647e-01
1.330000000000000000e+02 6.898766591698832773e-01
1.350000000000000000e+02 6.946559234727949228e-01
1.370000000000000000e+02 6.993301336818280589e-01
1.390000000000000000e+02 7.039051575502154323e-01
1.410000000000000000e+02 7.083920952425069029e-01
1.430000000000000000e+02 7.128043472832255034e-01
1.450000000000000000e+02 7.171261885297077754e-01
1.470000000000000000e+02 7.213601320013586227e-01
1.490000000000000000e+02 7.254951770806330469e-01
