0.000000000000000000e+00 3.591110891168766983e+01 3.517129034154834955e+01 nan nan nan
1.000000000000000000e+00 3.591110891168767694e+01 3.517265397791213388e+01 nan nan nan
2.000000000000000000e+00 3.591110891168767694e+01 3.517401761427591111e+01 nan nan nan
3.000000000000000000e+00 3.591110891168767694e+01 3.517538125063969545e+01 nan nan nan
4.000000000000000000e+00 3.591110891168768404e+01 3.517674488700347979e+01 nan nan nan
5.000000000000000000e+00 3.591110891168767694e+01 3.517810852336726413e+01 nan nan nan
6.000000000000000000e+00 3.591110891168768404e+01 3.517947215973103425e+01 nan nan nan
7.000000000000000000e+00 3.591110891168767694e+01 3.518083579609481859e+01 nan nan nan
8.000000000000000000e+00 3.591110891168767694e+01 3.518219943245859582e+01 nan nan nan
9.000000000000000000e+00 3.591110891168767694e+01 3.518356306882238016e+01 nan nan nan
1.000000000000000000e+01 3.591110891168767694e+01 3.518492670518615739e+01 nan nan nan
1.100000000000000000e+01 3.591110891168767694e+01 3.518629034154993462e+01 nan 1.000000000000000000e+00 nan
1.200000000000000000e+01 3.591110891168767694e+01 3.518765397791372607e+01 nan 1.000000000000000000e+00 nan
1.300000000000000000e+01 3.591110891168767694e+01 3.518901761427749619e+01 nan nan nan
1.400000000000000000e+01 3.591110891168768404e+01 3.519038125064128053e+01 nan nan nan
1.500000000000000000e+01 3.591110891168767694e+01 3.519174488700506487e+01 nan nan nan
1.600000000000000000e+01 3.591110891168767694e+01 3.519310852336884921e+01 nan nan nan
1.700000000000000000e+01 3.591110891168767694e+01 3.519447215973263354e+01 nan nan nan
1.800000000000000000e+01 3.591247254805131917e+01 3.517129034154834955e+01 nan nan nan
1.900000000000000000e+01 3.591247254805131917e+01 3.517265397791213388e+01 nan nan nan
2.000000000000000000e+01 3.591247254805131917e+01 3.517401761427591111e+01 nan nan nan
2.100000000000000000e+01 3.591247254805131917e+01 3.517538125063969545e+01 nan nan nan
2.200000000000000000e+01 3.591247254805131206e+01 3.517674488700347979e+01 nan nan nan
2.300000000000000000e+01 3.591247254805131917e+01 3.517810852336726413e+01 nan nan nan
2.400000000000000000e+01 3.591247254805131917e+01 3.517947215973103425e+01 nan nan nan
2.500000000000000000e+01 3.591247254805131206e+01 3.518083579609481859e+01 nan nan nan
2.600000000000000000e+01 3.591247254805131917e+01 3.518219943245859582e+01 1.000000000000000000e+00 nan nan
2.700000000000000000e+01 3.591247254805131917e+01 3.518356306882238016e+01 nan nan nan
2.800000000000000000e+01 3.591247254805131917e+01 3.518492670518615739e+01 nan 1.000000000000000000e+00 nan
2.900000000000000000e+01 3.591247254805131917e+01 3.518629034154993462e+01 nan 1.000000000000000000e+00 nan
3.000000000000000000e+01 3.591247254805131917e+01 3.518765397791372607e+01 nan 1.000000000000000000e+00 nan
3.100000000000000000e+01 3.591247254805131206e+01 3.518901761427749619e+01 nan 1.000000000000000000e+00 nan
3.200000000000000000e+01 3.591247254805131917e+01 3.519038125064128053e+01 nan nan nan
3.300000000000000000e+01 3.591247254805131917e+01 3.519174488700506487e+01 nan nan nan
3.400000000000000000e+01 3.591247254805131917e+01 3.519310852336884921e+01 nan nan nan
3.500000000000000000e+01 3.591247254805131917e+01 3.519447215973263354e+01 nan nan nan
3.600000000000000000e+01 3.591383618441494718e+01 3.517129034154834955e+01 nan nan nan
3.700000000000000000e+01 3.591383618441494718e+01 3.517265397791212678e+01 1.000000000000000000e+00 nan nan
3.800000000000000000e+01 3.591383618441494718e+01 3.517401761427591111e+01 1.000000000000000000e+00 nan nan
3.900000000000000000e+01 3.591383618441495429e+01 3.517538125063969545e+01 1.000000000000000000e+00 nan nan
4.000000000000000000e+01 3.591383618441496139e+01 3.517674488700348689e+01 1.000000000000000000e+00 nan nan
4.100000000000000000e+01 3.591383618441495429e+01 3.517810852336726413e+01 1.000000000000000000e+00 nan nan
4.200000000000000000e+01 3.591383618441494718e+01 3.517947215973103425e+01 1.000000000000000000e+00 nan nan
4.300000000000000000e+01 3.591383618441494718e+01 3.518083579609481859e+01 nan nan nan
4.400000000000000000e+01 3.591383618441495429e+01 3.518219943245859582e+01 nan nan nan
4.500000000000000000e+01 3.591383618441494718e+01 3.518356306882238016e+01 nan 1.000000000000000000e+00 nan
4.600000000000000000e+01 3.591383618441496139e+01 3.518492670518615739e+01 nan 1.000000000000000000e+00 nan
4.700000000000000000e+01 3.591383618441495429e+01 3.518629034154994883e+01 nan 1.000000000000000000e+00 nan
4.800000000000000000e+01 3.591383618441494718e+01 3.518765397791372607e+01 nan 1.000000000000000000e+00 nan
4.900000000000000000e+01 3.591383618441494718e+01 3.518901761427749619e+01 nan 1.000000000000000000e+00 nan
5.000000000000000000e+01 3.591383618441495429e+01 3.519038125064128764e+01 nan nan nan
5.100000000000000000e+01 3.591383618441494718e+01 3.519174488700507197e+01 nan 1.000000000000000000e+00 nan
5.200000000000000000e+01 3.591383618441495429e+01 3.519310852336884921e+01 nan 1.000000000000000000e+00 nan
5.300000000000000000e+01 3.591383618441494718e+01 3.519447215973263354e+01 nan 1.000000000000000000e+00 nan
5.400000000000000000e+01 3.591519982077859652e+01 3.517129034154834955e+01 nan nan nan
5.500000000000000000e+01 3.591519982077859652e+01 3.517265397791212678e+01 1.000000000000000000e+00 nan nan
5.600000000000000000e+01 3.591519982077859652e+01 3.517401761427591111e+01 1.000000000000000000e+00 nan nan
5.700000000000000000e+01 3.591519982077859652e+01 3.517538125063969545e+01 1.000000000000000000e+00 nan nan
5.800000000000000000e+01 3.591519982077859652e+01 3.517674488700348689e+01 1.000000000000000000e+00 nan nan
5.900000000000000000e+01 3.591519982077859652e+01 3.517810852336726413e+01 1.000000000000000000e+00 nan nan
6.000000000000000000e+01 3.591519982077859652e+01 3.517947215973103425e+01 1.000000000000000000e+00 nan nan
6.100000000000000000e+01 3.591519982077859652e+01 3.518083579609481859e+01 nan nan nan
6.200000000000000000e+01 3.591519982077859652e+01 3.518219943245859582e+01 1.000000000000000000e+00 nan nan
6.300000000000000000e+01 3.591519982077859652e+01 3.518356306882238016e+01 nan 1.000000000000000000e+00 nan
6.400000000000000000e+01 3.591519982077859652e+01 3.518492670518615739e+01 nan 1.000000000000000000e+00 nan
6.500000000000000000e+01 3.591519982077859652e+01 3.518629034154994883e+01 nan 1.000000000000000000e+00 nan
6.600000000000000000e+01 3.591519982077859652e+01 3.518765397791372607e+01 nan 1.000000000000000000e+00 nan
6.700000000000000000e+01 3.591519982077859652e+01 3.518901761427749619e+01 nan 1.000000000000000000e+00 nan
6.800000000000000000e+01 3.591519982077859652e+01 3.519038125064128764e+01 nan 1.000000000000000000e+00 nan
6.900000000000000000e+01 3.591519982077859652e+01 3.519174488700507197e+01 nan 1.000000000000000000e+00 nan
7.000000000000000000e+01 3.591519982077859652e+01 3.519310852336884921e+01 nan 1.000000000000000000e+00 nan
7.100000000000000000e+01 3.591519982077859652e+01 3.519447215973263354e+01 nan 1.000000000000000000e+00 nan
7.200000000000000000e+01 3.591656345714223164e+01 3.517129034154834955e+01 nan nan nan
7.300000000000000000e+01 3.591656345714222454e+01 3.517265397791212678e+01 1.000000000000000000e+00 nan nan
7.400000000000000000e+01 3.591656345714222454e+01 3.517401761427590401e+01 1.000000000000000000e+00 nan nan
7.500000000000000000e+01 3.591656345714222454e+01 3.517538125063969545e+01 1.000000000000000000e+00 nan nan
7.600000000000000000e+01 3.591656345714222454e+01 3.517674488700347268e+01 1.000000000000000000e+00 1.000000000000000000e+00 1.000000000000000000e+00
7.700000000000000000e+01 3.591656345714223164e+01 3.517810852336726413e+01 1.000000000000000000e+00 1.000000000000000000e+00 1.000000000000000000e+00
7.800000000000000000e+01 3.591656345714223164e+01 3.517947215973103425e+01 1.000000000000000000e+00 1.000000000000000000e+00 1.000000000000000000e+00
7.900000000000000000e+01 3.591656345714222454e+01 3.518083579609481859e+01 1.000000000000000000e+00 1.000000000000000000e+00 1.000000000000000000e+00
8.000000000000000000e+01 3.591656345714222454e+01 3.518219943245859582e+01 nan 1.000000000000000000e+00 nan
8.100000000000000000e+01 3.591656345714223164e+01 3.518356306882238016e+01 nan 1.000000000000000000e+00 nan
8.200000000000000000e+01 3.591656345714221743e+01 3.518492670518615739e+01 nan 1.000000000000000000e+00 nan
8.300000000000000000e+01 3.591656345714222454e+01 3.518629034154993462e+01 nan 1.000000000000000000e+00 nan
8.400000000000000000e+01 3.591656345714222454e+01 3.518765397791372607e+01 nan 1.000000000000000000e+00 nan
8.500000000000000000e+01 3.591656345714223164e+01 3.518901761427750330e+01 nan 1.000000000000000000e+00 nan
8.600000000000000000e+01 3.591656345714221743e+01 3.519038125064128053e+01 nan 1.000000000000000000e+00 nan
8.700000000000000000e+01 3.591656345714223164e+01 3.519174488700506487e+01 nan 1.000000000000000000e+00 nan
8.800000000000000000e+01 3.591656345714221743e+01 3.519310852336884921e+01 nan 1.000000000000000000e+00 nan
8.900000000000000000e+01 3.591656345714222454e+01 3.519447215973263354e+01 nan 1.000000000000000000e+00 nan
9.000000000000000000e+01 3.591792709350585255e+01 3.517129034154834955e+01 nan nan nan
9.100000000000000000e+01 3.591792709350585966e+01 3.517265397791212678e+01 1.000000000000000000e+00 nan nan
9.200000000000000000e+01 3.591792709350585966e+01 3.517401761427590401e+01 1.000000000000000000e+00 nan nan
9.300000000000000000e+01 3.591792709350585255e+01 3.517538125063969545e+01 1.000000000000000000e+00 nan nan
9.400000000000000000e+01 3.591792709350586676e+01 3.517674488700347268e+01 1.000000000000000000e+00 1.000000000000000000e+00 1.000000000000000000e+00
9.500000000000000000e+01 3.591792709350585966e+01 3.517810852336726413e+01 1.000000000000000000e+00 1.000000000000000000e+00 1.000000000000000000e+00
9.600000000000000000e+01 3.591792709350585255e+01 3.517947215973103425e+01 1.000000000000000000e+00 1.000000000000000000e+00 1.000000000000000000e+00
9.700000000000000000e+01 3.591792709350585966e+01 3.518083579609481859e+01 1.000000000000000000e+00 1.000000000000000000e+00 1.000000000000000000e+00
9.800000000000000000e+01 3.591792709350585255e+01 3.518219943245859582e+01 1.000000000000000000e+00 1.000000000000000000e+00 1.000000000000000000e+00
9.900000000000000000e+01 3.591792709350585966e+01 3.518356306882238016e+01 1.000000000000000000e+00 1.000000000000000000e+00 1.000000000000000000e+00
1.000000000000000000e+02 3.591792709350585255e+01 3.518492670518615739e+01 1.000000000000000000e+00 1.000000000000000000e+00 1.000000000000000000e+00
1.010000000000000000e+02 3.591792709350585255e+01 3.518629034154993462e+01 1.000000000000000000e+00 1.000000000000000000e+00 1.000000000000000000e+00
1.020000000000000000e+02 3.591792709350585966e+01 3.518765397791372607e+01 nan 1.000000000000000000e+00 nan
1.030000000000000000e+02 3.591792709350585966e+01 3.518901761427750330e+01 1.000000000000000000e+00 1.000000000000000000e+00 1.000000000000000000e+00
1.040000000000000000e+02 3.591792709350585255e+01 3.519038125064128053e+01 nan 1.000000000000000000e+00 nan
1.050000000000000000e+02 3.591792709350586676e+01 3.519174488700506487e+01 nan 1.000000000000000000e+00 nan
1.060000000000000000e+02 3.591792709350585966e+01 3.519310852336884921e+01 nan 1.000000000000000000e+00 nan
1.070000000000000000e+02 3.591792709350586676e+01 3.519447215973263354e+01 nan 1.000000000000000000e+00 nan
1.080000000000000000e+02 3.591929072986949478e+01 3.517129034154834955e+01 nan nan nan
1.090000000000000000e+02 3.591929072986949478e+01 3.517265397791212678e+01 1.000000000000000000e+00 nan nan
1.100000000000000000e+02 3.591929072986950189e+01 3.517401761427591111e+01 1.000000000000000000e+00 nan nan
1.110000000000000000e+02 3.591929072986950189e+01 3.517538125063969545e+01 1.000000000000000000e+00 1.000000000000000000e+00 1.000000000000000000e+00
1.120000000000000000e+02 3.591929072986950189e+01 3.517674488700348689e+01 1.000000000000000000e+00 1.000000000000000000e+00 1.000000000000000000e+00
1.130000000000000000e+02 3.591929072986950189e+01 3.517810852336726413e+01 1.000000000000000000e+00 1.000000000000000000e+00 1.000000000000000000e+00
1.140000000000000000e+02 3.591929072986950189e+01 3.517947215973103425e+01 1.000000000000000000e+00 1.000000000000000000e+00 1.000000000000000000e+00
1.150000000000000000e+02 3.591929072986949478e+01 3.518083579609481859e+01 1.000000000000000000e+00 1.000000000000000000e+00 1.000000000000000000e+00
1.160000000000000000e+02 3.591929072986950189e+01 3.518219943245859582e+01 1.000000000000000000e+00 1.000000000000000000e+00 1.000000000000000000e+00
1.170000000000000000e+02 3.591929072986950189e+01 3.518356306882238016e+01 nan 1.000000000000000000e+00 nan
1.180000000000000000e+02 3.591929072986950189e+01 3.518492670518615739e+01 1.000000000000000000e+00 1.000000000000000000e+00 1.000000000000000000e+00
1.190000000000000000e+02 3.591929072986949478e+01 3.518629034154994883e+01 nan 1.000000000000000000e+00 nan
1.200000000000000000e+02 3.591929072986949478e+01 3.518765397791372607e+01 nan 1.000000000000000000e+00 nan
1.210000000000000000e+02 3.591929072986948768e+01 3.518901761427749619e+01 1.000000000000000000e+00 1.000000000000000000e+00 1.000000000000000000e+00
1.220000000000000000e+02 3.591929072986949478e+01 3.519038125064128764e+01 nan 1.000000000000000000e+00 nan
1.230000000000000000e+02 3.591929072986950189e+01 3.519174488700507197e+01 nan 1.000000000000000000e+00 nan
1.240000000000000000e+02 3.591929072986950189e+01 3.519310852336884921e+01 nan 1.000000000000000000e+00 nan
1.250000000000000000e+02 3.591929072986949478e+01 3.519447215973263354e+01 nan 1.000000000000000000e+00 nan
1.260000000000000000e+02 3.592065436623313701e+01 3.517129034154834955e+01 1.000000000000000000e+00 nan nan
1.270000000000000000e+02 3.592065436623313701e+01 3.517265397791212678e+01 nan nan nan
1.280000000000000000e+02 3.592065436623313701e+01 3.517401761427590401e+01 1.000000000000000000e+00 1.000000000000000000e+00 1.000000000000000000e+00
1.290000000000000000e+02 3.592065436623313701e+01 3.517538125063969545e+01 1.000000000000000000e+00 1.000000000000000000e+00 1.000000000000000000e+00
1.300000000000000000e+02 3.592065436623313701e+01 3.517674488700347268e+01 1.000000000000000000e+00 1.000000000000000000e+00 1.000000000000000000e+00
1.310000000000000000e+02 3.592065436623313701e+01 3.517810852336726413e+01 1.000000000000000000e+00 1.000000000000000000e+00 1.000000000000000000e+00
1.320000000000000000e+02 3.592065436623313701e+01 3.517947215973103425e+01 1.000000000000000000e+00 1.000000000000000000e+00 1.000000000000000000e+00
1.330000000000000000e+02 3.592065436623312991e+01 3.518083579609481859e+01 1.000000000000000000e+00 1.000000000000000000e+00 1.000000000000000000e+00
1.340000000000000000e+02 3.592065436623313701e+01 3.518219943245859582e+01 1.000000000000000000e+00 1.000000000000000000e+00 1.000000000000000000e+00
1.350000000000000000e+02 3.592065436623313701e+01 3.518356306882238016e+01 1.000000000000000000e+00 1.000000000000000000e+00 1.000000000000000000e+00
1.360000000000000000e+02 3.592065436623312991e+01 3.518492670518615739e+01 1.000000000000000000e+00 1.000000000000000000e+00 1.000000000000000000e+00
1.370000000000000000e+02 3.592065436623312991e+01 3.518629034154993462e+01 nan 1.000000000000000000e+00 nan
1.380000000000000000e+02 3.592065436623313701e+01 3.518765397791372607e+01 1.000000000000000000e+00 1.000000000000000000e+00 1.000000000000000000e+00
1.390000000000000000e+02 3.592065436623313701e+01 3.518901761427750330e+01 1.000000000000000000e+00 1.000000000000000000e+00 1.000000000000000000e+00
1.400000000000000000e+02 3.592065436623313701e+01 3.519038125064128053e+01 1.000000000000000000e+00 1.000000000000000000e+00 1.000000000000000000e+00
1.410000000000000000e+02 3.592065436623313701e+01 3.519174488700506487e+01 1.000000000000000000e+00 1.000000000000000000e+00 1.000000000000000000e+00
1.420000000000000000e+02 3.592065436623313701e+01 3.519310852336884921e+01 nan 1.000000000000000000e+00 nan
1.430000000000000000e+02 3.592065436623312991e+01 3.519447215973263354e+01 nan 1.000000000000000000e+00 nan
1.440000000000000000e+02 3.592201800259677213e+01 3.517129034154834955e+01 nan nan nan
1.450000000000000000e+02 3.592201800259675792e+01 3.517265397791212678e+01 nan nan nan
1.460000000000000000e+02 3.592201800259677213e+01 3.517401761427591111e+01 1.000000000000000000e+00 1.000000000000000000e+00 1.000000000000000000e+00
1.470000000000000000e+02 3.592201800259677213e+01 3.517538125063969545e+01 1.000000000000000000e+00 1.000000000000000000e+00 1.000000000000000000e+00
1.480000000000000000e+02 3.592201800259677213e+01 3.517674488700348689e+01 1.000000000000000000e+00 1.000000000000000000e+00 1.000000000000000000e+00
1.490000000000000000e+02 3.592201800259676503e+01 3.517810852336726413e+01 1.000000000000000000e+00 1.000000000000000000e+00 1.000000000000000000e+00
1.500000000000000000e+02 3.592201800259677213e+01 3.517947215973103425e+01 1.000000000000000000e+00 1.000000000000000000e+00 1.000000000000000000e+00
1.510000000000000000e+02 3.592201800259676503e+01 3.518083579609481859e+01 1.000000000000000000e+00 1.000000000000000000e+00 1.000000000000000000e+00
1.520000000000000000e+02 3.592201800259677213e+01 3.518219943245859582e+01 1.000000000000000000e+00 1.000000000000000000e+00 1.000000000000000000e+00
1.530000000000000000e+02 3.592201800259676503e+01 3.518356306882238016e+01 1.000000000000000000e+00 1.000000000000000000e+00 1.000000000000000000e+00
1.540000000000000000e+02 3.592201800259677213e+01 3.518492670518615739e+01 1.000000000000000000e+00 1.000000000000000000e+00 1.000000000000000000e+00
1.550000000000000000e+02 3.592201800259676503e+01 3.518629034154994883e+01 1.000000000000000000e+00 1.000000000000000000e+00 1.000000000000000000e+00
1.560000000000000000e+02 3.592201800259677213e+01 3.518765397791372607e+01 1.000000000000000000e+00 1.000000000000000000e+00 1.000000000000000000e+00
1.570000000000000000e+02 3.592201800259677213e+01 3.518901761427749619e+01 1.000000000000000000e+00 1.000000000000000000e+00 1.000000000000000000e+00
1.580000000000000000e+02 3.592201800259676503e+01 3.519038125064128764e+01 1.000000000000000000e+00 1.000000000000000000e+00 1.000000000000000000e+00
1.590000000000000000e+02 3.592201800259675792e+01 3.519174488700507197e+01 nan 1.000000000000000000e+00 nan
1.600000000000000000e+02 3.592201800259675792e+01 3.519310852336884921e+01 1.000000000000000000e+00 1.000000000000000000e+00 1.000000000000000000e+00
1.610000000000000000e+02 3.592201800259676503e+01 3.519447215973263354e+01 nan 1.000000000000000000e+00 nan
1.620000000000000000e+02 3.592338163896040726e+01 3.517129034154834955e+01 1.000000000000000000e+00 nan nan
1.630000000000000000e+02 3.592338163896040726e+01 3.517265397791212678e+01 1.000000000000000000e+00 nan nan
1.640000000000000000e+02 3.592338163896041436e+01 3.517401761427591111e+01 1.000000000000000000e+00 1.000000000000000000e+00 1.000000000000000000e+00
1.650000000000000000e+02 3.592338163896040726e+01 3.517538125063969545e+01 1.000000000000000000e+00 1.000000000000000000e+00 1.000000000000000000e+00
1.660000000000000000e+02 3.592338163896041436e+01 3.517674488700348689e+01 1.000000000000000000e+00 1.000000000000000000e+00 1.000000000000000000e+00
1.670000000000000000e+02 3.592338163896040726e+01 3.517810852336726413e+01 1.000000000000000000e+00 1.000000000000000000e+00 1.000000000000000000e+00
1.680000000000000000e+02 3.592338163896040726e+01 3.517947215973103425e+01 1.000000000000000000e+00 1.000000000000000000e+00 1.000000000000000000e+00
1.690000000000000000e+02 3.592338163896040726e+01 3.518083579609481859e+01 1.000000000000000000e+00 1.000000000000000000e+00 1.000000000000000000e+00
1.700000000000000000e+02 3.592338163896040726e+01 3.518219943245859582e+01 1.000000000000000000e+00 1.000000000000000000e+00 1.000000000000000000e+00
1.710000000000000000e+02 3.592338163896040726e+01 3.518356306882238016e+01 1.000000000000000000e+00 1.000000000000000000e+00 1.000000000000000000e+00
1.720000000000000000e+02 3.592338163896041436e+01 3.518492670518615739e+01 1.000000000000000000e+00 1.000000000000000000e+00 1.000000000000000000e+00
1.730000000000000000e+02 3.592338163896040726e+01 3.518629034154994883e+01 1.000000000000000000e+00 1.000000000000000000e+00 1.000000000000000000e+00
1.740000000000000000e+02 3.592338163896040726e+01 3.518765397791372607e+01 1.000000000000000000e+00 1.000000000000000000e+00 1.000000000000000000e+00
1.750000000000000000e+02 3.592338163896040726e+01 3.518901761427749619e+01 1.000000000000000000e+00 1.000000000000000000e+00 1.000000000000000000e+00
1.760000000000000000e+02 3.592338163896040726e+01 3.519038125064128764e+01 1.000000000000000000e+00 1.000000000000000000e+00 1.000000000000000000e+00
1.770000000000000000e+02 3.592338163896040726e+01 3.519174488700507197e+01 1.000000000000000000e+00 1.000000000000000000e+00 1.000000000000000000e+00
1.780000000000000000e+02 3.592338163896040726e+01 3.519310852336884921e+01 1.000000000000000000e+00 1.000000000000000000e+00 1.000000000000000000e+00
1.790000000000000000e+02 3.592338163896040726e+01 3.519447215973263354e+01 nan 1.000000000000000000e+00 nan
1.800000000000000000e+02 3.592474527532403528e+01 3.517129034154834955e+01 1.000000000000000000e+00 nan nan
1.810000000000000000e+02 3.592474527532403528e+01 3.517265397791212678e+01 1.000000000000000000e+00 nan nan
1.820000000000000000e+02 3.592474527532403528e+01 3.517401761427590401e+01 1.000000000000000000e+00 nan nan
1.830000000000000000e+02 3.592474527532404238e+01 3.517538125063969545e+01 1.000000000000000000e+00 1.000000000000000000e+00 1.000000000000000000e+00
1.840000000000000000e+02 3.592474527532404238e+01 3.517674488700347268e+01 1.000000000000000000e+00 1.000000000000000000e+00 1.000000000000000000e+00
1.850000000000000000e+02 3.592474527532404238e+01 3.517810852336726413e+01 1.000000000000000000e+00 1.000000000000000000e+00 1.000000000000000000e+00
1.860000000000000000e+02 3.592474527532403528e+01 3.517947215973103425e+01 1.000000000000000000e+00 1.000000000000000000e+00 1.000000000000000000e+00
1.870000000000000000e+02 3.592474527532404238e+01 3.518083579609481859e+01 1.000000000000000000e+00 1.000000000000000000e+00 1.000000000000000000e+00
1.880000000000000000e+02 3.592474527532404949e+01 3.518219943245859582e+01 1.000000000000000000e+00 1.000000000000000000e+00 1.000000000000000000e+00
1.890000000000000000e+02 3.592474527532404238e+01 3.518356306882238016e+01 1.000000000000000000e+00 1.000000000000000000e+00 1.000000000000000000e+00
1.900000000000000000e+02 3.592474527532404238e+01 3.518492670518615739e+01 1.000000000000000000e+00 1.000000000000000000e+00 1.000000000000000000e+00
1.910000000000000000e+02 3.592474527532404238e+01 3.518629034154993462e+01 1.000000000000000000e+00 1.000000000000000000e+00 1.000000000000000000e+00
1.920000000000000000e+02 3.592474527532404238e+01 3.518765397791372607e+01 1.000000000000000000e+00 1.000000000000000000e+00 1.000000000000000000e+00
1.930000000000000000e+02 3.592474527532404238e+01 3.518901761427750330e+01 1.000000000000000000e+00 1.000000000000000000e+00 1.000000000000000000e+00
1.940000000000000000e+02 3.592474527532403528e+01 3.519038125064128053e+01 1.000000000000000000e+00 1.000000000000000000e+00 1.000000000000000000e+00
1.950000000000000000e+02 3.592474527532404238e+01 3.519174488700506487e+01 1.000000000000000000e+00 1.000000000000000000e+00 1.000000000000000000e+00
1.960000000000000000e+02 3.592474527532404238e+01 3.519310852336884921e+01 nan 1.000000000000000000e+00 nan
1.970000000000000000e+02 3.592474527532404238e+01 3.519447215973263354e+01 1.000000000000000000e+00 1.000000000000000000e+00 1.000000000000000000e+00
1.980000000000000000e+02 3.592610891168767751e+01 3.517129034154834955e+01 nan nan nan
1.990000000000000000e+02 3.592610891168767751e+01 3.517265397791213388e+01 1.000000000000000000e+00 nan nan
2.000000000000000000e+02 3.592610891168767751e+01 3.517401761427591111e+01 1.000000000000000000e+00 nan nan
2.010000000000000000e+02 3.592610891168767751e+01 3.517538125063969545e+01 1.000000000000000000e+00 nan nan
2.020000000000000000e+02 3.592610891168768461e+01 3.517674488700347979e+01 1.000000000000000000e+00 nan nan
2.030000000000000000e+02 3.592610891168767751e+01 3.517810852336726413e+01 1.000000000000000000e+00 1.000000000000000000e+00 1.000000000000000000e+00
2.040000000000000000e+02 3.592610891168768461e+01 3.517947215973103425e+01 1.000000000000000000e+00 1.000000000000000000e+00 1.000000000000000000e+00
2.050000000000000000e+02 3.592610891168768461e+01 3.518083579609481859e+01 1.000000000000000000e+00 1.000000000000000000e+00 1.000000000000000000e+00
2.060000000000000000e+02 3.592610891168767751e+01 3.518219943245859582e+01 1.000000000000000000e+00 1.000000000000000000e+00 1.000000000000000000e+00
2.070000000000000000e+02 3.592610891168768461e+01 3.518356306882238016e+01 1.000000000000000000e+00 1.000000000000000000e+00 1.000000000000000000e+00
2.080000000000000000e+02 3.592610891168767751e+01 3.518492670518615739e+01 1.000000000000000000e+00 1.000000000000000000e+00 1.000000000000000000e+00
2.090000000000000000e+02 3.592610891168767751e+01 3.518629034154993462e+01 1.000000000000000000e+00 1.000000000000000000e+00 1.000000000000000000e+00
2.100000000000000000e+02 3.592610891168767751e+01 3.518765397791372607e+01 1.000000000000000000e+00 1.000000000000000000e+00 1.000000000000000000e+00
2.110000000000000000e+02 3.592610891168767751e+01 3.518901761427749619e+01 1.000000000000000000e+00 1.000000000000000000e+00 1.000000000000000000e+00
2.120000000000000000e+02 3.592610891168768461e+01 3.519038125064128053e+01 1.000000000000000000e+00 1.000000000000000000e+00 1.000000000000000000e+00
2.130000000000000000e+02 3.592610891168767751e+01 3.519174488700506487e+01 1.000000000000000000e+00 1.000000000000000000e+00 1.000000000000000000e+00
2.140000000000000000e+02 3.592610891168767751e+01 3.519310852336884921e+01 nan 1.000000000000000000e+00 nan
2.150000000000000000e+02 3.592610891168767751e+01 3.519447215973263354e+01 nan 1.000000000000000000e+00 nan
2.160000000000000000e+02 3.592747254805131973e+01 3.517129034154834955e+01 1.000000000000000000e+00 nan nan
2.170000000000000000e+02 3.592747254805131973e+01 3.517265397791213388e+01 1.000000000000000000e+00 nan nan
2.180000000000000000e+02 3.592747254805131263e+01 3.517401761427591111e+01 1.000000000000000000e+00 nan nan
2.190000000000000000e+02 3.592747254805131263e+01 3.517538125063969545e+01 1.000000000000000000e+00 nan nan
2.200000000000000000e+02 3.592747254805131263e+01 3.517674488700347979e+01 1.000000000000000000e+00 nan nan
2.210000000000000000e+02 3.592747254805131263e+01 3.517810852336726413e+01 1.000000000000000000e+00 nan nan
2.220000000000000000e+02 3.592747254805131973e+01 3.517947215973103425e+01 1.000000000000000000e+00 1.000000000000000000e+00 1.000000000000000000e+00
2.230000000000000000e+02 3.592747254805131973e+01 3.518083579609481859e+01 1.000000000000000000e+00 1.000000000000000000e+00 1.000000000000000000e+00
2.240000000000000000e+02 3.592747254805131973e+01 3.518219943245859582e+01 1.000000000000000000e+00 1.000000000000000000e+00 1.000000000000000000e+00
2.250000000000000000e+02 3.592747254805131263e+01 3.518356306882238016e+01 1.000000000000000000e+00 1.000000000000000000e+00 1.000000000000000000e+00
2.260000000000000000e+02 3.592747254805131973e+01 3.518492670518615739e+01 1.000000000000000000e+00 1.000000000000000000e+00 1.000000000000000000e+00
2.270000000000000000e+02 3.592747254805131263e+01 3.518629034154993462e+01 1.000000000000000000e+00 1.000000000000000000e+00 1.000000000000000000e+00
2.280000000000000000e+02 3.592747254805131973e+01 3.518765397791372607e+01 1.000000000000000000e+00 1.000000000000000000e+00 1.000000000000000000e+00
2.290000000000000000e+02 3.592747254805131263e+01 3.518901761427749619e+01 1.000000000000000000e+00 1.000000000000000000e+00 1.000000000000000000e+00
2.300000000000000000e+02 3.592747254805131263e+01 3.519038125064128053e+01 nan 1.000000000000000000e+00 nan
2.310000000000000000e+02 3.592747254805131973e+01 3.519174488700506487e+01 nan 1.000000000000000000e+00 nan
2.320000000000000000e+02 3.592747254805131263e+01 3.519310852336884921e+01 nan 1.000000000000000000e+00 nan
2.330000000000000000e+02 3.592747254805131263e+01 3.519447215973263354e+01 nan 1.000000000000000000e+00 nan
2.340000000000000000e+02 3.592883618441495486e+01 3.517129034154834955e+01 1.000000000000000000e+00 nan nan
2.350000000000000000e+02 3.592883618441494775e+01 3.517265397791212678e+01 1.000000000000000000e+00 nan nan
2.360000000000000000e+02 3.592883618441494775e+01 3.517401761427590401e+01 nan nan nan
2.370000000000000000e+02 3.592883618441494775e+01 3.517538125063969545e+01 1.000000000000000000e+00 nan nan
2.380000000000000000e+02 3.592883618441494775e+01 3.517674488700347268e+01 1.000000000000000000e+00 nan nan
2.390000000000000000e+02 3.592883618441494775e+01 3.517810852336726413e+01 1.000000000000000000e+00 nan nan
2.400000000000000000e+02 3.592883618441494775e+01 3.517947215973103425e+01 1.000000000000000000e+00 nan nan
2.410000000000000000e+02 3.592883618441494775e+01 3.518083579609481859e+01 1.000000000000000000e+00 1.000000000000000000e+00 1.000000000000000000e+00
2.420000000000000000e+02 3.592883618441494775e+01 3.518219943245859582e+01 1.000000000000000000e+00 1.000000000000000000e+00 1.000000000000000000e+00
2.430000000000000000e+02 3.592883618441494775e+01 3.518356306882238016e+01 1.000000000000000000e+00 1.000000000000000000e+00 1.000000000000000000e+00
2.440000000000000000e+02 3.592883618441494775e+01 3.518492670518615739e+01 1.000000000000000000e+00 1.000000000000000000e+00 1.000000000000000000e+00
2.450000000000000000e+02 3.592883618441494775e+01 3.518629034154993462e+01 1.000000000000000000e+00 1.000000000000000000e+00 1.000000000000000000e+00
2.460000000000000000e+02 3.592883618441494775e+01 3.518765397791372607e+01 nan 1.000000000000000000e+00 nan
2.470000000000000000e+02 3.592883618441495486e+01 3.518901761427750330e+01 1.000000000000000000e+00 1.000000000000000000e+00 1.000000000000000000e+00
2.480000000000000000e+02 3.592883618441494775e+01 3.519038125064128053e+01 nan 1.000000000000000000e+00 nan
2.490000000000000000e+02 3.592883618441495486e+01 3.519174488700506487e+01 nan 1.000000000000000000e+00 nan
2.500000000000000000e+02 3.592883618441494775e+01 3.519310852336884921e+01 nan 1.000000000000000000e+00 nan
2.510000000000000000e+02 3.592883618441495486e+01 3.519447215973263354e+01 nan 1.000000000000000000e+00 nan
2.520000000000000000e+02 3.593019982077858998e+01 3.517129034154834955e+01 nan nan nan
2.530000000000000000e+02 3.593019982077858998e+01 3.517265397791213388e+01 nan nan nan
2.540000000000000000e+02 3.593019982077858998e+01 3.517401761427591111e+01 nan nan nan
2.550000000000000000e+02 3.593019982077858998e+01 3.517538125063970256e+01 nan nan nan
2.560000000000000000e+02 3.593019982077858998e+01 3.517674488700347979e+01 1.000000000000000000e+00 nan nan
2.570000000000000000e+02 3.593019982077858998e+01 3.517810852336726413e+01 1.000000000000000000e+00 nan nan
2.580000000000000000e+02 3.593019982077858998e+01 3.517947215973102715e+01 nan nan nan
2.590000000000000000e+02 3.593019982077858998e+01 3.518083579609481859e+01 nan nan nan
2.600000000000000000e+02 3.593019982077858998e+01 3.518219943245860293e+01 nan 1.000000000000000000e+00 nan
2.610000000000000000e+02 3.593019982077858998e+01 3.518356306882238016e+01 nan 1.000000000000000000e+00 nan
2.620000000000000000e+02 3.593019982077858998e+01 3.518492670518615739e+01 nan 1.000000000000000000e+00 nan
2.630000000000000000e+02 3.593019982077858998e+01 3.518629034154994173e+01 nan 1.000000000000000000e+00 nan
2.640000000000000000e+02 3.593019982077858998e+01 3.518765397791372607e+01 1.000000000000000000e+00 1.000000000000000000e+00 1.000000000000000000e+00
2.650000000000000000e+02 3.593019982077858998e+01 3.518901761427749619e+01 1.000000000000000000e+00 1.000000000000000000e+00 1.000000000000000000e+00
2.660000000000000000e+02 3.593019982077858998e+01 3.519038125064128053e+01 nan 1.000000000000000000e+00 nan
2.670000000000000000e+02 3.593019982077858998e+01 3.519174488700506487e+01 nan 1.000000000000000000e+00 nan
2.680000000000000000e+02 3.593019982077858998e+01 3.519310852336884921e+01 nan 1.000000000000000000e+00 nan
2.690000000000000000e+02 3.593019982077858998e+01 3.519447215973263354e+01 nan 1.000000000000000000e+00 nan
2.700000000000000000e+02 3.593156345714223221e+01 3.517129034154834955e+01 nan nan nan
2.710000000000000000e+02 3.593156345714223221e+01 3.517265397791212678e+01 nan nan nan
2.720000000000000000e+02 3.593156345714222510e+01 3.517401761427590401e+01 nan nan nan
2.730000000000000000e+02 3.593156345714221800e+01 3.517538125063969545e+01 nan nan nan
2.740000000000000000e+02 3.593156345714221800e+01 3.517674488700347268e+01 nan nan nan
2.750000000000000000e+02 3.593156345714222510e+01 3.517810852336726413e+01 nan nan nan
2.760000000000000000e+02 3.593156345714223221e+01 3.517947215973103425e+01 1.000000000000000000e+00 nan nan
2.770000000000000000e+02 3.593156345714221800e+01 3.518083579609481859e+01 nan nan nan
2.780000000000000000e+02 3.593156345714222510e+01 3.518219943245859582e+01 nan 1.000000000000000000e+00 nan
2.790000000000000000e+02 3.593156345714222510e+01 3.518356306882238016e+01 nan 1.000000000000000000e+00 nan
2.800000000000000000e+02 3.593156345714222510e+01 3.518492670518615739e+01 nan 1.000000000000000000e+00 nan
2.810000000000000000e+02 3.593156345714221800e+01 3.518629034154993462e+01 nan 1.000000000000000000e+00 nan
2.820000000000000000e+02 3.593156345714222510e+01 3.518765397791372607e+01 nan 1.000000000000000000e+00 nan
2.830000000000000000e+02 3.593156345714222510e+01 3.518901761427750330e+01 nan 1.000000000000000000e+00 nan
2.840000000000000000e+02 3.593156345714222510e+01 3.519038125064128053e+01 nan 1.000000000000000000e+00 nan
2.850000000000000000e+02 3.593156345714221800e+01 3.519174488700506487e+01 nan 1.000000000000000000e+00 nan
2.860000000000000000e+02 3.593156345714222510e+01 3.519310852336884921e+01 nan 1.000000000000000000e+00 nan
2.870000000000000000e+02 3.593156345714221800e+01 3.519447215973263354e+01 nan 1.000000000000000000e+00 nan
