1.000000000000000000e+00 6.402349486049926375e-01
3.000000000000000000e+00 7.063042733665102491e-01
5.000000000000000000e+00 7.488950858725993420e-01
7.000000000000000000e+00 7.836072791028128037e-01
9.000000000000000000e+00 8.116797736056811097e-01
1.100000000000000000e+01 8.345086483794061927e-01
1.300000000000000000e+01 8.543802626162093627e-01
1.500000000000000000e+01 8.720927420750137493e-01
1.700000000000000000e+01 8.878790263911833236e-01
1.900000000000000000e+01 9.020981439314615935e-01
2.100000000000000000e+01 9.146396738998989751e-01
2.300000000000000000e+01 9.257633938400908757e-01
2.500000000000000000e+01 9.360263210109921461e-01
2.700000000000000000e+01 9.452832981991082795e-01
2.900000000000000000e+01 9.536468789873504548e-01
3.100000000000000000e+01 9.608425194823825288e-01
3.300000000000000000e+01 9.670744175705743295e-01
3.500000000000000000e+01 9.723413901975617168e-01
3.700000000000000000e+01 9.767182140190884265e-01
3.900000000000000000e+01 9.802866737128800301e-01
4.100000000000000000e+01 9.832153129335416963e-01
4.300000000000000000e+01 9.855990665914133864e-01
4.500000000000000000e+01 9.875286255024495752e-01
4.700000000000000000e+01 9.891327872830363299e-01
4.900000000000000000e+01 9.903371504548259541e-01
5.100000000000000000e+01 9.911778245070856919e-01
5.300000000000000000e+01 9.916492597505360829e-01
5.500000000000000000e+01 9.918441584199378935e-01
5.700000000000000000e+01 9.918092710098023179e-01
5.900000000000000000e+01 9.916370313256482882e-01
6.100000000000000000e+01 9.914810045190529664e-01
6.300000000000000000e+01 9.912915284809632466e-01
6.500000000000000000e+01 9.910691378215059633e-01
6.700000000000000000e+01 9.908182156909324245e-01
6.900000000000000000e+01 9.905649699619569759e-01
7.100000000000000000e+01 9.903502237536561115e-01
7.300000000000000000e+01 9.901958557001214745e-01
7.500000000000000000e+01 9.901129670754083012e-01
7.700000000000000000e+01 9.901129670754079681e-01
7.900000000000000000e+01 9.901129670754079681e-01
8.100000000000000000e+01 9.901129670754079681e-01
8.300000000000000000e+01 9.901129670754079681e-01
8.500000000000000000e+01 9.901129670754080792e-01
8.700000000000000000e+01 9.901129670754077461e-01
8.900000000000000000e+01 9.901129670754079681e-01
9.100000000000000000e+01 9.901129670754077461e-01
9.300000000000000000e+01 9.901129670754079681e-01
9.500000000000000000e+01 9.901129670754077461e-01
9.700000000000000000e+01 9.901129670754079681e-01
9.900000000000000000e+01 9.901129670754080792e-01
1.010000000000000000e+02 9.901129670754078571e-01
1.030000000000000000e+02 9.901129670754077461e-01
1.050000000000000000e+02 9.901129670754075240e-01
1.070000000000000000e+02 9.901129670754083012e-01
1.090000000000000000e+02 9.901129670754077461e-01
1.110000000000000000e+02 9.901129670754081902e-01
1.130000000000000000e+02 9.901129670754080792e-01
1.150000000000000000e+02 9.901129670754078571e-01
1.170000000000000000e+02 9.901129670754077461e-01
1.190000000000000000e+02 9.901129670754076351e-01
1.210000000000000000e+02 9.901129670754081902e-01
1.230000000000000000e+02 9.901129670754076351e-01
1.250000000000000000e+02 9.901129670754084122e-01
1.270000000000000000e+02 9.901129670754081902e-01
1.290000000000000000e+02 9.901129670754078571e-01
1.310000000000000000e+02 9.901129670754076351e-01
1.330000000000000000e+02 9.901129670754079681e-01
1.350000000000000000e+02 9.901129670754079681e-01
1.370000000000000000e+02 9.901129670754079681e-01
1.390000000000000000e+02 9.901129670754077461e-01
1.410000000000000000e+02 9.901129670754076351e-01
1.430000000000000000e+02 9.901129670754078571e-01
1.450000000000000000e+02 9.901129670754076351e-01
1.470000000000000000e+02 9.901129670754080792e-01
1.490000000000000000e+02 9.901129670754080792e-01
