1.000000000000000000e+00 1.124637681159420532e-01
3.000000000000000000e+00 1.292314783345516194e-01
5.000000000000000000e+00 1.377969548815209944e-01
7.000000000000000000e+00 1.429851011292921914e-01
9.000000000000000000e+00 1.468688235656819829e-01
1.100000000000000000e+01 1.505039084579408160e-01
1.300000000000000000e+01 1.541684147468476151e-01
1.500000000000000000e+01 1.579307894024768455e-01
1.700000000000000000e+01 1.617705767564661112e-01
1.900000000000000000e+01 1.656588562827668865e-01
2.100000000000000000e+01 1.696108014008209652e-01
2.300000000000000000e+01 1.736350375117245992e-01
2.500000000000000000e+01 1.777371681047417162e-01
2.700000000000000000e+01 1.819133601725667626e-01
2.900000000000000000e+01 1.861719484661126245e-01
3.100000000000000000e+01 1.905209611626176303e-01
3.300000000000000000e+01 1.949600515814927659e-01
3.500000000000000000e+01 1.994909374153196469e-01
3.700000000000000000e+01 2.041199760835743504e-01
3.900000000000000000e+01 2.088523917941395025e-01
4.100000000000000000e+01 2.137013758332532154e-01
4.300000000000000000e+01 2.186803959966413524e-01
4.500000000000000000e+01 2.237898845747747778e-01
4.700000000000000000e+01 2.290370036673593512e-01
4.900000000000000000e+01 2.344212698004822792e-01
5.100000000000000000e+01 2.399436019495168049e-01
5.300000000000000000e+01 2.456044895189753996e-01
5.500000000000000000e+01 2.513981064725206993e-01
5.700000000000000000e+01 2.573248571000423812e-01
5.900000000000000000e+01 2.633868804747936387e-01
6.100000000000000000e+01 2.695825187444662596e-01
6.300000000000000000e+01 2.759090808929053340e-01
6.500000000000000000e+01 2.823650712802803220e-01
6.700000000000000000e+01 2.889420265208825223e-01
6.900000000000000000e+01 2.956296414443456699e-01
7.100000000000000000e+01 3.024231635587444345e-01
7.300000000000000000e+01 3.093265180332509523e-01
7.500000000000000000e+01 3.163224800125462588e-01
7.700000000000000000e+01 3.234003548686744667e-01
7.900000000000000000e+01 3.305554012967746313e-01
8.100000000000000000e+01 3.377818815122860530e-01
8.300000000000000000e+01 3.450784261256727437e-01
8.500000000000000000e+01 3.524305996200507440e-01
8.700000000000000000e+01 3.598348204971593134e-01
8.900000000000000000e+01 3.673018830298073745e-01
9.100000000000000000e+01 3.748287640790932684e-01
9.300000000000000000e+01 3.824051962872778709e-01
9.500000000000000000e+01 3.900263976715688807e-01
9.700000000000000000e+01 3.976885346082212891e-01
9.900000000000000000e+01 4.053753863146295489e-01
1.010000000000000000e+02 4.130778202630360774e-01
1.030000000000000000e+02 4.207832535803780472e-01
1.050000000000000000e+02 4.284712829038206383e-01
1.070000000000000000e+02 4.361325189630680388e-01
1.090000000000000000e+02 4.437531797470049000e-01
1.110000000000000000e+02 4.513190810061612490e-01
1.130000000000000000e+02 4.588188633809792139e-01
1.150000000000000000e+02 4.662623491794927189e-01
1.170000000000000000e+02 4.736306650352622993e-01
1.190000000000000000e+02 4.809180177882189655e-01
1.210000000000000000e+02 4.881221843765843893e-01
1.230000000000000000e+02 4.952406876522063017e-01
1.250000000000000000e+02 5.022732983176161348e-01
1.270000000000000000e+02 5.092211755437550114e-01
1.290000000000000000e+02 5.160753941027281799e-01
1.310000000000000000e+02 5.228252578670848916e-01
1.330000000000000000e+02 5.294731605588649526e-01
1.350000000000000000e+02 5.360169654814014306e-01
1.370000000000000000e+02 5.424589154188592666e-01
1.390000000000000000e+02 5.488022294138905632e-01
1.410000000000000000e+02 5.550582195091182669e-01
1.430000000000000000e+02 5.612180705811525838e-01
1.450000000000000000e+02 5.672841337968286268e-01
1.470000000000000000e+02 5.732288470755497745e-01
1.490000000000000000e+02 5.790570363020337563e-01
