1.000000000000000000e+00 3.628644456959662090e-02
3.000000000000000000e+00 3.911126212980664540e-02
5.000000000000000000e+00 4.035866640023377805e-02
7.000000000000000000e+00 4.106910427686905063e-02
9.000000000000000000e+00 4.161918173785850161e-02
1.100000000000000000e+01 4.209386742067622311e-02
1.300000000000000000e+01 4.252127314719800211e-02
1.500000000000000000e+01 4.292588832480270788e-02
1.700000000000000000e+01 4.331081033979100603e-02
1.900000000000000000e+01 4.368294733216460113e-02
2.100000000000000000e+01 4.404829736707327470e-02
2.300000000000000000e+01 4.440962718673946430e-02
2.500000000000000000e+01 4.476925098256856472e-02
2.700000000000000000e+01 4.512818896737058605e-02
2.900000000000000000e+01 4.548603334034806434e-02
3.100000000000000000e+01 4.584259026411707794e-02
3.300000000000000000e+01 4.620096953140839791e-02
3.500000000000000000e+01 4.656359509957275211e-02
3.700000000000000000e+01 4.693413223148612534e-02
3.900000000000000000e+01 4.731435448318221937e-02
4.100000000000000000e+01 4.770593642850762262e-02
4.300000000000000000e+01 4.810925143915401048e-02
4.500000000000000000e+01 4.852518792670168502e-02
4.700000000000000000e+01 4.895466926474234537e-02
4.900000000000000000e+01 4.939948387996162538e-02
5.100000000000000000e+01 4.985993581389192020e-02
5.300000000000000000e+01 5.033625335204350293e-02
5.500000000000000000e+01 5.082833835034805681e-02
5.700000000000000000e+01 5.133604744987863011e-02
5.900000000000000000e+01 5.185899804861671125e-02
6.100000000000000000e+01 5.239636645195611120e-02
6.300000000000000000e+01 5.294668944286673451e-02
6.500000000000000000e+01 5.350831782894782673e-02
6.700000000000000000e+01 5.407961645286130103e-02
6.900000000000000000e+01 5.465891687587354220e-02
7.100000000000000000e+01 5.524437590003505871e-02
7.300000000000000000e+01 5.583459326128992206e-02
7.500000000000000000e+01 5.642831945398474325e-02
7.700000000000000000e+01 5.702435106038472590e-02
7.900000000000000000e+01 5.762177856793793129e-02
8.100000000000000000e+01 5.821985248403405144e-02
8.300000000000000000e+01 5.881777636578122692e-02
8.500000000000000000e+01 5.941515933915220149e-02
8.700000000000000000e+01 6.001157017594627163e-02
8.900000000000000000e+01 6.060665840577439401e-02
9.100000000000000000e+01 6.120062343245880054e-02
9.300000000000000000e+01 6.179333116326124475e-02
9.500000000000000000e+01 6.238469319083128628e-02
9.700000000000000000e+01 6.297463757219179392e-02
9.900000000000000000e+01 6.356332603016834337e-02
1.010000000000000000e+02 6.415098130357732575e-02
1.030000000000000000e+02 6.473788119752976744e-02
1.050000000000000000e+02 6.532448875891727624e-02
1.070000000000000000e+02 6.591107110398042312e-02
1.090000000000000000e+02 6.649794824859511788e-02
1.110000000000000000e+02 6.708556231106466150e-02
1.130000000000000000e+02 6.767430777625405014e-02
1.150000000000000000e+02 6.826476810278714336e-02
1.170000000000000000e+02 6.885731245055237704e-02
1.190000000000000000e+02 6.945224122927384780e-02
1.210000000000000000e+02 7.004981306445956513e-02
1.230000000000000000e+02 7.065044858278435314e-02
1.250000000000000000e+02 7.125459958850943742e-02
1.270000000000000000e+02 7.186052300280576510e-02
1.290000000000000000e+02 7.246869879711403950e-02
1.310000000000000000e+02 7.307953836830771710e-02
1.330000000000000000e+02 7.369365775260339202e-02
1.350000000000000000e+02 7.431106431541611990e-02
1.370000000000000000e+02 7.493181601451104346e-02
1.390000000000000000e+02 7.555633841179687504e-02
1.410000000000000000e+02 7.618492361192086282e-02
1.430000000000000000e+02 7.681785423577702776e-02
1.450000000000000000e+02 7.745507315672972570e-02
1.470000000000000000e+02 7.809681170297810837e-02
1.490000000000000000e+02 7.874330956753827770e-02
