1.000000000000000000e+00 4.609227871939736154e-01
3.000000000000000000e+00 4.836797582896668057e-01
5.000000000000000000e+00 4.940173350452357059e-01
7.000000000000000000e+00 5.017716752228900123e-01
9.000000000000000000e+00 5.089180365642923531e-01
1.100000000000000000e+01 5.158632392979219938e-01
1.300000000000000000e+01 5.227604181166417563e-01
1.500000000000000000e+01 5.295587837038989720e-01
1.700000000000000000e+01 5.362334882784975942e-01
1.900000000000000000e+01 5.427582574259683934e-01
2.100000000000000000e+01 5.491307631579944726e-01
2.300000000000000000e+01 5.553852608984715111e-01
2.500000000000000000e+01 5.615420629921821227e-01
2.700000000000000000e+01 5.676116348574534731e-01
2.900000000000000000e+01 5.736387947170871193e-01
3.100000000000000000e+01 5.796603242991201776e-01
3.300000000000000000e+01 5.856790149900876763e-01
3.500000000000000000e+01 5.917279769833508896e-01
3.700000000000000000e+01 5.978430350630632439e-01
3.900000000000000000e+01 6.040026651390519863e-01
4.100000000000000000e+01 6.102433703415677257e-01
4.300000000000000000e+01 6.166077280482069600e-01
4.500000000000000000e+01 6.230838389028673374e-01
4.700000000000000000e+01 6.296827891748690842e-01
4.900000000000000000e+01 6.364133113954005827e-01
5.100000000000000000e+01 6.432676729478893352e-01
5.300000000000000000e+01 6.502457075949080734e-01
5.500000000000000000e+01 6.573460511615378810e-01
5.700000000000000000e+01 6.645415289473216580e-01
5.900000000000000000e+01 6.718038454283841165e-01
6.100000000000000000e+01 6.790979340391805064e-01
6.300000000000000000e+01 6.863780792547722331e-01
6.500000000000000000e+01 6.936221799997552839e-01
6.700000000000000000e+01 7.008144834652059174e-01
6.900000000000000000e+01 7.079326385222870499e-01
7.100000000000000000e+01 7.149492630788567560e-01
7.300000000000000000e+01 7.218503703634475688e-01
7.500000000000000000e+01 7.286238986086817082e-01
7.700000000000000000e+01 7.352839940466775470e-01
7.900000000000000000e+01 7.418260429332244055e-01
8.100000000000000000e+01 7.482581142805753149e-01
8.300000000000000000e+01 7.545916463837610832e-01
8.500000000000000000e+01 7.608409848331735281e-01
8.700000000000000000e+01 7.670153860720967387e-01
8.900000000000000000e+01 7.731215785229821336e-01
9.100000000000000000e+01 7.791710204349879820e-01
9.300000000000000000e+01 7.851604503103071231e-01
9.500000000000000000e+01 7.910968272163483306e-01
9.700000000000000000e+01 7.969753657665318292e-01
9.900000000000000000e+01 8.027849158355913062e-01
1.010000000000000000e+02 8.085300919394351471e-01
1.030000000000000000e+02 8.142120530946729273e-01
1.050000000000000000e+02 8.198249262594545783e-01
1.070000000000000000e+02 8.253557705186338467e-01
1.090000000000000000e+02 8.307908616070700525e-01
1.110000000000000000e+02 8.361321349332022645e-01
1.130000000000000000e+02 8.413484881744964783e-01
1.150000000000000000e+02 8.464417363973024688e-01
1.170000000000000000e+02 8.514089001093314568e-01
1.190000000000000000e+02 8.562464108616443248e-01
1.210000000000000000e+02 8.609412553034483384e-01
1.230000000000000000e+02 8.654932263992778374e-01
1.250000000000000000e+02 8.698954371569508348e-01
1.270000000000000000e+02 8.741460591052794271e-01
1.290000000000000000e+02 8.782443041900211966e-01
1.310000000000000000e+02 8.821909806833786449e-01
1.330000000000000000e+02 8.859884142720997335e-01
1.350000000000000000e+02 8.896371921409544914e-01
1.370000000000000000e+02 8.931398695799513954e-01
1.390000000000000000e+02 8.964949048152994759e-01
1.410000000000000000e+02 8.997107179533042620e-01
1.430000000000000000e+02 9.027909318053057852e-01
1.450000000000000000e+02 9.057353923220556879e-01
1.470000000000000000e+02 9.085491605547870719e-01
1.490000000000000000e+02 9.112541666953819508e-01
