1.000000000000000000e+00 7.110300820419324097e-02
3.000000000000000000e+00 8.403443926994003110e-02
5.000000000000000000e+00 9.006791213826337295e-02
7.000000000000000000e+00 9.354369521963701306e-02
9.000000000000000000e+00 9.621723835905049427e-02
1.100000000000000000e+01 9.843547999728741171e-02
1.300000000000000000e+01 1.004460915597598092e-01
1.500000000000000000e+01 1.024056384515752427e-01
1.700000000000000000e+01 1.043418560775539738e-01
1.900000000000000000e+01 1.062851559866601070e-01
2.100000000000000000e+01 1.082540608979454255e-01
2.300000000000000000e+01 1.102529670574864396e-01
2.500000000000000000e+01 1.123005335751465772e-01
2.700000000000000000e+01 1.144014890409380536e-01
2.900000000000000000e+01 1.165606632240108187e-01
3.100000000000000000e+01 1.187979081302457107e-01
3.300000000000000000e+01 1.211205852267509542e-01
3.500000000000000000e+01 1.235221060847347951e-01
3.700000000000000000e+01 1.260010704113122548e-01
3.900000000000000000e+01 1.285511829944604445e-01
4.100000000000000000e+01 1.311675887342299562e-01
4.300000000000000000e+01 1.338506740216260926e-01
4.500000000000000000e+01 1.365979477270631293e-01
4.700000000000000000e+01 1.394107599918863460e-01
4.900000000000000000e+01 1.422893798969413481e-01
5.100000000000000000e+01 1.452309487181709935e-01
5.300000000000000000e+01 1.482331673362077273e-01
5.500000000000000000e+01 1.512911650570590849e-01
5.700000000000000000e+01 1.544030887319751688e-01
5.900000000000000000e+01 1.575680050608554428e-01
6.100000000000000000e+01 1.607855685126655665e-01
6.300000000000000000e+01 1.640596863857604060e-01
6.500000000000000000e+01 1.673920481472962463e-01
6.700000000000000000e+01 1.707812999967251999e-01
6.900000000000000000e+01 1.742247502733754727e-01
7.100000000000000000e+01 1.777203602522753334e-01
7.300000000000000000e+01 1.812665499432346561e-01
7.500000000000000000e+01 1.848600547155945240e-01
7.700000000000000000e+01 1.884982147848134337e-01
7.900000000000000000e+01 1.921783615652196131e-01
8.100000000000000000e+01 1.958972054026878462e-01
8.300000000000000000e+01 1.996493953839618696e-01
8.500000000000000000e+01 2.034291105915402298e-01
8.700000000000000000e+01 2.072329777706433118e-01
8.900000000000000000e+01 2.110580877403499533e-01
9.100000000000000000e+01 2.149009364933049948e-01
9.300000000000000000e+01 2.187579815037495878e-01
9.500000000000000000e+01 2.226254131988195661e-01
9.700000000000000000e+01 2.265005260120979136e-01
9.900000000000000000e+01 2.303793297171518040e-01
1.010000000000000000e+02 2.342596627486347449e-01
1.030000000000000000e+02 2.381390216625561829e-01
1.050000000000000000e+02 2.420130908187345664e-01
1.070000000000000000e+02 2.458806127976412848e-01
1.090000000000000000e+02 2.497384560962150335e-01
1.110000000000000000e+02 2.535828328732148140e-01
1.130000000000000000e+02 2.574121681794090399e-01
1.150000000000000000e+02 2.612254233212536469e-01
1.170000000000000000e+02 2.650220296246139640e-01
1.190000000000000000e+02 2.687974945371233160e-01
1.210000000000000000e+02 2.725502500495041724e-01
1.230000000000000000e+02 2.762785361707208454e-01
1.250000000000000000e+02 2.799804583499898580e-01
1.270000000000000000e+02 2.836550279582227274e-01
1.290000000000000000e+02 2.873008099359487533e-01
1.310000000000000000e+02 2.909184478952590025e-01
1.330000000000000000e+02 2.945040344609743954e-01
1.350000000000000000e+02 2.980571557176380226e-01
1.370000000000000000e+02 3.015764227038967293e-01
1.390000000000000000e+02 3.050601386610732879e-01
1.410000000000000000e+02 3.085096788785455235e-01
1.430000000000000000e+02 3.119252657016170494e-01
1.450000000000000000e+02 3.153082382549798890e-01
1.470000000000000000e+02 3.186570709016194325e-01
1.490000000000000000e+02 3.219691239745532396e-01
