1.000000000000000000e+00 4.007984031936128178e-01
3.000000000000000000e+00 4.822433075586289863e-01
5.000000000000000000e+00 5.241602447810873588e-01
7.000000000000000000e+00 5.497411446379176780e-01
9.000000000000000000e+00 5.709731032746753199e-01
1.100000000000000000e+01 5.911258584275700390e-01
1.300000000000000000e+01 6.101926015272485238e-01
1.500000000000000000e+01 6.284121222951242203e-01
1.700000000000000000e+01 6.456699766515645589e-01
1.900000000000000000e+01 6.621841365148444236e-01
2.100000000000000000e+01 6.778344973383580996e-01
2.300000000000000000e+01 6.930025576952981714e-01
2.500000000000000000e+01 7.079912325068780099e-01
2.700000000000000000e+01 7.229544285009177340e-01
2.900000000000000000e+01 7.378254492998561620e-01
3.100000000000000000e+01 7.526336240513459286e-01
3.300000000000000000e+01 7.671293711879617616e-01
3.500000000000000000e+01 7.812465287797856206e-01
3.700000000000000000e+01 7.949036852502728845e-01
3.900000000000000000e+01 8.078692950555872443e-01
4.100000000000000000e+01 8.201883252186993323e-01
4.300000000000000000e+01 8.318189459083776827e-01
4.500000000000000000e+01 8.427500812537451758e-01
4.700000000000000000e+01 8.530402279740726401e-01
4.900000000000000000e+01 8.626149281360518950e-01
5.100000000000000000e+01 8.715623030317964925e-01
5.300000000000000000e+01 8.798962296256493953e-01
5.500000000000000000e+01 8.877012044774437172e-01
5.700000000000000000e+01 8.950335224071865881e-01
5.900000000000000000e+01 9.018625427390223326e-01
6.100000000000000000e+01 9.082491061422576228e-01
6.300000000000000000e+01 9.142087783605090667e-01
6.500000000000000000e+01 9.198085128748353378e-01
6.700000000000000000e+01 9.249696370675043466e-01
6.900000000000000000e+01 9.297575867554674911e-01
7.100000000000000000e+01 9.342663896899177089e-01
7.300000000000000000e+01 9.383895015454694066e-01
7.500000000000000000e+01 9.421832254499897807e-01
7.700000000000000000e+01 9.457091633521366170e-01
7.900000000000000000e+01 9.490021266477348671e-01
8.100000000000000000e+01 9.519961265487505431e-01
8.300000000000000000e+01 9.547065358999740070e-01
8.500000000000000000e+01 9.571491153443240085e-01
8.700000000000000000e+01 9.593263037510326718e-01
8.900000000000000000e+01 9.613287924429981812e-01
9.100000000000000000e+01 9.631493001420036171e-01
9.300000000000000000e+01 9.647769873905608362e-01
9.500000000000000000e+01 9.662245887878410100e-01
9.700000000000000000e+01 9.675349390862525434e-01
9.900000000000000000e+01 9.687441639581250152e-01
1.010000000000000000e+02 9.698380351064230798e-01
1.030000000000000000e+02 9.708369957171238962e-01
1.050000000000000000e+02 9.717710639061216682e-01
1.070000000000000000e+02 9.725931858845671130e-01
1.090000000000000000e+02 9.733295520009859203e-01
1.110000000000000000e+02 9.739233940725983141e-01
1.130000000000000000e+02 9.743883809974052124e-01
1.150000000000000000e+02 9.747549073129061492e-01
1.170000000000000000e+02 9.750631998974211845e-01
1.190000000000000000e+02 9.752972373070973866e-01
1.210000000000000000e+02 9.754769904767572886e-01
1.230000000000000000e+02 9.755911713702242194e-01
1.250000000000000000e+02 9.756572501908831185e-01
1.270000000000000000e+02 9.756966323253108975e-01
1.290000000000000000e+02 9.757032556092467557e-01
1.310000000000000000e+02 9.757186583977214278e-01
1.330000000000000000e+02 9.758112199647623886e-01
1.350000000000000000e+02 9.760109753974717250e-01
1.370000000000000000e+02 9.761961626920707680e-01
1.390000000000000000e+02 9.763253196373936627e-01
1.410000000000000000e+02 9.764009051220985391e-01
1.430000000000000000e+02 9.764531457595820862e-01
1.450000000000000000e+02 9.764828200356830967e-01
1.470000000000000000e+02 9.764835323749894158e-01
1.490000000000000000e+02 9.764564723777385824e-01
