1.000000000000000000e+00 5.550429916746280057e-01
3.000000000000000000e+00 5.747962776879724789e-01
5.000000000000000000e+00 5.848654176773022684e-01
7.000000000000000000e+00 5.923205240268909488e-01
9.000000000000000000e+00 5.989794457721218102e-01
1.100000000000000000e+01 6.053851481815004654e-01
1.300000000000000000e+01 6.116638788916939351e-01
1.500000000000000000e+01 6.178373823621960970e-01
1.700000000000000000e+01 6.238981684274386152e-01
1.900000000000000000e+01 6.298161791623051453e-01
2.100000000000000000e+01 6.355824547733223140e-01
2.300000000000000000e+01 6.412103184256089383e-01
2.500000000000000000e+01 6.467096936371423688e-01
2.700000000000000000e+01 6.520973285722845292e-01
2.900000000000000000e+01 6.573878963904624673e-01
3.100000000000000000e+01 6.625932878124149994e-01
3.300000000000000000e+01 6.677212734186475096e-01
3.500000000000000000e+01 6.727829229761744800e-01
3.700000000000000000e+01 6.777847113639797749e-01
3.900000000000000000e+01 6.827323066194009860e-01
4.100000000000000000e+01 6.876264467528279134e-01
4.300000000000000000e+01 6.924680783008778651e-01
4.500000000000000000e+01 6.972565789483514687e-01
4.700000000000000000e+01 7.019958799948176065e-01
4.900000000000000000e+01 7.066923238751281477e-01
5.100000000000000000e+01 7.113485230891263278e-01
5.300000000000000000e+01 7.159614022935032462e-01
5.500000000000000000e+01 7.205290807701916211e-01
5.700000000000000000e+01 7.250503853944054722e-01
5.900000000000000000e+01 7.295170792270082583e-01
6.100000000000000000e+01 7.339257211596386110e-01
6.300000000000000000e+01 7.382729129332210594e-01
6.500000000000000000e+01 7.425523901153520123e-01
6.700000000000000000e+01 7.467621012161744787e-01
6.900000000000000000e+01 7.508993635732180705e-01
7.100000000000000000e+01 7.549604340495088550e-01
7.300000000000000000e+01 7.589417506834383875e-01
7.500000000000000000e+01 7.628425608053003293e-01
7.700000000000000000e+01 7.666600580449253188e-01
7.900000000000000000e+01 7.703928522644116761e-01
8.100000000000000000e+01 7.740389223123216311e-01
8.300000000000000000e+01 7.775955281828168530e-01
8.500000000000000000e+01 7.810604689625888497e-01
8.700000000000000000e+01 7.844332666533045950e-01
8.900000000000000000e+01 7.877125927605592715e-01
9.100000000000000000e+01 7.908980604706211670e-01
9.300000000000000000e+01 7.939903613137211380e-01
9.500000000000000000e+01 7.969910873182224353e-01
9.700000000000000000e+01 7.999019407935521464e-01
9.900000000000000000e+01 8.027240687514336503e-01
1.010000000000000000e+02 8.054596643733675787e-01
1.030000000000000000e+02 8.081111509537133308e-01
1.050000000000000000e+02 8.106797971819512671e-01
1.070000000000000000e+02 8.131676243379450941e-01
1.090000000000000000e+02 8.155769341970711128e-01
1.110000000000000000e+02 8.179100783536893404e-01
1.130000000000000000e+02 8.201685036742982771e-01
1.150000000000000000e+02 8.223552292422435794e-01
1.170000000000000000e+02 8.244727879709088381e-01
1.190000000000000000e+02 8.265244729164639148e-01
1.210000000000000000e+02 8.285137180199042550e-01
1.230000000000000000e+02 8.304440583935835951e-01
1.250000000000000000e+02 8.323183444256107011e-01
1.270000000000000000e+02 8.341403159351939989e-01
1.290000000000000000e+02 8.359129903244113535e-01
1.310000000000000000e+02 8.376397445051231294e-01
1.330000000000000000e+02 8.393236982983562910e-01
1.350000000000000000e+02 8.409681114393677825e-01
1.370000000000000000e+02 8.425767456369032127e-01
1.390000000000000000e+02 8.441530628246323165e-01
1.410000000000000000e+02 8.457008652758950529e-01
1.430000000000000000e+02 8.472236927108689475e-01
1.450000000000000000e+02 8.487236748826898491e-01
1.470000000000000000e+02 8.502033186315158808e-01
1.490000000000000000e+02 8.516656372273332387e-01
