1.000000000000000000e+00 2.866401062417001100e-02
3.000000000000000000e+00 2.958942196054936691e-02
5.000000000000000000e+00 2.995223374060640431e-02
7.000000000000000000e+00 3.014478257426755903e-02
9.000000000000000000e+00 3.030310264814306542e-02
1.100000000000000000e+01 3.045506789276963833e-02
1.300000000000000000e+01 3.061132057815063590e-02
1.500000000000000000e+01 3.076095633164999121e-02
1.700000000000000000e+01 3.090135083314993203e-02
1.900000000000000000e+01 3.103555087778342436e-02
2.100000000000000000e+01 3.116448965771512203e-02
2.300000000000000000e+01 3.129080196121691859e-02
2.500000000000000000e+01 3.141664530402688005e-02
2.700000000000000000e+01 3.154343089004585377e-02
2.900000000000000000e+01 3.167026943571227271e-02
3.100000000000000000e+01 3.179871332698225306e-02
3.300000000000000000e+01 3.192894329177575763e-02
3.500000000000000000e+01 3.206084715496704263e-02
3.700000000000000000e+01 3.219446929552405301e-02
3.900000000000000000e+01 3.233032493471987845e-02
4.100000000000000000e+01 3.246824895866751159e-02
4.300000000000000000e+01 3.260788775095291303e-02
4.500000000000000000e+01 3.274931854868579073e-02
4.700000000000000000e+01 3.289241747845295105e-02
4.900000000000000000e+01 3.303727654368504574e-02
5.100000000000000000e+01 3.318377820160078873e-02
5.300000000000000000e+01 3.333185260544169193e-02
5.500000000000000000e+01 3.348152515753233249e-02
5.700000000000000000e+01 3.363299798490537729e-02
5.900000000000000000e+01 3.378597029215335557e-02
6.100000000000000000e+01 3.394013749068358621e-02
6.300000000000000000e+01 3.409528754284973928e-02
6.500000000000000000e+01 3.425125156379471569e-02
6.700000000000000000e+01 3.440806186685796408e-02
6.900000000000000000e+01 3.456569867479497571e-02
7.100000000000000000e+01 3.472411790415474986e-02
7.300000000000000000e+01 3.488322098023666218e-02
7.500000000000000000e+01 3.504293636624256081e-02
7.700000000000000000e+01 3.520326928191930271e-02
7.900000000000000000e+01 3.536427210458970016e-02
8.100000000000000000e+01 3.552584203916175909e-02
8.300000000000000000e+01 3.568787721827271220e-02
8.500000000000000000e+01 3.585015391478374447e-02
8.700000000000000000e+01 3.601257787053868675e-02
8.900000000000000000e+01 3.617505312093449721e-02
9.100000000000000000e+01 3.633747871012837916e-02
9.300000000000000000e+01 3.649975270759342472e-02
9.500000000000000000e+01 3.666182741095269648e-02
9.700000000000000000e+01 3.682360190515876486e-02
9.900000000000000000e+01 3.698494895518256165e-02
1.010000000000000000e+02 3.714572233086155251e-02
1.030000000000000000e+02 3.730579316031412684e-02
1.050000000000000000e+02 3.746502821049746412e-02
1.070000000000000000e+02 3.762325198865978937e-02
1.090000000000000000e+02 3.778026320489458190e-02
1.110000000000000000e+02 3.793592546977841984e-02
1.130000000000000000e+02 3.809008879922826107e-02
1.150000000000000000e+02 3.824259052348499832e-02
1.170000000000000000e+02 3.839329618405651345e-02
1.190000000000000000e+02 3.854206227639278559e-02
1.210000000000000000e+02 3.868878571489742235e-02
1.230000000000000000e+02 3.883336870486053805e-02
1.250000000000000000e+02 3.897571343915062769e-02
1.270000000000000000e+02 3.911566498203444819e-02
1.290000000000000000e+02 3.925312908186540106e-02
1.310000000000000000e+02 3.938811615514725695e-02
1.330000000000000000e+02 3.952057660007568529e-02
1.350000000000000000e+02 3.965040787894225094e-02
1.370000000000000000e+02 3.977745065910798239e-02
1.390000000000000000e+02 3.990167296655156015e-02
1.410000000000000000e+02 4.002314491744884961e-02
1.430000000000000000e+02 4.014185342495191211e-02
1.450000000000000000e+02 4.025779264367945753e-02
1.470000000000000000e+02 4.037095400306545123e-02
1.490000000000000000e+02 4.048132965795292471e-02
