1.000000000000000000e+00 2.322825314055465551e-02
3.000000000000000000e+00 2.420194108424977841e-02
5.000000000000000000e+00 2.480231381925934731e-02
7.000000000000000000e+00 2.522326263756369258e-02
9.000000000000000000e+00 2.558552661155433228e-02
1.100000000000000000e+01 2.588946044250328704e-02
1.300000000000000000e+01 2.614581097905477325e-02
1.500000000000000000e+01 2.637173298971684510e-02
1.700000000000000000e+01 2.657958196970355846e-02
1.900000000000000000e+01 2.679183812233454365e-02
2.100000000000000000e+01 2.701207290620077917e-02
2.300000000000000000e+01 2.723640474489574803e-02
2.500000000000000000e+01 2.746277957754128529e-02
2.700000000000000000e+01 2.769112259166228718e-02
2.900000000000000000e+01 2.792568500357295314e-02
3.100000000000000000e+01 2.817151449364896365e-02
3.300000000000000000e+01 2.842857295340306401e-02
3.500000000000000000e+01 2.869507037166241226e-02
3.700000000000000000e+01 2.896766094389591206e-02
3.900000000000000000e+01 2.924534107425824647e-02
4.100000000000000000e+01 2.952666817793025977e-02
4.300000000000000000e+01 2.980758158471441543e-02
4.500000000000000000e+01 3.008507935810444955e-02
4.700000000000000000e+01 3.035605075987279911e-02
4.900000000000000000e+01 3.061739038168187488e-02
5.100000000000000000e+01 3.086804561236211608e-02
5.300000000000000000e+01 3.110639767541456546e-02
5.500000000000000000e+01 3.133313786871139150e-02
5.700000000000000000e+01 3.154468511199981506e-02
5.900000000000000000e+01 3.173836538540952823e-02
6.100000000000000000e+01 3.191399602528255386e-02
6.300000000000000000e+01 3.207499391634593966e-02
6.500000000000000000e+01 3.222310422209617720e-02
6.700000000000000000e+01 3.235547026795582148e-02
6.900000000000000000e+01 3.247316196286142986e-02
7.100000000000000000e+01 3.257857828678212275e-02
7.300000000000000000e+01 3.267202172406713512e-02
7.500000000000000000e+01 3.275462025655595522e-02
7.700000000000000000e+01 3.282341012557610238e-02
7.900000000000000000e+01 3.287939790562033338e-02
8.100000000000000000e+01 3.292720373803470491e-02
8.300000000000000000e+01 3.296747445107639507e-02
8.500000000000000000e+01 3.300042944737580086e-02
8.700000000000000000e+01 3.302672193077527130e-02
8.900000000000000000e+01 3.304930756657653568e-02
9.100000000000000000e+01 3.306669348986179813e-02
9.300000000000000000e+01 3.308008110955473757e-02
9.500000000000000000e+01 3.309016667025743708e-02
9.700000000000000000e+01 3.309854286287894354e-02
9.900000000000000000e+01 3.310399576010158995e-02
1.010000000000000000e+02 3.310736110890821760e-02
1.030000000000000000e+02 3.311006235056124236e-02
1.050000000000000000e+02 3.311261385883790265e-02
1.070000000000000000e+02 3.311440557158507048e-02
1.090000000000000000e+02 3.311449966345847429e-02
1.110000000000000000e+02 3.311552707039588928e-02
1.130000000000000000e+02 3.311780017607846016e-02
1.150000000000000000e+02 3.312200484777727549e-02
1.170000000000000000e+02 3.312937478003341596e-02
1.190000000000000000e+02 3.313753042472222798e-02
1.210000000000000000e+02 3.314516282798507518e-02
1.230000000000000000e+02 3.315273790978612301e-02
1.250000000000000000e+02 3.316265533012918709e-02
1.270000000000000000e+02 3.317529069110891626e-02
1.290000000000000000e+02 3.319079281724091057e-02
1.310000000000000000e+02 3.320764799100006659e-02
1.330000000000000000e+02 3.322608441514673938e-02
1.350000000000000000e+02 3.324803777531204485e-02
1.370000000000000000e+02 3.327006060466297654e-02
1.390000000000000000e+02 3.329242862936321323e-02
1.410000000000000000e+02 3.331541832680895432e-02
1.430000000000000000e+02 3.334342814894508678e-02
1.450000000000000000e+02 3.337645788209298026e-02
1.470000000000000000e+02 3.341076482604066200e-02
1.490000000000000000e+02 3.344656047534555476e-02
