1.000000000000000000e+00 5.591634562465597202e-02
3.000000000000000000e+00 6.123387344780539809e-02
5.000000000000000000e+00 6.532858339426317329e-02
7.000000000000000000e+00 6.903001100780503663e-02
9.000000000000000000e+00 7.213566679738214749e-02
1.100000000000000000e+01 7.452499610086660287e-02
1.300000000000000000e+01 7.633999099820865109e-02
1.500000000000000000e+01 7.783478572303592635e-02
1.700000000000000000e+01 7.920790975493907649e-02
1.900000000000000000e+01 8.056949615057340530e-02
2.100000000000000000e+01 8.195010320617013289e-02
2.300000000000000000e+01 8.333461813871601009e-02
2.500000000000000000e+01 8.469626640383898231e-02
2.700000000000000000e+01 8.597224514953261121e-02
2.900000000000000000e+01 8.717054755855291326e-02
3.100000000000000000e+01 8.831406950562814551e-02
3.300000000000000000e+01 8.945237015165441452e-02
3.500000000000000000e+01 9.059178645817622666e-02
3.700000000000000000e+01 9.174054699421230197e-02
3.900000000000000000e+01 9.290632172878432460e-02
4.100000000000000000e+01 9.408515620913049382e-02
4.300000000000000000e+01 9.526805877833011138e-02
4.500000000000000000e+01 9.645032902448402723e-02
4.700000000000000000e+01 9.762754587889810320e-02
4.900000000000000000e+01 9.879101439126403150e-02
5.100000000000000000e+01 9.993386152438599179e-02
5.300000000000000000e+01 1.010330577797535767e-01
5.500000000000000000e+01 1.020872786252327025e-01
5.700000000000000000e+01 1.030969103954220145e-01
5.900000000000000000e+01 1.040701501956458053e-01
6.100000000000000000e+01 1.050181124634653740e-01
6.300000000000000000e+01 1.059729389335559713e-01
6.500000000000000000e+01 1.069459802279578708e-01
6.700000000000000000e+01 1.079431955498834084e-01
6.900000000000000000e+01 1.089679610498293094e-01
7.100000000000000000e+01 1.100220993195761832e-01
7.300000000000000000e+01 1.111077613741815462e-01
7.500000000000000000e+01 1.122253195895223099e-01
7.700000000000000000e+01 1.133758506075698280e-01
7.900000000000000000e+01 1.145416241820191861e-01
8.100000000000000000e+01 1.157216110493730632e-01
8.300000000000000000e+01 1.169126935778453946e-01
8.500000000000000000e+01 1.181139587593469376e-01
8.700000000000000000e+01 1.193424097839965725e-01
8.900000000000000000e+01 1.205958390427838145e-01
9.100000000000000000e+01 1.218734290968033207e-01
9.300000000000000000e+01 1.231750865634252401e-01
9.500000000000000000e+01 1.244990425946821411e-01
9.700000000000000000e+01 1.258438673940394104e-01
9.900000000000000000e+01 1.272093996672597482e-01
1.010000000000000000e+02 1.285963775085262606e-01
1.030000000000000000e+02 1.300072435335261067e-01
1.050000000000000000e+02 1.314448327028432395e-01
1.070000000000000000e+02 1.329001260419376829e-01
1.090000000000000000e+02 1.343618703437424733e-01
1.110000000000000000e+02 1.358317450923507419e-01
1.130000000000000000e+02 1.373111407742778622e-01
1.150000000000000000e+02 1.388200180848162546e-01
1.170000000000000000e+02 1.403588081028969148e-01
1.190000000000000000e+02 1.419284838051443343e-01
1.210000000000000000e+02 1.435287830849104607e-01
1.230000000000000000e+02 1.451607529497004334e-01
1.250000000000000000e+02 1.468249257273697150e-01
1.270000000000000000e+02 1.485212267141454712e-01
1.290000000000000000e+02 1.502302615314972112e-01
1.310000000000000000e+02 1.519517558684634340e-01
1.330000000000000000e+02 1.536849876341611632e-01
1.350000000000000000e+02 1.554241046472070176e-01
1.370000000000000000e+02 1.571701896560696587e-01
1.390000000000000000e+02 1.589063044721634732e-01
1.410000000000000000e+02 1.606202546903671147e-01
1.430000000000000000e+02 1.623106998670176271e-01
1.450000000000000000e+02 1.639774879594738666e-01
1.470000000000000000e+02 1.656456076015337953e-01
1.490000000000000000e+02 1.673268644926236837e-01
