1.000000000000000000e+00 9.144871081432015547e-02
3.000000000000000000e+00 1.041093177800330727e-01
5.000000000000000000e+00 1.110795900588462670e-01
7.000000000000000000e+00 1.158950827582664322e-01
9.000000000000000000e+00 1.197994240907882535e-01
1.100000000000000000e+01 1.235208785048520497e-01
1.300000000000000000e+01 1.274163826698121449e-01
1.500000000000000000e+01 1.315638606151661172e-01
1.700000000000000000e+01 1.359379103188472770e-01
1.900000000000000000e+01 1.404546320987537511e-01
2.100000000000000000e+01 1.451012371406187329e-01
2.300000000000000000e+01 1.498388190796967612e-01
2.500000000000000000e+01 1.546197458451379347e-01
2.700000000000000000e+01 1.594240029990607876e-01
2.900000000000000000e+01 1.642196894524055040e-01
3.100000000000000000e+01 1.689825659755754828e-01
3.300000000000000000e+01 1.737110986983981809e-01
3.500000000000000000e+01 1.783976711708132878e-01
3.700000000000000000e+01 1.830393723144148055e-01
3.900000000000000000e+01 1.876285487647695316e-01
4.100000000000000000e+01 1.921683571773900034e-01
4.300000000000000000e+01 1.966657877293810364e-01
4.500000000000000000e+01 2.011249235820748993e-01
4.700000000000000000e+01 2.055478278605459286e-01
4.900000000000000000e+01 2.099323493827330855e-01
5.100000000000000000e+01 2.142830456743141099e-01
5.300000000000000000e+01 2.186045828808831359e-01
5.500000000000000000e+01 2.228957361424547257e-01
5.700000000000000000e+01 2.271561172679024132e-01
5.900000000000000000e+01 2.313885788650387187e-01
6.100000000000000000e+01 2.355925726063001768e-01
6.300000000000000000e+01 2.397692309472185812e-01
6.500000000000000000e+01 2.439169603557637123e-01
6.700000000000000000e+01 2.480342770443326739e-01
6.900000000000000000e+01 2.521146665095815864e-01
7.100000000000000000e+01 2.561514658881292039e-01
7.300000000000000000e+01 2.601441685015908334e-01
7.500000000000000000e+01 2.640876877808473466e-01
7.700000000000000000e+01 2.679834999810070117e-01
7.900000000000000000e+01 2.718269544447753372e-01
8.100000000000000000e+01 2.756152717855601120e-01
8.300000000000000000e+01 2.793434876832076030e-01
8.500000000000000000e+01 2.830085261765996618e-01
8.700000000000000000e+01 2.866134089307401656e-01
8.900000000000000000e+01 2.901529781833318555e-01
9.100000000000000000e+01 2.936065662122737674e-01
9.300000000000000000e+01 2.969740276877034235e-01
9.500000000000000000e+01 3.002387779801610757e-01
9.700000000000000000e+01 3.034012834569214112e-01
9.900000000000000000e+01 3.064659394131253878e-01
1.010000000000000000e+02 3.094241023431808513e-01
1.030000000000000000e+02 3.122794687767411759e-01
1.050000000000000000e+02 3.150393793104950824e-01
1.070000000000000000e+02 3.177034199126502756e-01
1.090000000000000000e+02 3.202671585197509607e-01
1.110000000000000000e+02 3.227374168177008507e-01
1.130000000000000000e+02 3.251184543151055539e-01
1.150000000000000000e+02 3.274102255278826812e-01
1.170000000000000000e+02 3.296133658380563380e-01
1.190000000000000000e+02 3.317297945705792728e-01
1.210000000000000000e+02 3.337568531118426662e-01
1.230000000000000000e+02 3.357015247982308992e-01
1.250000000000000000e+02 3.375756333989637925e-01
1.270000000000000000e+02 3.393895377414521963e-01
1.290000000000000000e+02 3.411413996647328917e-01
1.310000000000000000e+02 3.428372361560720893e-01
1.330000000000000000e+02 3.444791806797671274e-01
1.350000000000000000e+02 3.460696971985134374e-01
1.370000000000000000e+02 3.476156985289904355e-01
1.390000000000000000e+02 3.491139667910335698e-01
1.410000000000000000e+02 3.505670309050878952e-01
1.430000000000000000e+02 3.520020437454860485e-01
1.450000000000000000e+02 3.534249468779651071e-01
1.470000000000000000e+02 3.548354153557048418e-01
1.490000000000000000e+02 3.562375006844008540e-01
