1.000000000000000000e+00 1.067821067821073111e-02
3.000000000000000000e+00 1.118410057977359262e-02
5.000000000000000000e+00 1.152994882900892915e-02
7.000000000000000000e+00 1.176221015606382370e-02
9.000000000000000000e+00 1.185859702056335507e-02
1.100000000000000000e+01 1.179567741483134036e-02
1.300000000000000000e+01 1.161906758884623247e-02
1.500000000000000000e+01 1.137414424023563964e-02
1.700000000000000000e+01 1.110360086716399852e-02
1.900000000000000000e+01 1.082605540394965260e-02
2.100000000000000000e+01 1.055158297289549019e-02
2.300000000000000000e+01 1.028240849859118899e-02
2.500000000000000000e+01 1.002129806134233192e-02
2.700000000000000000e+01 9.771063780872224491e-03
2.900000000000000000e+01 9.531316842433246173e-03
3.100000000000000000e+01 9.301043819729293283e-03
3.300000000000000000e+01 9.086535157293629261e-03
3.500000000000000000e+01 8.889800184825991103e-03
3.700000000000000000e+01 8.709867935479342904e-03
3.900000000000000000e+01 8.544345434356226399e-03
4.100000000000000000e+01 8.391862514225634229e-03
4.300000000000000000e+01 8.247864386318082275e-03
4.500000000000000000e+01 8.109607925136930184e-03
4.700000000000000000e+01 7.982354877953401484e-03
4.900000000000000000e+01 7.864427670673745929e-03
5.100000000000000000e+01 7.754162509876039167e-03
5.300000000000000000e+01 7.646200148009429931e-03
5.500000000000000000e+01 7.542099078526764977e-03
5.700000000000000000e+01 7.437807505646598649e-03
5.900000000000000000e+01 7.337111295776743702e-03
6.100000000000000000e+01 7.241340724035594256e-03
6.300000000000000000e+01 7.149937832955921557e-03
6.500000000000000000e+01 7.062038817727600559e-03
6.700000000000000000e+01 6.977221543256750813e-03
6.900000000000000000e+01 6.895849921905616853e-03
7.100000000000000000e+01 6.819117062603297086e-03
7.300000000000000000e+01 6.745691519614904763e-03
7.500000000000000000e+01 6.674214835293845738e-03
7.700000000000000000e+01 6.604545992380694841e-03
7.900000000000000000e+01 6.536432127135061165e-03
8.100000000000000000e+01 6.470773287036046817e-03
8.300000000000000000e+01 6.407529251739596532e-03
8.500000000000000000e+01 6.346209402022351398e-03
8.700000000000000000e+01 6.286740009070590496e-03
8.900000000000000000e+01 6.229151483956418822e-03
9.100000000000000000e+01 6.174459899921602712e-03
9.300000000000000000e+01 6.122576938816237657e-03
9.500000000000000000e+01 6.073429579837030801e-03
9.700000000000000000e+01 6.026899523636664036e-03
9.900000000000000000e+01 5.982818674400092185e-03
1.010000000000000000e+02 5.941164400260157130e-03
1.030000000000000000e+02 5.901893167355676262e-03
1.050000000000000000e+02 5.864832794434282626e-03
1.070000000000000000e+02 5.829252226762560163e-03
1.090000000000000000e+02 5.795138827686341365e-03
1.110000000000000000e+02 5.762481673193486920e-03
1.130000000000000000e+02 5.731598814844085510e-03
1.150000000000000000e+02 5.702429625021210313e-03
1.170000000000000000e+02 5.674330702976737584e-03
1.190000000000000000e+02 5.647230265533487170e-03
1.210000000000000000e+02 5.621160263344804342e-03
1.230000000000000000e+02 5.597465992437045124e-03
1.250000000000000000e+02 5.576066008886049197e-03
1.270000000000000000e+02 5.555696053688219394e-03
1.290000000000000000e+02 5.536392741361972902e-03
1.310000000000000000e+02 5.518147251268090692e-03
1.330000000000000000e+02 5.501972762279816465e-03
1.350000000000000000e+02 5.487819264710203093e-03
1.370000000000000000e+02 5.475611791744494639e-03
1.390000000000000000e+02 5.465308410114055881e-03
1.410000000000000000e+02 5.456977731255863162e-03
1.430000000000000000e+02 5.450571108940094334e-03
1.450000000000000000e+02 5.446345425161869258e-03
1.470000000000000000e+02 5.444269922067146439e-03
1.490000000000000000e+02 5.444315127174248481e-03
