1.000000000000000000e+00 1.929207203477540933e-01
3.000000000000000000e+00 2.154072484633436924e-01
5.000000000000000000e+00 2.247102002055691994e-01
7.000000000000000000e+00 2.295710002885346102e-01
9.000000000000000000e+00 2.326119892112399334e-01
1.100000000000000000e+01 2.348641288207388156e-01
1.300000000000000000e+01 2.366985508943232341e-01
1.500000000000000000e+01 2.382017853770993510e-01
1.700000000000000000e+01 2.395199770050530086e-01
1.900000000000000000e+01 2.407265017981532473e-01
2.100000000000000000e+01 2.419042073621072708e-01
2.300000000000000000e+01 2.430794907704038055e-01
2.500000000000000000e+01 2.442572721980356132e-01
2.700000000000000000e+01 2.454911797868880585e-01
2.900000000000000000e+01 2.468183275115327646e-01
3.100000000000000000e+01 2.482651429874576099e-01
3.300000000000000000e+01 2.498320548506682837e-01
3.500000000000000000e+01 2.515396299874583796e-01
3.700000000000000000e+01 2.533992435778479324e-01
3.900000000000000000e+01 2.554019909769602581e-01
4.100000000000000000e+01 2.575515098212489695e-01
4.300000000000000000e+01 2.598372372778114947e-01
4.500000000000000000e+01 2.622573341629815813e-01
4.700000000000000000e+01 2.648133681799516026e-01
4.900000000000000000e+01 2.675112949172344656e-01
5.100000000000000000e+01 2.703604199331418600e-01
5.300000000000000000e+01 2.733563267454121037e-01
5.500000000000000000e+01 2.764961060618503774e-01
5.700000000000000000e+01 2.797811471151797624e-01
5.900000000000000000e+01 2.832076795808403658e-01
6.100000000000000000e+01 2.867713248902459267e-01
6.300000000000000000e+01 2.904767866101714002e-01
6.500000000000000000e+01 2.943197907811971881e-01
6.700000000000000000e+01 2.983089309965623048e-01
6.900000000000000000e+01 3.024446927326792656e-01
7.100000000000000000e+01 3.067287132412002126e-01
7.300000000000000000e+01 3.111678107229507440e-01
7.500000000000000000e+01 3.157519413595748503e-01
7.700000000000000000e+01 3.204772447522655776e-01
7.900000000000000000e+01 3.253444895467719755e-01
8.100000000000000000e+01 3.303516136079391874e-01
8.300000000000000000e+01 3.354890368108087717e-01
8.500000000000000000e+01 3.407547178276759681e-01
8.700000000000000000e+01 3.461447119466742883e-01
8.900000000000000000e+01 3.516543192314395272e-01
9.100000000000000000e+01 3.572771896126030189e-01
9.300000000000000000e+01 3.630090925880897768e-01
9.500000000000000000e+01 3.688573118189134581e-01
9.700000000000000000e+01 3.748318890928746816e-01
9.900000000000000000e+01 3.809230594984212015e-01
1.010000000000000000e+02 3.871273086327472468e-01
1.030000000000000000e+02 3.934268475263466014e-01
1.050000000000000000e+02 3.998151848672989450e-01
1.070000000000000000e+02 4.062794787109883510e-01
1.090000000000000000e+02 4.128111800250321428e-01
1.110000000000000000e+02 4.194048204254831047e-01
1.130000000000000000e+02 4.260548658199911909e-01
1.150000000000000000e+02 4.327462826770266391e-01
1.170000000000000000e+02 4.394715144407546070e-01
1.190000000000000000e+02 4.462175013784843713e-01
1.210000000000000000e+02 4.529771430093435525e-01
1.230000000000000000e+02 4.597399845371508142e-01
1.250000000000000000e+02 4.664980898988801972e-01
1.270000000000000000e+02 4.732434375940079985e-01
1.290000000000000000e+02 4.799690964961713657e-01
1.310000000000000000e+02 4.866870873784182594e-01
1.330000000000000000e+02 4.933829581015277688e-01
1.350000000000000000e+02 5.000506585760643441e-01
1.370000000000000000e+02 5.066550112846535114e-01
1.390000000000000000e+02 5.131902928227948246e-01
1.410000000000000000e+02 5.196547080352343917e-01
1.430000000000000000e+02 5.260417449183899530e-01
1.450000000000000000e+02 5.323526625750423236e-01
1.470000000000000000e+02 5.385725550025081132e-01
1.490000000000000000e+02 5.447002144737776996e-01
