0.000000000000000000e+00 3.591588109796697381e+01 3.517341512792553004e+01 1.000000000000000000e+00 nan nan
1.000000000000000000e+00 3.591588109796697381e+01 3.517477876428930017e+01 1.000000000000000000e+00 nan nan
2.000000000000000000e+00 3.591588109796697381e+01 3.517614240065309161e+01 nan nan nan
3.000000000000000000e+00 3.591588109796697381e+01 3.517750603701686885e+01 nan nan nan
4.000000000000000000e+00 3.591588109796697381e+01 3.517886967338066029e+01 nan nan nan
5.000000000000000000e+00 3.591588109796697381e+01 3.518023330974443752e+01 1.000000000000000000e+00 1.000000000000000000e+00 1.000000000000000000e+00
6.000000000000000000e+00 3.591588109796697381e+01 3.518159694610821475e+01 1.000000000000000000e+00 1.000000000000000000e+00 1.000000000000000000e+00
7.000000000000000000e+00 3.591588109796697381e+01 3.518296058247198488e+01 nan 1.000000000000000000e+00 nan
8.000000000000000000e+00 3.591588109796697381e+01 3.518432421883577632e+01 1.000000000000000000e+00 1.000000000000000000e+00 1.000000000000000000e+00
9.000000000000000000e+00 3.591588109796697381e+01 3.518568785519956066e+01 nan 1.000000000000000000e+00 nan
1.000000000000000000e+01 3.591588109796697381e+01 3.518705149156333789e+01 1.000000000000000000e+00 1.000000000000000000e+00 1.000000000000000000e+00
1.100000000000000000e+01 3.591588109796697381e+01 3.518841512792711512e+01 nan 1.000000000000000000e+00 nan
1.200000000000000000e+01 3.591588109796697381e+01 3.518977876429089946e+01 nan 1.000000000000000000e+00 nan
1.300000000000000000e+01 3.591588109796697381e+01 3.519114240065469090e+01 nan 1.000000000000000000e+00 nan
1.400000000000000000e+01 3.591588109796697381e+01 3.519250603701846813e+01 nan 1.000000000000000000e+00 nan
1.500000000000000000e+01 3.591588109796697381e+01 3.519386967338225958e+01 nan 1.000000000000000000e+00 nan
1.600000000000000000e+01 3.591588109796697381e+01 3.519523330974602260e+01 nan 1.000000000000000000e+00 nan
1.700000000000000000e+01 3.591588109796697381e+01 3.519659694610980694e+01 nan 1.000000000000000000e+00 nan
1.800000000000000000e+01 3.591588109796697381e+01 3.519796058247358417e+01 nan 1.000000000000000000e+00 nan
1.900000000000000000e+01 3.591588109796697381e+01 3.519932421883736851e+01 nan 1.000000000000000000e+00 nan
2.000000000000000000e+01 3.591588109796697381e+01 3.520068785520114574e+01 nan 1.000000000000000000e+00 nan
2.100000000000000000e+01 3.591588109796697381e+01 3.520205149156493007e+01 nan 1.000000000000000000e+00 nan
2.200000000000000000e+01 3.591588109796697381e+01 3.520341512792870731e+01 nan 1.000000000000000000e+00 nan
2.300000000000000000e+01 3.591588109796697381e+01 3.520477876429248454e+01 nan 1.000000000000000000e+00 nan
2.400000000000000000e+01 3.591588109796697381e+01 3.520614240065626888e+01 nan 1.000000000000000000e+00 nan
2.500000000000000000e+01 3.591588109796697381e+01 3.520750603702005321e+01 nan 1.000000000000000000e+00 nan
2.600000000000000000e+01 3.591588109796697381e+01 3.520886967338384466e+01 nan 1.000000000000000000e+00 nan
2.700000000000000000e+01 3.591588109796697381e+01 3.521023330974762899e+01 nan 1.000000000000000000e+00 nan
2.800000000000000000e+01 3.591588109796697381e+01 3.521159694611139912e+01 nan 1.000000000000000000e+00 nan
2.900000000000000000e+01 3.591588109796697381e+01 3.521296058247517635e+01 nan 1.000000000000000000e+00 nan
3.000000000000000000e+01 3.591588109796697381e+01 3.521432421883896779e+01 nan 1.000000000000000000e+00 nan
3.100000000000000000e+01 3.591588109796697381e+01 3.521568785520273792e+01 nan 1.000000000000000000e+00 nan
3.200000000000000000e+01 3.591588109796697381e+01 3.521705149156652226e+01 nan 1.000000000000000000e+00 nan
3.300000000000000000e+01 3.591588109796697381e+01 3.521841512793029949e+01 nan 1.000000000000000000e+00 nan
3.400000000000000000e+01 3.591724473433060183e+01 3.517341512792553004e+01 1.000000000000000000e+00 nan nan
3.500000000000000000e+01 3.591724473433060894e+01 3.517477876428930728e+01 1.000000000000000000e+00 nan nan
3.600000000000000000e+01 3.591724473433060894e+01 3.517614240065309161e+01 1.000000000000000000e+00 nan nan
3.700000000000000000e+01 3.591724473433060894e+01 3.517750603701688306e+01 1.000000000000000000e+00 nan nan
3.800000000000000000e+01 3.591724473433060183e+01 3.517886967338066029e+01 nan 1.000000000000000000e+00 nan
3.900000000000000000e+01 3.591724473433060183e+01 3.518023330974443752e+01 1.000000000000000000e+00 1.000000000000000000e+00 1.000000000000000000e+00
4.000000000000000000e+01 3.591724473433060183e+01 3.518159694610820765e+01 nan 1.000000000000000000e+00 nan
4.100000000000000000e+01 3.591724473433060183e+01 3.518296058247199198e+01 1.000000000000000000e+00 1.000000000000000000e+00 1.000000000000000000e+00
4.200000000000000000e+01 3.591724473433060183e+01 3.518432421883577632e+01 1.000000000000000000e+00 1.000000000000000000e+00 1.000000000000000000e+00
4.300000000000000000e+01 3.591724473433060183e+01 3.518568785519955355e+01 nan 1.000000000000000000e+00 nan
4.400000000000000000e+01 3.591724473433060183e+01 3.518705149156333789e+01 1.000000000000000000e+00 1.000000000000000000e+00 1.000000000000000000e+00
4.500000000000000000e+01 3.591724473433060183e+01 3.518841512792711512e+01 1.000000000000000000e+00 1.000000000000000000e+00 1.000000000000000000e+00
4.600000000000000000e+01 3.591724473433060183e+01 3.518977876429089946e+01 nan 1.000000000000000000e+00 nan
4.700000000000000000e+01 3.591724473433060894e+01 3.519114240065469090e+01 nan 1.000000000000000000e+00 nan
4.800000000000000000e+01 3.591724473433060894e+01 3.519250603701846813e+01 nan 1.000000000000000000e+00 nan
4.900000000000000000e+01 3.591724473433060183e+01 3.519386967338225247e+01 1.000000000000000000e+00 1.000000000000000000e+00 1.000000000000000000e+00
5.000000000000000000e+01 3.591724473433060183e+01 3.519523330974602260e+01 1.000000000000000000e+00 1.000000000000000000e+00 1.000000000000000000e+00
5.100000000000000000e+01 3.591724473433060894e+01 3.519659694610980694e+01 nan 1.000000000000000000e+00 nan
5.200000000000000000e+01 3.591724473433060183e+01 3.519796058247358417e+01 nan 1.000000000000000000e+00 nan
5.300000000000000000e+01 3.591724473433060183e+01 3.519932421883736851e+01 nan 1.000000000000000000e+00 nan
5.400000000000000000e+01 3.591724473433060183e+01 3.520068785520114574e+01 nan 1.000000000000000000e+00 nan
5.500000000000000000e+01 3.591724473433060894e+01 3.520205149156493007e+01 nan 1.000000000000000000e+00 nan
5.600000000000000000e+01 3.591724473433060183e+01 3.520341512792870731e+01 nan 1.000000000000000000e+00 nan
5.700000000000000000e+01 3.591724473433060183e+01 3.520477876429248454e+01 nan 1.000000000000000000e+00 nan
5.800000000000000000e+01 3.591724473433060183e+01 3.520614240065626177e+01 nan 1.000000000000000000e+00 nan
5.900000000000000000e+01 3.591724473433060183e+01 3.520750603702005321e+01 nan 1.000000000000000000e+00 nan
6.000000000000000000e+01 3.591724473433060894e+01 3.520886967338384466e+01 nan 1.000000000000000000e+00 nan
6.100000000000000000e+01 3.591724473433060894e+01 3.521023330974761478e+01 nan 1.000000000000000000e+00 nan
6.200000000000000000e+01 3.591724473433060183e+01 3.521159694611139912e+01 nan 1.000000000000000000e+00 nan
6.300000000000000000e+01 3.591724473433060183e+01 3.521296058247517635e+01 nan 1.000000000000000000e+00 nan
6.400000000000000000e+01 3.591724473433060183e+01 3.521432421883895358e+01 nan 1.000000000000000000e+00 nan
6.500000000000000000e+01 3.591724473433060183e+01 3.521568785520274503e+01 nan 1.000000000000000000e+00 nan
6.600000000000000000e+01 3.591724473433061604e+01 3.521705149156652226e+01 nan 1.000000000000000000e+00 nan
6.700000000000000000e+01 3.591724473433060894e+01 3.521841512793029949e+01 nan 1.000000000000000000e+00 nan
6.800000000000000000e+01 3.591860837069425827e+01 3.517341512792553004e+01 1.000000000000000000e+00 nan nan
6.900000000000000000e+01 3.591860837069425116e+01 3.517477876428930017e+01 1.000000000000000000e+00 1.000000000000000000e+00 1.000000000000000000e+00
7.000000000000000000e+01 3.591860837069425827e+01 3.517614240065309161e+01 1.000000000000000000e+00 1.000000000000000000e+00 1.000000000000000000e+00
7.100000000000000000e+01 3.591860837069424406e+01 3.517750603701686885e+01 1.000000000000000000e+00 1.000000000000000000e+00 1.000000000000000000e+00
7.200000000000000000e+01 3.591860837069424406e+01 3.517886967338065318e+01 1.000000000000000000e+00 1.000000000000000000e+00 1.000000000000000000e+00
7.300000000000000000e+01 3.591860837069425116e+01 3.518023330974443752e+01 1.000000000000000000e+00 1.000000000000000000e+00 1.000000000000000000e+00
7.400000000000000000e+01 3.591860837069424406e+01 3.518159694610821475e+01 1.000000000000000000e+00 1.000000000000000000e+00 1.000000000000000000e+00
7.500000000000000000e+01 3.591860837069425116e+01 3.518296058247199198e+01 1.000000000000000000e+00 1.000000000000000000e+00 1.000000000000000000e+00
7.600000000000000000e+01 3.591860837069424406e+01 3.518432421883578343e+01 1.000000000000000000e+00 1.000000000000000000e+00 1.000000000000000000e+00
7.700000000000000000e+01 3.591860837069425827e+01 3.518568785519956066e+01 1.000000000000000000e+00 1.000000000000000000e+00 1.000000000000000000e+00
7.800000000000000000e+01 3.591860837069425116e+01 3.518705149156333789e+01 1.000000000000000000e+00 1.000000000000000000e+00 1.000000000000000000e+00
7.900000000000000000e+01 3.591860837069425116e+01 3.518841512792711512e+01 1.000000000000000000e+00 1.000000000000000000e+00 1.000000000000000000e+00
8.000000000000000000e+01 3.591860837069424406e+01 3.518977876429089946e+01 1.000000000000000000e+00 1.000000000000000000e+00 1.000000000000000000e+00
8.100000000000000000e+01 3.591860837069425827e+01 3.519114240065468380e+01 nan 1.000000000000000000e+00 nan
8.200000000000000000e+01 3.591860837069424406e+01 3.519250603701846813e+01 nan 1.000000000000000000e+00 nan
8.300000000000000000e+01 3.591860837069425116e+01 3.519386967338224537e+01 nan 1.000000000000000000e+00 nan
8.400000000000000000e+01 3.591860837069425116e+01 3.519523330974602260e+01 nan 1.000000000000000000e+00 nan
8.500000000000000000e+01 3.591860837069424406e+01 3.519659694610980694e+01 1.000000000000000000e+00 1.000000000000000000e+00 1.000000000000000000e+00
8.600000000000000000e+01 3.591860837069425116e+01 3.519796058247359127e+01 nan 1.000000000000000000e+00 nan
8.700000000000000000e+01 3.591860837069425116e+01 3.519932421883736851e+01 nan 1.000000000000000000e+00 nan
8.800000000000000000e+01 3.591860837069425827e+01 3.520068785520115284e+01 nan 1.000000000000000000e+00 nan
8.900000000000000000e+01 3.591860837069425116e+01 3.520205149156493007e+01 1.000000000000000000e+00 1.000000000000000000e+00 1.000000000000000000e+00
9.000000000000000000e+01 3.591860837069424406e+01 3.520341512792870731e+01 nan 1.000000000000000000e+00 nan
9.100000000000000000e+01 3.591860837069424406e+01 3.520477876429248454e+01 nan 1.000000000000000000e+00 nan
9.200000000000000000e+01 3.591860837069425116e+01 3.520614240065626888e+01 nan 1.000000000000000000e+00 nan
9.300000000000000000e+01 3.591860837069424406e+01 3.520750603702004611e+01 nan 1.000000000000000000e+00 nan
9.400000000000000000e+01 3.591860837069425116e+01 3.520886967338384466e+01 nan 1.000000000000000000e+00 nan
9.500000000000000000e+01 3.591860837069425116e+01 3.521023330974761478e+01 nan 1.000000000000000000e+00 nan
9.600000000000000000e+01 3.591860837069425116e+01 3.521159694611139912e+01 nan 1.000000000000000000e+00 nan
9.700000000000000000e+01 3.591860837069425116e+01 3.521296058247517635e+01 nan 1.000000000000000000e+00 nan
9.800000000000000000e+01 3.591860837069425116e+01 3.521432421883896779e+01 nan 1.000000000000000000e+00 nan
9.900000000000000000e+01 3.591860837069425116e+01 3.521568785520273792e+01 nan 1.000000000000000000e+00 nan
1.000000000000000000e+02 3.591860837069425116e+01 3.521705149156652226e+01 nan 1.000000000000000000e+00 nan
1.010000000000000000e+02 3.591860837069425827e+01 3.521841512793029949e+01 nan 1.000000000000000000e+00 nan
1.020000000000000000e+02 3.591997200705788629e+01 3.517341512792553004e+01 nan nan nan
1.030000000000000000e+02 3.591997200705789339e+01 3.517477876428930728e+01 1.000000000000000000e+00 1.000000000000000000e+00 1.000000000000000000e+00
1.040000000000000000e+02 3.591997200705789339e+01 3.517614240065309161e+01 1.000000000000000000e+00 1.000000000000000000e+00 1.000000000000000000e+00
1.050000000000000000e+02 3.591997200705789339e+01 3.517750603701688306e+01 1.000000000000000000e+00 1.000000000000000000e+00 1.000000000000000000e+00
1.060000000000000000e+02 3.591997200705789339e+01 3.517886967338066029e+01 1.000000000000000000e+00 1.000000000000000000e+00 1.000000000000000000e+00
1.070000000000000000e+02 3.591997200705788629e+01 3.518023330974443752e+01 1.000000000000000000e+00 1.000000000000000000e+00 1.000000000000000000e+00
1.080000000000000000e+02 3.591997200705788629e+01 3.518159694610820765e+01 1.000000000000000000e+00 1.000000000000000000e+00 1.000000000000000000e+00
1.090000000000000000e+02 3.591997200705788629e+01 3.518296058247199198e+01 1.000000000000000000e+00 1.000000000000000000e+00 1.000000000000000000e+00
1.100000000000000000e+02 3.591997200705789339e+01 3.518432421883577632e+01 1.000000000000000000e+00 1.000000000000000000e+00 1.000000000000000000e+00
1.110000000000000000e+02 3.591997200705788629e+01 3.518568785519955355e+01 1.000000000000000000e+00 1.000000000000000000e+00 1.000000000000000000e+00
1.120000000000000000e+02 3.591997200705788629e+01 3.518705149156333789e+01 1.000000000000000000e+00 1.000000000000000000e+00 1.000000000000000000e+00
1.130000000000000000e+02 3.591997200705789339e+01 3.518841512792711512e+01 1.000000000000000000e+00 1.000000000000000000e+00 1.000000000000000000e+00
1.140000000000000000e+02 3.591997200705788629e+01 3.518977876429089946e+01 1.000000000000000000e+00 1.000000000000000000e+00 1.000000000000000000e+00
1.150000000000000000e+02 3.591997200705789339e+01 3.519114240065469090e+01 1.000000000000000000e+00 1.000000000000000000e+00 1.000000000000000000e+00
1.160000000000000000e+02 3.591997200705789339e+01 3.519250603701846813e+01 1.000000000000000000e+00 1.000000000000000000e+00 1.000000000000000000e+00
1.170000000000000000e+02 3.591997200705788629e+01 3.519386967338225247e+01 1.000000000000000000e+00 1.000000000000000000e+00 1.000000000000000000e+00
1.180000000000000000e+02 3.591997200705789339e+01 3.519523330974602260e+01 1.000000000000000000e+00 1.000000000000000000e+00 1.000000000000000000e+00
1.190000000000000000e+02 3.591997200705789339e+01 3.519659694610980694e+01 1.000000000000000000e+00 1.000000000000000000e+00 1.000000000000000000e+00
1.200000000000000000e+02 3.591997200705788629e+01 3.519796058247358417e+01 nan 1.000000000000000000e+00 nan
1.210000000000000000e+02 3.591997200705790050e+01 3.519932421883736851e+01 1.000000000000000000e+00 1.000000000000000000e+00 1.000000000000000000e+00
1.220000000000000000e+02 3.591997200705789339e+01 3.520068785520114574e+01 1.000000000000000000e+00 1.000000000000000000e+00 1.000000000000000000e+00
1.230000000000000000e+02 3.591997200705788629e+01 3.520205149156493007e+01 nan 1.000000000000000000e+00 nan
1.240000000000000000e+02 3.591997200705788629e+01 3.520341512792870731e+01 nan 1.000000000000000000e+00 nan
1.250000000000000000e+02 3.591997200705788629e+01 3.520477876429248454e+01 nan 1.000000000000000000e+00 nan
1.260000000000000000e+02 3.591997200705788629e+01 3.520614240065626177e+01 nan 1.000000000000000000e+00 nan
1.270000000000000000e+02 3.591997200705789339e+01 3.520750603702005321e+01 nan 1.000000000000000000e+00 nan
1.280000000000000000e+02 3.591997200705790050e+01 3.520886967338384466e+01 nan 1.000000000000000000e+00 nan
1.290000000000000000e+02 3.591997200705788629e+01 3.521023330974761478e+01 nan 1.000000000000000000e+00 nan
1.300000000000000000e+02 3.591997200705788629e+01 3.521159694611139912e+01 nan 1.000000000000000000e+00 nan
1.310000000000000000e+02 3.591997200705788629e+01 3.521296058247517635e+01 nan 1.000000000000000000e+00 nan
1.320000000000000000e+02 3.591997200705788629e+01 3.521432421883895358e+01 nan 1.000000000000000000e+00 nan
1.330000000000000000e+02 3.591997200705789339e+01 3.521568785520274503e+01 nan 1.000000000000000000e+00 nan
1.340000000000000000e+02 3.591997200705789339e+01 3.521705149156652226e+01 nan 1.000000000000000000e+00 nan
1.350000000000000000e+02 3.591997200705788629e+01 3.521841512793029949e+01 nan 1.000000000000000000e+00 nan
1.360000000000000000e+02 3.592133564342152852e+01 3.517341512792553004e+01 nan 1.000000000000000000e+00 nan
1.370000000000000000e+02 3.592133564342152141e+01 3.517477876428930728e+01 nan 1.000000000000000000e+00 nan
1.380000000000000000e+02 3.592133564342152141e+01 3.517614240065309161e+01 nan 1.000000000000000000e+00 nan
1.390000000000000000e+02 3.592133564342152852e+01 3.517750603701688306e+01 1.000000000000000000e+00 1.000000000000000000e+00 1.000000000000000000e+00
1.400000000000000000e+02 3.592133564342151431e+01 3.517886967338066029e+01 1.000000000000000000e+00 1.000000000000000000e+00 1.000000000000000000e+00
1.410000000000000000e+02 3.592133564342152852e+01 3.518023330974443752e+01 1.000000000000000000e+00 1.000000000000000000e+00 1.000000000000000000e+00
1.420000000000000000e+02 3.592133564342152852e+01 3.518159694610820765e+01 1.000000000000000000e+00 1.000000000000000000e+00 1.000000000000000000e+00
1.430000000000000000e+02 3.592133564342151431e+01 3.518296058247199198e+01 1.000000000000000000e+00 1.000000000000000000e+00 1.000000000000000000e+00
1.440000000000000000e+02 3.592133564342152852e+01 3.518432421883577632e+01 1.000000000000000000e+00 1.000000000000000000e+00 1.000000000000000000e+00
1.450000000000000000e+02 3.592133564342152852e+01 3.518568785519955355e+01 1.000000000000000000e+00 1.000000000000000000e+00 1.000000000000000000e+00
1.460000000000000000e+02 3.592133564342152852e+01 3.518705149156333789e+01 1.000000000000000000e+00 1.000000000000000000e+00 1.000000000000000000e+00
1.470000000000000000e+02 3.592133564342152141e+01 3.518841512792711512e+01 1.000000000000000000e+00 1.000000000000000000e+00 1.000000000000000000e+00
1.480000000000000000e+02 3.592133564342152852e+01 3.518977876429089946e+01 1.000000000000000000e+00 1.000000000000000000e+00 1.000000000000000000e+00
1.490000000000000000e+02 3.592133564342152852e+01 3.519114240065469090e+01 1.000000000000000000e+00 1.000000000000000000e+00 1.000000000000000000e+00
1.500000000000000000e+02 3.592133564342152852e+01 3.519250603701846813e+01 nan 1.000000000000000000e+00 nan
1.510000000000000000e+02 3.592133564342152852e+01 3.519386967338225247e+01 nan 1.000000000000000000e+00 nan
1.520000000000000000e+02 3.592133564342152852e+01 3.519523330974602260e+01 nan 1.000000000000000000e+00 nan
1.530000000000000000e+02 3.592133564342152141e+01 3.519659694610980694e+01 1.000000000000000000e+00 1.000000000000000000e+00 1.000000000000000000e+00
1.540000000000000000e+02 3.592133564342152141e+01 3.519796058247358417e+01 nan 1.000000000000000000e+00 nan
1.550000000000000000e+02 3.592133564342152852e+01 3.519932421883736851e+01 1.000000000000000000e+00 1.000000000000000000e+00 1.000000000000000000e+00
1.560000000000000000e+02 3.592133564342151431e+01 3.520068785520114574e+01 nan 1.000000000000000000e+00 nan
1.570000000000000000e+02 3.592133564342152852e+01 3.520205149156493007e+01 nan 1.000000000000000000e+00 nan
1.580000000000000000e+02 3.592133564342152852e+01 3.520341512792870731e+01 nan 1.000000000000000000e+00 nan
1.590000000000000000e+02 3.592133564342152852e+01 3.520477876429248454e+01 nan 1.000000000000000000e+00 nan
1.600000000000000000e+02 3.592133564342151431e+01 3.520614240065626177e+01 nan 1.000000000000000000e+00 nan
1.610000000000000000e+02 3.592133564342152852e+01 3.520750603702005321e+01 nan 1.000000000000000000e+00 nan
1.620000000000000000e+02 3.592133564342152141e+01 3.520886967338384466e+01 nan 1.000000000000000000e+00 nan
1.630000000000000000e+02 3.592133564342152852e+01 3.521023330974761478e+01 nan 1.000000000000000000e+00 nan
1.640000000000000000e+02 3.592133564342152852e+01 3.521159694611139912e+01 nan 1.000000000000000000e+00 nan
1.650000000000000000e+02 3.592133564342152852e+01 3.521296058247517635e+01 nan 1.000000000000000000e+00 nan
1.660000000000000000e+02 3.592133564342152852e+01 3.521432421883895358e+01 nan 1.000000000000000000e+00 nan
1.670000000000000000e+02 3.592133564342152852e+01 3.521568785520274503e+01 nan 1.000000000000000000e+00 nan
1.680000000000000000e+02 3.592133564342151431e+01 3.521705149156652226e+01 nan 1.000000000000000000e+00 nan
1.690000000000000000e+02 3.592133564342152852e+01 3.521841512793029949e+01 nan 1.000000000000000000e+00 nan
1.700000000000000000e+02 3.592269927978516364e+01 3.517341512792553004e+01 nan 1.000000000000000000e+00 nan
1.710000000000000000e+02 3.592269927978516364e+01 3.517477876428930017e+01 nan 1.000000000000000000e+00 nan
1.720000000000000000e+02 3.592269927978514943e+01 3.517614240065309161e+01 nan 1.000000000000000000e+00 nan
1.730000000000000000e+02 3.592269927978514943e+01 3.517750603701686885e+01 nan 1.000000000000000000e+00 nan
1.740000000000000000e+02 3.592269927978515653e+01 3.517886967338066029e+01 1.000000000000000000e+00 1.000000000000000000e+00 1.000000000000000000e+00
1.750000000000000000e+02 3.592269927978516364e+01 3.518023330974443752e+01 1.000000000000000000e+00 1.000000000000000000e+00 1.000000000000000000e+00
1.760000000000000000e+02 3.592269927978516364e+01 3.518159694610821475e+01 1.000000000000000000e+00 1.000000000000000000e+00 1.000000000000000000e+00
1.770000000000000000e+02 3.592269927978516364e+01 3.518296058247198488e+01 1.000000000000000000e+00 1.000000000000000000e+00 1.000000000000000000e+00
1.780000000000000000e+02 3.592269927978516364e+01 3.518432421883577632e+01 1.000000000000000000e+00 1.000000000000000000e+00 1.000000000000000000e+00
1.790000000000000000e+02 3.592269927978515653e+01 3.518568785519956066e+01 1.000000000000000000e+00 1.000000000000000000e+00 1.000000000000000000e+00
1.800000000000000000e+02 3.592269927978515653e+01 3.518705149156333789e+01 1.000000000000000000e+00 1.000000000000000000e+00 1.000000000000000000e+00
1.810000000000000000e+02 3.592269927978516364e+01 3.518841512792711512e+01 1.000000000000000000e+00 1.000000000000000000e+00 1.000000000000000000e+00
1.820000000000000000e+02 3.592269927978515653e+01 3.518977876429089946e+01 nan 1.000000000000000000e+00 nan
1.830000000000000000e+02 3.592269927978516364e+01 3.519114240065469090e+01 1.000000000000000000e+00 1.000000000000000000e+00 1.000000000000000000e+00
1.840000000000000000e+02 3.592269927978516364e+01 3.519250603701846813e+01 1.000000000000000000e+00 1.000000000000000000e+00 1.000000000000000000e+00
1.850000000000000000e+02 3.592269927978516364e+01 3.519386967338225958e+01 1.000000000000000000e+00 1.000000000000000000e+00 1.000000000000000000e+00
1.860000000000000000e+02 3.592269927978515653e+01 3.519523330974602260e+01 1.000000000000000000e+00 1.000000000000000000e+00 1.000000000000000000e+00
1.870000000000000000e+02 3.592269927978515653e+01 3.519659694610980694e+01 nan 1.000000000000000000e+00 nan
1.880000000000000000e+02 3.592269927978515653e+01 3.519796058247358417e+01 nan 1.000000000000000000e+00 nan
1.890000000000000000e+02 3.592269927978516364e+01 3.519932421883736851e+01 1.000000000000000000e+00 1.000000000000000000e+00 1.000000000000000000e+00
1.900000000000000000e+02 3.592269927978515653e+01 3.520068785520114574e+01 nan 1.000000000000000000e+00 nan
1.910000000000000000e+02 3.592269927978515653e+01 3.520205149156493007e+01 nan 1.000000000000000000e+00 nan
1.920000000000000000e+02 3.592269927978516364e+01 3.520341512792870731e+01 nan 1.000000000000000000e+00 nan
1.930000000000000000e+02 3.592269927978515653e+01 3.520477876429248454e+01 nan 1.000000000000000000e+00 nan
1.940000000000000000e+02 3.592269927978516364e+01 3.520614240065626888e+01 nan 1.000000000000000000e+00 nan
1.950000000000000000e+02 3.592269927978516364e+01 3.520750603702005321e+01 nan 1.000000000000000000e+00 nan
1.960000000000000000e+02 3.592269927978515653e+01 3.520886967338384466e+01 nan 1.000000000000000000e+00 nan
1.970000000000000000e+02 3.592269927978516364e+01 3.521023330974762899e+01 nan 1.000000000000000000e+00 nan
1.980000000000000000e+02 3.592269927978515653e+01 3.521159694611139912e+01 nan 1.000000000000000000e+00 nan
1.990000000000000000e+02 3.592269927978515653e+01 3.521296058247517635e+01 nan 1.000000000000000000e+00 nan
2.000000000000000000e+02 3.592269927978516364e+01 3.521432421883896779e+01 nan 1.000000000000000000e+00 nan
2.010000000000000000e+02 3.592269927978515653e+01 3.521568785520273792e+01 nan 1.000000000000000000e+00 nan
2.020000000000000000e+02 3.592269927978516364e+01 3.521705149156652226e+01 nan 1.000000000000000000e+00 nan
2.030000000000000000e+02 3.592269927978516364e+01 3.521841512793029949e+01 nan 1.000000000000000000e+00 nan
2.040000000000000000e+02 3.592406291614879166e+01 3.517341512792553004e+01 nan nan nan
2.050000000000000000e+02 3.592406291614878455e+01 3.517477876428930728e+01 nan nan nan
2.060000000000000000e+02 3.592406291614879166e+01 3.517614240065309161e+01 nan 1.000000000000000000e+00 nan
2.070000000000000000e+02 3.592406291614879166e+01 3.517750603701688306e+01 nan 1.000000000000000000e+00 nan
2.080000000000000000e+02 3.592406291614879876e+01 3.517886967338066029e+01 1.000000000000000000e+00 1.000000000000000000e+00 1.000000000000000000e+00
2.090000000000000000e+02 3.592406291614879876e+01 3.518023330974443752e+01 1.000000000000000000e+00 1.000000000000000000e+00 1.000000000000000000e+00
2.100000000000000000e+02 3.592406291614878455e+01 3.518159694610820765e+01 1.000000000000000000e+00 1.000000000000000000e+00 1.000000000000000000e+00
2.110000000000000000e+02 3.592406291614879876e+01 3.518296058247199198e+01 1.000000000000000000e+00 1.000000000000000000e+00 1.000000000000000000e+00
2.120000000000000000e+02 3.592406291614878455e+01 3.518432421883577632e+01 1.000000000000000000e+00 1.000000000000000000e+00 1.000000000000000000e+00
2.130000000000000000e+02 3.592406291614879876e+01 3.518568785519955355e+01 1.000000000000000000e+00 1.000000000000000000e+00 1.000000000000000000e+00
2.140000000000000000e+02 3.592406291614879166e+01 3.518705149156333789e+01 1.000000000000000000e+00 1.000000000000000000e+00 1.000000000000000000e+00
2.150000000000000000e+02 3.592406291614879166e+01 3.518841512792711512e+01 1.000000000000000000e+00 1.000000000000000000e+00 1.000000000000000000e+00
2.160000000000000000e+02 3.592406291614878455e+01 3.518977876429089946e+01 1.000000000000000000e+00 1.000000000000000000e+00 1.000000000000000000e+00
2.170000000000000000e+02 3.592406291614879166e+01 3.519114240065469090e+01 1.000000000000000000e+00 1.000000000000000000e+00 1.000000000000000000e+00
2.180000000000000000e+02 3.592406291614879876e+01 3.519250603701846813e+01 1.000000000000000000e+00 1.000000000000000000e+00 1.000000000000000000e+00
2.190000000000000000e+02 3.592406291614879166e+01 3.519386967338225247e+01 1.000000000000000000e+00 1.000000000000000000e+00 1.000000000000000000e+00
2.200000000000000000e+02 3.592406291614878455e+01 3.519523330974602260e+01 1.000000000000000000e+00 1.000000000000000000e+00 1.000000000000000000e+00
2.210000000000000000e+02 3.592406291614878455e+01 3.519659694610980694e+01 1.000000000000000000e+00 1.000000000000000000e+00 1.000000000000000000e+00
2.220000000000000000e+02 3.592406291614879876e+01 3.519796058247358417e+01 1.000000000000000000e+00 1.000000000000000000e+00 1.000000000000000000e+00
2.230000000000000000e+02 3.592406291614879166e+01 3.519932421883736851e+01 1.000000000000000000e+00 1.000000000000000000e+00 1.000000000000000000e+00
2.240000000000000000e+02 3.592406291614879166e+01 3.520068785520114574e+01 1.000000000000000000e+00 1.000000000000000000e+00 1.000000000000000000e+00
2.250000000000000000e+02 3.592406291614879166e+01 3.520205149156493007e+01 nan 1.000000000000000000e+00 nan
2.260000000000000000e+02 3.592406291614878455e+01 3.520341512792870731e+01 1.000000000000000000e+00 1.000000000000000000e+00 1.000000000000000000e+00
2.270000000000000000e+02 3.592406291614879876e+01 3.520477876429248454e+01 nan 1.000000000000000000e+00 nan
2.280000000000000000e+02 3.592406291614879166e+01 3.520614240065626177e+01 1.000000000000000000e+00 1.000000000000000000e+00 1.000000000000000000e+00
2.290000000000000000e+02 3.592406291614879166e+01 3.520750603702005321e+01 nan 1.000000000000000000e+00 nan
2.300000000000000000e+02 3.592406291614878455e+01 3.520886967338384466e+01 nan 1.000000000000000000e+00 nan
2.310000000000000000e+02 3.592406291614879166e+01 3.521023330974761478e+01 nan 1.000000000000000000e+00 nan
2.320000000000000000e+02 3.592406291614879876e+01 3.521159694611139912e+01 nan 1.000000000000000000e+00 nan
2.330000000000000000e+02 3.592406291614879166e+01 3.521296058247517635e+01 nan 1.000000000000000000e+00 nan
2.340000000000000000e+02 3.592406291614879876e+01 3.521432421883895358e+01 nan 1.000000000000000000e+00 nan
2.350000000000000000e+02 3.592406291614879876e+01 3.521568785520274503e+01 nan 1.000000000000000000e+00 nan
2.360000000000000000e+02 3.592406291614879876e+01 3.521705149156652226e+01 nan 1.000000000000000000e+00 nan
2.370000000000000000e+02 3.592406291614879876e+01 3.521841512793029949e+01 nan 1.000000000000000000e+00 nan
2.380000000000000000e+02 3.592542655251241968e+01 3.517341512792553004e+01 nan nan nan
2.390000000000000000e+02 3.592542655251243389e+01 3.517477876428930728e+01 nan nan nan
2.400000000000000000e+02 3.592542655251241968e+01 3.517614240065309161e+01 nan nan nan
2.410000000000000000e+02 3.592542655251243389e+01 3.517750603701688306e+01 nan 1.000000000000000000e+00 nan
2.420000000000000000e+02 3.592542655251241968e+01 3.517886967338066029e+01 nan 1.000000000000000000e+00 nan
2.430000000000000000e+02 3.592542655251243389e+01 3.518023330974443752e+01 nan 1.000000000000000000e+00 nan
2.440000000000000000e+02 3.592542655251242678e+01 3.518159694610820765e+01 nan 1.000000000000000000e+00 nan
2.450000000000000000e+02 3.592542655251243389e+01 3.518296058247199198e+01 1.000000000000000000e+00 1.000000000000000000e+00 1.000000000000000000e+00
2.460000000000000000e+02 3.592542655251242678e+01 3.518432421883577632e+01 1.000000000000000000e+00 1.000000000000000000e+00 1.000000000000000000e+00
2.470000000000000000e+02 3.592542655251242678e+01 3.518568785519955355e+01 1.000000000000000000e+00 1.000000000000000000e+00 1.000000000000000000e+00
2.480000000000000000e+02 3.592542655251242678e+01 3.518705149156333789e+01 1.000000000000000000e+00 1.000000000000000000e+00 1.000000000000000000e+00
2.490000000000000000e+02 3.592542655251242678e+01 3.518841512792711512e+01 nan 1.000000000000000000e+00 nan
2.500000000000000000e+02 3.592542655251242678e+01 3.518977876429089946e+01 1.000000000000000000e+00 1.000000000000000000e+00 1.000000000000000000e+00
2.510000000000000000e+02 3.592542655251241968e+01 3.519114240065469090e+01 1.000000000000000000e+00 1.000000000000000000e+00 1.000000000000000000e+00
2.520000000000000000e+02 3.592542655251241968e+01 3.519250603701846813e+01 1.000000000000000000e+00 1.000000000000000000e+00 1.000000000000000000e+00
2.530000000000000000e+02 3.592542655251243389e+01 3.519386967338225247e+01 1.000000000000000000e+00 1.000000000000000000e+00 1.000000000000000000e+00
2.540000000000000000e+02 3.592542655251243389e+01 3.519523330974602260e+01 1.000000000000000000e+00 1.000000000000000000e+00 1.000000000000000000e+00
2.550000000000000000e+02 3.592542655251241968e+01 3.519659694610980694e+01 1.000000000000000000e+00 1.000000000000000000e+00 1.000000000000000000e+00
2.560000000000000000e+02 3.592542655251242678e+01 3.519796058247358417e+01 1.000000000000000000e+00 1.000000000000000000e+00 1.000000000000000000e+00
2.570000000000000000e+02 3.592542655251242678e+01 3.519932421883736851e+01 1.000000000000000000e+00 1.000000000000000000e+00 1.000000000000000000e+00
2.580000000000000000e+02 3.592542655251241968e+01 3.520068785520114574e+01 1.000000000000000000e+00 1.000000000000000000e+00 1.000000000000000000e+00
2.590000000000000000e+02 3.592542655251241968e+01 3.520205149156493007e+01 nan 1.000000000000000000e+00 nan
2.600000000000000000e+02 3.592542655251242678e+01 3.520341512792870731e+01 1.000000000000000000e+00 1.000000000000000000e+00 1.000000000000000000e+00
2.610000000000000000e+02 3.592542655251242678e+01 3.520477876429248454e+01 nan 1.000000000000000000e+00 nan
2.620000000000000000e+02 3.592542655251243389e+01 3.520614240065626177e+01 nan 1.000000000000000000e+00 nan
2.630000000000000000e+02 3.592542655251242678e+01 3.520750603702005321e+01 1.000000000000000000e+00 1.000000000000000000e+00 1.000000000000000000e+00
2.640000000000000000e+02 3.592542655251241968e+01 3.520886967338384466e+01 1.000000000000000000e+00 1.000000000000000000e+00 1.000000000000000000e+00
2.650000000000000000e+02 3.592542655251243389e+01 3.521023330974761478e+01 1.000000000000000000e+00 1.000000000000000000e+00 1.000000000000000000e+00
2.660000000000000000e+02 3.592542655251241968e+01 3.521159694611139912e+01 nan 1.000000000000000000e+00 nan
2.670000000000000000e+02 3.592542655251241968e+01 3.521296058247517635e+01 nan 1.000000000000000000e+00 nan
2.680000000000000000e+02 3.592542655251242678e+01 3.521432421883895358e+01 nan 1.000000000000000000e+00 nan
2.690000000000000000e+02 3.592542655251242678e+01 3.521568785520274503e+01 nan 1.000000000000000000e+00 nan
2.700000000000000000e+02 3.592542655251242678e+01 3.521705149156652226e+01 nan 1.000000000000000000e+00 nan
2.710000000000000000e+02 3.592542655251242678e+01 3.521841512793029949e+01 nan 1.000000000000000000e+00 nan
2.720000000000000000e+02 3.592679018887606190e+01 3.517341512792553004e+01 nan nan nan
2.730000000000000000e+02 3.592679018887606901e+01 3.517477876428930017e+01 nan nan nan
2.740000000000000000e+02 3.592679018887606901e+01 3.517614240065309161e+01 nan nan nan
2.750000000000000000e+02 3.592679018887606190e+01 3.517750603701686885e+01 nan nan nan
2.760000000000000000e+02 3.592679018887606190e+01 3.517886967338066029e+01 1.000000000000000000e+00 1.000000000000000000e+00 1.000000000000000000e+00
2.770000000000000000e+02 3.592679018887606901e+01 3.518023330974443752e+01 nan 1.000000000000000000e+00 nan
2.780000000000000000e+02 3.592679018887606190e+01 3.518159694610821475e+01 nan 1.000000000000000000e+00 nan
2.790000000000000000e+02 3.592679018887606190e+01 3.518296058247198488e+01 nan 1.000000000000000000e+00 nan
2.800000000000000000e+02 3.592679018887606190e+01 3.518432421883577632e+01 nan 1.000000000000000000e+00 nan
2.810000000000000000e+02 3.592679018887606190e+01 3.518568785519956066e+01 1.000000000000000000e+00 1.000000000000000000e+00 1.000000000000000000e+00
2.820000000000000000e+02 3.592679018887606190e+01 3.518705149156333789e+01 1.000000000000000000e+00 1.000000000000000000e+00 1.000000000000000000e+00
2.830000000000000000e+02 3.592679018887606190e+01 3.518841512792711512e+01 1.000000000000000000e+00 1.000000000000000000e+00 1.000000000000000000e+00
2.840000000000000000e+02 3.592679018887606190e+01 3.518977876429089946e+01 1.000000000000000000e+00 1.000000000000000000e+00 1.000000000000000000e+00
2.850000000000000000e+02 3.592679018887607612e+01 3.519114240065468380e+01 1.000000000000000000e+00 1.000000000000000000e+00 1.000000000000000000e+00
2.860000000000000000e+02 3.592679018887606190e+01 3.519250603701846813e+01 nan 1.000000000000000000e+00 nan
2.870000000000000000e+02 3.592679018887606190e+01 3.519386967338224537e+01 nan 1.000000000000000000e+00 nan
2.880000000000000000e+02 3.592679018887606190e+01 3.519523330974602260e+01 1.000000000000000000e+00 1.000000000000000000e+00 1.000000000000000000e+00
2.890000000000000000e+02 3.592679018887606190e+01 3.519659694610980694e+01 1.000000000000000000e+00 1.000000000000000000e+00 1.000000000000000000e+00
2.900000000000000000e+02 3.592679018887606190e+01 3.519796058247358417e+01 1.000000000000000000e+00 1.000000000000000000e+00 1.000000000000000000e+00
2.910000000000000000e+02 3.592679018887606901e+01 3.519932421883736140e+01 1.000000000000000000e+00 1.000000000000000000e+00 1.000000000000000000e+00
2.920000000000000000e+02 3.592679018887606190e+01 3.520068785520113863e+01 1.000000000000000000e+00 1.000000000000000000e+00 1.000000000000000000e+00
2.930000000000000000e+02 3.592679018887606190e+01 3.520205149156493007e+01 1.000000000000000000e+00 1.000000000000000000e+00 1.000000000000000000e+00
2.940000000000000000e+02 3.592679018887606190e+01 3.520341512792870731e+01 1.000000000000000000e+00 1.000000000000000000e+00 1.000000000000000000e+00
2.950000000000000000e+02 3.592679018887606190e+01 3.520477876429248454e+01 1.000000000000000000e+00 1.000000000000000000e+00 1.000000000000000000e+00
2.960000000000000000e+02 3.592679018887606190e+01 3.520614240065626177e+01 1.000000000000000000e+00 1.000000000000000000e+00 1.000000000000000000e+00
2.970000000000000000e+02 3.592679018887606190e+01 3.520750603702005321e+01 1.000000000000000000e+00 1.000000000000000000e+00 1.000000000000000000e+00
2.980000000000000000e+02 3.592679018887606190e+01 3.520886967338383755e+01 1.000000000000000000e+00 1.000000000000000000e+00 1.000000000000000000e+00
2.990000000000000000e+02 3.592679018887606190e+01 3.521023330974761478e+01 nan 1.000000000000000000e+00 nan
3.000000000000000000e+02 3.592679018887606190e+01 3.521159694611140623e+01 nan 1.000000000000000000e+00 nan
3.010000000000000000e+02 3.592679018887606190e+01 3.521296058247517635e+01 nan 1.000000000000000000e+00 nan
3.020000000000000000e+02 3.592679018887606190e+01 3.521432421883896779e+01 nan 1.000000000000000000e+00 nan
3.030000000000000000e+02 3.592679018887606190e+01 3.521568785520273792e+01 nan 1.000000000000000000e+00 nan
3.040000000000000000e+02 3.592679018887606190e+01 3.521705149156652226e+01 nan 1.000000000000000000e+00 nan
3.050000000000000000e+02 3.592679018887606190e+01 3.521841512793029949e+01 nan 1.000000000000000000e+00 nan
3.060000000000000000e+02 3.592815382523971124e+01 3.517341512792553004e+01 nan nan nan
3.070000000000000000e+02 3.592815382523970413e+01 3.517477876428930728e+01 nan nan nan
3.080000000000000000e+02 3.592815382523971124e+01 3.517614240065309161e+01 nan nan nan
3.090000000000000000e+02 3.592815382523970413e+01 3.517750603701686885e+01 nan nan nan
3.100000000000000000e+02 3.592815382523970413e+01 3.517886967338066029e+01 nan nan nan
3.110000000000000000e+02 3.592815382523969703e+01 3.518023330974444463e+01 nan 1.000000000000000000e+00 nan
3.120000000000000000e+02 3.592815382523970413e+01 3.518159694610821475e+01 nan 1.000000000000000000e+00 nan
3.130000000000000000e+02 3.592815382523970413e+01 3.518296058247198488e+01 nan 1.000000000000000000e+00 nan
3.140000000000000000e+02 3.592815382523971124e+01 3.518432421883577632e+01 nan 1.000000000000000000e+00 nan
3.150000000000000000e+02 3.592815382523971834e+01 3.518568785519955355e+01 nan 1.000000000000000000e+00 nan
3.160000000000000000e+02 3.592815382523970413e+01 3.518705149156333789e+01 nan 1.000000000000000000e+00 nan
3.170000000000000000e+02 3.592815382523970413e+01 3.518841512792711512e+01 nan 1.000000000000000000e+00 nan
3.180000000000000000e+02 3.592815382523970413e+01 3.518977876429089946e+01 nan 1.000000000000000000e+00 nan
3.190000000000000000e+02 3.592815382523970413e+01 3.519114240065468380e+01 nan 1.000000000000000000e+00 nan
3.200000000000000000e+02 3.592815382523970413e+01 3.519250603701846813e+01 nan 1.000000000000000000e+00 nan
3.210000000000000000e+02 3.592815382523971834e+01 3.519386967338225247e+01 1.000000000000000000e+00 1.000000000000000000e+00 1.000000000000000000e+00
3.220000000000000000e+02 3.592815382523970413e+01 3.519523330974602260e+01 nan 1.000000000000000000e+00 nan
3.230000000000000000e+02 3.592815382523970413e+01 3.519659694610980694e+01 nan 1.000000000000000000e+00 nan
3.240000000000000000e+02 3.592815382523970413e+01 3.519796058247359127e+01 1.000000000000000000e+00 1.000000000000000000e+00 1.000000000000000000e+00
3.250000000000000000e+02 3.592815382523970413e+01 3.519932421883736140e+01 1.000000000000000000e+00 1.000000000000000000e+00 1.000000000000000000e+00
3.260000000000000000e+02 3.592815382523970413e+01 3.520068785520114574e+01 1.000000000000000000e+00 1.000000000000000000e+00 1.000000000000000000e+00
3.270000000000000000e+02 3.592815382523970413e+01 3.520205149156493007e+01 1.000000000000000000e+00 1.000000000000000000e+00 1.000000000000000000e+00
3.280000000000000000e+02 3.592815382523971124e+01 3.520341512792870020e+01 1.000000000000000000e+00 1.000000000000000000e+00 1.000000000000000000e+00
3.290000000000000000e+02 3.592815382523970413e+01 3.520477876429248454e+01 1.000000000000000000e+00 1.000000000000000000e+00 1.000000000000000000e+00
3.300000000000000000e+02 3.592815382523970413e+01 3.520614240065626888e+01 1.000000000000000000e+00 1.000000000000000000e+00 1.000000000000000000e+00
3.310000000000000000e+02 3.592815382523970413e+01 3.520750603702005321e+01 nan 1.000000000000000000e+00 nan
3.320000000000000000e+02 3.592815382523970413e+01 3.520886967338383755e+01 1.000000000000000000e+00 1.000000000000000000e+00 1.000000000000000000e+00
3.330000000000000000e+02 3.592815382523971124e+01 3.521023330974762899e+01 1.000000000000000000e+00 1.000000000000000000e+00 1.000000000000000000e+00
3.340000000000000000e+02 3.592815382523970413e+01 3.521159694611139912e+01 nan 1.000000000000000000e+00 nan
3.350000000000000000e+02 3.592815382523970413e+01 3.521296058247517635e+01 nan 1.000000000000000000e+00 nan
3.360000000000000000e+02 3.592815382523971124e+01 3.521432421883895358e+01 nan 1.000000000000000000e+00 nan
3.370000000000000000e+02 3.592815382523971124e+01 3.521568785520273792e+01 nan 1.000000000000000000e+00 nan
3.380000000000000000e+02 3.592815382523971124e+01 3.521705149156652226e+01 nan 1.000000000000000000e+00 nan
3.390000000000000000e+02 3.592815382523971124e+01 3.521841512793029949e+01 nan 1.000000000000000000e+00 nan
3.400000000000000000e+02 3.592951746160335347e+01 3.517341512792553004e+01 nan nan nan
3.410000000000000000e+02 3.592951746160333926e+01 3.517477876428930728e+01 nan nan nan
3.420000000000000000e+02 3.592951746160333926e+01 3.517614240065309161e+01 nan nan nan
3.430000000000000000e+02 3.592951746160333926e+01 3.517750603701686885e+01 nan nan nan
3.440000000000000000e+02 3.592951746160333926e+01 3.517886967338066029e+01 nan nan nan
3.450000000000000000e+02 3.592951746160333926e+01 3.518023330974444463e+01 nan nan nan
3.460000000000000000e+02 3.592951746160333926e+01 3.518159694610821475e+01 nan 1.000000000000000000e+00 nan
3.470000000000000000e+02 3.592951746160333926e+01 3.518296058247198488e+01 nan 1.000000000000000000e+00 nan
3.480000000000000000e+02 3.592951746160334636e+01 3.518432421883577632e+01 nan 1.000000000000000000e+00 nan
3.490000000000000000e+02 3.592951746160333926e+01 3.518568785519955355e+01 nan 1.000000000000000000e+00 nan
3.500000000000000000e+02 3.592951746160334636e+01 3.518705149156333789e+01 nan 1.000000000000000000e+00 nan
3.510000000000000000e+02 3.592951746160334636e+01 3.518841512792711512e+01 nan 1.000000000000000000e+00 nan
3.520000000000000000e+02 3.592951746160333926e+01 3.518977876429089946e+01 nan 1.000000000000000000e+00 nan
3.530000000000000000e+02 3.592951746160333926e+01 3.519114240065468380e+01 nan 1.000000000000000000e+00 nan
3.540000000000000000e+02 3.592951746160333926e+01 3.519250603701846813e+01 nan 1.000000000000000000e+00 nan
3.550000000000000000e+02 3.592951746160333926e+01 3.519386967338225247e+01 nan 1.000000000000000000e+00 nan
3.560000000000000000e+02 3.592951746160334636e+01 3.519523330974602260e+01 nan 1.000000000000000000e+00 nan
3.570000000000000000e+02 3.592951746160333926e+01 3.519659694610980694e+01 1.000000000000000000e+00 1.000000000000000000e+00 1.000000000000000000e+00
3.580000000000000000e+02 3.592951746160333926e+01 3.519796058247359127e+01 1.000000000000000000e+00 1.000000000000000000e+00 1.000000000000000000e+00
3.590000000000000000e+02 3.592951746160333926e+01 3.519932421883736140e+01 nan 1.000000000000000000e+00 nan
3.600000000000000000e+02 3.592951746160333926e+01 3.520068785520114574e+01 nan 1.000000000000000000e+00 nan
3.610000000000000000e+02 3.592951746160333926e+01 3.520205149156493007e+01 nan 1.000000000000000000e+00 nan
3.620000000000000000e+02 3.592951746160333926e+01 3.520341512792870020e+01 1.000000000000000000e+00 1.000000000000000000e+00 1.000000000000000000e+00
3.630000000000000000e+02 3.592951746160333926e+01 3.520477876429248454e+01 1.000000000000000000e+00 1.000000000000000000e+00 1.000000000000000000e+00
3.640000000000000000e+02 3.592951746160333926e+01 3.520614240065626888e+01 nan 1.000000000000000000e+00 nan
3.650000000000000000e+02 3.592951746160333926e+01 3.520750603702005321e+01 nan 1.000000000000000000e+00 nan
3.660000000000000000e+02 3.592951746160333926e+01 3.520886967338383755e+01 nan 1.000000000000000000e+00 nan
3.670000000000000000e+02 3.592951746160334636e+01 3.521023330974762899e+01 1.000000000000000000e+00 1.000000000000000000e+00 1.000000000000000000e+00
3.680000000000000000e+02 3.592951746160334636e+01 3.521159694611139912e+01 nan 1.000000000000000000e+00 nan
3.690000000000000000e+02 3.592951746160333926e+01 3.521296058247517635e+01 nan 1.000000000000000000e+00 nan
3.700000000000000000e+02 3.592951746160333926e+01 3.521432421883895358e+01 nan 1.000000000000000000e+00 nan
3.710000000000000000e+02 3.592951746160334636e+01 3.521568785520273792e+01 1.000000000000000000e+00 1.000000000000000000e+00 1.000000000000000000e+00
3.720000000000000000e+02 3.592951746160333215e+01 3.521705149156652226e+01 nan 1.000000000000000000e+00 nan
3.730000000000000000e+02 3.592951746160333926e+01 3.521841512793029949e+01 nan 1.000000000000000000e+00 nan
3.740000000000000000e+02 3.593088109796697438e+01 3.517341512792553004e+01 nan nan nan
3.750000000000000000e+02 3.593088109796697438e+01 3.517477876428930728e+01 nan nan nan
3.760000000000000000e+02 3.593088109796697438e+01 3.517614240065309161e+01 nan nan nan
3.770000000000000000e+02 3.593088109796698149e+01 3.517750603701686885e+01 nan nan nan
3.780000000000000000e+02 3.593088109796697438e+01 3.517886967338066029e+01 nan nan nan
3.790000000000000000e+02 3.593088109796697438e+01 3.518023330974444463e+01 nan nan nan
3.800000000000000000e+02 3.593088109796697438e+01 3.518159694610821475e+01 nan 1.000000000000000000e+00 nan
3.810000000000000000e+02 3.593088109796697438e+01 3.518296058247198488e+01 nan 1.000000000000000000e+00 nan
3.820000000000000000e+02 3.593088109796697438e+01 3.518432421883577632e+01 nan 1.000000000000000000e+00 nan
3.830000000000000000e+02 3.593088109796697438e+01 3.518568785519955355e+01 nan 1.000000000000000000e+00 nan
3.840000000000000000e+02 3.593088109796697438e+01 3.518705149156333789e+01 nan 1.000000000000000000e+00 nan
3.850000000000000000e+02 3.593088109796697438e+01 3.518841512792711512e+01 nan 1.000000000000000000e+00 nan
3.860000000000000000e+02 3.593088109796698149e+01 3.518977876429089946e+01 nan 1.000000000000000000e+00 nan
3.870000000000000000e+02 3.593088109796698149e+01 3.519114240065468380e+01 nan 1.000000000000000000e+00 nan
3.880000000000000000e+02 3.593088109796697438e+01 3.519250603701846813e+01 nan 1.000000000000000000e+00 nan
3.890000000000000000e+02 3.593088109796698149e+01 3.519386967338225247e+01 nan 1.000000000000000000e+00 nan
3.900000000000000000e+02 3.593088109796697438e+01 3.519523330974602260e+01 1.000000000000000000e+00 1.000000000000000000e+00 1.000000000000000000e+00
3.910000000000000000e+02 3.593088109796697438e+01 3.519659694610980694e+01 nan 1.000000000000000000e+00 nan
3.920000000000000000e+02 3.593088109796697438e+01 3.519796058247359127e+01 nan 1.000000000000000000e+00 nan
3.930000000000000000e+02 3.593088109796697438e+01 3.519932421883736140e+01 1.000000000000000000e+00 1.000000000000000000e+00 1.000000000000000000e+00
3.940000000000000000e+02 3.593088109796698149e+01 3.520068785520114574e+01 1.000000000000000000e+00 1.000000000000000000e+00 1.000000000000000000e+00
3.950000000000000000e+02 3.593088109796697438e+01 3.520205149156493007e+01 1.000000000000000000e+00 1.000000000000000000e+00 1.000000000000000000e+00
3.960000000000000000e+02 3.593088109796698149e+01 3.520341512792870020e+01 nan 1.000000000000000000e+00 nan
3.970000000000000000e+02 3.593088109796697438e+01 3.520477876429248454e+01 1.000000000000000000e+00 1.000000000000000000e+00 1.000000000000000000e+00
3.980000000000000000e+02 3.593088109796697438e+01 3.520614240065626888e+01 1.000000000000000000e+00 1.000000000000000000e+00 1.000000000000000000e+00
3.990000000000000000e+02 3.593088109796697438e+01 3.520750603702005321e+01 nan 1.000000000000000000e+00 nan
4.000000000000000000e+02 3.593088109796697438e+01 3.520886967338383755e+01 1.000000000000000000e+00 1.000000000000000000e+00 1.000000000000000000e+00
4.010000000000000000e+02 3.593088109796697438e+01 3.521023330974762899e+01 1.000000000000000000e+00 1.000000000000000000e+00 1.000000000000000000e+00
4.020000000000000000e+02 3.593088109796697438e+01 3.521159694611139912e+01 nan 1.000000000000000000e+00 nan
4.030000000000000000e+02 3.593088109796698149e+01 3.521296058247517635e+01 nan 1.000000000000000000e+00 nan
4.040000000000000000e+02 3.593088109796697438e+01 3.521432421883895358e+01 nan 1.000000000000000000e+00 nan
4.050000000000000000e+02 3.593088109796697438e+01 3.521568785520273792e+01 nan 1.000000000000000000e+00 nan
4.060000000000000000e+02 3.593088109796697438e+01 3.521705149156652226e+01 nan 1.000000000000000000e+00 nan
4.070000000000000000e+02 3.593088109796697438e+01 3.521841512793029949e+01 nan 1.000000000000000000e+00 nan
4.080000000000000000e+02 3.593224473433060950e+01 3.517341512792553004e+01 nan nan nan
4.090000000000000000e+02 3.593224473433060950e+01 3.517477876428930728e+01 nan nan nan
4.100000000000000000e+02 3.593224473433060950e+01 3.517614240065309161e+01 nan nan nan
4.110000000000000000e+02 3.593224473433060950e+01 3.517750603701688306e+01 nan nan nan
4.120000000000000000e+02 3.593224473433060950e+01 3.517886967338066029e+01 nan nan nan
4.130000000000000000e+02 3.593224473433060950e+01 3.518023330974443752e+01 nan nan nan
4.140000000000000000e+02 3.593224473433061661e+01 3.518159694610820765e+01 nan 1.000000000000000000e+00 nan
4.150000000000000000e+02 3.593224473433060950e+01 3.518296058247199198e+01 nan 1.000000000000000000e+00 nan
4.160000000000000000e+02 3.593224473433061661e+01 3.518432421883577632e+01 nan 1.000000000000000000e+00 nan
4.170000000000000000e+02 3.593224473433060950e+01 3.518568785519955355e+01 nan 1.000000000000000000e+00 nan
4.180000000000000000e+02 3.593224473433060950e+01 3.518705149156333789e+01 nan 1.000000000000000000e+00 nan
4.190000000000000000e+02 3.593224473433061661e+01 3.518841512792711512e+01 nan 1.000000000000000000e+00 nan
4.200000000000000000e+02 3.593224473433060950e+01 3.518977876429089946e+01 nan 1.000000000000000000e+00 nan
4.210000000000000000e+02 3.593224473433060950e+01 3.519114240065469090e+01 nan 1.000000000000000000e+00 nan
4.220000000000000000e+02 3.593224473433060950e+01 3.519250603701846813e+01 nan 1.000000000000000000e+00 nan
4.230000000000000000e+02 3.593224473433061661e+01 3.519386967338225247e+01 nan 1.000000000000000000e+00 nan
4.240000000000000000e+02 3.593224473433060950e+01 3.519523330974602260e+01 nan 1.000000000000000000e+00 nan
4.250000000000000000e+02 3.593224473433060950e+01 3.519659694610980694e+01 1.000000000000000000e+00 1.000000000000000000e+00 1.000000000000000000e+00
4.260000000000000000e+02 3.593224473433060950e+01 3.519796058247358417e+01 nan 1.000000000000000000e+00 nan
4.270000000000000000e+02 3.593224473433060950e+01 3.519932421883736851e+01 nan 1.000000000000000000e+00 nan
4.280000000000000000e+02 3.593224473433061661e+01 3.520068785520114574e+01 1.000000000000000000e+00 1.000000000000000000e+00 1.000000000000000000e+00
4.290000000000000000e+02 3.593224473433061661e+01 3.520205149156493007e+01 1.000000000000000000e+00 1.000000000000000000e+00 1.000000000000000000e+00
4.300000000000000000e+02 3.593224473433061661e+01 3.520341512792870731e+01 1.000000000000000000e+00 1.000000000000000000e+00 1.000000000000000000e+00
4.310000000000000000e+02 3.593224473433061661e+01 3.520477876429248454e+01 1.000000000000000000e+00 1.000000000000000000e+00 1.000000000000000000e+00
4.320000000000000000e+02 3.593224473433061661e+01 3.520614240065626177e+01 nan 1.000000000000000000e+00 nan
4.330000000000000000e+02 3.593224473433061661e+01 3.520750603702005321e+01 1.000000000000000000e+00 1.000000000000000000e+00 1.000000000000000000e+00
4.340000000000000000e+02 3.593224473433061661e+01 3.520886967338384466e+01 1.000000000000000000e+00 1.000000000000000000e+00 1.000000000000000000e+00
4.350000000000000000e+02 3.593224473433061661e+01 3.521023330974761478e+01 1.000000000000000000e+00 1.000000000000000000e+00 1.000000000000000000e+00
4.360000000000000000e+02 3.593224473433060950e+01 3.521159694611139912e+01 nan 1.000000000000000000e+00 nan
4.370000000000000000e+02 3.593224473433061661e+01 3.521296058247517635e+01 1.000000000000000000e+00 1.000000000000000000e+00 1.000000000000000000e+00
4.380000000000000000e+02 3.593224473433060950e+01 3.521432421883895358e+01 1.000000000000000000e+00 1.000000000000000000e+00 1.000000000000000000e+00
4.390000000000000000e+02 3.593224473433061661e+01 3.521568785520274503e+01 nan 1.000000000000000000e+00 nan
4.400000000000000000e+02 3.593224473433061661e+01 3.521705149156652226e+01 nan 1.000000000000000000e+00 nan
4.410000000000000000e+02 3.593224473433061661e+01 3.521841512793029949e+01 nan 1.000000000000000000e+00 nan
4.420000000000000000e+02 3.593360837069425173e+01 3.517341512792553004e+01 nan nan nan
4.430000000000000000e+02 3.593360837069425173e+01 3.517477876428930728e+01 nan nan nan
4.440000000000000000e+02 3.593360837069425173e+01 3.517614240065309161e+01 nan nan nan
4.450000000000000000e+02 3.593360837069425173e+01 3.517750603701686885e+01 nan nan nan
4.460000000000000000e+02 3.593360837069424463e+01 3.517886967338066029e+01 nan nan nan
4.470000000000000000e+02 3.593360837069425173e+01 3.518023330974444463e+01 nan nan nan
4.480000000000000000e+02 3.593360837069424463e+01 3.518159694610821475e+01 nan nan nan
4.490000000000000000e+02 3.593360837069425173e+01 3.518296058247198488e+01 nan 1.000000000000000000e+00 nan
4.500000000000000000e+02 3.593360837069425173e+01 3.518432421883577632e+01 nan 1.000000000000000000e+00 nan
4.510000000000000000e+02 3.593360837069424463e+01 3.518568785519955355e+01 nan 1.000000000000000000e+00 nan
4.520000000000000000e+02 3.593360837069425173e+01 3.518705149156333789e+01 nan 1.000000000000000000e+00 nan
4.530000000000000000e+02 3.593360837069425173e+01 3.518841512792711512e+01 nan 1.000000000000000000e+00 nan
4.540000000000000000e+02 3.593360837069424463e+01 3.518977876429089946e+01 nan nan nan
4.550000000000000000e+02 3.593360837069424463e+01 3.519114240065468380e+01 nan nan nan
4.560000000000000000e+02 3.593360837069425173e+01 3.519250603701846813e+01 nan 1.000000000000000000e+00 nan
4.570000000000000000e+02 3.593360837069425173e+01 3.519386967338225247e+01 nan nan nan
4.580000000000000000e+02 3.593360837069425173e+01 3.519523330974602260e+01 nan nan nan
4.590000000000000000e+02 3.593360837069425173e+01 3.519659694610980694e+01 nan 1.000000000000000000e+00 nan
4.600000000000000000e+02 3.593360837069424463e+01 3.519796058247359127e+01 1.000000000000000000e+00 1.000000000000000000e+00 1.000000000000000000e+00
4.610000000000000000e+02 3.593360837069424463e+01 3.519932421883736140e+01 nan nan nan
4.620000000000000000e+02 3.593360837069425173e+01 3.520068785520114574e+01 1.000000000000000000e+00 nan nan
4.630000000000000000e+02 3.593360837069425173e+01 3.520205149156493007e+01 1.000000000000000000e+00 1.000000000000000000e+00 1.000000000000000000e+00
4.640000000000000000e+02 3.593360837069425173e+01 3.520341512792870020e+01 1.000000000000000000e+00 1.000000000000000000e+00 1.000000000000000000e+00
4.650000000000000000e+02 3.593360837069424463e+01 3.520477876429248454e+01 nan 1.000000000000000000e+00 nan
4.660000000000000000e+02 3.593360837069425173e+01 3.520614240065626888e+01 nan 1.000000000000000000e+00 nan
4.670000000000000000e+02 3.593360837069425173e+01 3.520750603702005321e+01 1.000000000000000000e+00 1.000000000000000000e+00 1.000000000000000000e+00
4.680000000000000000e+02 3.593360837069424463e+01 3.520886967338383755e+01 1.000000000000000000e+00 1.000000000000000000e+00 1.000000000000000000e+00
4.690000000000000000e+02 3.593360837069425173e+01 3.521023330974762899e+01 1.000000000000000000e+00 1.000000000000000000e+00 1.000000000000000000e+00
4.700000000000000000e+02 3.593360837069425173e+01 3.521159694611139912e+01 nan 1.000000000000000000e+00 nan
4.710000000000000000e+02 3.593360837069424463e+01 3.521296058247517635e+01 1.000000000000000000e+00 1.000000000000000000e+00 1.000000000000000000e+00
4.720000000000000000e+02 3.593360837069425173e+01 3.521432421883895358e+01 nan 1.000000000000000000e+00 nan
4.730000000000000000e+02 3.593360837069424463e+01 3.521568785520273792e+01 nan 1.000000000000000000e+00 nan
4.740000000000000000e+02 3.593360837069424463e+01 3.521705149156652226e+01 nan 1.000000000000000000e+00 nan
4.750000000000000000e+02 3.593360837069424463e+01 3.521841512793029949e+01 nan 1.000000000000000000e+00 nan
4.760000000000000000e+02 3.593497200705788686e+01 3.517341512792553004e+01 nan nan nan
4.770000000000000000e+02 3.593497200705787975e+01 3.517477876428930017e+01 nan nan nan
4.780000000000000000e+02 3.593497200705787975e+01 3.517614240065309161e+01 nan nan nan
4.790000000000000000e+02 3.593497200705788686e+01 3.517750603701686885e+01 nan nan nan
4.800000000000000000e+02 3.593497200705787975e+01 3.517886967338066029e+01 nan nan nan
4.810000000000000000e+02 3.593497200705787975e+01 3.518023330974443752e+01 nan nan nan
4.820000000000000000e+02 3.593497200705787975e+01 3.518159694610821475e+01 nan nan nan
4.830000000000000000e+02 3.593497200705788686e+01 3.518296058247198488e+01 nan nan nan
4.840000000000000000e+02 3.593497200705787975e+01 3.518432421883577632e+01 nan nan nan
4.850000000000000000e+02 3.593497200705787975e+01 3.518568785519956066e+01 nan nan nan
4.860000000000000000e+02 3.593497200705787975e+01 3.518705149156333789e+01 nan nan nan
4.870000000000000000e+02 3.593497200705788686e+01 3.518841512792711512e+01 nan nan nan
4.880000000000000000e+02 3.593497200705788686e+01 3.518977876429089946e+01 nan nan nan
4.890000000000000000e+02 3.593497200705788686e+01 3.519114240065469090e+01 nan nan nan
4.900000000000000000e+02 3.593497200705787975e+01 3.519250603701846813e+01 nan nan nan
4.910000000000000000e+02 3.593497200705787975e+01 3.519386967338225958e+01 nan nan nan
4.920000000000000000e+02 3.593497200705787975e+01 3.519523330974602260e+01 nan nan nan
4.930000000000000000e+02 3.593497200705787975e+01 3.519659694610980694e+01 1.000000000000000000e+00 1.000000000000000000e+00 1.000000000000000000e+00
4.940000000000000000e+02 3.593497200705787975e+01 3.519796058247358417e+01 nan nan nan
4.950000000000000000e+02 3.593497200705787975e+01 3.519932421883736851e+01 1.000000000000000000e+00 1.000000000000000000e+00 1.000000000000000000e+00
4.960000000000000000e+02 3.593497200705787975e+01 3.520068785520114574e+01 1.000000000000000000e+00 1.000000000000000000e+00 1.000000000000000000e+00
4.970000000000000000e+02 3.593497200705787975e+01 3.520205149156493007e+01 1.000000000000000000e+00 1.000000000000000000e+00 1.000000000000000000e+00
4.980000000000000000e+02 3.593497200705788686e+01 3.520341512792870731e+01 1.000000000000000000e+00 1.000000000000000000e+00 1.000000000000000000e+00
4.990000000000000000e+02 3.593497200705788686e+01 3.520477876429248454e+01 1.000000000000000000e+00 1.000000000000000000e+00 1.000000000000000000e+00
5.000000000000000000e+02 3.593497200705788686e+01 3.520614240065626888e+01 1.000000000000000000e+00 1.000000000000000000e+00 1.000000000000000000e+00
5.010000000000000000e+02 3.593497200705787975e+01 3.520750603702005321e+01 nan 1.000000000000000000e+00 nan
5.020000000000000000e+02 3.593497200705787975e+01 3.520886967338384466e+01 1.000000000000000000e+00 1.000000000000000000e+00 1.000000000000000000e+00
5.030000000000000000e+02 3.593497200705788686e+01 3.521023330974762899e+01 1.000000000000000000e+00 1.000000000000000000e+00 1.000000000000000000e+00
5.040000000000000000e+02 3.593497200705788686e+01 3.521159694611139912e+01 1.000000000000000000e+00 1.000000000000000000e+00 1.000000000000000000e+00
5.050000000000000000e+02 3.593497200705787975e+01 3.521296058247517635e+01 nan 1.000000000000000000e+00 nan
5.060000000000000000e+02 3.593497200705788686e+01 3.521432421883896779e+01 1.000000000000000000e+00 1.000000000000000000e+00 1.000000000000000000e+00
5.070000000000000000e+02 3.593497200705787975e+01 3.521568785520273792e+01 nan 1.000000000000000000e+00 nan
5.080000000000000000e+02 3.593497200705787975e+01 3.521705149156652226e+01 nan 1.000000000000000000e+00 nan
5.090000000000000000e+02 3.593497200705787975e+01 3.521841512793029949e+01 nan 1.000000000000000000e+00 nan
5.100000000000000000e+02 3.593633564342152908e+01 3.517341512792553004e+01 nan nan nan
5.110000000000000000e+02 3.593633564342152908e+01 3.517477876428930017e+01 nan nan nan
5.120000000000000000e+02 3.593633564342152908e+01 3.517614240065309161e+01 nan nan nan
5.130000000000000000e+02 3.593633564342152908e+01 3.517750603701686885e+01 nan nan nan
5.140000000000000000e+02 3.593633564342152908e+01 3.517886967338066029e+01 nan nan nan
5.150000000000000000e+02 3.593633564342152908e+01 3.518023330974443752e+01 nan nan nan
5.160000000000000000e+02 3.593633564342152908e+01 3.518159694610821475e+01 nan nan nan
5.170000000000000000e+02 3.593633564342152908e+01 3.518296058247198488e+01 nan nan nan
5.180000000000000000e+02 3.593633564342152908e+01 3.518432421883577632e+01 nan nan nan
5.190000000000000000e+02 3.593633564342152908e+01 3.518568785519956066e+01 nan nan nan
5.200000000000000000e+02 3.593633564342152908e+01 3.518705149156333789e+01 nan nan nan
5.210000000000000000e+02 3.593633564342152908e+01 3.518841512792711512e+01 nan nan nan
5.220000000000000000e+02 3.593633564342152198e+01 3.518977876429089946e+01 nan nan nan
5.230000000000000000e+02 3.593633564342152908e+01 3.519114240065469090e+01 nan nan nan
5.240000000000000000e+02 3.593633564342152908e+01 3.519250603701846813e+01 nan nan nan
5.250000000000000000e+02 3.593633564342152908e+01 3.519386967338225958e+01 nan nan nan
5.260000000000000000e+02 3.593633564342152908e+01 3.519523330974602260e+01 nan nan nan
5.270000000000000000e+02 3.593633564342152908e+01 3.519659694610980694e+01 nan nan nan
5.280000000000000000e+02 3.593633564342152198e+01 3.519796058247358417e+01 nan nan nan
5.290000000000000000e+02 3.593633564342152908e+01 3.519932421883736851e+01 nan 1.000000000000000000e+00 nan
5.300000000000000000e+02 3.593633564342152908e+01 3.520068785520114574e+01 nan 1.000000000000000000e+00 nan
5.310000000000000000e+02 3.593633564342152908e+01 3.520205149156493007e+01 1.000000000000000000e+00 1.000000000000000000e+00 1.000000000000000000e+00
5.320000000000000000e+02 3.593633564342152908e+01 3.520341512792870731e+01 1.000000000000000000e+00 1.000000000000000000e+00 1.000000000000000000e+00
5.330000000000000000e+02 3.593633564342152908e+01 3.520477876429248454e+01 1.000000000000000000e+00 1.000000000000000000e+00 1.000000000000000000e+00
5.340000000000000000e+02 3.593633564342152908e+01 3.520614240065626888e+01 1.000000000000000000e+00 1.000000000000000000e+00 1.000000000000000000e+00
5.350000000000000000e+02 3.593633564342152908e+01 3.520750603702005321e+01 1.000000000000000000e+00 1.000000000000000000e+00 1.000000000000000000e+00
5.360000000000000000e+02 3.593633564342152908e+01 3.520886967338384466e+01 1.000000000000000000e+00 1.000000000000000000e+00 1.000000000000000000e+00
5.370000000000000000e+02 3.593633564342152908e+01 3.521023330974762899e+01 nan 1.000000000000000000e+00 nan
5.380000000000000000e+02 3.593633564342152908e+01 3.521159694611139912e+01 nan 1.000000000000000000e+00 nan
5.390000000000000000e+02 3.593633564342152908e+01 3.521296058247517635e+01 nan 1.000000000000000000e+00 nan
5.400000000000000000e+02 3.593633564342152198e+01 3.521432421883896779e+01 nan 1.000000000000000000e+00 nan
5.410000000000000000e+02 3.593633564342152908e+01 3.521568785520273792e+01 nan 1.000000000000000000e+00 nan
5.420000000000000000e+02 3.593633564342152908e+01 3.521705149156652226e+01 nan 1.000000000000000000e+00 nan
5.430000000000000000e+02 3.593633564342152908e+01 3.521841512793029949e+01 nan 1.000000000000000000e+00 nan
5.440000000000000000e+02 3.593769927978515710e+01 3.517341512792553004e+01 nan nan nan
5.450000000000000000e+02 3.593769927978515710e+01 3.517477876428930728e+01 nan nan nan
5.460000000000000000e+02 3.593769927978515710e+01 3.517614240065309161e+01 nan nan nan
5.470000000000000000e+02 3.593769927978515000e+01 3.517750603701688306e+01 nan nan nan
5.480000000000000000e+02 3.593769927978515000e+01 3.517886967338066029e+01 nan nan nan
5.490000000000000000e+02 3.593769927978516421e+01 3.518023330974443752e+01 nan nan nan
5.500000000000000000e+02 3.593769927978515710e+01 3.518159694610820765e+01 nan nan nan
5.510000000000000000e+02 3.593769927978515000e+01 3.518296058247199198e+01 nan nan nan
5.520000000000000000e+02 3.593769927978515710e+01 3.518432421883577632e+01 nan nan nan
5.530000000000000000e+02 3.593769927978515710e+01 3.518568785519955355e+01 nan nan nan
5.540000000000000000e+02 3.593769927978515000e+01 3.518705149156333789e+01 nan nan nan
5.550000000000000000e+02 3.593769927978515000e+01 3.518841512792711512e+01 nan nan nan
5.560000000000000000e+02 3.593769927978515710e+01 3.518977876429089946e+01 nan nan nan
5.570000000000000000e+02 3.593769927978515000e+01 3.519114240065469090e+01 nan nan nan
5.580000000000000000e+02 3.593769927978515000e+01 3.519250603701846813e+01 nan nan nan
5.590000000000000000e+02 3.593769927978515000e+01 3.519386967338225247e+01 nan nan nan
5.600000000000000000e+02 3.593769927978515000e+01 3.519523330974602260e+01 nan nan nan
5.610000000000000000e+02 3.593769927978515710e+01 3.519659694610980694e+01 nan nan nan
5.620000000000000000e+02 3.593769927978515710e+01 3.519796058247358417e+01 nan 1.000000000000000000e+00 nan
5.630000000000000000e+02 3.593769927978515000e+01 3.519932421883736851e+01 nan 1.000000000000000000e+00 nan
5.640000000000000000e+02 3.593769927978516421e+01 3.520068785520114574e+01 1.000000000000000000e+00 1.000000000000000000e+00 1.000000000000000000e+00
5.650000000000000000e+02 3.593769927978515710e+01 3.520205149156493007e+01 nan 1.000000000000000000e+00 nan
5.660000000000000000e+02 3.593769927978515710e+01 3.520341512792870731e+01 nan 1.000000000000000000e+00 nan
5.670000000000000000e+02 3.593769927978515000e+01 3.520477876429248454e+01 1.000000000000000000e+00 1.000000000000000000e+00 1.000000000000000000e+00
5.680000000000000000e+02 3.593769927978515000e+01 3.520614240065626177e+01 1.000000000000000000e+00 1.000000000000000000e+00 1.000000000000000000e+00
5.690000000000000000e+02 3.593769927978515000e+01 3.520750603702005321e+01 1.000000000000000000e+00 1.000000000000000000e+00 1.000000000000000000e+00
5.700000000000000000e+02 3.593769927978515710e+01 3.520886967338384466e+01 nan 1.000000000000000000e+00 nan
5.710000000000000000e+02 3.593769927978515710e+01 3.521023330974761478e+01 1.000000000000000000e+00 1.000000000000000000e+00 1.000000000000000000e+00
5.720000000000000000e+02 3.593769927978515710e+01 3.521159694611139912e+01 1.000000000000000000e+00 1.000000000000000000e+00 1.000000000000000000e+00
5.730000000000000000e+02 3.593769927978516421e+01 3.521296058247517635e+01 nan 1.000000000000000000e+00 nan
5.740000000000000000e+02 3.593769927978515000e+01 3.521432421883895358e+01 nan 1.000000000000000000e+00 nan
5.750000000000000000e+02 3.593769927978515710e+01 3.521568785520274503e+01 nan 1.000000000000000000e+00 nan
5.760000000000000000e+02 3.593769927978515710e+01 3.521705149156652226e+01 nan 1.000000000000000000e+00 nan
5.770000000000000000e+02 3.593769927978515710e+01 3.521841512793029949e+01 nan nan nan
5.780000000000000000e+02 3.593906291614879223e+01 3.517341512792553004e+01 nan nan nan
5.790000000000000000e+02 3.593906291614878512e+01 3.517477876428930728e+01 nan nan nan
5.800000000000000000e+02 3.593906291614878512e+01 3.517614240065309161e+01 nan nan nan
5.810000000000000000e+02 3.593906291614879223e+01 3.517750603701688306e+01 nan nan nan
5.820000000000000000e+02 3.593906291614879223e+01 3.517886967338066029e+01 nan nan nan
5.830000000000000000e+02 3.593906291614878512e+01 3.518023330974443752e+01 nan nan nan
5.840000000000000000e+02 3.593906291614879223e+01 3.518159694610820765e+01 nan nan nan
5.850000000000000000e+02 3.593906291614879223e+01 3.518296058247199198e+01 nan nan nan
5.860000000000000000e+02 3.593906291614878512e+01 3.518432421883577632e+01 nan nan nan
5.870000000000000000e+02 3.593906291614879223e+01 3.518568785519955355e+01 nan nan nan
5.880000000000000000e+02 3.593906291614878512e+01 3.518705149156333789e+01 nan nan nan
5.890000000000000000e+02 3.593906291614878512e+01 3.518841512792711512e+01 nan nan nan
5.900000000000000000e+02 3.593906291614879223e+01 3.518977876429089946e+01 nan nan nan
5.910000000000000000e+02 3.593906291614879223e+01 3.519114240065469090e+01 nan nan nan
5.920000000000000000e+02 3.593906291614879223e+01 3.519250603701846813e+01 nan nan nan
5.930000000000000000e+02 3.593906291614879223e+01 3.519386967338225247e+01 nan nan nan
5.940000000000000000e+02 3.593906291614879933e+01 3.519523330974602260e+01 nan nan nan
5.950000000000000000e+02 3.593906291614879223e+01 3.519659694610980694e+01 nan nan nan
5.960000000000000000e+02 3.593906291614879223e+01 3.519796058247358417e+01 1.000000000000000000e+00 1.000000000000000000e+00 1.000000000000000000e+00
5.970000000000000000e+02 3.593906291614878512e+01 3.519932421883736851e+01 nan 1.000000000000000000e+00 nan
5.980000000000000000e+02 3.593906291614879223e+01 3.520068785520114574e+01 nan 1.000000000000000000e+00 nan
5.990000000000000000e+02 3.593906291614878512e+01 3.520205149156493007e+01 1.000000000000000000e+00 1.000000000000000000e+00 1.000000000000000000e+00
6.000000000000000000e+02 3.593906291614879223e+01 3.520341512792870731e+01 1.000000000000000000e+00 1.000000000000000000e+00 1.000000000000000000e+00
6.010000000000000000e+02 3.593906291614879223e+01 3.520477876429248454e+01 nan 1.000000000000000000e+00 nan
6.020000000000000000e+02 3.593906291614879223e+01 3.520614240065626177e+01 nan 1.000000000000000000e+00 nan
6.030000000000000000e+02 3.593906291614879223e+01 3.520750603702005321e+01 1.000000000000000000e+00 1.000000000000000000e+00 1.000000000000000000e+00
6.040000000000000000e+02 3.593906291614878512e+01 3.520886967338384466e+01 1.000000000000000000e+00 1.000000000000000000e+00 1.000000000000000000e+00
6.050000000000000000e+02 3.593906291614878512e+01 3.521023330974761478e+01 1.000000000000000000e+00 1.000000000000000000e+00 1.000000000000000000e+00
6.060000000000000000e+02 3.593906291614878512e+01 3.521159694611139912e+01 nan 1.000000000000000000e+00 nan
6.070000000000000000e+02 3.593906291614878512e+01 3.521296058247517635e+01 nan 1.000000000000000000e+00 nan
6.080000000000000000e+02 3.593906291614879223e+01 3.521432421883895358e+01 nan 1.000000000000000000e+00 nan
6.090000000000000000e+02 3.593906291614878512e+01 3.521568785520274503e+01 nan 1.000000000000000000e+00 nan
6.100000000000000000e+02 3.593906291614878512e+01 3.521705149156652226e+01 nan 1.000000000000000000e+00 nan
6.110000000000000000e+02 3.593906291614879223e+01 3.521841512793029949e+01 1.000000000000000000e+00 nan nan
6.120000000000000000e+02 3.594042655251242735e+01 3.517341512792553004e+01 nan nan nan
6.130000000000000000e+02 3.594042655251242735e+01 3.517477876428930017e+01 nan nan nan
6.140000000000000000e+02 3.594042655251242735e+01 3.517614240065309161e+01 nan nan nan
6.150000000000000000e+02 3.594042655251242735e+01 3.517750603701686885e+01 nan nan nan
6.160000000000000000e+02 3.594042655251242735e+01 3.517886967338066029e+01 nan nan nan
6.170000000000000000e+02 3.594042655251242735e+01 3.518023330974443752e+01 nan nan nan
6.180000000000000000e+02 3.594042655251242735e+01 3.518159694610821475e+01 nan nan nan
6.190000000000000000e+02 3.594042655251243445e+01 3.518296058247198488e+01 nan nan nan
6.200000000000000000e+02 3.594042655251243445e+01 3.518432421883577632e+01 nan nan nan
6.210000000000000000e+02 3.594042655251243445e+01 3.518568785519956066e+01 nan nan nan
6.220000000000000000e+02 3.594042655251242735e+01 3.518705149156333789e+01 nan nan nan
6.230000000000000000e+02 3.594042655251243445e+01 3.518841512792711512e+01 nan nan nan
6.240000000000000000e+02 3.594042655251242735e+01 3.518977876429089946e+01 nan nan nan
6.250000000000000000e+02 3.594042655251242735e+01 3.519114240065469090e+01 nan nan nan
6.260000000000000000e+02 3.594042655251242735e+01 3.519250603701846813e+01 nan nan nan
6.270000000000000000e+02 3.594042655251242735e+01 3.519386967338225958e+01 nan nan nan
6.280000000000000000e+02 3.594042655251242735e+01 3.519523330974602260e+01 nan nan nan
6.290000000000000000e+02 3.594042655251242735e+01 3.519659694610980694e+01 nan 1.000000000000000000e+00 nan
6.300000000000000000e+02 3.594042655251242735e+01 3.519796058247358417e+01 nan 1.000000000000000000e+00 nan
6.310000000000000000e+02 3.594042655251243445e+01 3.519932421883736851e+01 nan nan nan
6.320000000000000000e+02 3.594042655251242735e+01 3.520068785520114574e+01 1.000000000000000000e+00 1.000000000000000000e+00 1.000000000000000000e+00
6.330000000000000000e+02 3.594042655251242735e+01 3.520205149156493007e+01 nan 1.000000000000000000e+00 nan
6.340000000000000000e+02 3.594042655251243445e+01 3.520341512792870731e+01 nan 1.000000000000000000e+00 nan
6.350000000000000000e+02 3.594042655251243445e+01 3.520477876429248454e+01 1.000000000000000000e+00 nan nan
6.360000000000000000e+02 3.594042655251242735e+01 3.520614240065626888e+01 1.000000000000000000e+00 nan nan
6.370000000000000000e+02 3.594042655251242735e+01 3.520750603702005321e+01 nan 1.000000000000000000e+00 nan
6.380000000000000000e+02 3.594042655251242735e+01 3.520886967338384466e+01 nan 1.000000000000000000e+00 nan
6.390000000000000000e+02 3.594042655251243445e+01 3.521023330974762899e+01 nan 1.000000000000000000e+00 nan
6.400000000000000000e+02 3.594042655251243445e+01 3.521159694611139912e+01 nan 1.000000000000000000e+00 nan
6.410000000000000000e+02 3.594042655251242735e+01 3.521296058247517635e+01 nan 1.000000000000000000e+00 nan
6.420000000000000000e+02 3.594042655251242735e+01 3.521432421883896779e+01 nan nan nan
6.430000000000000000e+02 3.594042655251242735e+01 3.521568785520273792e+01 nan 1.000000000000000000e+00 nan
6.440000000000000000e+02 3.594042655251242735e+01 3.521705149156652226e+01 nan nan nan
6.450000000000000000e+02 3.594042655251242735e+01 3.521841512793029949e+01 nan 1.000000000000000000e+00 nan
6.460000000000000000e+02 3.594179018887606958e+01 3.517341512792553004e+01 nan nan nan
6.470000000000000000e+02 3.594179018887606958e+01 3.517477876428930728e+01 nan nan nan
6.480000000000000000e+02 3.594179018887606247e+01 3.517614240065309161e+01 nan nan nan
6.490000000000000000e+02 3.594179018887606247e+01 3.517750603701688306e+01 nan nan nan
6.500000000000000000e+02 3.594179018887606247e+01 3.517886967338066029e+01 nan nan nan
6.510000000000000000e+02 3.594179018887606958e+01 3.518023330974443752e+01 nan nan nan
6.520000000000000000e+02 3.594179018887606247e+01 3.518159694610820765e+01 nan nan nan
6.530000000000000000e+02 3.594179018887605537e+01 3.518296058247199198e+01 nan nan nan
6.540000000000000000e+02 3.594179018887606958e+01 3.518432421883577632e+01 nan nan nan
6.550000000000000000e+02 3.594179018887606958e+01 3.518568785519955355e+01 nan nan nan
6.560000000000000000e+02 3.594179018887606958e+01 3.518705149156333789e+01 nan nan nan
6.570000000000000000e+02 3.594179018887606247e+01 3.518841512792711512e+01 nan nan nan
6.580000000000000000e+02 3.594179018887606958e+01 3.518977876429089946e+01 nan nan nan
6.590000000000000000e+02 3.594179018887606247e+01 3.519114240065469090e+01 nan nan nan
6.600000000000000000e+02 3.594179018887605537e+01 3.519250603701846813e+01 nan nan nan
6.610000000000000000e+02 3.594179018887606958e+01 3.519386967338225247e+01 nan nan nan
6.620000000000000000e+02 3.594179018887606247e+01 3.519523330974602260e+01 nan nan nan
6.630000000000000000e+02 3.594179018887606247e+01 3.519659694610980694e+01 nan 1.000000000000000000e+00 nan
6.640000000000000000e+02 3.594179018887606247e+01 3.519796058247358417e+01 nan nan nan
6.650000000000000000e+02 3.594179018887606958e+01 3.519932421883736851e+01 1.000000000000000000e+00 1.000000000000000000e+00 1.000000000000000000e+00
6.660000000000000000e+02 3.594179018887606247e+01 3.520068785520114574e+01 1.000000000000000000e+00 1.000000000000000000e+00 1.000000000000000000e+00
6.670000000000000000e+02 3.594179018887606247e+01 3.520205149156493007e+01 nan 1.000000000000000000e+00 nan
6.680000000000000000e+02 3.594179018887606958e+01 3.520341512792870731e+01 1.000000000000000000e+00 1.000000000000000000e+00 1.000000000000000000e+00
6.690000000000000000e+02 3.594179018887606958e+01 3.520477876429248454e+01 nan nan nan
6.700000000000000000e+02 3.594179018887606247e+01 3.520614240065626177e+01 nan nan nan
6.710000000000000000e+02 3.594179018887606247e+01 3.520750603702005321e+01 nan nan nan
6.720000000000000000e+02 3.594179018887606247e+01 3.520886967338384466e+01 1.000000000000000000e+00 1.000000000000000000e+00 1.000000000000000000e+00
6.730000000000000000e+02 3.594179018887606958e+01 3.521023330974761478e+01 nan nan nan
6.740000000000000000e+02 3.594179018887606247e+01 3.521159694611139912e+01 1.000000000000000000e+00 nan nan
6.750000000000000000e+02 3.594179018887606247e+01 3.521296058247517635e+01 nan 1.000000000000000000e+00 nan
6.760000000000000000e+02 3.594179018887606958e+01 3.521432421883895358e+01 nan 1.000000000000000000e+00 nan
6.770000000000000000e+02 3.594179018887605537e+01 3.521568785520274503e+01 nan 1.000000000000000000e+00 nan
6.780000000000000000e+02 3.594179018887606958e+01 3.521705149156652226e+01 nan nan nan
6.790000000000000000e+02 3.594179018887606958e+01 3.521841512793029949e+01 nan 1.000000000000000000e+00 nan
6.800000000000000000e+02 3.594315382523969760e+01 3.517341512792553004e+01 nan nan nan
6.810000000000000000e+02 3.594315382523969760e+01 3.517477876428930017e+01 nan nan nan
6.820000000000000000e+02 3.594315382523970470e+01 3.517614240065309161e+01 nan nan nan
6.830000000000000000e+02 3.594315382523969760e+01 3.517750603701686885e+01 nan nan nan
6.840000000000000000e+02 3.594315382523969760e+01 3.517886967338066029e+01 nan nan nan
6.850000000000000000e+02 3.594315382523969760e+01 3.518023330974443752e+01 nan nan nan
6.860000000000000000e+02 3.594315382523970470e+01 3.518159694610821475e+01 nan nan nan
6.870000000000000000e+02 3.594315382523970470e+01 3.518296058247198488e+01 nan nan nan
6.880000000000000000e+02 3.594315382523970470e+01 3.518432421883577632e+01 nan nan nan
6.890000000000000000e+02 3.594315382523969760e+01 3.518568785519956066e+01 nan nan nan
6.900000000000000000e+02 3.594315382523969760e+01 3.518705149156333789e+01 nan nan nan
6.910000000000000000e+02 3.594315382523970470e+01 3.518841512792711512e+01 nan nan nan
6.920000000000000000e+02 3.594315382523970470e+01 3.518977876429089946e+01 nan nan nan
6.930000000000000000e+02 3.594315382523969049e+01 3.519114240065469090e+01 nan nan nan
6.940000000000000000e+02 3.594315382523969760e+01 3.519250603701846813e+01 nan nan nan
6.950000000000000000e+02 3.594315382523969760e+01 3.519386967338225958e+01 nan nan nan
6.960000000000000000e+02 3.594315382523969760e+01 3.519523330974602260e+01 nan nan nan
6.970000000000000000e+02 3.594315382523969760e+01 3.519659694610980694e+01 nan 1.000000000000000000e+00 nan
6.980000000000000000e+02 3.594315382523969760e+01 3.519796058247358417e+01 nan nan nan
6.990000000000000000e+02 3.594315382523970470e+01 3.519932421883736851e+01 nan 1.000000000000000000e+00 nan
7.000000000000000000e+02 3.594315382523969760e+01 3.520068785520114574e+01 1.000000000000000000e+00 1.000000000000000000e+00 1.000000000000000000e+00
7.010000000000000000e+02 3.594315382523971181e+01 3.520205149156493007e+01 1.000000000000000000e+00 1.000000000000000000e+00 1.000000000000000000e+00
7.020000000000000000e+02 3.594315382523969760e+01 3.520341512792870731e+01 nan nan nan
7.030000000000000000e+02 3.594315382523969760e+01 3.520477876429248454e+01 nan nan nan
7.040000000000000000e+02 3.594315382523969760e+01 3.520614240065626888e+01 nan nan nan
7.050000000000000000e+02 3.594315382523970470e+01 3.520750603702005321e+01 1.000000000000000000e+00 nan nan
7.060000000000000000e+02 3.594315382523969760e+01 3.520886967338384466e+01 nan nan nan
7.070000000000000000e+02 3.594315382523969760e+01 3.521023330974762899e+01 nan nan nan
7.080000000000000000e+02 3.594315382523969760e+01 3.521159694611139912e+01 nan nan nan
7.090000000000000000e+02 3.594315382523969760e+01 3.521296058247517635e+01 nan 1.000000000000000000e+00 nan
7.100000000000000000e+02 3.594315382523970470e+01 3.521432421883896779e+01 nan 1.000000000000000000e+00 nan
7.110000000000000000e+02 3.594315382523970470e+01 3.521568785520273792e+01 nan nan nan
7.120000000000000000e+02 3.594315382523969760e+01 3.521705149156652226e+01 nan nan nan
7.130000000000000000e+02 3.594315382523969049e+01 3.521841512793029949e+01 nan nan nan
7.140000000000000000e+02 3.594451746160333272e+01 3.517341512792553004e+01 nan nan nan
7.150000000000000000e+02 3.594451746160333272e+01 3.517477876428930017e+01 nan nan nan
7.160000000000000000e+02 3.594451746160333272e+01 3.517614240065309161e+01 nan nan nan
7.170000000000000000e+02 3.594451746160334693e+01 3.517750603701686885e+01 nan nan nan
7.180000000000000000e+02 3.594451746160333983e+01 3.517886967338066029e+01 nan nan nan
7.190000000000000000e+02 3.594451746160333983e+01 3.518023330974443752e+01 nan nan nan
7.200000000000000000e+02 3.594451746160333983e+01 3.518159694610821475e+01 nan nan nan
7.210000000000000000e+02 3.594451746160333983e+01 3.518296058247198488e+01 nan nan nan
7.220000000000000000e+02 3.594451746160333983e+01 3.518432421883577632e+01 nan nan nan
7.230000000000000000e+02 3.594451746160333983e+01 3.518568785519956066e+01 nan nan nan
7.240000000000000000e+02 3.594451746160333983e+01 3.518705149156333789e+01 nan nan nan
7.250000000000000000e+02 3.594451746160333983e+01 3.518841512792711512e+01 nan nan nan
7.260000000000000000e+02 3.594451746160333272e+01 3.518977876429089946e+01 nan nan nan
7.270000000000000000e+02 3.594451746160333983e+01 3.519114240065469090e+01 nan nan nan
7.280000000000000000e+02 3.594451746160333272e+01 3.519250603701846813e+01 nan nan nan
7.290000000000000000e+02 3.594451746160333272e+01 3.519386967338225958e+01 nan nan nan
7.300000000000000000e+02 3.594451746160334693e+01 3.519523330974602260e+01 nan nan nan
7.310000000000000000e+02 3.594451746160333983e+01 3.519659694610980694e+01 nan nan nan
7.320000000000000000e+02 3.594451746160333983e+01 3.519796058247358417e+01 nan 1.000000000000000000e+00 nan
7.330000000000000000e+02 3.594451746160333983e+01 3.519932421883736851e+01 nan 1.000000000000000000e+00 nan
7.340000000000000000e+02 3.594451746160333983e+01 3.520068785520114574e+01 nan 1.000000000000000000e+00 nan
7.350000000000000000e+02 3.594451746160333272e+01 3.520205149156493007e+01 1.000000000000000000e+00 1.000000000000000000e+00 1.000000000000000000e+00
7.360000000000000000e+02 3.594451746160333983e+01 3.520341512792870731e+01 nan nan nan
7.370000000000000000e+02 3.594451746160333272e+01 3.520477876429248454e+01 nan nan nan
7.380000000000000000e+02 3.594451746160334693e+01 3.520614240065626888e+01 1.000000000000000000e+00 nan nan
7.390000000000000000e+02 3.594451746160333983e+01 3.520750603702005321e+01 nan nan nan
7.400000000000000000e+02 3.594451746160333983e+01 3.520886967338384466e+01 nan nan nan
7.410000000000000000e+02 3.594451746160333272e+01 3.521023330974762899e+01 nan nan nan
7.420000000000000000e+02 3.594451746160333272e+01 3.521159694611139912e+01 nan nan nan
7.430000000000000000e+02 3.594451746160333983e+01 3.521296058247517635e+01 nan nan nan
7.440000000000000000e+02 3.594451746160333272e+01 3.521432421883896779e+01 nan nan nan
7.450000000000000000e+02 3.594451746160333272e+01 3.521568785520273792e+01 nan nan nan
7.460000000000000000e+02 3.594451746160333983e+01 3.521705149156652226e+01 nan nan nan
7.470000000000000000e+02 3.594451746160333272e+01 3.521841512793029949e+01 nan nan nan
7.480000000000000000e+02 3.594588109796698205e+01 3.517341512792553004e+01 nan nan nan
7.490000000000000000e+02 3.594588109796697495e+01 3.517477876428930728e+01 nan nan nan
7.500000000000000000e+02 3.594588109796697495e+01 3.517614240065309161e+01 nan nan nan
7.510000000000000000e+02 3.594588109796697495e+01 3.517750603701688306e+01 nan nan nan
7.520000000000000000e+02 3.594588109796698205e+01 3.517886967338066029e+01 nan nan nan
7.530000000000000000e+02 3.594588109796698205e+01 3.518023330974443752e+01 nan nan nan
7.540000000000000000e+02 3.594588109796697495e+01 3.518159694610820765e+01 nan nan nan
7.550000000000000000e+02 3.594588109796698205e+01 3.518296058247199198e+01 nan nan nan
7.560000000000000000e+02 3.594588109796697495e+01 3.518432421883577632e+01 nan nan nan
7.570000000000000000e+02 3.594588109796698916e+01 3.518568785519955355e+01 nan nan nan
7.580000000000000000e+02 3.594588109796698205e+01 3.518705149156333789e+01 nan nan nan
7.590000000000000000e+02 3.594588109796698205e+01 3.518841512792711512e+01 nan nan nan
7.600000000000000000e+02 3.594588109796697495e+01 3.518977876429089946e+01 nan nan nan
7.610000000000000000e+02 3.594588109796697495e+01 3.519114240065469090e+01 nan nan nan
7.620000000000000000e+02 3.594588109796698205e+01 3.519250603701846813e+01 nan 1.000000000000000000e+00 nan
7.630000000000000000e+02 3.594588109796698205e+01 3.519386967338225247e+01 nan 1.000000000000000000e+00 nan
7.640000000000000000e+02 3.594588109796697495e+01 3.519523330974602260e+01 nan nan nan
7.650000000000000000e+02 3.594588109796697495e+01 3.519659694610980694e+01 nan nan nan
7.660000000000000000e+02 3.594588109796697495e+01 3.519796058247358417e+01 nan 1.000000000000000000e+00 nan
7.670000000000000000e+02 3.594588109796697495e+01 3.519932421883736851e+01 nan 1.000000000000000000e+00 nan
7.680000000000000000e+02 3.594588109796698205e+01 3.520068785520114574e+01 nan 1.000000000000000000e+00 nan
7.690000000000000000e+02 3.594588109796697495e+01 3.520205149156493007e+01 nan 1.000000000000000000e+00 nan
7.700000000000000000e+02 3.594588109796697495e+01 3.520341512792870731e+01 nan nan nan
7.710000000000000000e+02 3.594588109796697495e+01 3.520477876429248454e+01 nan nan nan
7.720000000000000000e+02 3.594588109796697495e+01 3.520614240065626177e+01 nan nan nan
7.730000000000000000e+02 3.594588109796697495e+01 3.520750603702005321e+01 nan nan nan
7.740000000000000000e+02 3.594588109796697495e+01 3.520886967338384466e+01 1.000000000000000000e+00 nan nan
7.750000000000000000e+02 3.594588109796697495e+01 3.521023330974761478e+01 nan nan nan
7.760000000000000000e+02 3.594588109796698205e+01 3.521159694611139912e+01 nan nan nan
7.770000000000000000e+02 3.594588109796697495e+01 3.521296058247517635e+01 nan nan nan
7.780000000000000000e+02 3.594588109796698205e+01 3.521432421883895358e+01 nan nan nan
7.790000000000000000e+02 3.594588109796698205e+01 3.521568785520274503e+01 nan nan nan
7.800000000000000000e+02 3.594588109796697495e+01 3.521705149156652226e+01 nan nan nan
7.810000000000000000e+02 3.594588109796698205e+01 3.521841512793029949e+01 nan nan nan
