1.000000000000000000e+00 5.721576410547206670e-01
3.000000000000000000e+00 6.334951456310677909e-01
5.000000000000000000e+00 6.639437394276863635e-01
7.000000000000000000e+00 6.838906524859381664e-01
9.000000000000000000e+00 6.999963993705490273e-01
1.100000000000000000e+01 7.136574905216972464e-01
1.300000000000000000e+01 7.253837722534777210e-01
1.500000000000000000e+01 7.353491560389830983e-01
1.700000000000000000e+01 7.436591231003435443e-01
1.900000000000000000e+01 7.506263511715933756e-01
2.100000000000000000e+01 7.559807176598594136e-01
2.300000000000000000e+01 7.600882845318935876e-01
2.500000000000000000e+01 7.631003097188310269e-01
2.700000000000000000e+01 7.651070768485231932e-01
2.900000000000000000e+01 7.663381872746504175e-01
3.100000000000000000e+01 7.669265639600068019e-01
3.300000000000000000e+01 7.669893965445053752e-01
3.500000000000000000e+01 7.665865468966759355e-01
3.700000000000000000e+01 7.658656764810245487e-01
3.900000000000000000e+01 7.648496698381417325e-01
4.100000000000000000e+01 7.636208399819026660e-01
4.300000000000000000e+01 7.622972735045664416e-01
4.500000000000000000e+01 7.608459824350545242e-01
4.700000000000000000e+01 7.593384219457978146e-01
4.900000000000000000e+01 7.578192732182582603e-01
5.100000000000000000e+01 7.563081068522361505e-01
5.300000000000000000e+01 7.548907931058337351e-01
5.500000000000000000e+01 7.535942385335169247e-01
5.700000000000000000e+01 7.524099239925678972e-01
5.900000000000000000e+01 7.512781003717912132e-01
6.100000000000000000e+01 7.503085591617887351e-01
6.300000000000000000e+01 7.495050984855045062e-01
6.500000000000000000e+01 7.488689572271854944e-01
6.700000000000000000e+01 7.483969149198925752e-01
6.900000000000000000e+01 7.480794815739633119e-01
7.100000000000000000e+01 7.478419499967581263e-01
7.300000000000000000e+01 7.476158383932645091e-01
7.500000000000000000e+01 7.474357994079485756e-01
7.700000000000000000e+01 7.472187728705552701e-01
7.900000000000000000e+01 7.469318287643742504e-01
8.100000000000000000e+01 7.465360863729435525e-01
8.300000000000000000e+01 7.460373379715461439e-01
8.500000000000000000e+01 7.455019131781172037e-01
8.700000000000000000e+01 7.449287283346039956e-01
8.900000000000000000e+01 7.443093426763462972e-01
9.100000000000000000e+01 7.436055561837087158e-01
9.300000000000000000e+01 7.428314040233423565e-01
9.500000000000000000e+01 7.419946433097969196e-01
9.700000000000000000e+01 7.410397536565214160e-01
9.900000000000000000e+01 7.401358971118306984e-01
1.010000000000000000e+02 7.392919881169266461e-01
1.030000000000000000e+02 7.385544311423374308e-01
1.050000000000000000e+02 7.379127246460337464e-01
1.070000000000000000e+02 7.373732572546528585e-01
1.090000000000000000e+02 7.369506444655435917e-01
1.110000000000000000e+02 7.365785702477134489e-01
1.130000000000000000e+02 7.362749443442422326e-01
1.150000000000000000e+02 7.360185782993038384e-01
1.170000000000000000e+02 7.357584479217289530e-01
1.190000000000000000e+02 7.355096141453171255e-01
1.210000000000000000e+02 7.352719559416074357e-01
1.230000000000000000e+02 7.350646835182725880e-01
1.250000000000000000e+02 7.349081565370643165e-01
1.270000000000000000e+02 7.348034392809047466e-01
1.290000000000000000e+02 7.348034392809059678e-01
1.310000000000000000e+02 7.348034392809055237e-01
1.330000000000000000e+02 7.348034392809047466e-01
1.350000000000000000e+02 7.348034392809057458e-01
1.370000000000000000e+02 7.348034392809057458e-01
1.390000000000000000e+02 7.348034392809048576e-01
1.410000000000000000e+02 7.348034392809057458e-01
1.430000000000000000e+02 7.348034392809059678e-01
1.450000000000000000e+02 7.348034392809061899e-01
1.470000000000000000e+02 7.348034392809053017e-01
1.490000000000000000e+02 7.348034392809053017e-01
