1.000000000000000000e+00 3.360840210052513655e-01
3.000000000000000000e+00 4.058892969569780629e-01
5.000000000000000000e+00 4.408339340307183551e-01
7.000000000000000000e+00 4.625891736830670675e-01
9.000000000000000000e+00 4.797190555877531848e-01
1.100000000000000000e+01 4.950505261257326373e-01
1.300000000000000000e+01 5.092699644202488551e-01
1.500000000000000000e+01 5.229827258199988282e-01
1.700000000000000000e+01 5.362005262221698487e-01
1.900000000000000000e+01 5.488364935372667119e-01
2.100000000000000000e+01 5.610716106771520550e-01
2.300000000000000000e+01 5.730127642641216212e-01
2.500000000000000000e+01 5.847408786743402143e-01
2.700000000000000000e+01 5.962875565406511313e-01
2.900000000000000000e+01 6.075614949627403671e-01
3.100000000000000000e+01 6.185099784908565379e-01
3.300000000000000000e+01 6.291863841234015542e-01
3.500000000000000000e+01 6.396278290722449134e-01
3.700000000000000000e+01 6.499268063150562824e-01
3.900000000000000000e+01 6.601438151636649376e-01
4.100000000000000000e+01 6.703074467613034937e-01
4.300000000000000000e+01 6.803978283859952736e-01
4.500000000000000000e+01 6.905013162094348900e-01
4.700000000000000000e+01 7.006450548027073344e-01
4.900000000000000000e+01 7.108257736321047515e-01
5.100000000000000000e+01 7.209978835545591824e-01
5.300000000000000000e+01 7.311660353788023148e-01
5.500000000000000000e+01 7.412950750698299451e-01
5.700000000000000000e+01 7.513443628432147081e-01
5.900000000000000000e+01 7.612357542680381339e-01
6.100000000000000000e+01 7.708651226537428514e-01
6.300000000000000000e+01 7.801975643676205552e-01
6.500000000000000000e+01 7.892990694411771146e-01
6.700000000000000000e+01 7.980614579311000600e-01
6.900000000000000000e+01 8.065108917285767065e-01
7.100000000000000000e+01 8.147897554522969266e-01
7.300000000000000000e+01 8.227657120062520368e-01
7.500000000000000000e+01 8.304562012560202655e-01
7.700000000000000000e+01 8.378405605513891130e-01
7.900000000000000000e+01 8.449107050501072358e-01
8.100000000000000000e+01 8.516923677450716212e-01
8.300000000000000000e+01 8.581817975485068750e-01
8.500000000000000000e+01 8.643568870838712614e-01
8.700000000000000000e+01 8.702330249064353929e-01
8.900000000000000000e+01 8.758078010526220147e-01
9.100000000000000000e+01 8.810966273592983899e-01
9.300000000000000000e+01 8.861177702171360027e-01
9.500000000000000000e+01 8.907714891385937195e-01
9.700000000000000000e+01 8.950787778317569332e-01
9.900000000000000000e+01 8.990047551798061587e-01
1.010000000000000000e+02 9.025755171523329734e-01
1.030000000000000000e+02 9.057019347426590317e-01
1.050000000000000000e+02 9.084063284283339090e-01
1.070000000000000000e+02 9.107138617406249637e-01
1.090000000000000000e+02 9.127118713395091509e-01
1.110000000000000000e+02 9.144255353130180675e-01
1.130000000000000000e+02 9.157956392332419204e-01
1.150000000000000000e+02 9.168354173205907065e-01
1.170000000000000000e+02 9.175662058496540929e-01
1.190000000000000000e+02 9.180762153607624487e-01
1.210000000000000000e+02 9.184111798195969678e-01
1.230000000000000000e+02 9.185959776080954153e-01
1.250000000000000000e+02 9.186026390496940808e-01
1.270000000000000000e+02 9.184356336642338636e-01
1.290000000000000000e+02 9.181002806038117692e-01
1.310000000000000000e+02 9.176615088297646050e-01
1.330000000000000000e+02 9.171470192360067220e-01
1.350000000000000000e+02 9.165665149488871899e-01
1.370000000000000000e+02 9.159611587118047238e-01
1.390000000000000000e+02 9.153354616574391756e-01
1.410000000000000000e+02 9.146907169272375793e-01
1.430000000000000000e+02 9.140391966764682685e-01
1.450000000000000000e+02 9.134012337264920678e-01
1.470000000000000000e+02 9.127794690035158087e-01
1.490000000000000000e+02 9.121634139570835575e-01
