1.000000000000000000e+00 2.447879508521600966e-01
3.000000000000000000e+00 2.770626499292755396e-01
5.000000000000000000e+00 2.908046543003520723e-01
7.000000000000000000e+00 2.984590523044823307e-01
9.000000000000000000e+00 3.042283674199754984e-01
1.100000000000000000e+01 3.092897596496161361e-01
1.300000000000000000e+01 3.138885853378049484e-01
1.500000000000000000e+01 3.181896757590674252e-01
1.700000000000000000e+01 3.223171964275680645e-01
1.900000000000000000e+01 3.263211126996716782e-01
2.100000000000000000e+01 3.301899395678785654e-01
2.300000000000000000e+01 3.339355723504398021e-01
2.500000000000000000e+01 3.375871092628611736e-01
2.700000000000000000e+01 3.411749984955387838e-01
2.900000000000000000e+01 3.447048086339691286e-01
3.100000000000000000e+01 3.481919725042325053e-01
3.300000000000000000e+01 3.516542474771463533e-01
3.500000000000000000e+01 3.551039627717946789e-01
3.700000000000000000e+01 3.585468263413169598e-01
3.900000000000000000e+01 3.619925598896476249e-01
4.100000000000000000e+01 3.654479957210891028e-01
4.300000000000000000e+01 3.689183882925455293e-01
4.500000000000000000e+01 3.724151875266989986e-01
4.700000000000000000e+01 3.759461029818570443e-01
4.900000000000000000e+01 3.795154399622832075e-01
5.100000000000000000e+01 3.831283131127370956e-01
5.300000000000000000e+01 3.867870938851166729e-01
5.500000000000000000e+01 3.904937967544948041e-01
5.700000000000000000e+01 3.942544748866360083e-01
5.900000000000000000e+01 3.980766231338844774e-01
6.100000000000000000e+01 4.019644633316673543e-01
6.300000000000000000e+01 4.059214373884093563e-01
6.500000000000000000e+01 4.099497864074110876e-01
6.700000000000000000e+01 4.140424313597841355e-01
6.900000000000000000e+01 4.181990469668491750e-01
7.100000000000000000e+01 4.224196600374251487e-01
7.300000000000000000e+01 4.267034669641670552e-01
7.500000000000000000e+01 4.310439293236860703e-01
7.700000000000000000e+01 4.354418665992194626e-01
7.900000000000000000e+01 4.398982222717551238e-01
8.100000000000000000e+01 4.444005626870728420e-01
8.300000000000000000e+01 4.489463222632875672e-01
8.500000000000000000e+01 4.535356032268825777e-01
8.700000000000000000e+01 4.581559188406956196e-01
8.900000000000000000e+01 4.627992812841165149e-01
9.100000000000000000e+01 4.674681556086476286e-01
9.300000000000000000e+01 4.721555006086735062e-01
9.500000000000000000e+01 4.768587610521243247e-01
9.700000000000000000e+01 4.815717137920551005e-01
9.900000000000000000e+01 4.862736004514655042e-01
1.010000000000000000e+02 4.909594141386574018e-01
1.030000000000000000e+02 4.956210430358993779e-01
1.050000000000000000e+02 5.002573198049580228e-01
1.070000000000000000e+02 5.048747879295663044e-01
1.090000000000000000e+02 5.094677881774771766e-01
1.110000000000000000e+02 5.140098360423833723e-01
1.130000000000000000e+02 5.184930395307896234e-01
1.150000000000000000e+02 5.229205764841711179e-01
1.170000000000000000e+02 5.273005154183456611e-01
1.190000000000000000e+02 5.316236080212735082e-01
1.210000000000000000e+02 5.358932091807007136e-01
1.230000000000000000e+02 5.401144745936972136e-01
1.250000000000000000e+02 5.442866515396308502e-01
1.270000000000000000e+02 5.483715681929033359e-01
1.290000000000000000e+02 5.523701521905425293e-01
1.310000000000000000e+02 5.562766800082067364e-01
1.330000000000000000e+02 5.601108268178172089e-01
1.350000000000000000e+02 5.638763336780443503e-01
1.370000000000000000e+02 5.675779093618974480e-01
1.390000000000000000e+02 5.712150704720868610e-01
1.410000000000000000e+02 5.747853908760263142e-01
1.430000000000000000e+02 5.782795563892664248e-01
1.450000000000000000e+02 5.817020634228362574e-01
1.470000000000000000e+02 5.850539711252101815e-01
1.490000000000000000e+02 5.883382784909010343e-01
