1.000000000000000000e+00 1.074181117533719032e-01
3.000000000000000000e+00 1.188550904604994685e-01
5.000000000000000000e+00 1.244146890893469415e-01
7.000000000000000000e+00 1.279916844238865314e-01
9.000000000000000000e+00 1.304848058016234713e-01
1.100000000000000000e+01 1.322968314629509035e-01
1.300000000000000000e+01 1.336780069724439191e-01
1.500000000000000000e+01 1.347524303205444030e-01
1.700000000000000000e+01 1.355973878738074845e-01
1.900000000000000000e+01 1.362833275300145974e-01
2.100000000000000000e+01 1.368877780623204421e-01
2.300000000000000000e+01 1.374268667820501832e-01
2.500000000000000000e+01 1.379146357354261720e-01
2.700000000000000000e+01 1.383385480416542412e-01
2.900000000000000000e+01 1.386922690314787987e-01
3.100000000000000000e+01 1.389801227957100371e-01
3.300000000000000000e+01 1.392041680982135654e-01
3.500000000000000000e+01 1.393676690768501647e-01
3.700000000000000000e+01 1.394723972187208449e-01
3.900000000000000000e+01 1.395308805744328584e-01
4.100000000000000000e+01 1.395481139201931731e-01
4.300000000000000000e+01 1.395305784390233894e-01
4.500000000000000000e+01 1.394569055003122005e-01
4.700000000000000000e+01 1.393338657038686312e-01
4.900000000000000000e+01 1.391920981932003309e-01
5.100000000000000000e+01 1.390380503041188653e-01
5.300000000000000000e+01 1.388839314460379448e-01
5.500000000000000000e+01 1.387335020943747388e-01
5.700000000000000000e+01 1.385867318649396385e-01
5.900000000000000000e+01 1.384515489085377249e-01
6.100000000000000000e+01 1.383264713688104885e-01
6.300000000000000000e+01 1.382091876679303333e-01
6.500000000000000000e+01 1.380997511345969375e-01
6.700000000000000000e+01 1.379818840106061817e-01
6.900000000000000000e+01 1.378689280635466696e-01
7.100000000000000000e+01 1.377567002120996253e-01
7.300000000000000000e+01 1.376471450317039436e-01
7.500000000000000000e+01 1.375453036887951397e-01
7.700000000000000000e+01 1.374497387875359689e-01
7.900000000000000000e+01 1.373499773680197933e-01
8.100000000000000000e+01 1.372460567749960170e-01
8.300000000000000000e+01 1.371504827987625186e-01
8.500000000000000000e+01 1.370567045038108001e-01
8.700000000000000000e+01 1.369555517388614252e-01
8.900000000000000000e+01 1.368522322485281606e-01
9.100000000000000000e+01 1.367472710675962100e-01
9.300000000000000000e+01 1.366360935630862583e-01
9.500000000000000000e+01 1.365170504159135545e-01
9.700000000000000000e+01 1.363894864679815466e-01
9.900000000000000000e+01 1.362550168436209574e-01
1.010000000000000000e+02 1.361235593062481986e-01
1.030000000000000000e+02 1.359932738908943284e-01
1.050000000000000000e+02 1.358704551433004282e-01
1.070000000000000000e+02 1.357484186187526420e-01
1.090000000000000000e+02 1.356267824637263919e-01
1.110000000000000000e+02 1.355070058335284822e-01
1.130000000000000000e+02 1.353888020401616821e-01
1.150000000000000000e+02 1.352753896025067348e-01
1.170000000000000000e+02 1.351563382697498206e-01
1.190000000000000000e+02 1.350272552396460934e-01
1.210000000000000000e+02 1.348907068408116139e-01
1.230000000000000000e+02 1.347563699848037810e-01
1.250000000000000000e+02 1.346292513379562239e-01
1.270000000000000000e+02 1.345108382789380608e-01
1.290000000000000000e+02 1.344009144311670845e-01
1.310000000000000000e+02 1.343014375009852213e-01
1.330000000000000000e+02 1.342119593524913057e-01
1.350000000000000000e+02 1.341223423305319962e-01
1.370000000000000000e+02 1.340314756087453985e-01
1.390000000000000000e+02 1.339389104352762816e-01
1.410000000000000000e+02 1.338517292467752418e-01
1.430000000000000000e+02 1.337720285418249055e-01
1.450000000000000000e+02 1.336996235184476634e-01
1.470000000000000000e+02 1.336251913330970265e-01
1.490000000000000000e+02 1.335578581209642124e-01
