1.000000000000000000e+00 1.374021744839539760e-01
3.000000000000000000e+00 1.573736919061764494e-01
5.000000000000000000e+00 1.663711050146334802e-01
7.000000000000000000e+00 1.711442062452457336e-01
9.000000000000000000e+00 1.741976603803870871e-01
1.100000000000000000e+01 1.762984482892570037e-01
1.300000000000000000e+01 1.778775835102417435e-01
1.500000000000000000e+01 1.791183151035486976e-01
1.700000000000000000e+01 1.800944835704419988e-01
1.900000000000000000e+01 1.808830043673307353e-01
2.100000000000000000e+01 1.815528451569419222e-01
2.300000000000000000e+01 1.821783922746795792e-01
2.500000000000000000e+01 1.828064386702168420e-01
2.700000000000000000e+01 1.834176770803463974e-01
2.900000000000000000e+01 1.840359502633323041e-01
3.100000000000000000e+01 1.846909644617443780e-01
3.300000000000000000e+01 1.853982963534543948e-01
3.500000000000000000e+01 1.861841872419737198e-01
3.700000000000000000e+01 1.870707189537106352e-01
3.900000000000000000e+01 1.880506451600660878e-01
4.100000000000000000e+01 1.891387005735690741e-01
4.300000000000000000e+01 1.903353965852829788e-01
4.500000000000000000e+01 1.916343714181238944e-01
4.700000000000000000e+01 1.930110683373449376e-01
4.900000000000000000e+01 1.944529396156895462e-01
5.100000000000000000e+01 1.959607408229633307e-01
5.300000000000000000e+01 1.975365971578972868e-01
5.500000000000000000e+01 1.992008234223250351e-01
5.700000000000000000e+01 2.009508416256772234e-01
5.900000000000000000e+01 2.027791796351144926e-01
6.100000000000000000e+01 2.046632276720649068e-01
6.300000000000000000e+01 2.065901142679358315e-01
6.500000000000000000e+01 2.085757324686526859e-01
6.700000000000000000e+01 2.106231554717445942e-01
6.900000000000000000e+01 2.127378846176813942e-01
7.100000000000000000e+01 2.149183343159959403e-01
7.300000000000000000e+01 2.171380473112615173e-01
7.500000000000000000e+01 2.193968616964815377e-01
7.700000000000000000e+01 2.216939086306836115e-01
7.900000000000000000e+01 2.240232744266162923e-01
8.100000000000000000e+01 2.263842116202969823e-01
8.300000000000000000e+01 2.287864545161807373e-01
8.500000000000000000e+01 2.312140242135508617e-01
8.700000000000000000e+01 2.336652417721014618e-01
8.900000000000000000e+01 2.361465802271560666e-01
9.100000000000000000e+01 2.386607299774978763e-01
9.300000000000000000e+01 2.412097207436474378e-01
9.500000000000000000e+01 2.437938657708702550e-01
9.700000000000000000e+01 2.464232541982859237e-01
9.900000000000000000e+01 2.491012057576998950e-01
1.010000000000000000e+02 2.518320857961334758e-01
1.030000000000000000e+02 2.546127200118355471e-01
1.050000000000000000e+02 2.574451457681855571e-01
1.070000000000000000e+02 2.603312618136431889e-01
1.090000000000000000e+02 2.632721550917346276e-01
1.110000000000000000e+02 2.662641244694290421e-01
1.130000000000000000e+02 2.693077056556099080e-01
1.150000000000000000e+02 2.724037686253127921e-01
1.170000000000000000e+02 2.755563000143970154e-01
1.190000000000000000e+02 2.787658721421263364e-01
1.210000000000000000e+02 2.820339751470642975e-01
1.230000000000000000e+02 2.853742616456405035e-01
1.250000000000000000e+02 2.887906040796909268e-01
1.270000000000000000e+02 2.922831153695422124e-01
1.290000000000000000e+02 2.958390664776787693e-01
1.310000000000000000e+02 2.994565334628745967e-01
1.330000000000000000e+02 3.031355831516151511e-01
1.350000000000000000e+02 3.068739284896020436e-01
1.370000000000000000e+02 3.106730975815724660e-01
1.390000000000000000e+02 3.145279056846369548e-01
1.410000000000000000e+02 3.184333143142999978e-01
1.430000000000000000e+02 3.223823424536531590e-01
1.450000000000000000e+02 3.263711286296343550e-01
1.470000000000000000e+02 3.303953185034055329e-01
1.490000000000000000e+02 3.344492340379714435e-01
