1.000000000000000000e+00 1.221948067207143662e-01
3.000000000000000000e+00 1.382608766871971095e-01
5.000000000000000000e+00 1.452624042841751395e-01
7.000000000000000000e+00 1.488704913303220412e-01
9.000000000000000000e+00 1.512274311432872942e-01
1.100000000000000000e+01 1.530474578500452543e-01
1.300000000000000000e+01 1.545873843337461917e-01
1.500000000000000000e+01 1.559798740044606724e-01
1.700000000000000000e+01 1.573027921829243114e-01
1.900000000000000000e+01 1.585753594984751214e-01
2.100000000000000000e+01 1.598181123855170194e-01
2.300000000000000000e+01 1.610331587370991135e-01
2.500000000000000000e+01 1.622253518412033468e-01
2.700000000000000000e+01 1.634068714199102823e-01
2.900000000000000000e+01 1.645747992435023788e-01
3.100000000000000000e+01 1.657428979530680691e-01
3.300000000000000000e+01 1.669181754533658468e-01
3.500000000000000000e+01 1.681050088794775466e-01
3.700000000000000000e+01 1.693068807515093477e-01
3.900000000000000000e+01 1.705271738634267509e-01
4.100000000000000000e+01 1.717680091392961295e-01
4.300000000000000000e+01 1.730290339496323160e-01
4.500000000000000000e+01 1.743116763768670641e-01
4.700000000000000000e+01 1.756132123913339838e-01
4.900000000000000000e+01 1.769326188965756330e-01
5.100000000000000000e+01 1.782698285986109576e-01
5.300000000000000000e+01 1.796219559851475189e-01
5.500000000000000000e+01 1.809903435714038666e-01
5.700000000000000000e+01 1.823753037183908354e-01
5.900000000000000000e+01 1.837786697489260934e-01
6.100000000000000000e+01 1.851998829117269540e-01
6.300000000000000000e+01 1.866375255269137057e-01
6.500000000000000000e+01 1.880918074243942417e-01
6.700000000000000000e+01 1.895616932425628898e-01
6.900000000000000000e+01 1.910466151637667531e-01
7.100000000000000000e+01 1.925482974908190315e-01
7.300000000000000000e+01 1.940663062533762862e-01
7.500000000000000000e+01 1.956005156693411129e-01
7.700000000000000000e+01 1.971514988491259723e-01
7.900000000000000000e+01 1.987163907901230431e-01
8.100000000000000000e+01 2.002959114362482529e-01
8.300000000000000000e+01 2.018906889908822500e-01
8.500000000000000000e+01 2.035017283531733723e-01
8.700000000000000000e+01 2.051297417113550070e-01
8.900000000000000000e+01 2.067755356148684998e-01
9.100000000000000000e+01 2.084402584787340418e-01
9.300000000000000000e+01 2.101247323653623322e-01
9.500000000000000000e+01 2.118289796386528812e-01
9.700000000000000000e+01 2.135533826662268098e-01
9.900000000000000000e+01 2.152983621226683963e-01
1.010000000000000000e+02 2.170648846837125445e-01
1.030000000000000000e+02 2.188557211879637032e-01
1.050000000000000000e+02 2.206718117459492978e-01
1.070000000000000000e+02 2.225130125528699265e-01
1.090000000000000000e+02 2.243746639897229445e-01
1.110000000000000000e+02 2.262567313734171748e-01
1.130000000000000000e+02 2.281579374815821959e-01
1.150000000000000000e+02 2.300782425446826762e-01
1.170000000000000000e+02 2.320168237491188057e-01
1.190000000000000000e+02 2.339735387284989088e-01
1.210000000000000000e+02 2.359478981032716582e-01
1.230000000000000000e+02 2.379400950214036747e-01
1.250000000000000000e+02 2.399495395230366590e-01
1.270000000000000000e+02 2.419764766371033105e-01
1.290000000000000000e+02 2.440200415862969763e-01
1.310000000000000000e+02 2.460801545571984494e-01
1.330000000000000000e+02 2.481570412940821146e-01
1.350000000000000000e+02 2.502508444702294943e-01
1.370000000000000000e+02 2.523649417493495362e-01
1.390000000000000000e+02 2.544984985553806478e-01
1.410000000000000000e+02 2.566506833710793245e-01
1.430000000000000000e+02 2.588228304393718204e-01
1.450000000000000000e+02 2.610136676924863508e-01
1.470000000000000000e+02 2.632233577438707339e-01
1.490000000000000000e+02 2.654513160850465736e-01
