1.000000000000000000e+00 1.875532821824377194e-02
3.000000000000000000e+00 1.922735475622361356e-02
5.000000000000000000e+00 1.949253650126714366e-02
7.000000000000000000e+00 1.970807511158401137e-02
9.000000000000000000e+00 1.989758699908172890e-02
1.100000000000000000e+01 2.006857185586763404e-02
1.300000000000000000e+01 2.021796211870796611e-02
1.500000000000000000e+01 2.034821400194819496e-02
1.700000000000000000e+01 2.046288214029146069e-02
1.900000000000000000e+01 2.056611351677339883e-02
2.100000000000000000e+01 2.066241571621341144e-02
2.300000000000000000e+01 2.075507209882820892e-02
2.500000000000000000e+01 2.084503134501713983e-02
2.700000000000000000e+01 2.093310146406701655e-02
2.900000000000000000e+01 2.101999816576693991e-02
3.100000000000000000e+01 2.110559440689119270e-02
3.300000000000000000e+01 2.118887255308643525e-02
3.500000000000000000e+01 2.126935431642029695e-02
3.700000000000000000e+01 2.134626462402811065e-02
3.900000000000000000e+01 2.141905951619615944e-02
4.100000000000000000e+01 2.148682572125260037e-02
4.300000000000000000e+01 2.154901416528898217e-02
4.500000000000000000e+01 2.160656859315901457e-02
4.700000000000000000e+01 2.165933064773761796e-02
4.900000000000000000e+01 2.170673762486841074e-02
5.100000000000000000e+01 2.174895679157884398e-02
5.300000000000000000e+01 2.178618410982513520e-02
5.500000000000000000e+01 2.181813966175172315e-02
5.700000000000000000e+01 2.184440353522854039e-02
5.900000000000000000e+01 2.186471724005423223e-02
6.100000000000000000e+01 2.187886116518278357e-02
6.300000000000000000e+01 2.188655349369938996e-02
6.500000000000000000e+01 2.188744807572817752e-02
6.700000000000000000e+01 2.188112213521498095e-02
6.900000000000000000e+01 2.186741254068935714e-02
7.100000000000000000e+01 2.184615339603912521e-02
7.300000000000000000e+01 2.181730336981480001e-02
7.500000000000000000e+01 2.177877683239881623e-02
7.700000000000000000e+01 2.173046038248871437e-02
7.900000000000000000e+01 2.167277909615250575e-02
8.100000000000000000e+01 2.160625613070310536e-02
8.300000000000000000e+01 2.153187049485572047e-02
8.500000000000000000e+01 2.145056036471326699e-02
8.700000000000000000e+01 2.136234128571534718e-02
8.900000000000000000e+01 2.126710896814731910e-02
9.100000000000000000e+01 2.116627844156349081e-02
9.300000000000000000e+01 2.105964790476666515e-02
9.500000000000000000e+01 2.094776341521975560e-02
9.700000000000000000e+01 2.083171871146349829e-02
9.900000000000000000e+01 2.071255295498575233e-02
1.010000000000000000e+02 2.059018849331617496e-02
1.030000000000000000e+02 2.046522503841741170e-02
1.050000000000000000e+02 2.033858941073318771e-02
1.070000000000000000e+02 2.021131336647086219e-02
1.090000000000000000e+02 2.008275050576135978e-02
1.110000000000000000e+02 1.995332961438245345e-02
1.130000000000000000e+02 1.982277689263856058e-02
1.150000000000000000e+02 1.969196771541048552e-02
1.170000000000000000e+02 1.956113931822645036e-02
1.190000000000000000e+02 1.943071111691874187e-02
1.210000000000000000e+02 1.930063867190257021e-02
1.230000000000000000e+02 1.917113059031816391e-02
1.250000000000000000e+02 1.904213715056457534e-02
1.270000000000000000e+02 1.891374805898693445e-02
1.290000000000000000e+02 1.878556539269926606e-02
1.310000000000000000e+02 1.865785027319222245e-02
1.330000000000000000e+02 1.853071500522807113e-02
1.350000000000000000e+02 1.840351831798892057e-02
1.370000000000000000e+02 1.827640794847207317e-02
1.390000000000000000e+02 1.814946263128203174e-02
1.410000000000000000e+02 1.802345145727224374e-02
1.430000000000000000e+02 1.789842158030163777e-02
1.450000000000000000e+02 1.777403594896032057e-02
1.470000000000000000e+02 1.765002496319367786e-02
1.490000000000000000e+02 1.752643435106193692e-02
