1.000000000000000000e+00 1.423335025094456530e-01
3.000000000000000000e+00 1.602863016446048894e-01
5.000000000000000000e+00 1.689141907736240178e-01
7.000000000000000000e+00 1.747863078081814958e-01
9.000000000000000000e+00 1.800135846462264100e-01
1.100000000000000000e+01 1.851733629366276723e-01
1.300000000000000000e+01 1.904210848207696927e-01
1.500000000000000000e+01 1.957434200020626847e-01
1.700000000000000000e+01 2.011696435372989367e-01
1.900000000000000000e+01 2.067497101007148563e-01
2.100000000000000000e+01 2.125123297042613713e-01
2.300000000000000000e+01 2.184677165448966063e-01
2.500000000000000000e+01 2.246315965768763689e-01
2.700000000000000000e+01 2.310263976177311385e-01
2.900000000000000000e+01 2.376676992258203169e-01
3.100000000000000000e+01 2.445756269874275191e-01
3.300000000000000000e+01 2.517601306125011318e-01
3.500000000000000000e+01 2.592208395714942215e-01
3.700000000000000000e+01 2.669647207479994844e-01
3.900000000000000000e+01 2.750005862530373602e-01
4.100000000000000000e+01 2.833249467458313076e-01
4.300000000000000000e+01 2.919202094058115371e-01
4.500000000000000000e+01 3.007669865788294983e-01
4.700000000000000000e+01 3.098562930513848457e-01
4.900000000000000000e+01 3.191733403350207610e-01
5.100000000000000000e+01 3.287003050206397381e-01
5.300000000000000000e+01 3.384195359562127692e-01
5.500000000000000000e+01 3.483090494870781928e-01
5.700000000000000000e+01 3.583448937997465444e-01
5.900000000000000000e+01 3.685168688430235928e-01
6.100000000000000000e+01 3.788079650372292440e-01
6.300000000000000000e+01 3.892026680730554800e-01
6.500000000000000000e+01 3.996880335345444069e-01
6.700000000000000000e+01 4.102420879308096291e-01
6.900000000000000000e+01 4.208483333825642214e-01
7.100000000000000000e+01 4.314920245748937733e-01
7.300000000000000000e+01 4.421460549104668791e-01
7.500000000000000000e+01 4.527923795042791966e-01
7.700000000000000000e+01 4.634106283121997016e-01
7.900000000000000000e+01 4.739811897098822335e-01
8.100000000000000000e+01 4.844873969855653106e-01
8.300000000000000000e+01 4.949111323754884495e-01
8.500000000000000000e+01 5.052402421003676647e-01
8.700000000000000000e+01 5.154518819971918298e-01
8.900000000000000000e+01 5.255308679838186503e-01
9.100000000000000000e+01 5.354644435908542111e-01
9.300000000000000000e+01 5.452396982503960876e-01
9.500000000000000000e+01 5.548446872380639050e-01
9.700000000000000000e+01 5.642760397085860857e-01
9.900000000000000000e+01 5.735302603621266204e-01
1.010000000000000000e+02 5.825984903095788869e-01
1.030000000000000000e+02 5.914789504925856978e-01
1.050000000000000000e+02 6.001735047518370614e-01
1.070000000000000000e+02 6.086756617912527645e-01
1.090000000000000000e+02 6.169815549703762114e-01
1.110000000000000000e+02 6.250923766806852910e-01
1.130000000000000000e+02 6.330040966076810882e-01
1.150000000000000000e+02 6.407222447979541435e-01
1.170000000000000000e+02 6.482513297228671423e-01
1.190000000000000000e+02 6.555993799680692735e-01
1.210000000000000000e+02 6.627672893466380888e-01
1.230000000000000000e+02 6.697613597587739331e-01
1.250000000000000000e+02 6.765876249807066811e-01
1.270000000000000000e+02 6.832448174169410970e-01
1.290000000000000000e+02 6.897401182511251339e-01
1.310000000000000000e+02 6.960801668537450748e-01
1.330000000000000000e+02 7.022731594619575635e-01
1.350000000000000000e+02 7.083243120125273240e-01
1.370000000000000000e+02 7.142425572149428969e-01
1.390000000000000000e+02 7.200317594578804492e-01
1.410000000000000000e+02 7.257015486982886232e-01
1.430000000000000000e+02 7.312594910766148093e-01
1.450000000000000000e+02 7.367040859816513798e-01
1.470000000000000000e+02 7.420348283119762023e-01
1.490000000000000000e+02 7.472556040597554405e-01
