1.000000000000000000e+00 5.476249965298021216e-01
3.000000000000000000e+00 5.668990823078482455e-01
5.000000000000000000e+00 5.768127519654130397e-01
7.000000000000000000e+00 5.842983338217688782e-01
9.000000000000000000e+00 5.910086601218031976e-01
1.100000000000000000e+01 5.973914613967232778e-01
1.300000000000000000e+01 6.035965662479820804e-01
1.500000000000000000e+01 6.096935701257598650e-01
1.700000000000000000e+01 6.156930616763165443e-01
1.900000000000000000e+01 6.216036415543801930e-01
2.100000000000000000e+01 6.274353269213204243e-01
2.300000000000000000e+01 6.331950355471909209e-01
2.500000000000000000e+01 6.388799233727744387e-01
2.700000000000000000e+01 6.444940318390818268e-01
2.900000000000000000e+01 6.500473554766041939e-01
3.100000000000000000e+01 6.555507947356271625e-01
3.300000000000000000e+01 6.610160530703752535e-01
3.500000000000000000e+01 6.664572737820677606e-01
3.700000000000000000e+01 6.718850494880836965e-01
3.900000000000000000e+01 6.773029623311007663e-01
4.100000000000000000e+01 6.827124199780598701e-01
4.300000000000000000e+01 6.881109073794917652e-01
4.500000000000000000e+01 6.934919920458904041e-01
4.700000000000000000e+01 6.988520146924943610e-01
4.900000000000000000e+01 7.041881743636898561e-01
5.100000000000000000e+01 7.094949609632842380e-01
5.300000000000000000e+01 7.147662317380669705e-01
5.500000000000000000e+01 7.199956659117217050e-01
5.700000000000000000e+01 7.251694010111757738e-01
5.900000000000000000e+01 7.302818286875978337e-01
6.100000000000000000e+01 7.353282601278586794e-01
6.300000000000000000e+01 7.403027582343071344e-01
6.500000000000000000e+01 7.451988722008726640e-01
6.700000000000000000e+01 7.500112742752413908e-01
6.900000000000000000e+01 7.547364921909769375e-01
7.100000000000000000e+01 7.593667716097894926e-01
7.300000000000000000e+01 7.639007847706477117e-01
7.500000000000000000e+01 7.683380044610346182e-01
7.700000000000000000e+01 7.726762057845760756e-01
7.900000000000000000e+01 7.769143614948996746e-01
8.100000000000000000e+01 7.810502120209188437e-01
8.300000000000000000e+01 7.850829746207619309e-01
8.500000000000000000e+01 7.890118614514716189e-01
8.700000000000000000e+01 7.928344246629455139e-01
8.900000000000000000e+01 7.965507768100272834e-01
9.100000000000000000e+01 8.001611053424639852e-01
9.300000000000000000e+01 8.036670018923798287e-01
9.500000000000000000e+01 8.070714080419225667e-01
9.700000000000000000e+01 8.103753646830288426e-01
9.900000000000000000e+01 8.135811212140636739e-01
1.010000000000000000e+02 8.166903322581110514e-01
1.030000000000000000e+02 8.197039479039878174e-01
1.050000000000000000e+02 8.226228282043530626e-01
1.070000000000000000e+02 8.254495420990342058e-01
1.090000000000000000e+02 8.281859642935294197e-01
1.110000000000000000e+02 8.308350975032796626e-01
1.130000000000000000e+02 8.333995800852455060e-01
1.150000000000000000e+02 8.358826723308970807e-01
1.170000000000000000e+02 8.382874719226098836e-01
1.190000000000000000e+02 8.406167533995845265e-01
1.210000000000000000e+02 8.428739474966839840e-01
1.230000000000000000e+02 8.450627448672685116e-01
1.250000000000000000e+02 8.471863216965714871e-01
1.270000000000000000e+02 8.492484659219923238e-01
1.290000000000000000e+02 8.512528726402889268e-01
1.310000000000000000e+02 8.532032995548755050e-01
1.330000000000000000e+02 8.551033736954466447e-01
1.350000000000000000e+02 8.569571849274497666e-01
1.370000000000000000e+02 8.587685940755849234e-01
1.390000000000000000e+02 8.605406347728570271e-01
1.410000000000000000e+02 8.622768982052474440e-01
1.430000000000000000e+02 8.639752478755183818e-01
1.450000000000000000e+02 8.656388674168710162e-01
1.470000000000000000e+02 8.672665545433798640e-01
1.490000000000000000e+02 8.688594655211889783e-01
