1.000000000000000000e+00 2.465046830460160265e-02
3.000000000000000000e+00 2.500993658321315483e-02
5.000000000000000000e+00 2.511287332911471548e-02
7.000000000000000000e+00 2.515402540436761925e-02
9.000000000000000000e+00 2.515456991357489791e-02
1.100000000000000000e+01 2.512550760918641490e-02
1.300000000000000000e+01 2.507583966834248113e-02
1.500000000000000000e+01 2.501696838210409890e-02
1.700000000000000000e+01 2.495391993400064568e-02
1.900000000000000000e+01 2.488080777646051178e-02
2.100000000000000000e+01 2.479668071218044112e-02
2.300000000000000000e+01 2.470481461685125613e-02
2.500000000000000000e+01 2.460343047088586754e-02
2.700000000000000000e+01 2.448986317714640926e-02
2.900000000000000000e+01 2.435939847934076585e-02
3.100000000000000000e+01 2.421057459799780265e-02
3.300000000000000000e+01 2.404216217188648308e-02
3.500000000000000000e+01 2.385615500124715904e-02
3.700000000000000000e+01 2.365215905282092024e-02
3.900000000000000000e+01 2.343310605498305499e-02
4.100000000000000000e+01 2.320329508614316083e-02
4.300000000000000000e+01 2.296871809220202287e-02
4.500000000000000000e+01 2.272997281989963536e-02
4.700000000000000000e+01 2.248946363821624495e-02
4.900000000000000000e+01 2.224730359133042512e-02
5.100000000000000000e+01 2.200434329985512250e-02
5.300000000000000000e+01 2.176083980111331861e-02
5.500000000000000000e+01 2.151602571870192548e-02
5.700000000000000000e+01 2.127094878780311227e-02
5.900000000000000000e+01 2.102679249595340583e-02
6.100000000000000000e+01 2.078325990353036001e-02
6.300000000000000000e+01 2.054308606989452279e-02
6.500000000000000000e+01 2.030730505990241408e-02
6.700000000000000000e+01 2.007642389360919655e-02
6.900000000000000000e+01 1.984928265708851836e-02
7.100000000000000000e+01 1.962564995137960899e-02
7.300000000000000000e+01 1.940567890510047633e-02
7.500000000000000000e+01 1.919000732611109150e-02
7.700000000000000000e+01 1.897825863146485048e-02
7.900000000000000000e+01 1.877079145898297163e-02
8.100000000000000000e+01 1.856747556569715574e-02
8.300000000000000000e+01 1.836927356540662970e-02
8.500000000000000000e+01 1.817632644029643085e-02
8.700000000000000000e+01 1.798786408157859729e-02
8.900000000000000000e+01 1.780462084790401800e-02
9.100000000000000000e+01 1.762656496079151314e-02
9.300000000000000000e+01 1.745069540863841695e-02
9.500000000000000000e+01 1.727840910425515464e-02
9.700000000000000000e+01 1.710787305661376489e-02
9.900000000000000000e+01 1.693923277773912162e-02
1.010000000000000000e+02 1.677257720650671136e-02
1.030000000000000000e+02 1.660724224289800155e-02
1.050000000000000000e+02 1.644327652800225970e-02
1.070000000000000000e+02 1.628258258275228076e-02
1.090000000000000000e+02 1.612664968651211783e-02
1.110000000000000000e+02 1.597292214196155413e-02
1.130000000000000000e+02 1.582141974001050055e-02
1.150000000000000000e+02 1.567338687807295905e-02
1.170000000000000000e+02 1.552991287096472384e-02
1.190000000000000000e+02 1.538968171942711738e-02
1.210000000000000000e+02 1.525462030467306107e-02
1.230000000000000000e+02 1.512445242312576710e-02
1.250000000000000000e+02 1.499852870877649291e-02
1.270000000000000000e+02 1.487747476062972751e-02
1.290000000000000000e+02 1.476097703568080011e-02
1.310000000000000000e+02 1.464873368016872401e-02
1.330000000000000000e+02 1.454057698282951172e-02
1.350000000000000000e+02 1.443635810185195378e-02
1.370000000000000000e+02 1.433653301089921062e-02
1.390000000000000000e+02 1.424093005883020346e-02
1.410000000000000000e+02 1.414935276122830654e-02
1.430000000000000000e+02 1.406166385961871157e-02
1.450000000000000000e+02 1.397778202586297258e-02
1.470000000000000000e+02 1.389755567115280588e-02
1.490000000000000000e+02 1.382090410793745949e-02
