1.000000000000000000e+00 8.122205663189274727e-02
3.000000000000000000e+00 9.070448555292442983e-02
5.000000000000000000e+00 9.500142630967423063e-02
7.000000000000000000e+00 9.762187446077585928e-02
9.000000000000000000e+00 9.961117319448820062e-02
1.100000000000000000e+01 1.013077221723226451e-01
1.300000000000000000e+01 1.027968540491869254e-01
1.500000000000000000e+01 1.041176852235355943e-01
1.700000000000000000e+01 1.053138192249536420e-01
1.900000000000000000e+01 1.064144775176749658e-01
2.100000000000000000e+01 1.074326017506431752e-01
2.300000000000000000e+01 1.083821775967612755e-01
2.500000000000000000e+01 1.092778871837160048e-01
2.700000000000000000e+01 1.101323617626440710e-01
2.900000000000000000e+01 1.109558694042135363e-01
3.100000000000000000e+01 1.117609230188161273e-01
3.300000000000000000e+01 1.125628073754351144e-01
3.500000000000000000e+01 1.133698569914131093e-01
3.700000000000000000e+01 1.141873570823190853e-01
3.900000000000000000e+01 1.150168583451702808e-01
4.100000000000000000e+01 1.158584838806401285e-01
4.300000000000000000e+01 1.167135554842313461e-01
4.500000000000000000e+01 1.175823077640778536e-01
4.700000000000000000e+01 1.184648424388135002e-01
4.900000000000000000e+01 1.193586897490674925e-01
5.100000000000000000e+01 1.202630108063043046e-01
5.300000000000000000e+01 1.211785266790088578e-01
5.500000000000000000e+01 1.221086155130154394e-01
5.700000000000000000e+01 1.230512006796824487e-01
5.900000000000000000e+01 1.240041658372810218e-01
6.100000000000000000e+01 1.249654186784792120e-01
6.300000000000000000e+01 1.259336869905853806e-01
6.500000000000000000e+01 1.269056881508506818e-01
6.700000000000000000e+01 1.278789496421449678e-01
6.900000000000000000e+01 1.288494254509799930e-01
7.100000000000000000e+01 1.298158576064707415e-01
7.300000000000000000e+01 1.307783397941271186e-01
7.500000000000000000e+01 1.317371106189672014e-01
7.700000000000000000e+01 1.326949699509142322e-01
7.900000000000000000e+01 1.336514038517927494e-01
8.100000000000000000e+01 1.346059802501619052e-01
8.300000000000000000e+01 1.355597992420435327e-01
8.500000000000000000e+01 1.365130358069064354e-01
8.700000000000000000e+01 1.374640443745420715e-01
8.900000000000000000e+01 1.384138539505322951e-01
9.100000000000000000e+01 1.393641739353480569e-01
9.300000000000000000e+01 1.403153845938848177e-01
9.500000000000000000e+01 1.412689543648134594e-01
9.700000000000000000e+01 1.422275244767414737e-01
9.900000000000000000e+01 1.431924722720255838e-01
1.010000000000000000e+02 1.441648589423182303e-01
1.030000000000000000e+02 1.451451131318108878e-01
1.050000000000000000e+02 1.461336492227574002e-01
1.070000000000000000e+02 1.471307416457149353e-01
1.090000000000000000e+02 1.481345036983208185e-01
1.110000000000000000e+02 1.491456272053786059e-01
1.130000000000000000e+02 1.501647569452868591e-01
1.150000000000000000e+02 1.511925972497258908e-01
1.170000000000000000e+02 1.522292956865446412e-01
1.190000000000000000e+02 1.532760374113717461e-01
1.210000000000000000e+02 1.543339625807040871e-01
1.230000000000000000e+02 1.554017688875740655e-01
1.250000000000000000e+02 1.564784371248096884e-01
1.270000000000000000e+02 1.575639745124300939e-01
1.290000000000000000e+02 1.586483485214499334e-01
1.310000000000000000e+02 1.597315581605888157e-01
1.330000000000000000e+02 1.608118274964387417e-01
1.350000000000000000e+02 1.618891791167139660e-01
1.370000000000000000e+02 1.629636827878682137e-01
1.390000000000000000e+02 1.640366409996912855e-01
1.410000000000000000e+02 1.651078460301134143e-01
1.430000000000000000e+02 1.661772376931648365e-01
1.450000000000000000e+02 1.672449063649793510e-01
1.470000000000000000e+02 1.683099208273581837e-01
1.490000000000000000e+02 1.693722474210377360e-01
