1.000000000000000000e+00 1.048514289319285586e-01
3.000000000000000000e+00 1.192843503828857621e-01
5.000000000000000000e+00 1.254500214768621280e-01
7.000000000000000000e+00 1.285756233775454671e-01
9.000000000000000000e+00 1.305068668321393011e-01
1.100000000000000000e+01 1.320065732223544286e-01
1.300000000000000000e+01 1.333678578164839701e-01
1.500000000000000000e+01 1.346688308706225357e-01
1.700000000000000000e+01 1.359188422660448925e-01
1.900000000000000000e+01 1.371378724771047386e-01
2.100000000000000000e+01 1.383311439365725315e-01
2.300000000000000000e+01 1.394856042414099884e-01
2.500000000000000000e+01 1.406137271732801342e-01
2.700000000000000000e+01 1.417262900740123843e-01
2.900000000000000000e+01 1.428369355553975595e-01
3.100000000000000000e+01 1.439511199427631061e-01
3.300000000000000000e+01 1.450725791492178951e-01
3.500000000000000000e+01 1.462066047680226077e-01
3.700000000000000000e+01 1.473590319448956354e-01
3.900000000000000000e+01 1.485328848775583355e-01
4.100000000000000000e+01 1.497303557633925530e-01
4.300000000000000000e+01 1.509526033502046616e-01
4.500000000000000000e+01 1.521996631165458691e-01
4.700000000000000000e+01 1.534736784744138438e-01
4.900000000000000000e+01 1.547744211277671811e-01
5.100000000000000000e+01 1.561041006539116704e-01
5.300000000000000000e+01 1.574644425378484147e-01
5.500000000000000000e+01 1.588458777538851452e-01
5.700000000000000000e+01 1.602495886706372108e-01
5.900000000000000000e+01 1.616780891838631717e-01
6.100000000000000000e+01 1.631320041390225128e-01
6.300000000000000000e+01 1.646104831535822877e-01
6.500000000000000000e+01 1.661121770641083017e-01
6.700000000000000000e+01 1.676381829536784940e-01
6.900000000000000000e+01 1.691881105395030005e-01
7.100000000000000000e+01 1.707587485126748073e-01
7.300000000000000000e+01 1.723460308371399519e-01
7.500000000000000000e+01 1.739512047996466526e-01
7.700000000000000000e+01 1.755746840737059111e-01
7.900000000000000000e+01 1.772198360621305424e-01
8.100000000000000000e+01 1.788855674681931740e-01
8.300000000000000000e+01 1.805715460720771492e-01
8.500000000000000000e+01 1.822783857270421359e-01
8.700000000000000000e+01 1.840064208193548101e-01
8.900000000000000000e+01 1.857562663247193102e-01
9.100000000000000000e+01 1.875285378131641423e-01
9.300000000000000000e+01 1.893187384850950616e-01
9.500000000000000000e+01 1.911260663439581231e-01
9.700000000000000000e+01 1.929540659850796924e-01
9.900000000000000000e+01 1.948027334824883328e-01
1.010000000000000000e+02 1.966726372726183003e-01
1.030000000000000000e+02 1.985644979079563832e-01
1.050000000000000000e+02 2.004798862990834207e-01
1.070000000000000000e+02 2.024177595567931975e-01
1.090000000000000000e+02 2.043806218395557428e-01
1.110000000000000000e+02 2.063684856762716402e-01
1.130000000000000000e+02 2.083820546753479830e-01
1.150000000000000000e+02 2.104229440232062709e-01
1.170000000000000000e+02 2.124895564965586514e-01
1.190000000000000000e+02 2.145818460423701834e-01
1.210000000000000000e+02 2.166992010560598869e-01
1.230000000000000000e+02 2.188422248654946500e-01
1.250000000000000000e+02 2.210087427257998449e-01
1.270000000000000000e+02 2.232023529517749294e-01
1.290000000000000000e+02 2.254259702490281070e-01
1.310000000000000000e+02 2.276804680525771341e-01
1.330000000000000000e+02 2.299607441161192201e-01
1.350000000000000000e+02 2.322676085259404166e-01
1.370000000000000000e+02 2.346027532412167105e-01
1.390000000000000000e+02 2.369663502734069560e-01
1.410000000000000000e+02 2.393586801389309127e-01
1.430000000000000000e+02 2.417796728330834366e-01
1.450000000000000000e+02 2.442300072839560521e-01
1.470000000000000000e+02 2.467167531619617327e-01
1.490000000000000000e+02 2.492397173734381965e-01
