1.000000000000000000e+00 7.943874797625483097e-03
3.000000000000000000e+00 8.265270947123481982e-03
5.000000000000000000e+00 8.440412068899783016e-03
7.000000000000000000e+00 8.604146996623152077e-03
9.000000000000000000e+00 8.781783372232676577e-03
1.100000000000000000e+01 8.953473125656752352e-03
1.300000000000000000e+01 9.111831951063908974e-03
1.500000000000000000e+01 9.258417612335589908e-03
1.700000000000000000e+01 9.395979360476425235e-03
1.900000000000000000e+01 9.522465837445870385e-03
2.100000000000000000e+01 9.639437373715198376e-03
2.300000000000000000e+01 9.750206605023681306e-03
2.500000000000000000e+01 9.857409426680896480e-03
2.700000000000000000e+01 9.963883137744544705e-03
2.900000000000000000e+01 1.007035738663208946e-02
3.100000000000000000e+01 1.017711221241102137e-02
3.300000000000000000e+01 1.028461466640817612e-02
3.500000000000000000e+01 1.039256762536566736e-02
3.700000000000000000e+01 1.050110569394191451e-02
3.900000000000000000e+01 1.061022740607719950e-02
4.100000000000000000e+01 1.071972677518362449e-02
4.300000000000000000e+01 1.082934017053505116e-02
4.500000000000000000e+01 1.093903074476731963e-02
4.700000000000000000e+01 1.104869211466963375e-02
4.900000000000000000e+01 1.115808841222554193e-02
5.100000000000000000e+01 1.126716841678754299e-02
5.300000000000000000e+01 1.137602088405142986e-02
5.500000000000000000e+01 1.148477803816660980e-02
5.700000000000000000e+01 1.159353815222474715e-02
5.900000000000000000e+01 1.170192810785886106e-02
6.100000000000000000e+01 1.180997617616363904e-02
6.300000000000000000e+01 1.191765031256308838e-02
6.500000000000000000e+01 1.202480173602660241e-02
6.700000000000000000e+01 1.213147668775160781e-02
6.900000000000000000e+01 1.223786637253354570e-02
7.100000000000000000e+01 1.234404347396389490e-02
7.300000000000000000e+01 1.244996009702914463e-02
7.500000000000000000e+01 1.255566614315362095e-02
7.700000000000000000e+01 1.266131631855971218e-02
7.900000000000000000e+01 1.276674044910652839e-02
8.100000000000000000e+01 1.287203448392493232e-02
8.300000000000000000e+01 1.297737656526831707e-02
8.500000000000000000e+01 1.308288508836885633e-02
8.700000000000000000e+01 1.318866511650240714e-02
8.900000000000000000e+01 1.329448149683642999e-02
9.100000000000000000e+01 1.340040828966659880e-02
9.300000000000000000e+01 1.350653064361873046e-02
9.500000000000000000e+01 1.361336183799199961e-02
9.700000000000000000e+01 1.372095527707217766e-02
9.900000000000000000e+01 1.382935343636981784e-02
1.010000000000000000e+02 1.393794777212808977e-02
1.030000000000000000e+02 1.404693671685852685e-02
1.050000000000000000e+02 1.415661453899630384e-02
1.070000000000000000e+02 1.426708475364979467e-02
1.090000000000000000e+02 1.437841684205332093e-02
1.110000000000000000e+02 1.449059560008414405e-02
1.130000000000000000e+02 1.460360865501875161e-02
1.150000000000000000e+02 1.471762667707310346e-02
1.170000000000000000e+02 1.483254594483873756e-02
1.190000000000000000e+02 1.494832114400235223e-02
1.210000000000000000e+02 1.506478024983270991e-02
1.230000000000000000e+02 1.518180246524947208e-02
1.250000000000000000e+02 1.529969632815364466e-02
1.270000000000000000e+02 1.541844609437215130e-02
1.290000000000000000e+02 1.553799761840968241e-02
1.310000000000000000e+02 1.565837368305311728e-02
1.330000000000000000e+02 1.577956206008501727e-02
1.350000000000000000e+02 1.590140283125585086e-02
1.370000000000000000e+02 1.602390376492623947e-02
1.390000000000000000e+02 1.614675705113644000e-02
1.410000000000000000e+02 1.626990294624741651e-02
1.430000000000000000e+02 1.639335260882557321e-02
1.450000000000000000e+02 1.651706321034984715e-02
1.470000000000000000e+02 1.664075210826854168e-02
1.490000000000000000e+02 1.676440388183952912e-02
