1.000000000000000000e+00 1.979254868755286889e-02
3.000000000000000000e+00 2.064717584137754081e-02
5.000000000000000000e+00 2.098844446109204842e-02
7.000000000000000000e+00 2.119144148192020349e-02
9.000000000000000000e+00 2.132765965292415800e-02
1.100000000000000000e+01 2.143040980806254492e-02
1.300000000000000000e+01 2.151669720861837387e-02
1.500000000000000000e+01 2.160060356333137754e-02
1.700000000000000000e+01 2.168155520012648996e-02
1.900000000000000000e+01 2.175493337319400755e-02
2.100000000000000000e+01 2.181844505748031793e-02
2.300000000000000000e+01 2.186963036736033761e-02
2.500000000000000000e+01 2.190458801015082724e-02
2.700000000000000000e+01 2.191840407673428803e-02
2.900000000000000000e+01 2.191185070132162238e-02
3.100000000000000000e+01 2.188905993467415989e-02
3.300000000000000000e+01 2.185186834847629989e-02
3.500000000000000000e+01 2.180249164812453344e-02
3.700000000000000000e+01 2.174151084123565614e-02
3.900000000000000000e+01 2.167099982012454795e-02
4.100000000000000000e+01 2.159314216702268308e-02
4.300000000000000000e+01 2.150852217562315705e-02
4.500000000000000000e+01 2.141881869487904932e-02
4.700000000000000000e+01 2.132550666832166986e-02
4.900000000000000000e+01 2.122966009389926079e-02
5.100000000000000000e+01 2.113158131676229345e-02
5.300000000000000000e+01 2.103198995700783502e-02
5.500000000000000000e+01 2.093162115473512497e-02
5.700000000000000000e+01 2.083038840990003582e-02
5.900000000000000000e+01 2.072842947843389627e-02
6.100000000000000000e+01 2.062552555403240895e-02
6.300000000000000000e+01 2.052266438630623302e-02
6.500000000000000000e+01 2.041967963862034718e-02
6.700000000000000000e+01 2.031686898309292832e-02
6.900000000000000000e+01 2.021257912336982265e-02
7.100000000000000000e+01 2.010719528072058004e-02
7.300000000000000000e+01 2.000210590477802253e-02
7.500000000000000000e+01 1.989796126192466819e-02
7.700000000000000000e+01 1.979466144815000828e-02
7.900000000000000000e+01 1.969297818071924500e-02
8.100000000000000000e+01 1.959220203740841271e-02
8.300000000000000000e+01 1.949275406134987065e-02
8.500000000000000000e+01 1.939480745130628403e-02
8.700000000000000000e+01 1.929853008563264805e-02
8.900000000000000000e+01 1.920414423436855866e-02
9.100000000000000000e+01 1.911116598832385272e-02
9.300000000000000000e+01 1.901893286240841086e-02
9.500000000000000000e+01 1.892840251555172326e-02
9.700000000000000000e+01 1.883965768009088215e-02
9.900000000000000000e+01 1.875224462577773643e-02
1.010000000000000000e+02 1.866686870948763843e-02
1.030000000000000000e+02 1.858232365172440836e-02
1.050000000000000000e+02 1.849862765662446673e-02
1.070000000000000000e+02 1.841663141123306424e-02
1.090000000000000000e+02 1.833533912229212692e-02
1.110000000000000000e+02 1.825320492834103803e-02
1.130000000000000000e+02 1.817033848239202332e-02
1.150000000000000000e+02 1.808821957415240878e-02
1.170000000000000000e+02 1.800637620460332489e-02
1.190000000000000000e+02 1.792510017377857423e-02
1.210000000000000000e+02 1.784564764704432704e-02
1.230000000000000000e+02 1.776756079207086891e-02
1.250000000000000000e+02 1.769083372233992701e-02
1.270000000000000000e+02 1.761498605939526563e-02
1.290000000000000000e+02 1.754099524067687099e-02
1.310000000000000000e+02 1.746875252963553393e-02
1.330000000000000000e+02 1.739691689436795308e-02
1.350000000000000000e+02 1.732557287200375828e-02
1.370000000000000000e+02 1.725488545623943271e-02
1.390000000000000000e+02 1.718418306114055660e-02
1.410000000000000000e+02 1.711423040652459981e-02
1.430000000000000000e+02 1.704611211763118472e-02
1.450000000000000000e+02 1.697980998623904725e-02
1.470000000000000000e+02 1.691581471705816409e-02
1.490000000000000000e+02 1.685404985472560568e-02
