1.000000000000000000e+00 3.061586176340275189e-01
3.000000000000000000e+00 3.785640464465925836e-01
5.000000000000000000e+00 4.160913769298355547e-01
7.000000000000000000e+00 4.408787451097142540e-01
9.000000000000000000e+00 4.604404538480604270e-01
1.100000000000000000e+01 4.776659361244143254e-01
1.300000000000000000e+01 4.936414626080759538e-01
1.500000000000000000e+01 5.088142958879935396e-01
1.700000000000000000e+01 5.232309161459727243e-01
1.900000000000000000e+01 5.370539454527598622e-01
2.100000000000000000e+01 5.506433240463031176e-01
2.300000000000000000e+01 5.640759867110336501e-01
2.500000000000000000e+01 5.772912650698646120e-01
2.700000000000000000e+01 5.901411654609065582e-01
2.900000000000000000e+01 6.025249506113434794e-01
3.100000000000000000e+01 6.143469234306078164e-01
3.300000000000000000e+01 6.255498394984549959e-01
3.500000000000000000e+01 6.361986441729683417e-01
3.700000000000000000e+01 6.463569903627481850e-01
3.900000000000000000e+01 6.560120947117250578e-01
4.100000000000000000e+01 6.652556487949601305e-01
4.300000000000000000e+01 6.741922735825944812e-01
4.500000000000000000e+01 6.828743814806730317e-01
4.700000000000000000e+01 6.912956890159580592e-01
4.900000000000000000e+01 6.995163757336351207e-01
5.100000000000000000e+01 7.076254797465573176e-01
5.300000000000000000e+01 7.156470527480063293e-01
5.500000000000000000e+01 7.235920730279714608e-01
5.700000000000000000e+01 7.314421994124592485e-01
5.900000000000000000e+01 7.391124518382876651e-01
6.100000000000000000e+01 7.466244304504932039e-01
6.300000000000000000e+01 7.539744895840704286e-01
6.500000000000000000e+01 7.610493268686315815e-01
6.700000000000000000e+01 7.678225044201657523e-01
6.900000000000000000e+01 7.742397529423943325e-01
7.100000000000000000e+01 7.803100921574132043e-01
7.300000000000000000e+01 7.860605179800966846e-01
7.500000000000000000e+01 7.915922301623539159e-01
7.700000000000000000e+01 7.969230037988190851e-01
7.900000000000000000e+01 8.020400105094858123e-01
8.100000000000000000e+01 8.069701266821855956e-01
8.300000000000000000e+01 8.117308887914945759e-01
8.500000000000000000e+01 8.163267557367372973e-01
8.700000000000000000e+01 8.207743906977946757e-01
8.900000000000000000e+01 8.250706436401307187e-01
9.100000000000000000e+01 8.292422771211596100e-01
9.300000000000000000e+01 8.332064013539046687e-01
9.500000000000000000e+01 8.370366810061744545e-01
9.700000000000000000e+01 8.407108219957346584e-01
9.900000000000000000e+01 8.442460528269288833e-01
1.010000000000000000e+02 8.476540689362023206e-01
1.030000000000000000e+02 8.509366315120304725e-01
1.050000000000000000e+02 8.541041907219387719e-01
1.070000000000000000e+02 8.571376636974914476e-01
1.090000000000000000e+02 8.600671960101863300e-01
1.110000000000000000e+02 8.629372032253865843e-01
1.130000000000000000e+02 8.657529419103549007e-01
1.150000000000000000e+02 8.685239234173760536e-01
1.170000000000000000e+02 8.712011343832767318e-01
1.190000000000000000e+02 8.737897140738165591e-01
1.210000000000000000e+02 8.762209260752861217e-01
1.230000000000000000e+02 8.784775314196689999e-01
1.250000000000000000e+02 8.806047130120944200e-01
1.270000000000000000e+02 8.825518203943348849e-01
1.290000000000000000e+02 8.842884009025169245e-01
1.310000000000000000e+02 8.857862253560362387e-01
1.330000000000000000e+02 8.870321774827477634e-01
1.350000000000000000e+02 8.880370959830752309e-01
1.370000000000000000e+02 8.889657687810359477e-01
1.390000000000000000e+02 8.897545936412716294e-01
1.410000000000000000e+02 8.904889844488507178e-01
1.430000000000000000e+02 8.911405696493164275e-01
1.450000000000000000e+02 8.917195433783479119e-01
1.470000000000000000e+02 8.922138433078437014e-01
1.490000000000000000e+02 8.926532582036351693e-01
