1.000000000000000000e+00 4.218340611353711411e-01
3.000000000000000000e+00 4.595524372731821794e-01
5.000000000000000000e+00 4.772350105173097656e-01
7.000000000000000000e+00 4.874985819728400172e-01
9.000000000000000000e+00 4.947204827945084205e-01
1.100000000000000000e+01 5.004142703570646500e-01
1.300000000000000000e+01 5.050693457990418356e-01
1.500000000000000000e+01 5.090105109181384258e-01
1.700000000000000000e+01 5.124321423092648153e-01
1.900000000000000000e+01 5.154875773683769147e-01
2.100000000000000000e+01 5.182205810498266008e-01
2.300000000000000000e+01 5.206696537674895264e-01
2.500000000000000000e+01 5.228666703792312909e-01
2.700000000000000000e+01 5.248341674822138980e-01
2.900000000000000000e+01 5.266162356281098855e-01
3.100000000000000000e+01 5.282542978675510703e-01
3.300000000000000000e+01 5.297965808831521795e-01
3.500000000000000000e+01 5.312636955358638335e-01
3.700000000000000000e+01 5.327083224170179321e-01
3.900000000000000000e+01 5.341579799803041206e-01
4.100000000000000000e+01 5.356483421597387773e-01
4.300000000000000000e+01 5.372214315159067333e-01
4.500000000000000000e+01 5.388623230200515479e-01
4.700000000000000000e+01 5.405815644490505889e-01
4.900000000000000000e+01 5.423878436729401287e-01
5.100000000000000000e+01 5.443101243788863730e-01
5.300000000000000000e+01 5.463389634915229998e-01
5.500000000000000000e+01 5.484628343875690426e-01
5.700000000000000000e+01 5.506754574163309490e-01
5.900000000000000000e+01 5.529756139200165954e-01
6.100000000000000000e+01 5.553605566448513997e-01
6.300000000000000000e+01 5.578180473446604504e-01
6.500000000000000000e+01 5.603404792447468363e-01
6.700000000000000000e+01 5.629246929271715105e-01
6.900000000000000000e+01 5.655693353220465625e-01
7.100000000000000000e+01 5.682568000973022837e-01
7.300000000000000000e+01 5.709740435992525232e-01
7.500000000000000000e+01 5.737126622910118101e-01
7.700000000000000000e+01 5.764469792264745873e-01
7.900000000000000000e+01 5.791345317685707705e-01
8.100000000000000000e+01 5.817705800265762228e-01
8.300000000000000000e+01 5.843952135619009391e-01
8.500000000000000000e+01 5.870049020448617760e-01
8.700000000000000000e+01 5.896000636738421008e-01
8.900000000000000000e+01 5.921783520205275986e-01
9.100000000000000000e+01 5.946983906329976755e-01
9.300000000000000000e+01 5.971639685450316204e-01
9.500000000000000000e+01 5.995924894595214827e-01
9.700000000000000000e+01 6.019850051594297646e-01
9.900000000000000000e+01 6.043303346390502817e-01
1.010000000000000000e+02 6.065830581491175044e-01
1.030000000000000000e+02 6.087667305076411850e-01
1.050000000000000000e+02 6.108796342597822004e-01
1.070000000000000000e+02 6.129499878558734016e-01
1.090000000000000000e+02 6.149773397909287231e-01
1.110000000000000000e+02 6.169684717163496090e-01
1.130000000000000000e+02 6.189234303355789502e-01
1.150000000000000000e+02 6.208139316733812807e-01
1.170000000000000000e+02 6.226446070442095415e-01
1.190000000000000000e+02 6.243991978203334847e-01
1.210000000000000000e+02 6.260888174245834437e-01
1.230000000000000000e+02 6.277279977172876002e-01
1.250000000000000000e+02 6.293246412089364972e-01
1.270000000000000000e+02 6.308586168765599744e-01
1.290000000000000000e+02 6.323324254882747297e-01
1.310000000000000000e+02 6.337606492402541036e-01
1.330000000000000000e+02 6.351770363620024007e-01
1.350000000000000000e+02 6.365714292419573095e-01
1.370000000000000000e+02 6.379449232430647321e-01
1.390000000000000000e+02 6.392460887169510997e-01
1.410000000000000000e+02 6.404762194778403916e-01
1.430000000000000000e+02 6.416367904933104604e-01
1.450000000000000000e+02 6.427564022545588784e-01
1.470000000000000000e+02 6.438261932641233809e-01
1.490000000000000000e+02 6.448490416798768887e-01
