1.000000000000000000e+00 1.494730316181028806e-01
3.000000000000000000e+00 1.716610827836675401e-01
5.000000000000000000e+00 1.816970367788242058e-01
7.000000000000000000e+00 1.868716369488507834e-01
9.000000000000000000e+00 1.902112367872279552e-01
1.100000000000000000e+01 1.927962044036340972e-01
1.300000000000000000e+01 1.950250776878618142e-01
1.500000000000000000e+01 1.970770061411780683e-01
1.700000000000000000e+01 1.990335741955119309e-01
1.900000000000000000e+01 2.009367310226042314e-01
2.100000000000000000e+01 2.028125776075808684e-01
2.300000000000000000e+01 2.046752599063578204e-01
2.500000000000000000e+01 2.065292041835046222e-01
2.700000000000000000e+01 2.083756622509715939e-01
2.900000000000000000e+01 2.102168736264505844e-01
3.100000000000000000e+01 2.120523830990173053e-01
3.300000000000000000e+01 2.138721042598195066e-01
3.500000000000000000e+01 2.156775290639856291e-01
3.700000000000000000e+01 2.174760554846991711e-01
3.900000000000000000e+01 2.192673909775512131e-01
4.100000000000000000e+01 2.210482965167797076e-01
4.300000000000000000e+01 2.228164376420223025e-01
4.500000000000000000e+01 2.245750064088483100e-01
4.700000000000000000e+01 2.263240674084586734e-01
4.900000000000000000e+01 2.280660062473235383e-01
5.100000000000000000e+01 2.298019338950179069e-01
5.300000000000000000e+01 2.315321545993646035e-01
5.500000000000000000e+01 2.332564479163703464e-01
5.700000000000000000e+01 2.349756681444926665e-01
5.900000000000000000e+01 2.366909532974079688e-01
6.100000000000000000e+01 2.384026758055208806e-01
6.300000000000000000e+01 2.401128370415691604e-01
6.500000000000000000e+01 2.418223217091911570e-01
6.700000000000000000e+01 2.435324706198719324e-01
6.900000000000000000e+01 2.452447133722398531e-01
7.100000000000000000e+01 2.469594733905070560e-01
7.300000000000000000e+01 2.486760338722245889e-01
7.500000000000000000e+01 2.503947960741904621e-01
7.700000000000000000e+01 2.521160497253053245e-01
7.900000000000000000e+01 2.538396898990281647e-01
8.100000000000000000e+01 2.555625548029246685e-01
8.300000000000000000e+01 2.572835496497009045e-01
8.500000000000000000e+01 2.590019596200472396e-01
8.700000000000000000e+01 2.607167173527225046e-01
8.900000000000000000e+01 2.624288055631064376e-01
9.100000000000000000e+01 2.641376195019428108e-01
9.300000000000000000e+01 2.658421789565870164e-01
9.500000000000000000e+01 2.675429371402818779e-01
9.700000000000000000e+01 2.692416043880953014e-01
9.900000000000000000e+01 2.709396460689261765e-01
1.010000000000000000e+02 2.726425255025928251e-01
1.030000000000000000e+02 2.743519202604204343e-01
1.050000000000000000e+02 2.760672821639520436e-01
1.070000000000000000e+02 2.777901015901044213e-01
1.090000000000000000e+02 2.795207108666772911e-01
1.110000000000000000e+02 2.812606556078127706e-01
1.130000000000000000e+02 2.830120695099245243e-01
1.150000000000000000e+02 2.847763642265660478e-01
1.170000000000000000e+02 2.865526190431961773e-01
1.190000000000000000e+02 2.883419083554036311e-01
1.210000000000000000e+02 2.901460099167195716e-01
1.230000000000000000e+02 2.919686842219956224e-01
1.250000000000000000e+02 2.938097242061176173e-01
1.270000000000000000e+02 2.956715928723927522e-01
1.290000000000000000e+02 2.975568465804372398e-01
1.310000000000000000e+02 2.994660723893090015e-01
1.330000000000000000e+02 3.013970894900102060e-01
1.350000000000000000e+02 3.033510370480727580e-01
1.370000000000000000e+02 3.053282145924176572e-01
1.390000000000000000e+02 3.073274477121823445e-01
1.410000000000000000e+02 3.093496253960767994e-01
1.430000000000000000e+02 3.113928759684266856e-01
1.450000000000000000e+02 3.134570461014409837e-01
1.470000000000000000e+02 3.155441587071692311e-01
1.490000000000000000e+02 3.176531727027808172e-01
