1.000000000000000000e+00 1.795667556327974479e-01
3.000000000000000000e+00 1.930738943380682082e-01
5.000000000000000000e+00 1.984835305514940362e-01
7.000000000000000000e+00 2.014307810901185825e-01
9.000000000000000000e+00 2.035620739199476281e-01
1.100000000000000000e+01 2.053040682090315761e-01
1.300000000000000000e+01 2.068477044069074733e-01
1.500000000000000000e+01 2.082511021981410249e-01
1.700000000000000000e+01 2.095057594926567068e-01
1.900000000000000000e+01 2.106325173836086639e-01
2.100000000000000000e+01 2.116536042979829668e-01
2.300000000000000000e+01 2.125859935023579617e-01
2.500000000000000000e+01 2.134527436360181829e-01
2.700000000000000000e+01 2.142913694666257474e-01
2.900000000000000000e+01 2.151291599324504089e-01
3.100000000000000000e+01 2.160045472343804507e-01
3.300000000000000000e+01 2.169378322246782176e-01
3.500000000000000000e+01 2.179305536017647205e-01
3.700000000000000000e+01 2.189976701034583861e-01
3.900000000000000000e+01 2.201521170147819895e-01
4.100000000000000000e+01 2.213892616310528805e-01
4.300000000000000000e+01 2.227107170893389831e-01
4.500000000000000000e+01 2.241190613289436584e-01
4.700000000000000000e+01 2.256121056284587922e-01
4.900000000000000000e+01 2.271905659330115679e-01
5.100000000000000000e+01 2.288528718138372886e-01
5.300000000000000000e+01 2.305956697680386913e-01
5.500000000000000000e+01 2.324181770599690333e-01
5.700000000000000000e+01 2.343150354991614392e-01
5.900000000000000000e+01 2.362823775284346173e-01
6.100000000000000000e+01 2.383024522624411778e-01
6.300000000000000000e+01 2.403706650956356494e-01
6.500000000000000000e+01 2.424803988334678362e-01
6.700000000000000000e+01 2.446204470552189036e-01
6.900000000000000000e+01 2.467876319133743834e-01
7.100000000000000000e+01 2.489766174290790612e-01
7.300000000000000000e+01 2.511876834049580065e-01
7.500000000000000000e+01 2.534109952933428778e-01
7.700000000000000000e+01 2.556431374671483958e-01
7.900000000000000000e+01 2.578818018710541393e-01
8.100000000000000000e+01 2.601153966379325944e-01
8.300000000000000000e+01 2.623417789973704339e-01
8.500000000000000000e+01 2.645661736028469546e-01
8.700000000000000000e+01 2.667856540110893349e-01
8.900000000000000000e+01 2.689988958218341164e-01
9.100000000000000000e+01 2.712089009345000079e-01
9.300000000000000000e+01 2.734204379549134423e-01
9.500000000000000000e+01 2.756346840408484544e-01
9.700000000000000000e+01 2.778487253012531522e-01
9.900000000000000000e+01 2.800647507476379250e-01
1.010000000000000000e+02 2.822911516508379570e-01
1.030000000000000000e+02 2.845310955147505316e-01
1.050000000000000000e+02 2.867903932352172669e-01
1.070000000000000000e+02 2.890722319418491670e-01
1.090000000000000000e+02 2.913835891843863379e-01
1.110000000000000000e+02 2.937286394720799443e-01
1.130000000000000000e+02 2.961099807925480221e-01
1.150000000000000000e+02 2.985345535419940965e-01
1.170000000000000000e+02 3.010061082094706020e-01
1.190000000000000000e+02 3.035248926420137661e-01
1.210000000000000000e+02 3.060925537919100270e-01
1.230000000000000000e+02 3.087155157688914464e-01
1.250000000000000000e+02 3.113943954404699843e-01
1.270000000000000000e+02 3.141283528329338326e-01
1.290000000000000000e+02 3.169190963574896047e-01
1.310000000000000000e+02 3.197674034631364792e-01
1.330000000000000000e+02 3.226727159649017684e-01
1.350000000000000000e+02 3.256336790146269200e-01
1.370000000000000000e+02 3.286477168303468810e-01
1.390000000000000000e+02 3.317123435568967160e-01
1.410000000000000000e+02 3.348216598494659912e-01
1.430000000000000000e+02 3.379721187685309491e-01
1.450000000000000000e+02 3.411596067885982464e-01
1.470000000000000000e+02 3.443813057415023859e-01
1.490000000000000000e+02 3.476347207992849242e-01
