1.000000000000000000e+00 4.677595628415300855e-01
3.000000000000000000e+00 5.279574005783972401e-01
5.000000000000000000e+00 5.590233193013398605e-01
7.000000000000000000e+00 5.792127539932565572e-01
9.000000000000000000e+00 5.951579127847117512e-01
1.100000000000000000e+01 6.090675523380955081e-01
1.300000000000000000e+01 6.216354625217276331e-01
1.500000000000000000e+01 6.331772687141447031e-01
1.700000000000000000e+01 6.440221586954490984e-01
1.900000000000000000e+01 6.539800286472778890e-01
2.100000000000000000e+01 6.632439148501980686e-01
2.300000000000000000e+01 6.718717191051075677e-01
2.500000000000000000e+01 6.797696115128322170e-01
2.700000000000000000e+01 6.867924322248080138e-01
2.900000000000000000e+01 6.930064690541377637e-01
3.100000000000000000e+01 6.984816513197420473e-01
3.300000000000000000e+01 7.032638369156805069e-01
3.500000000000000000e+01 7.074704998136376322e-01
3.700000000000000000e+01 7.111005745268994538e-01
3.900000000000000000e+01 7.142076636483710717e-01
4.100000000000000000e+01 7.168182900805832869e-01
4.300000000000000000e+01 7.189244146609414798e-01
4.500000000000000000e+01 7.205838726487369117e-01
4.700000000000000000e+01 7.217891032087160319e-01
4.900000000000000000e+01 7.226170911008487074e-01
5.100000000000000000e+01 7.231662405946444050e-01
5.300000000000000000e+01 7.234121720099330188e-01
5.500000000000000000e+01 7.234093304484395803e-01
5.700000000000000000e+01 7.232064569328968684e-01
5.900000000000000000e+01 7.228348638121825376e-01
6.100000000000000000e+01 7.222704614779852372e-01
6.300000000000000000e+01 7.215795681135632744e-01
6.500000000000000000e+01 7.208014923314784994e-01
6.700000000000000000e+01 7.200228555260965724e-01
6.900000000000000000e+01 7.192008276891164176e-01
7.100000000000000000e+01 7.182892189317551246e-01
7.300000000000000000e+01 7.173069211597545847e-01
7.500000000000000000e+01 7.163206915012643172e-01
7.700000000000000000e+01 7.153560860316381387e-01
7.900000000000000000e+01 7.144348691079555058e-01
8.100000000000000000e+01 7.135332772548252933e-01
8.300000000000000000e+01 7.126770420478804047e-01
8.500000000000000000e+01 7.118570876262615421e-01
8.700000000000000000e+01 7.110688575833690184e-01
8.900000000000000000e+01 7.102877980644728417e-01
9.100000000000000000e+01 7.094764823137602594e-01
9.300000000000000000e+01 7.086363334806513592e-01
9.500000000000000000e+01 7.077661448531893384e-01
9.700000000000000000e+01 7.068452816051440379e-01
9.900000000000000000e+01 7.059021218468864989e-01
1.010000000000000000e+02 7.049440240324846840e-01
1.030000000000000000e+02 7.039752610856924164e-01
1.050000000000000000e+02 7.030431136817412163e-01
1.070000000000000000e+02 7.020717931136539747e-01
1.090000000000000000e+02 7.011189279198497548e-01
1.110000000000000000e+02 7.001324954320267135e-01
1.130000000000000000e+02 6.991943020524674646e-01
1.150000000000000000e+02 6.982910609274735059e-01
1.170000000000000000e+02 6.974207627795157016e-01
1.190000000000000000e+02 6.966316408366006740e-01
1.210000000000000000e+02 6.959534124967765578e-01
1.230000000000000000e+02 6.953604354951758992e-01
1.250000000000000000e+02 6.947964264799777467e-01
1.270000000000000000e+02 6.942952751054836114e-01
1.290000000000000000e+02 6.938102131117309668e-01
1.310000000000000000e+02 6.933835331835849214e-01
1.330000000000000000e+02 6.930044488970970029e-01
1.350000000000000000e+02 6.926757054463681396e-01
1.370000000000000000e+02 6.924002753115555686e-01
1.390000000000000000e+02 6.921855152584289739e-01
1.410000000000000000e+02 6.920320013444670737e-01
1.430000000000000000e+02 6.918995476948208712e-01
1.450000000000000000e+02 6.917613734270260384e-01
1.470000000000000000e+02 6.916174191613473354e-01
1.490000000000000000e+02 6.914965723394376207e-01
