1.000000000000000000e+00 0.000000000000000000e+00
3.000000000000000000e+00 0.000000000000000000e+00
5.000000000000000000e+00 0.000000000000000000e+00
7.000000000000000000e+00 3.585367019387497578e-06
9.000000000000000000e+00 2.148512515276479462e-05
1.100000000000000000e+01 5.041638713620955059e-05
1.300000000000000000e+01 8.404631912983795416e-05
1.500000000000000000e+01 1.232577662542144736e-04
1.700000000000000000e+01 1.701561555333963582e-04
1.900000000000000000e+01 2.201288929746247902e-04
2.100000000000000000e+01 2.723941368740767643e-04
2.300000000000000000e+01 3.262208520645737408e-04
2.500000000000000000e+01 3.817013245096534391e-04
2.700000000000000000e+01 4.385537107188808292e-04
2.900000000000000000e+01 4.958499126629378750e-04
3.100000000000000000e+01 5.535315854248157308e-04
3.300000000000000000e+01 6.120301823991924905e-04
3.500000000000000000e+01 6.714052533400849399e-04
3.700000000000000000e+01 7.309198681566542177e-04
3.900000000000000000e+01 7.899239026388782392e-04
4.100000000000000000e+01 8.482383806361903922e-04
4.300000000000000000e+01 9.059884839173193427e-04
4.500000000000000000e+01 9.632771580451171545e-04
4.700000000000000000e+01 1.020283423858070471e-03
4.900000000000000000e+01 1.077113033119192487e-03
5.100000000000000000e+01 1.133735672019131613e-03
5.300000000000000000e+01 1.190180376058447287e-03
5.500000000000000000e+01 1.246490136426303685e-03
5.700000000000000000e+01 1.302454698519528442e-03
5.900000000000000000e+01 1.357649117070258704e-03
6.100000000000000000e+01 1.411683777397976236e-03
6.300000000000000000e+01 1.464590551565225773e-03
6.500000000000000000e+01 1.516734112300688331e-03
6.700000000000000000e+01 1.568411570381122999e-03
6.900000000000000000e+01 1.619669807408685713e-03
7.100000000000000000e+01 1.670434811836818412e-03
7.300000000000000000e+01 1.720739910823998464e-03
7.500000000000000000e+01 1.770595426357268742e-03
7.700000000000000000e+01 1.819918177013879479e-03
7.900000000000000000e+01 1.868668883042268192e-03
8.100000000000000000e+01 1.916974771261070742e-03
8.300000000000000000e+01 1.964928909739649399e-03
8.500000000000000000e+01 2.012465274554564587e-03
8.700000000000000000e+01 2.059560073578770023e-03
8.900000000000000000e+01 2.106234185138333714e-03
9.100000000000000000e+01 2.152493590066972828e-03
9.300000000000000000e+01 2.198398108612664714e-03
9.500000000000000000e+01 2.244019378478956384e-03
9.700000000000000000e+01 2.289367237615413941e-03
9.900000000000000000e+01 2.334423831927057158e-03
1.010000000000000000e+02 2.379243562412369783e-03
1.030000000000000000e+02 2.423981485745518860e-03
1.050000000000000000e+02 2.468703063870925085e-03
1.070000000000000000e+02 2.513318447433521285e-03
1.090000000000000000e+02 2.557756238988684316e-03
1.110000000000000000e+02 2.602016029797815655e-03
1.130000000000000000e+02 2.646119894641918435e-03
1.150000000000000000e+02 2.690165704668290303e-03
1.170000000000000000e+02 2.734224915131311384e-03
1.190000000000000000e+02 2.778328703961552293e-03
1.210000000000000000e+02 2.822478921116311490e-03
1.230000000000000000e+02 2.866753870447658059e-03
1.250000000000000000e+02 2.911235485812846413e-03
1.270000000000000000e+02 2.955931388546217953e-03
1.290000000000000000e+02 3.000874106699247257e-03
1.310000000000000000e+02 3.046020390500725483e-03
1.330000000000000000e+02 3.091294274613964888e-03
1.350000000000000000e+02 3.136633395847909789e-03
1.370000000000000000e+02 3.182080099753625824e-03
1.390000000000000000e+02 3.227718586662930988e-03
1.410000000000000000e+02 3.273630344564071315e-03
1.430000000000000000e+02 3.319874725409954763e-03
1.450000000000000000e+02 3.366468247699705429e-03
1.470000000000000000e+02 3.413454647839597733e-03
1.490000000000000000e+02 3.460875692505638312e-03
