1.000000000000000000e+00 1.806250621416494173e-02
3.000000000000000000e+00 1.854616659721930461e-02
5.000000000000000000e+00 1.882128262216176129e-02
7.000000000000000000e+00 1.903277028476679789e-02
9.000000000000000000e+00 1.919834904842743217e-02
1.100000000000000000e+01 1.933193551377565544e-02
1.300000000000000000e+01 1.944284496692250119e-02
1.500000000000000000e+01 1.954697410645822586e-02
1.700000000000000000e+01 1.964672809110656893e-02
1.900000000000000000e+01 1.974419974435970282e-02
2.100000000000000000e+01 1.983853070093533066e-02
2.300000000000000000e+01 1.992810922618692970e-02
2.500000000000000000e+01 2.001062552396215555e-02
2.700000000000000000e+01 2.008532809468843716e-02
2.900000000000000000e+01 2.015194582912172017e-02
3.100000000000000000e+01 2.021110731948860817e-02
3.300000000000000000e+01 2.026451166743226118e-02
3.500000000000000000e+01 2.031300107838585056e-02
3.700000000000000000e+01 2.035723704984992999e-02
3.900000000000000000e+01 2.039698657419364292e-02
4.100000000000000000e+01 2.043218395540513654e-02
4.300000000000000000e+01 2.046271383490427809e-02
4.500000000000000000e+01 2.048780703818631199e-02
4.700000000000000000e+01 2.050756464296565884e-02
4.900000000000000000e+01 2.052182787301803923e-02
5.100000000000000000e+01 2.053021124893683602e-02
5.300000000000000000e+01 2.053249235193632671e-02
5.500000000000000000e+01 2.052849409389878588e-02
5.700000000000000000e+01 2.051796915296222323e-02
5.900000000000000000e+01 2.050054935186274019e-02
6.100000000000000000e+01 2.047533675765955685e-02
6.300000000000000000e+01 2.044258612749583204e-02
6.500000000000000000e+01 2.040207511614067215e-02
6.700000000000000000e+01 2.035307450818624186e-02
6.900000000000000000e+01 2.029576029034685369e-02
7.100000000000000000e+01 2.023097242597526879e-02
7.300000000000000000e+01 2.015904863898254629e-02
7.500000000000000000e+01 2.007941665563539591e-02
7.700000000000000000e+01 1.999254130238803384e-02
7.900000000000000000e+01 1.989878330003014284e-02
8.100000000000000000e+01 1.980004503093046875e-02
8.300000000000000000e+01 1.969719069281572477e-02
8.500000000000000000e+01 1.959049430342951759e-02
8.700000000000000000e+01 1.947978601463429271e-02
8.900000000000000000e+01 1.936563161420690182e-02
9.100000000000000000e+01 1.924803014494824716e-02
9.300000000000000000e+01 1.912684222535188105e-02
9.500000000000000000e+01 1.900217302956364041e-02
9.700000000000000000e+01 1.887456251241603766e-02
9.900000000000000000e+01 1.874440348314398985e-02
1.010000000000000000e+02 1.861214360145702074e-02
1.030000000000000000e+02 1.847822604416116121e-02
1.050000000000000000e+02 1.834215311650688740e-02
1.070000000000000000e+02 1.820558212504774787e-02
1.090000000000000000e+02 1.806987934632964254e-02
1.110000000000000000e+02 1.793539086781259506e-02
1.130000000000000000e+02 1.780186651031656631e-02
1.150000000000000000e+02 1.766925717185519051e-02
1.170000000000000000e+02 1.753813910863699643e-02
1.190000000000000000e+02 1.740869983706050395e-02
1.210000000000000000e+02 1.728064670328588459e-02
1.230000000000000000e+02 1.715302391638007240e-02
1.250000000000000000e+02 1.702581204469255649e-02
1.270000000000000000e+02 1.690031162195826386e-02
1.290000000000000000e+02 1.677670190665903061e-02
1.310000000000000000e+02 1.665485467344407500e-02
1.330000000000000000e+02 1.653463915854624933e-02
1.350000000000000000e+02 1.641604973266741485e-02
1.370000000000000000e+02 1.629944004627281728e-02
1.390000000000000000e+02 1.618505219846788634e-02
1.410000000000000000e+02 1.607180365589933047e-02
1.430000000000000000e+02 1.596005476988116012e-02
1.450000000000000000e+02 1.585113908083091161e-02
1.470000000000000000e+02 1.574406002870021304e-02
1.490000000000000000e+02 1.563879683193425407e-02
