1.000000000000000000e+00 6.381151061479739539e-04
3.000000000000000000e+00 6.637498652644069352e-04
5.000000000000000000e+00 6.819697948042824365e-04
7.000000000000000000e+00 6.984785421091377344e-04
9.000000000000000000e+00 7.154645387627001085e-04
1.100000000000000000e+01 7.392938013301986189e-04
1.300000000000000000e+01 7.641202328937390931e-04
1.500000000000000000e+01 7.871427799016617044e-04
1.700000000000000000e+01 8.079219295393791356e-04
1.900000000000000000e+01 8.262997044297115679e-04
2.100000000000000000e+01 8.426500792881874702e-04
2.300000000000000000e+01 8.564885101128849598e-04
2.500000000000000000e+01 8.680881277152163733e-04
2.700000000000000000e+01 8.775392940358894833e-04
2.900000000000000000e+01 8.846386104430781216e-04
3.100000000000000000e+01 8.902223606310766257e-04
3.300000000000000000e+01 8.947701284383047238e-04
3.500000000000000000e+01 8.982389249029276712e-04
3.700000000000000000e+01 9.003838237353622986e-04
3.900000000000000000e+01 9.016816658123927297e-04
4.100000000000000000e+01 9.021360747409890024e-04
4.300000000000000000e+01 9.019001385417446670e-04
4.500000000000000000e+01 9.013930597180364046e-04
4.700000000000000000e+01 9.007991349954114213e-04
4.900000000000000000e+01 9.002655392341685214e-04
5.100000000000000000e+01 8.999898895535318744e-04
5.300000000000000000e+01 9.000754588780468524e-04
5.500000000000000000e+01 9.005372021133606353e-04
5.700000000000000000e+01 9.013517809393079006e-04
5.900000000000000000e+01 9.024801426456008357e-04
6.100000000000000000e+01 9.038787189753483275e-04
6.300000000000000000e+01 9.055386222243111405e-04
6.500000000000000000e+01 9.074334765243330381e-04
6.700000000000000000e+01 9.095597959295487200e-04
6.900000000000000000e+01 9.118492201682926179e-04
7.100000000000000000e+01 9.142083758878483124e-04
7.300000000000000000e+01 9.166667809972217640e-04
7.500000000000000000e+01 9.192216284140686255e-04
7.700000000000000000e+01 9.218619295279228965e-04
7.900000000000000000e+01 9.245891636499026234e-04
8.100000000000000000e+01 9.274089318617173561e-04
8.300000000000000000e+01 9.303265301630059270e-04
8.500000000000000000e+01 9.333466170488025071e-04
8.700000000000000000e+01 9.364624685705980056e-04
8.900000000000000000e+01 9.396480771114434916e-04
9.100000000000000000e+01 9.428752524331951435e-04
9.300000000000000000e+01 9.461416943092881837e-04
9.500000000000000000e+01 9.494383916267556955e-04
9.700000000000000000e+01 9.527497847439114764e-04
9.900000000000000000e+01 9.560506542146685049e-04
1.010000000000000000e+02 9.592999502677779233e-04
1.030000000000000000e+02 9.624707207572802403e-04
1.050000000000000000e+02 9.655539847599481362e-04
1.070000000000000000e+02 9.685617434794790981e-04
1.090000000000000000e+02 9.715175113007568086e-04
1.110000000000000000e+02 9.744449656764464507e-04
1.130000000000000000e+02 9.773673270646598965e-04
1.150000000000000000e+02 9.803127983134540813e-04
1.170000000000000000e+02 9.833105003774766928e-04
1.190000000000000000e+02 9.863724101679682832e-04
1.210000000000000000e+02 9.894909408636465287e-04
1.230000000000000000e+02 9.926788214641435459e-04
1.250000000000000000e+02 9.959633592125927137e-04
1.270000000000000000e+02 9.993734079382088353e-04
1.290000000000000000e+02 1.002930295356141421e-03
1.310000000000000000e+02 1.006649176019336345e-03
1.330000000000000000e+02 1.010334002160551137e-03
1.350000000000000000e+02 1.014018557527585074e-03
1.370000000000000000e+02 1.017739873798606531e-03
1.390000000000000000e+02 1.021530750764609863e-03
1.410000000000000000e+02 1.025638845795429077e-03
1.430000000000000000e+02 1.030090495727331579e-03
1.450000000000000000e+02 1.034909218047830315e-03
1.470000000000000000e+02 1.040121705659924345e-03
1.490000000000000000e+02 1.045762821696549771e-03
