1.000000000000000000e+00 1.089350113296672085e-02
3.000000000000000000e+00 1.108923816170015453e-02
5.000000000000000000e+00 1.117360663873345761e-02
7.000000000000000000e+00 1.120973204806208212e-02
9.000000000000000000e+00 1.121498993430314339e-02
1.100000000000000000e+01 1.119569890287031022e-02
1.300000000000000000e+01 1.116205854729146463e-02
1.500000000000000000e+01 1.111793789071979788e-02
1.700000000000000000e+01 1.107075599400664245e-02
1.900000000000000000e+01 1.102118976924992833e-02
2.100000000000000000e+01 1.096991032798388943e-02
2.300000000000000000e+01 1.091714533359122719e-02
2.500000000000000000e+01 1.086145900118695717e-02
2.700000000000000000e+01 1.080484490162958444e-02
2.900000000000000000e+01 1.074686230951615862e-02
3.100000000000000000e+01 1.068730579065890751e-02
3.300000000000000000e+01 1.062686419305181040e-02
3.500000000000000000e+01 1.056596119980079962e-02
3.700000000000000000e+01 1.050380752910939908e-02
3.900000000000000000e+01 1.044037129446118151e-02
4.100000000000000000e+01 1.037515772576602657e-02
4.300000000000000000e+01 1.030848502870373995e-02
4.500000000000000000e+01 1.024092093299910911e-02
4.700000000000000000e+01 1.017059897107797095e-02
4.900000000000000000e+01 1.009854939294085874e-02
5.100000000000000000e+01 1.002562050445132691e-02
5.300000000000000000e+01 9.952017918592348522e-03
5.500000000000000000e+01 9.878101301800001899e-03
5.700000000000000000e+01 9.804052213205127764e-03
5.900000000000000000e+01 9.730681931461759859e-03
6.100000000000000000e+01 9.656884122687170446e-03
6.300000000000000000e+01 9.583301595288529207e-03
6.500000000000000000e+01 9.510163071714261562e-03
6.700000000000000000e+01 9.437088342825084020e-03
6.900000000000000000e+01 9.365013960765500300e-03
7.100000000000000000e+01 9.294268003898431552e-03
7.300000000000000000e+01 9.224973227226929140e-03
7.500000000000000000e+01 9.157231205918159311e-03
7.700000000000000000e+01 9.090133736558758670e-03
7.900000000000000000e+01 9.022790628977483962e-03
8.100000000000000000e+01 8.955421517998218839e-03
8.300000000000000000e+01 8.888473310521005644e-03
8.500000000000000000e+01 8.822898516700150573e-03
8.700000000000000000e+01 8.759636339738197108e-03
8.900000000000000000e+01 8.698611286902191431e-03
9.100000000000000000e+01 8.638911873930288365e-03
9.300000000000000000e+01 8.580551738378017212e-03
9.500000000000000000e+01 8.524369236865059207e-03
9.700000000000000000e+01 8.470330151009841657e-03
9.900000000000000000e+01 8.418109579395260944e-03
1.010000000000000000e+02 8.367667033614023531e-03
1.030000000000000000e+02 8.319462013397949107e-03
1.050000000000000000e+02 8.273447142161272083e-03
1.070000000000000000e+02 8.229458277393075782e-03
1.090000000000000000e+02 8.186822410164884545e-03
1.110000000000000000e+02 8.145254469546059362e-03
1.130000000000000000e+02 8.104727641617959222e-03
1.150000000000000000e+02 8.065389908318065793e-03
1.170000000000000000e+02 8.026942773030953937e-03
1.190000000000000000e+02 7.989416081287559201e-03
1.210000000000000000e+02 7.953878935647584747e-03
1.230000000000000000e+02 7.920212083428190830e-03
1.250000000000000000e+02 7.887250114089416897e-03
1.270000000000000000e+02 7.855122487242405249e-03
1.290000000000000000e+02 7.823904501372380693e-03
1.310000000000000000e+02 7.793531631030581330e-03
1.330000000000000000e+02 7.764136452778069852e-03
1.350000000000000000e+02 7.735525266109433140e-03
1.370000000000000000e+02 7.707757349195043517e-03
1.390000000000000000e+02 7.681186802017236914e-03
1.410000000000000000e+02 7.655711657592045860e-03
1.430000000000000000e+02 7.631193936083024987e-03
1.450000000000000000e+02 7.607547616598542284e-03
1.470000000000000000e+02 7.584663834686589112e-03
1.490000000000000000e+02 7.561864981204813319e-03
