0.000000000000000000e+00 3.591712087457830904e+01 3.517275518529849876e+01 1.000000000000000000e+00 nan nan
1.000000000000000000e+00 3.591712087457830194e+01 3.517411882166228310e+01 1.000000000000000000e+00 nan nan
2.000000000000000000e+00 3.591712087457830194e+01 3.517548245802607454e+01 nan nan nan
3.000000000000000000e+00 3.591712087457830194e+01 3.517684609438985888e+01 nan nan nan
4.000000000000000000e+00 3.591712087457830904e+01 3.517820973075363611e+01 nan 1.000000000000000000e+00 nan
5.000000000000000000e+00 3.591712087457830194e+01 3.517957336711741334e+01 nan 1.000000000000000000e+00 nan
6.000000000000000000e+00 3.591712087457830904e+01 3.518093700348119057e+01 nan 1.000000000000000000e+00 nan
7.000000000000000000e+00 3.591712087457830194e+01 3.518230063984496780e+01 nan 1.000000000000000000e+00 nan
8.000000000000000000e+00 3.591712087457830194e+01 3.518366427620875214e+01 nan 1.000000000000000000e+00 nan
9.000000000000000000e+00 3.591712087457829483e+01 3.518502791257253648e+01 nan 1.000000000000000000e+00 nan
1.000000000000000000e+01 3.591712087457830194e+01 3.518639154893632082e+01 nan 1.000000000000000000e+00 nan
1.100000000000000000e+01 3.591712087457830194e+01 3.518775518530009805e+01 nan 1.000000000000000000e+00 nan
1.200000000000000000e+01 3.591712087457830904e+01 3.518911882166387528e+01 nan 1.000000000000000000e+00 nan
1.300000000000000000e+01 3.591712087457831615e+01 3.519048245802765962e+01 nan 1.000000000000000000e+00 nan
1.400000000000000000e+01 3.591712087457830194e+01 3.519184609439144396e+01 nan 1.000000000000000000e+00 nan
1.500000000000000000e+01 3.591848451094194417e+01 3.517275518529849876e+01 1.000000000000000000e+00 nan nan
1.600000000000000000e+01 3.591848451094193706e+01 3.517411882166228310e+01 1.000000000000000000e+00 nan nan
1.700000000000000000e+01 3.591848451094192995e+01 3.517548245802607454e+01 1.000000000000000000e+00 nan nan
1.800000000000000000e+01 3.591848451094192995e+01 3.517684609438985888e+01 1.000000000000000000e+00 nan nan
1.900000000000000000e+01 3.591848451094192995e+01 3.517820973075363611e+01 1.000000000000000000e+00 1.000000000000000000e+00 1.000000000000000000e+00
2.000000000000000000e+01 3.591848451094192995e+01 3.517957336711741334e+01 nan 1.000000000000000000e+00 nan
2.100000000000000000e+01 3.591848451094193706e+01 3.518093700348119057e+01 nan 1.000000000000000000e+00 nan
2.200000000000000000e+01 3.591848451094192995e+01 3.518230063984496780e+01 nan 1.000000000000000000e+00 nan
2.300000000000000000e+01 3.591848451094192995e+01 3.518366427620875214e+01 nan 1.000000000000000000e+00 nan
2.400000000000000000e+01 3.591848451094192995e+01 3.518502791257253648e+01 nan 1.000000000000000000e+00 nan
2.500000000000000000e+01 3.591848451094192995e+01 3.518639154893632082e+01 nan 1.000000000000000000e+00 nan
2.600000000000000000e+01 3.591848451094192995e+01 3.518775518530009805e+01 nan 1.000000000000000000e+00 nan
2.700000000000000000e+01 3.591848451094192995e+01 3.518911882166387528e+01 nan 1.000000000000000000e+00 nan
2.800000000000000000e+01 3.591848451094192995e+01 3.519048245802765962e+01 nan 1.000000000000000000e+00 nan
2.900000000000000000e+01 3.591848451094192995e+01 3.519184609439144396e+01 nan 1.000000000000000000e+00 nan
3.000000000000000000e+01 3.591984814730557218e+01 3.517275518529850586e+01 1.000000000000000000e+00 nan nan
3.100000000000000000e+01 3.591984814730557218e+01 3.517411882166229731e+01 1.000000000000000000e+00 nan nan
3.200000000000000000e+01 3.591984814730557218e+01 3.517548245802607454e+01 1.000000000000000000e+00 nan nan
3.300000000000000000e+01 3.591984814730557218e+01 3.517684609438985177e+01 1.000000000000000000e+00 nan nan
3.400000000000000000e+01 3.591984814730557218e+01 3.517820973075363611e+01 nan 1.000000000000000000e+00 nan
3.500000000000000000e+01 3.591984814730556508e+01 3.517957336711741334e+01 nan 1.000000000000000000e+00 nan
3.600000000000000000e+01 3.591984814730557218e+01 3.518093700348119057e+01 1.000000000000000000e+00 1.000000000000000000e+00 1.000000000000000000e+00
3.700000000000000000e+01 3.591984814730557929e+01 3.518230063984496780e+01 nan 1.000000000000000000e+00 nan
3.800000000000000000e+01 3.591984814730557218e+01 3.518366427620875214e+01 nan 1.000000000000000000e+00 nan
3.900000000000000000e+01 3.591984814730557929e+01 3.518502791257253648e+01 nan 1.000000000000000000e+00 nan
4.000000000000000000e+01 3.591984814730557929e+01 3.518639154893631371e+01 nan 1.000000000000000000e+00 nan
4.100000000000000000e+01 3.591984814730557218e+01 3.518775518530009805e+01 nan 1.000000000000000000e+00 nan
4.200000000000000000e+01 3.591984814730557218e+01 3.518911882166387528e+01 nan 1.000000000000000000e+00 nan
4.300000000000000000e+01 3.591984814730557929e+01 3.519048245802765962e+01 nan 1.000000000000000000e+00 nan
4.400000000000000000e+01 3.591984814730557218e+01 3.519184609439144396e+01 nan 1.000000000000000000e+00 nan
4.500000000000000000e+01 3.592121178366921441e+01 3.517275518529850586e+01 nan nan nan
4.600000000000000000e+01 3.592121178366921441e+01 3.517411882166229731e+01 1.000000000000000000e+00 nan nan
4.700000000000000000e+01 3.592121178366922152e+01 3.517548245802607454e+01 1.000000000000000000e+00 nan nan
4.800000000000000000e+01 3.592121178366922152e+01 3.517684609438985177e+01 1.000000000000000000e+00 nan nan
4.900000000000000000e+01 3.592121178366921441e+01 3.517820973075363611e+01 1.000000000000000000e+00 1.000000000000000000e+00 1.000000000000000000e+00
5.000000000000000000e+01 3.592121178366922152e+01 3.517957336711741334e+01 1.000000000000000000e+00 1.000000000000000000e+00 1.000000000000000000e+00
5.100000000000000000e+01 3.592121178366921441e+01 3.518093700348119057e+01 1.000000000000000000e+00 1.000000000000000000e+00 1.000000000000000000e+00
5.200000000000000000e+01 3.592121178366922152e+01 3.518230063984496780e+01 1.000000000000000000e+00 1.000000000000000000e+00 1.000000000000000000e+00
5.300000000000000000e+01 3.592121178366922152e+01 3.518366427620875214e+01 nan 1.000000000000000000e+00 nan
5.400000000000000000e+01 3.592121178366922152e+01 3.518502791257253648e+01 1.000000000000000000e+00 1.000000000000000000e+00 1.000000000000000000e+00
5.500000000000000000e+01 3.592121178366921441e+01 3.518639154893631371e+01 1.000000000000000000e+00 1.000000000000000000e+00 1.000000000000000000e+00
5.600000000000000000e+01 3.592121178366921441e+01 3.518775518530009805e+01 nan 1.000000000000000000e+00 nan
5.700000000000000000e+01 3.592121178366922152e+01 3.518911882166387528e+01 1.000000000000000000e+00 1.000000000000000000e+00 1.000000000000000000e+00
5.800000000000000000e+01 3.592121178366921441e+01 3.519048245802765962e+01 nan 1.000000000000000000e+00 nan
5.900000000000000000e+01 3.592121178366921441e+01 3.519184609439144396e+01 nan 1.000000000000000000e+00 nan
6.000000000000000000e+01 3.592257542003285664e+01 3.517275518529850586e+01 nan nan nan
6.100000000000000000e+01 3.592257542003285664e+01 3.517411882166229731e+01 1.000000000000000000e+00 nan nan
6.200000000000000000e+01 3.592257542003284243e+01 3.517548245802607454e+01 1.000000000000000000e+00 nan nan
6.300000000000000000e+01 3.592257542003284954e+01 3.517684609438985888e+01 1.000000000000000000e+00 nan nan
6.400000000000000000e+01 3.592257542003284954e+01 3.517820973075363611e+01 1.000000000000000000e+00 1.000000000000000000e+00 1.000000000000000000e+00
6.500000000000000000e+01 3.592257542003284954e+01 3.517957336711742045e+01 1.000000000000000000e+00 1.000000000000000000e+00 1.000000000000000000e+00
6.600000000000000000e+01 3.592257542003284954e+01 3.518093700348119057e+01 1.000000000000000000e+00 1.000000000000000000e+00 1.000000000000000000e+00
6.700000000000000000e+01 3.592257542003284954e+01 3.518230063984496780e+01 1.000000000000000000e+00 1.000000000000000000e+00 1.000000000000000000e+00
6.800000000000000000e+01 3.592257542003284954e+01 3.518366427620875214e+01 1.000000000000000000e+00 1.000000000000000000e+00 1.000000000000000000e+00
6.900000000000000000e+01 3.592257542003284954e+01 3.518502791257253648e+01 1.000000000000000000e+00 1.000000000000000000e+00 1.000000000000000000e+00
7.000000000000000000e+01 3.592257542003284954e+01 3.518639154893632082e+01 1.000000000000000000e+00 1.000000000000000000e+00 1.000000000000000000e+00
7.100000000000000000e+01 3.592257542003284954e+01 3.518775518530009805e+01 1.000000000000000000e+00 1.000000000000000000e+00 1.000000000000000000e+00
7.200000000000000000e+01 3.592257542003284243e+01 3.518911882166387528e+01 nan 1.000000000000000000e+00 nan
7.300000000000000000e+01 3.592257542003284954e+01 3.519048245802765962e+01 nan 1.000000000000000000e+00 nan
7.400000000000000000e+01 3.592257542003284954e+01 3.519184609439144396e+01 1.000000000000000000e+00 1.000000000000000000e+00 1.000000000000000000e+00
7.500000000000000000e+01 3.592393905639649176e+01 3.517275518529850586e+01 nan nan nan
7.600000000000000000e+01 3.592393905639649176e+01 3.517411882166229731e+01 1.000000000000000000e+00 nan nan
7.700000000000000000e+01 3.592393905639649176e+01 3.517548245802607454e+01 1.000000000000000000e+00 nan nan
7.800000000000000000e+01 3.592393905639648466e+01 3.517684609438985888e+01 1.000000000000000000e+00 nan nan
7.900000000000000000e+01 3.592393905639647755e+01 3.517820973075363611e+01 1.000000000000000000e+00 1.000000000000000000e+00 1.000000000000000000e+00
8.000000000000000000e+01 3.592393905639648466e+01 3.517957336711742045e+01 1.000000000000000000e+00 1.000000000000000000e+00 1.000000000000000000e+00
8.100000000000000000e+01 3.592393905639648466e+01 3.518093700348119057e+01 1.000000000000000000e+00 1.000000000000000000e+00 1.000000000000000000e+00
8.200000000000000000e+01 3.592393905639649176e+01 3.518230063984496780e+01 1.000000000000000000e+00 1.000000000000000000e+00 1.000000000000000000e+00
8.300000000000000000e+01 3.592393905639649176e+01 3.518366427620875214e+01 1.000000000000000000e+00 1.000000000000000000e+00 1.000000000000000000e+00
8.400000000000000000e+01 3.592393905639648466e+01 3.518502791257253648e+01 1.000000000000000000e+00 1.000000000000000000e+00 1.000000000000000000e+00
8.500000000000000000e+01 3.592393905639648466e+01 3.518639154893632082e+01 1.000000000000000000e+00 1.000000000000000000e+00 1.000000000000000000e+00
8.600000000000000000e+01 3.592393905639649176e+01 3.518775518530009805e+01 1.000000000000000000e+00 1.000000000000000000e+00 1.000000000000000000e+00
8.700000000000000000e+01 3.592393905639647755e+01 3.518911882166387528e+01 1.000000000000000000e+00 1.000000000000000000e+00 1.000000000000000000e+00
8.800000000000000000e+01 3.592393905639649176e+01 3.519048245802765962e+01 nan 1.000000000000000000e+00 nan
8.900000000000000000e+01 3.592393905639649176e+01 3.519184609439144396e+01 nan 1.000000000000000000e+00 nan
9.000000000000000000e+01 3.592530269276011978e+01 3.517275518529850586e+01 1.000000000000000000e+00 nan nan
9.100000000000000000e+01 3.592530269276011978e+01 3.517411882166229731e+01 nan nan nan
9.200000000000000000e+01 3.592530269276011978e+01 3.517548245802607454e+01 1.000000000000000000e+00 nan nan
9.300000000000000000e+01 3.592530269276011978e+01 3.517684609438985177e+01 1.000000000000000000e+00 nan nan
9.400000000000000000e+01 3.592530269276011978e+01 3.517820973075363611e+01 1.000000000000000000e+00 1.000000000000000000e+00 1.000000000000000000e+00
9.500000000000000000e+01 3.592530269276011978e+01 3.517957336711741334e+01 1.000000000000000000e+00 1.000000000000000000e+00 1.000000000000000000e+00
9.600000000000000000e+01 3.592530269276011978e+01 3.518093700348119057e+01 1.000000000000000000e+00 1.000000000000000000e+00 1.000000000000000000e+00
9.700000000000000000e+01 3.592530269276011978e+01 3.518230063984496780e+01 1.000000000000000000e+00 1.000000000000000000e+00 1.000000000000000000e+00
9.800000000000000000e+01 3.592530269276011978e+01 3.518366427620875214e+01 1.000000000000000000e+00 1.000000000000000000e+00 1.000000000000000000e+00
9.900000000000000000e+01 3.592530269276011978e+01 3.518502791257253648e+01 1.000000000000000000e+00 1.000000000000000000e+00 1.000000000000000000e+00
1.000000000000000000e+02 3.592530269276011978e+01 3.518639154893631371e+01 1.000000000000000000e+00 1.000000000000000000e+00 1.000000000000000000e+00
1.010000000000000000e+02 3.592530269276011978e+01 3.518775518530009805e+01 1.000000000000000000e+00 1.000000000000000000e+00 1.000000000000000000e+00
1.020000000000000000e+02 3.592530269276011978e+01 3.518911882166387528e+01 1.000000000000000000e+00 1.000000000000000000e+00 1.000000000000000000e+00
1.030000000000000000e+02 3.592530269276011978e+01 3.519048245802765962e+01 nan nan nan
1.040000000000000000e+02 3.592530269276011978e+01 3.519184609439144396e+01 nan nan nan
1.050000000000000000e+02 3.592666632912374780e+01 3.517275518529850586e+01 nan nan nan
1.060000000000000000e+02 3.592666632912374780e+01 3.517411882166229731e+01 nan nan nan
1.070000000000000000e+02 3.592666632912374780e+01 3.517548245802607454e+01 1.000000000000000000e+00 nan nan
1.080000000000000000e+02 3.592666632912375491e+01 3.517684609438985888e+01 1.000000000000000000e+00 nan nan
1.090000000000000000e+02 3.592666632912374780e+01 3.517820973075363611e+01 1.000000000000000000e+00 1.000000000000000000e+00 1.000000000000000000e+00
1.100000000000000000e+02 3.592666632912374780e+01 3.517957336711742045e+01 1.000000000000000000e+00 1.000000000000000000e+00 1.000000000000000000e+00
1.110000000000000000e+02 3.592666632912375491e+01 3.518093700348119057e+01 1.000000000000000000e+00 1.000000000000000000e+00 1.000000000000000000e+00
1.120000000000000000e+02 3.592666632912376201e+01 3.518230063984496780e+01 1.000000000000000000e+00 1.000000000000000000e+00 1.000000000000000000e+00
1.130000000000000000e+02 3.592666632912375491e+01 3.518366427620875214e+01 1.000000000000000000e+00 1.000000000000000000e+00 1.000000000000000000e+00
1.140000000000000000e+02 3.592666632912374780e+01 3.518502791257253648e+01 1.000000000000000000e+00 1.000000000000000000e+00 1.000000000000000000e+00
1.150000000000000000e+02 3.592666632912375491e+01 3.518639154893632082e+01 1.000000000000000000e+00 1.000000000000000000e+00 1.000000000000000000e+00
1.160000000000000000e+02 3.592666632912375491e+01 3.518775518530009805e+01 1.000000000000000000e+00 1.000000000000000000e+00 1.000000000000000000e+00
1.170000000000000000e+02 3.592666632912374780e+01 3.518911882166387528e+01 1.000000000000000000e+00 1.000000000000000000e+00 1.000000000000000000e+00
1.180000000000000000e+02 3.592666632912374780e+01 3.519048245802765962e+01 1.000000000000000000e+00 1.000000000000000000e+00 1.000000000000000000e+00
1.190000000000000000e+02 3.592666632912375491e+01 3.519184609439144396e+01 1.000000000000000000e+00 1.000000000000000000e+00 1.000000000000000000e+00
1.200000000000000000e+02 3.592802996548739713e+01 3.517275518529850586e+01 nan nan nan
1.210000000000000000e+02 3.592802996548739713e+01 3.517411882166228310e+01 nan nan nan
1.220000000000000000e+02 3.592802996548739713e+01 3.517548245802607454e+01 nan nan nan
1.230000000000000000e+02 3.592802996548739713e+01 3.517684609438985177e+01 1.000000000000000000e+00 nan nan
1.240000000000000000e+02 3.592802996548739713e+01 3.517820973075363611e+01 1.000000000000000000e+00 1.000000000000000000e+00 1.000000000000000000e+00
1.250000000000000000e+02 3.592802996548740424e+01 3.517957336711741334e+01 1.000000000000000000e+00 1.000000000000000000e+00 1.000000000000000000e+00
1.260000000000000000e+02 3.592802996548739713e+01 3.518093700348119057e+01 1.000000000000000000e+00 1.000000000000000000e+00 1.000000000000000000e+00
1.270000000000000000e+02 3.592802996548739713e+01 3.518230063984496780e+01 1.000000000000000000e+00 1.000000000000000000e+00 1.000000000000000000e+00
1.280000000000000000e+02 3.592802996548739713e+01 3.518366427620875214e+01 1.000000000000000000e+00 1.000000000000000000e+00 1.000000000000000000e+00
1.290000000000000000e+02 3.592802996548739713e+01 3.518502791257253648e+01 1.000000000000000000e+00 1.000000000000000000e+00 1.000000000000000000e+00
1.300000000000000000e+02 3.592802996548739713e+01 3.518639154893632082e+01 1.000000000000000000e+00 1.000000000000000000e+00 1.000000000000000000e+00
1.310000000000000000e+02 3.592802996548739713e+01 3.518775518530009805e+01 1.000000000000000000e+00 1.000000000000000000e+00 1.000000000000000000e+00
1.320000000000000000e+02 3.592802996548739713e+01 3.518911882166387528e+01 1.000000000000000000e+00 1.000000000000000000e+00 1.000000000000000000e+00
1.330000000000000000e+02 3.592802996548739713e+01 3.519048245802765962e+01 1.000000000000000000e+00 1.000000000000000000e+00 1.000000000000000000e+00
1.340000000000000000e+02 3.592802996548740424e+01 3.519184609439142974e+01 nan 1.000000000000000000e+00 nan
1.350000000000000000e+02 3.592939360185103226e+01 3.517275518529849876e+01 nan nan nan
1.360000000000000000e+02 3.592939360185103226e+01 3.517411882166228310e+01 nan nan nan
1.370000000000000000e+02 3.592939360185103226e+01 3.517548245802607454e+01 nan nan nan
1.380000000000000000e+02 3.592939360185102515e+01 3.517684609438985888e+01 nan nan nan
1.390000000000000000e+02 3.592939360185103226e+01 3.517820973075363611e+01 1.000000000000000000e+00 1.000000000000000000e+00 1.000000000000000000e+00
1.400000000000000000e+02 3.592939360185103226e+01 3.517957336711741334e+01 nan 1.000000000000000000e+00 nan
1.410000000000000000e+02 3.592939360185103226e+01 3.518093700348119057e+01 1.000000000000000000e+00 1.000000000000000000e+00 1.000000000000000000e+00
1.420000000000000000e+02 3.592939360185102515e+01 3.518230063984496780e+01 1.000000000000000000e+00 1.000000000000000000e+00 1.000000000000000000e+00
1.430000000000000000e+02 3.592939360185102515e+01 3.518366427620875214e+01 1.000000000000000000e+00 1.000000000000000000e+00 1.000000000000000000e+00
1.440000000000000000e+02 3.592939360185103226e+01 3.518502791257253648e+01 1.000000000000000000e+00 1.000000000000000000e+00 1.000000000000000000e+00
1.450000000000000000e+02 3.592939360185103226e+01 3.518639154893632082e+01 1.000000000000000000e+00 1.000000000000000000e+00 1.000000000000000000e+00
1.460000000000000000e+02 3.592939360185103226e+01 3.518775518530009805e+01 1.000000000000000000e+00 1.000000000000000000e+00 1.000000000000000000e+00
1.470000000000000000e+02 3.592939360185103226e+01 3.518911882166387528e+01 nan 1.000000000000000000e+00 nan
1.480000000000000000e+02 3.592939360185103226e+01 3.519048245802765962e+01 nan 1.000000000000000000e+00 nan
1.490000000000000000e+02 3.592939360185102515e+01 3.519184609439144396e+01 1.000000000000000000e+00 1.000000000000000000e+00 1.000000000000000000e+00
1.500000000000000000e+02 3.593075723821466738e+01 3.517275518529850586e+01 nan nan nan
1.510000000000000000e+02 3.593075723821466738e+01 3.517411882166229731e+01 nan nan nan
1.520000000000000000e+02 3.593075723821466738e+01 3.517548245802607454e+01 nan nan nan
1.530000000000000000e+02 3.593075723821467449e+01 3.517684609438985888e+01 nan nan nan
1.540000000000000000e+02 3.593075723821466738e+01 3.517820973075363611e+01 nan nan nan
1.550000000000000000e+02 3.593075723821466738e+01 3.517957336711742045e+01 nan nan nan
1.560000000000000000e+02 3.593075723821466028e+01 3.518093700348119057e+01 nan 1.000000000000000000e+00 nan
1.570000000000000000e+02 3.593075723821466738e+01 3.518230063984496780e+01 1.000000000000000000e+00 1.000000000000000000e+00 1.000000000000000000e+00
1.580000000000000000e+02 3.593075723821466738e+01 3.518366427620875214e+01 1.000000000000000000e+00 1.000000000000000000e+00 1.000000000000000000e+00
1.590000000000000000e+02 3.593075723821466028e+01 3.518502791257253648e+01 1.000000000000000000e+00 1.000000000000000000e+00 1.000000000000000000e+00
1.600000000000000000e+02 3.593075723821466738e+01 3.518639154893632082e+01 1.000000000000000000e+00 1.000000000000000000e+00 1.000000000000000000e+00
1.610000000000000000e+02 3.593075723821466738e+01 3.518775518530009805e+01 nan 1.000000000000000000e+00 nan
1.620000000000000000e+02 3.593075723821467449e+01 3.518911882166387528e+01 1.000000000000000000e+00 1.000000000000000000e+00 1.000000000000000000e+00
1.630000000000000000e+02 3.593075723821467449e+01 3.519048245802765962e+01 nan 1.000000000000000000e+00 nan
1.640000000000000000e+02 3.593075723821466738e+01 3.519184609439144396e+01 nan 1.000000000000000000e+00 nan
1.650000000000000000e+02 3.593212087457830251e+01 3.517275518529850586e+01 nan nan nan
1.660000000000000000e+02 3.593212087457830251e+01 3.517411882166229731e+01 nan nan nan
1.670000000000000000e+02 3.593212087457830251e+01 3.517548245802607454e+01 nan nan nan
1.680000000000000000e+02 3.593212087457830251e+01 3.517684609438985177e+01 nan nan nan
1.690000000000000000e+02 3.593212087457830251e+01 3.517820973075363611e+01 1.000000000000000000e+00 nan nan
1.700000000000000000e+02 3.593212087457830251e+01 3.517957336711741334e+01 nan nan nan
1.710000000000000000e+02 3.593212087457830251e+01 3.518093700348119057e+01 1.000000000000000000e+00 1.000000000000000000e+00 1.000000000000000000e+00
1.720000000000000000e+02 3.593212087457830251e+01 3.518230063984496780e+01 1.000000000000000000e+00 1.000000000000000000e+00 1.000000000000000000e+00
1.730000000000000000e+02 3.593212087457830251e+01 3.518366427620875214e+01 1.000000000000000000e+00 1.000000000000000000e+00 1.000000000000000000e+00
1.740000000000000000e+02 3.593212087457830251e+01 3.518502791257253648e+01 1.000000000000000000e+00 1.000000000000000000e+00 1.000000000000000000e+00
1.750000000000000000e+02 3.593212087457830251e+01 3.518639154893631371e+01 nan 1.000000000000000000e+00 nan
1.760000000000000000e+02 3.593212087457830251e+01 3.518775518530009805e+01 nan 1.000000000000000000e+00 nan
1.770000000000000000e+02 3.593212087457830251e+01 3.518911882166387528e+01 nan 1.000000000000000000e+00 nan
1.780000000000000000e+02 3.593212087457830251e+01 3.519048245802765962e+01 nan 1.000000000000000000e+00 nan
1.790000000000000000e+02 3.593212087457830251e+01 3.519184609439144396e+01 nan 1.000000000000000000e+00 nan
