1.000000000000000000e+00 5.776566757493187820e-01
3.000000000000000000e+00 6.450139558487695268e-01
5.000000000000000000e+00 6.906662795761357998e-01
7.000000000000000000e+00 7.325107291845819324e-01
9.000000000000000000e+00 7.709931430067351599e-01
1.100000000000000000e+01 8.055919820460351044e-01
1.300000000000000000e+01 8.374791021622867149e-01
1.500000000000000000e+01 8.685628675035794721e-01
1.700000000000000000e+01 8.957542944491613257e-01
1.900000000000000000e+01 9.185107683368032294e-01
2.100000000000000000e+01 9.365932628284507899e-01
2.300000000000000000e+01 9.501774600053233266e-01
2.500000000000000000e+01 9.608168096544902337e-01
2.700000000000000000e+01 9.693916108928142261e-01
2.900000000000000000e+01 9.764786180463090881e-01
3.100000000000000000e+01 9.810249664604957509e-01
3.300000000000000000e+01 9.837298402355113547e-01
3.500000000000000000e+01 9.850554969432510077e-01
3.700000000000000000e+01 9.853558982589518678e-01
3.900000000000000000e+01 9.849169688887792207e-01
4.100000000000000000e+01 9.842441927450937822e-01
4.300000000000000000e+01 9.835387396463539655e-01
4.500000000000000000e+01 9.827883981941742952e-01
4.700000000000000000e+01 9.820363995543079927e-01
4.900000000000000000e+01 9.812805407960850657e-01
5.100000000000000000e+01 9.805736341985721305e-01
5.300000000000000000e+01 9.799157007718052315e-01
5.500000000000000000e+01 9.793843905847973152e-01
5.700000000000000000e+01 9.790001825067183860e-01
5.900000000000000000e+01 9.787854524619306051e-01
6.100000000000000000e+01 9.787854524619304941e-01
6.300000000000000000e+01 9.787854524619304941e-01
6.500000000000000000e+01 9.787854524619303831e-01
6.700000000000000000e+01 9.787854524619303831e-01
6.900000000000000000e+01 9.787854524619306051e-01
7.100000000000000000e+01 9.787854524619304941e-01
7.300000000000000000e+01 9.787854524619308272e-01
7.500000000000000000e+01 9.787854524619308272e-01
7.700000000000000000e+01 9.787854524619307162e-01
7.900000000000000000e+01 9.787854524619304941e-01
8.100000000000000000e+01 9.787854524619306051e-01
8.300000000000000000e+01 9.787854524619308272e-01
8.500000000000000000e+01 9.787854524619304941e-01
8.700000000000000000e+01 9.787854524619304941e-01
8.900000000000000000e+01 9.787854524619303831e-01
9.100000000000000000e+01 9.787854524619304941e-01
9.300000000000000000e+01 9.787854524619304941e-01
9.500000000000000000e+01 9.787854524619311603e-01
9.700000000000000000e+01 9.787854524619309382e-01
9.900000000000000000e+01 9.787854524619306051e-01
1.010000000000000000e+02 9.787854524619302721e-01
1.030000000000000000e+02 9.787854524619310492e-01
1.050000000000000000e+02 9.787854524619303831e-01
1.070000000000000000e+02 9.787854524619308272e-01
1.090000000000000000e+02 9.787854524619303831e-01
1.110000000000000000e+02 9.787854524619308272e-01
1.130000000000000000e+02 9.787854524619308272e-01
1.150000000000000000e+02 9.787854524619308272e-01
1.170000000000000000e+02 9.787854524619303831e-01
1.190000000000000000e+02 9.787854524619304941e-01
1.210000000000000000e+02 9.787854524619304941e-01
1.230000000000000000e+02 9.787854524619304941e-01
1.250000000000000000e+02 9.787854524619307162e-01
1.270000000000000000e+02 9.787854524619306051e-01
1.290000000000000000e+02 9.787854524619309382e-01
1.310000000000000000e+02 9.787854524619308272e-01
1.330000000000000000e+02 9.787854524619309382e-01
1.350000000000000000e+02 9.787854524619304941e-01
1.370000000000000000e+02 9.787854524619304941e-01
1.390000000000000000e+02 9.787854524619308272e-01
1.410000000000000000e+02 9.787854524619303831e-01
1.430000000000000000e+02 9.787854524619302721e-01
1.450000000000000000e+02 9.787854524619306051e-01
1.470000000000000000e+02 9.787854524619304941e-01
1.490000000000000000e+02 9.787854524619308272e-01
