1.000000000000000000e+00 3.796901893287435437e-01
3.000000000000000000e+00 4.318464855959101012e-01
5.000000000000000000e+00 4.583459005028319710e-01
7.000000000000000000e+00 4.736954483340117816e-01
9.000000000000000000e+00 4.849938421351510653e-01
1.100000000000000000e+01 4.943433185059090684e-01
1.300000000000000000e+01 5.026400775796873166e-01
1.500000000000000000e+01 5.105319480371404151e-01
1.700000000000000000e+01 5.181085648772620900e-01
1.900000000000000000e+01 5.254807615127805587e-01
2.100000000000000000e+01 5.326775099083018716e-01
2.300000000000000000e+01 5.396843504357768939e-01
2.500000000000000000e+01 5.464883848888895113e-01
2.700000000000000000e+01 5.531427145459199002e-01
2.900000000000000000e+01 5.596924540547876248e-01
3.100000000000000000e+01 5.662249151694196403e-01
3.300000000000000000e+01 5.727928798626830131e-01
3.500000000000000000e+01 5.794355936843904598e-01
3.700000000000000000e+01 5.861598389568758449e-01
3.900000000000000000e+01 5.929673716672513306e-01
4.100000000000000000e+01 5.998985319569610786e-01
4.300000000000000000e+01 6.069648895934314226e-01
4.500000000000000000e+01 6.141498409755024035e-01
4.700000000000000000e+01 6.214245456446536586e-01
4.900000000000000000e+01 6.287392734826093843e-01
5.100000000000000000e+01 6.360700560360366129e-01
5.300000000000000000e+01 6.433960283157078575e-01
5.500000000000000000e+01 6.507068899165865394e-01
5.700000000000000000e+01 6.579776933123515636e-01
5.900000000000000000e+01 6.651500549047089095e-01
6.100000000000000000e+01 6.722163914228334036e-01
6.300000000000000000e+01 6.791579160316663089e-01
6.500000000000000000e+01 6.859759570746349899e-01
6.700000000000000000e+01 6.926614032475224558e-01
6.900000000000000000e+01 6.992033963746475678e-01
7.100000000000000000e+01 7.055694329382921071e-01
7.300000000000000000e+01 7.117564572625364461e-01
7.500000000000000000e+01 7.177681079199784708e-01
7.700000000000000000e+01 7.235999581376368894e-01
7.900000000000000000e+01 7.292471683944679040e-01
8.100000000000000000e+01 7.346953327660343813e-01
8.300000000000000000e+01 7.399248307242447531e-01
8.500000000000000000e+01 7.449319580419206943e-01
8.700000000000000000e+01 7.497211380174491069e-01
8.900000000000000000e+01 7.542986844697314730e-01
9.100000000000000000e+01 7.586725825320211891e-01
9.300000000000000000e+01 7.628533492090230350e-01
9.500000000000000000e+01 7.668481135820272021e-01
9.700000000000000000e+01 7.706802310560674218e-01
9.900000000000000000e+01 7.743621287255576524e-01
1.010000000000000000e+02 7.779093881881909978e-01
1.030000000000000000e+02 7.813361681215904575e-01
1.050000000000000000e+02 7.846551828441825638e-01
1.070000000000000000e+02 7.878770467661571075e-01
1.090000000000000000e+02 7.910041419756848047e-01
1.110000000000000000e+02 7.940112741874454372e-01
1.130000000000000000e+02 7.968941030375926715e-01
1.150000000000000000e+02 7.997130806653529600e-01
1.170000000000000000e+02 8.024774110807615379e-01
1.190000000000000000e+02 8.051916756553543220e-01
1.210000000000000000e+02 8.078625712462693675e-01
1.230000000000000000e+02 8.104929685966644204e-01
1.250000000000000000e+02 8.130643469446474647e-01
1.270000000000000000e+02 8.156112203190348797e-01
1.290000000000000000e+02 8.181111774764955324e-01
1.310000000000000000e+02 8.205650962319043229e-01
1.330000000000000000e+02 8.229616294703585577e-01
1.350000000000000000e+02 8.253064030000922813e-01
1.370000000000000000e+02 8.276374476436303418e-01
1.390000000000000000e+02 8.299509159298718020e-01
1.410000000000000000e+02 8.322447704233529864e-01
1.430000000000000000e+02 8.344689407118686120e-01
1.450000000000000000e+02 8.366027505464666003e-01
1.470000000000000000e+02 8.386498435336851021e-01
1.490000000000000000e+02 8.405936092141841343e-01
