1.000000000000000000e+00 2.533063139931746033e-02
3.000000000000000000e+00 2.626510435486761885e-02
5.000000000000000000e+00 2.687569876748563402e-02
7.000000000000000000e+00 2.736030415299961494e-02
9.000000000000000000e+00 2.776199466986362108e-02
1.100000000000000000e+01 2.809409154435615896e-02
1.300000000000000000e+01 2.836823998890136700e-02
1.500000000000000000e+01 2.858641245492155036e-02
1.700000000000000000e+01 2.875256273231496795e-02
1.900000000000000000e+01 2.886792357488088268e-02
2.100000000000000000e+01 2.894283902762795346e-02
2.300000000000000000e+01 2.898442463583439377e-02
2.500000000000000000e+01 2.899606410845501081e-02
2.700000000000000000e+01 2.897808891282160904e-02
2.900000000000000000e+01 2.893332189111763597e-02
3.100000000000000000e+01 2.886685645337550010e-02
3.300000000000000000e+01 2.878306507442041084e-02
3.500000000000000000e+01 2.868582125813079475e-02
3.700000000000000000e+01 2.857767847969605590e-02
3.900000000000000000e+01 2.846057570923143931e-02
4.100000000000000000e+01 2.833450927465830382e-02
4.300000000000000000e+01 2.819963674025438571e-02
4.500000000000000000e+01 2.805531976805364369e-02
4.700000000000000000e+01 2.790257108859439672e-02
4.900000000000000000e+01 2.773976356617502415e-02
5.100000000000000000e+01 2.756749042270922878e-02
5.300000000000000000e+01 2.738763544103828274e-02
5.500000000000000000e+01 2.720179495578678441e-02
5.700000000000000000e+01 2.701037554853313871e-02
5.900000000000000000e+01 2.681270154199844047e-02
6.100000000000000000e+01 2.660936184566342622e-02
6.300000000000000000e+01 2.640254884882331510e-02
6.500000000000000000e+01 2.619312183370925418e-02
6.700000000000000000e+01 2.598245161952184024e-02
6.900000000000000000e+01 2.577210226036619201e-02
7.100000000000000000e+01 2.556093721798080587e-02
7.300000000000000000e+01 2.534969067572356849e-02
7.500000000000000000e+01 2.513720030812238715e-02
7.700000000000000000e+01 2.492445612880600514e-02
7.900000000000000000e+01 2.471397938534680705e-02
8.100000000000000000e+01 2.450467701923575436e-02
8.300000000000000000e+01 2.429825854136102858e-02
8.500000000000000000e+01 2.409509735608428294e-02
8.700000000000000000e+01 2.389581933699602700e-02
8.900000000000000000e+01 2.370073937905337047e-02
9.100000000000000000e+01 2.351128425588511206e-02
9.300000000000000000e+01 2.332728888374591136e-02
9.500000000000000000e+01 2.314775313238026655e-02
9.700000000000000000e+01 2.297101632125941872e-02
9.900000000000000000e+01 2.279835204680968896e-02
1.010000000000000000e+02 2.262983087680292549e-02
1.030000000000000000e+02 2.246557904964641139e-02
1.050000000000000000e+02 2.230556402506067570e-02
1.070000000000000000e+02 2.215094528120031825e-02
1.090000000000000000e+02 2.200091817750815526e-02
1.110000000000000000e+02 2.185544208601286620e-02
1.130000000000000000e+02 2.171158298868014480e-02
1.150000000000000000e+02 2.156935095950707204e-02
1.170000000000000000e+02 2.142872989690958185e-02
1.190000000000000000e+02 2.128797046926644843e-02
1.210000000000000000e+02 2.114718952498095828e-02
1.230000000000000000e+02 2.100899579051695998e-02
1.250000000000000000e+02 2.087334413326324967e-02
1.270000000000000000e+02 2.074033889342152825e-02
1.290000000000000000e+02 2.061002336633588339e-02
1.310000000000000000e+02 2.048226532789454435e-02
1.330000000000000000e+02 2.035693219809420196e-02
1.350000000000000000e+02 2.023453254470441998e-02
1.370000000000000000e+02 2.011447869178062398e-02
1.390000000000000000e+02 1.999704619417319584e-02
1.410000000000000000e+02 1.988119400968535455e-02
1.430000000000000000e+02 1.976651205568547010e-02
1.450000000000000000e+02 1.965257762890304516e-02
1.470000000000000000e+02 1.954099277446319505e-02
1.490000000000000000e+02 1.943209492492237178e-02
