1.000000000000000000e+00 1.781024339922491206e-01
3.000000000000000000e+00 1.948275023351772051e-01
5.000000000000000000e+00 2.018227371117765623e-01
7.000000000000000000e+00 2.057342621422880713e-01
9.000000000000000000e+00 2.084411477278172997e-01
1.100000000000000000e+01 2.106120636971275939e-01
1.300000000000000000e+01 2.125266672578784988e-01
1.500000000000000000e+01 2.142914759705089045e-01
1.700000000000000000e+01 2.159663226166315120e-01
1.900000000000000000e+01 2.175778297866706179e-01
2.100000000000000000e+01 2.191422071708840624e-01
2.300000000000000000e+01 2.206704352902614241e-01
2.500000000000000000e+01 2.221739125783696034e-01
2.700000000000000000e+01 2.236599776558527708e-01
2.900000000000000000e+01 2.251245763703917380e-01
3.100000000000000000e+01 2.265717215479324809e-01
3.300000000000000000e+01 2.280089498403050641e-01
3.500000000000000000e+01 2.294403787533267902e-01
3.700000000000000000e+01 2.308690697327946406e-01
3.900000000000000000e+01 2.323014601682421576e-01
4.100000000000000000e+01 2.337384912394602221e-01
4.300000000000000000e+01 2.351801843891276889e-01
4.500000000000000000e+01 2.366264533187361074e-01
4.700000000000000000e+01 2.380795516145989277e-01
4.900000000000000000e+01 2.395399831200272223e-01
5.100000000000000000e+01 2.410089356430068497e-01
5.300000000000000000e+01 2.424864027641809860e-01
5.500000000000000000e+01 2.439723839173183473e-01
5.700000000000000000e+01 2.454661818114484140e-01
5.900000000000000000e+01 2.469674339590675061e-01
6.100000000000000000e+01 2.484767106444911722e-01
6.300000000000000000e+01 2.499934799621006398e-01
6.500000000000000000e+01 2.515161640998435644e-01
6.700000000000000000e+01 2.530442566604803600e-01
6.900000000000000000e+01 2.545777891518559155e-01
7.100000000000000000e+01 2.561172978603244443e-01
7.300000000000000000e+01 2.576630071001962952e-01
7.500000000000000000e+01 2.592146021142422985e-01
7.700000000000000000e+01 2.607719392035665606e-01
7.900000000000000000e+01 2.623340736449151223e-01
8.100000000000000000e+01 2.639002260937708400e-01
8.300000000000000000e+01 2.654705074989892610e-01
8.500000000000000000e+01 2.670446259106378228e-01
8.700000000000000000e+01 2.686219832368422766e-01
8.900000000000000000e+01 2.702027025861023501e-01
9.100000000000000000e+01 2.717867517022307666e-01
9.300000000000000000e+01 2.733740730458656953e-01
9.500000000000000000e+01 2.749647366141866334e-01
9.700000000000000000e+01 2.765587661240652695e-01
9.900000000000000000e+01 2.781560711620096882e-01
1.010000000000000000e+02 2.797561280990569221e-01
1.030000000000000000e+02 2.813587835011315264e-01
1.050000000000000000e+02 2.829640273090099356e-01
1.070000000000000000e+02 2.845719825836898753e-01
1.090000000000000000e+02 2.861826571955604637e-01
1.110000000000000000e+02 2.877957388526143356e-01
1.130000000000000000e+02 2.894112214537600813e-01
1.150000000000000000e+02 2.910289080481782698e-01
1.170000000000000000e+02 2.926485135633180024e-01
1.190000000000000000e+02 2.942698859114899479e-01
1.210000000000000000e+02 2.958924014244003198e-01
1.230000000000000000e+02 2.975146459230826324e-01
1.250000000000000000e+02 2.991368014464583780e-01
1.270000000000000000e+02 3.007588418521305318e-01
1.290000000000000000e+02 3.023819732242484237e-01
1.310000000000000000e+02 3.040063800349317447e-01
1.330000000000000000e+02 3.056321754286880354e-01
1.350000000000000000e+02 3.072600510732443890e-01
1.370000000000000000e+02 3.088900021672625895e-01
1.390000000000000000e+02 3.105220912550810120e-01
1.410000000000000000e+02 3.121571072068880515e-01
1.430000000000000000e+02 3.137950739002550726e-01
1.450000000000000000e+02 3.154358660689554616e-01
1.470000000000000000e+02 3.170795316423427046e-01
1.490000000000000000e+02 3.187258279425403407e-01
