1.000000000000000000e+00 1.582534189141804326e-02
3.000000000000000000e+00 1.615667169165979633e-02
5.000000000000000000e+00 1.632322269475305898e-02
7.000000000000000000e+00 1.646128843274874409e-02
9.000000000000000000e+00 1.657378372985485182e-02
1.100000000000000000e+01 1.667251963318938657e-02
1.300000000000000000e+01 1.677026715881979602e-02
1.500000000000000000e+01 1.686392011412940484e-02
1.700000000000000000e+01 1.695167898838556564e-02
1.900000000000000000e+01 1.703495709036173533e-02
2.100000000000000000e+01 1.711511854337399718e-02
2.300000000000000000e+01 1.719381880425063791e-02
2.500000000000000000e+01 1.727158934980788096e-02
2.700000000000000000e+01 1.734864285346138235e-02
2.900000000000000000e+01 1.742406592746537086e-02
3.100000000000000000e+01 1.749620667535267682e-02
3.300000000000000000e+01 1.756481974877721619e-02
3.500000000000000000e+01 1.763022035511163654e-02
3.700000000000000000e+01 1.769286129044000955e-02
3.900000000000000000e+01 1.775229085461715872e-02
4.100000000000000000e+01 1.780816572582699653e-02
4.300000000000000000e+01 1.786052058309106627e-02
4.500000000000000000e+01 1.790943466754224556e-02
4.700000000000000000e+01 1.795461822856292411e-02
4.900000000000000000e+01 1.799591549955559255e-02
5.100000000000000000e+01 1.803314634593500276e-02
5.300000000000000000e+01 1.806597796029751901e-02
5.500000000000000000e+01 1.809402340887089622e-02
5.700000000000000000e+01 1.811693267314584688e-02
5.900000000000000000e+01 1.813424363004323414e-02
6.100000000000000000e+01 1.814567571379155364e-02
6.300000000000000000e+01 1.815094211398615709e-02
6.500000000000000000e+01 1.814943274425906417e-02
6.700000000000000000e+01 1.814129023246147110e-02
6.900000000000000000e+01 1.812716110439038797e-02
7.100000000000000000e+01 1.810711963381472778e-02
7.300000000000000000e+01 1.807871192524335147e-02
7.500000000000000000e+01 1.804296390895165914e-02
7.700000000000000000e+01 1.800136919926131895e-02
7.900000000000000000e+01 1.795472944835085904e-02
8.100000000000000000e+01 1.790334028817130996e-02
8.300000000000000000e+01 1.784820910216111667e-02
8.500000000000000000e+01 1.778879011455503090e-02
8.700000000000000000e+01 1.772594090058254857e-02
8.900000000000000000e+01 1.765853819165419392e-02
9.100000000000000000e+01 1.758676089728616887e-02
9.300000000000000000e+01 1.751135011595128521e-02
9.500000000000000000e+01 1.743249273340197192e-02
9.700000000000000000e+01 1.735028960770368389e-02
9.900000000000000000e+01 1.726436285594756814e-02
1.010000000000000000e+02 1.717490573544566690e-02
1.030000000000000000e+02 1.708222734610553850e-02
1.050000000000000000e+02 1.698718166819668252e-02
1.070000000000000000e+02 1.688968817125202637e-02
1.090000000000000000e+02 1.678958348247638899e-02
1.110000000000000000e+02 1.668726473807025101e-02
1.130000000000000000e+02 1.658343863491817949e-02
1.150000000000000000e+02 1.647844280840737863e-02
1.170000000000000000e+02 1.637241127451194433e-02
1.190000000000000000e+02 1.626431781633685958e-02
1.210000000000000000e+02 1.615485714754405500e-02
1.230000000000000000e+02 1.604434226892170745e-02
1.250000000000000000e+02 1.593329359959017033e-02
1.270000000000000000e+02 1.582190295661101143e-02
1.290000000000000000e+02 1.571041947789586501e-02
1.310000000000000000e+02 1.559954762433901632e-02
1.330000000000000000e+02 1.548941966195727105e-02
1.350000000000000000e+02 1.538003937639831342e-02
1.370000000000000000e+02 1.527150525329235009e-02
1.390000000000000000e+02 1.516272534456986065e-02
1.410000000000000000e+02 1.505326724351974121e-02
1.430000000000000000e+02 1.494324180513639799e-02
1.450000000000000000e+02 1.483413937402000560e-02
1.470000000000000000e+02 1.472690900493567323e-02
1.490000000000000000e+02 1.462152630794988362e-02
