1.000000000000000000e+00 1.141263819991567008e-02
3.000000000000000000e+00 1.159221436098301083e-02
5.000000000000000000e+00 1.167467789542175893e-02
7.000000000000000000e+00 1.173334689696803323e-02
9.000000000000000000e+00 1.177587970581506216e-02
1.100000000000000000e+01 1.180692638775870940e-02
1.300000000000000000e+01 1.182686824606316023e-02
1.500000000000000000e+01 1.184119298965369271e-02
1.700000000000000000e+01 1.185242452653290091e-02
1.900000000000000000e+01 1.185988000139270859e-02
2.100000000000000000e+01 1.186348792770819394e-02
2.300000000000000000e+01 1.186420192420822861e-02
2.500000000000000000e+01 1.186307141578146762e-02
2.700000000000000000e+01 1.185871316740949588e-02
2.900000000000000000e+01 1.185138402397523105e-02
3.100000000000000000e+01 1.184162064990035290e-02
3.300000000000000000e+01 1.182912317836026794e-02
3.500000000000000000e+01 1.181330837649285925e-02
3.700000000000000000e+01 1.179392753703434327e-02
3.900000000000000000e+01 1.177088506834422788e-02
4.100000000000000000e+01 1.174387992246195278e-02
4.300000000000000000e+01 1.171258690330589936e-02
4.500000000000000000e+01 1.167689305044539161e-02
4.700000000000000000e+01 1.163608181251785112e-02
4.900000000000000000e+01 1.159100905567334028e-02
5.100000000000000000e+01 1.154199098473329688e-02
5.300000000000000000e+01 1.148957525769311871e-02
5.500000000000000000e+01 1.143401794950926753e-02
5.700000000000000000e+01 1.137573514892331605e-02
5.900000000000000000e+01 1.131478243193806410e-02
6.100000000000000000e+01 1.125146841148982890e-02
6.300000000000000000e+01 1.118530010673646213e-02
6.500000000000000000e+01 1.111686685449975176e-02
6.700000000000000000e+01 1.104640238266008101e-02
6.900000000000000000e+01 1.097568230575218795e-02
7.100000000000000000e+01 1.090465214634561697e-02
7.300000000000000000e+01 1.083358960212199573e-02
7.500000000000000000e+01 1.076285066759408160e-02
7.700000000000000000e+01 1.069269821627505390e-02
7.900000000000000000e+01 1.062366044211981997e-02
8.100000000000000000e+01 1.055602632624041970e-02
8.300000000000000000e+01 1.048867742328274399e-02
8.500000000000000000e+01 1.042186720073634554e-02
8.700000000000000000e+01 1.035581447197642113e-02
8.900000000000000000e+01 1.029018863350827928e-02
9.100000000000000000e+01 1.022516144187823883e-02
9.300000000000000000e+01 1.016220796445610475e-02
9.500000000000000000e+01 1.010091569448046123e-02
9.700000000000000000e+01 1.004076860195146637e-02
9.900000000000000000e+01 9.982578109052453463e-03
1.010000000000000000e+02 9.926370996956479509e-03
1.030000000000000000e+02 9.870999886328113426e-03
1.050000000000000000e+02 9.816700266361055860e-03
1.070000000000000000e+02 9.763501481411140936e-03
1.090000000000000000e+02 9.711968106165702608e-03
1.110000000000000000e+02 9.661702122364279610e-03
1.130000000000000000e+02 9.612661927991039690e-03
1.150000000000000000e+02 9.564892069856778534e-03
1.170000000000000000e+02 9.518956985396509474e-03
1.190000000000000000e+02 9.474894529676092247e-03
1.210000000000000000e+02 9.431849377004364321e-03
1.230000000000000000e+02 9.389876683367104349e-03
1.250000000000000000e+02 9.349512873615073438e-03
1.270000000000000000e+02 9.310217536794729298e-03
1.290000000000000000e+02 9.271862845789069496e-03
1.310000000000000000e+02 9.234472240321367487e-03
1.330000000000000000e+02 9.197935364839149308e-03
1.350000000000000000e+02 9.161904446341129216e-03
1.370000000000000000e+02 9.126092320005607661e-03
1.390000000000000000e+02 9.090900375441468562e-03
1.410000000000000000e+02 9.056123526260062562e-03
1.430000000000000000e+02 9.021677073566158889e-03
1.450000000000000000e+02 8.987490859576618973e-03
1.470000000000000000e+02 8.954288657826992015e-03
1.490000000000000000e+02 8.921974938322585480e-03
