1.000000000000000000e+00 1.756886664235757234e-02
3.000000000000000000e+00 1.823944738067384552e-02
5.000000000000000000e+00 1.864471591108030069e-02
7.000000000000000000e+00 1.896558830085637304e-02
9.000000000000000000e+00 1.922359253135208501e-02
1.100000000000000000e+01 1.942359623437106553e-02
1.300000000000000000e+01 1.957065864210782991e-02
1.500000000000000000e+01 1.967271788665692078e-02
1.700000000000000000e+01 1.973458510781134212e-02
1.900000000000000000e+01 1.975544752711455576e-02
2.100000000000000000e+01 1.974377012755512695e-02
2.300000000000000000e+01 1.970921994964136559e-02
2.500000000000000000e+01 1.965817624555377119e-02
2.700000000000000000e+01 1.959571019294115146e-02
2.900000000000000000e+01 1.952717423484184867e-02
3.100000000000000000e+01 1.945601424361753651e-02
3.300000000000000000e+01 1.938492670154157160e-02
3.500000000000000000e+01 1.931480402734131463e-02
3.700000000000000000e+01 1.924512733597860681e-02
3.900000000000000000e+01 1.917497262104450595e-02
4.100000000000000000e+01 1.910436483306465760e-02
4.300000000000000000e+01 1.903356158145985688e-02
4.500000000000000000e+01 1.896350981762495724e-02
4.700000000000000000e+01 1.889458318376979751e-02
4.900000000000000000e+01 1.882675854533055748e-02
5.100000000000000000e+01 1.875970377620228557e-02
5.300000000000000000e+01 1.869295431738682289e-02
5.500000000000000000e+01 1.862635579167748467e-02
5.700000000000000000e+01 1.855953045760794229e-02
5.900000000000000000e+01 1.849107623860823946e-02
6.100000000000000000e+01 1.842096700294149070e-02
6.300000000000000000e+01 1.834913085243961017e-02
6.500000000000000000e+01 1.827534478080417024e-02
6.700000000000000000e+01 1.819904270761263376e-02
6.900000000000000000e+01 1.812006384075603993e-02
7.100000000000000000e+01 1.803761685178095764e-02
7.300000000000000000e+01 1.795132291630419097e-02
7.500000000000000000e+01 1.786103848270370609e-02
7.700000000000000000e+01 1.776694903751685484e-02
7.900000000000000000e+01 1.766928588732863403e-02
8.100000000000000000e+01 1.756886365929932747e-02
8.300000000000000000e+01 1.746541099971787858e-02
8.500000000000000000e+01 1.735915959768030703e-02
8.700000000000000000e+01 1.725178642196900647e-02
8.900000000000000000e+01 1.714320796538704172e-02
9.100000000000000000e+01 1.703242109701164075e-02
9.300000000000000000e+01 1.692030988409198855e-02
9.500000000000000000e+01 1.680728295984179610e-02
9.700000000000000000e+01 1.669355906666403211e-02
9.900000000000000000e+01 1.657829999294846424e-02
1.010000000000000000e+02 1.646071296488949010e-02
1.030000000000000000e+02 1.634255223327185647e-02
1.050000000000000000e+02 1.622323683470727751e-02
1.070000000000000000e+02 1.610323522357337556e-02
1.090000000000000000e+02 1.598239334712370230e-02
1.110000000000000000e+02 1.586085734832742844e-02
1.130000000000000000e+02 1.573913970652562888e-02
1.150000000000000000e+02 1.561782756651863835e-02
1.170000000000000000e+02 1.549600914798932028e-02
1.190000000000000000e+02 1.537385113886113874e-02
1.210000000000000000e+02 1.525155059600735719e-02
1.230000000000000000e+02 1.512919695903580664e-02
1.250000000000000000e+02 1.500729125572231037e-02
1.270000000000000000e+02 1.488605802057862970e-02
1.290000000000000000e+02 1.476559941732447090e-02
1.310000000000000000e+02 1.464564856491512579e-02
1.330000000000000000e+02 1.452641185174208260e-02
1.350000000000000000e+02 1.440790495699373341e-02
1.370000000000000000e+02 1.429111110447056632e-02
1.390000000000000000e+02 1.417698564656155735e-02
1.410000000000000000e+02 1.406419625175781007e-02
1.430000000000000000e+02 1.395442282869696626e-02
1.450000000000000000e+02 1.384651642424428175e-02
1.470000000000000000e+02 1.374119041058352586e-02
1.490000000000000000e+02 1.363839925262089192e-02
