1.000000000000000000e+00 4.706190975865687243e-01
3.000000000000000000e+00 5.246701707415823979e-01
5.000000000000000000e+00 5.489171559946250945e-01
7.000000000000000000e+00 5.634255162595407374e-01
9.000000000000000000e+00 5.745441105064410525e-01
1.100000000000000000e+01 5.839817670840898867e-01
1.300000000000000000e+01 5.924420912982006904e-01
1.500000000000000000e+01 5.999690721996053799e-01
1.700000000000000000e+01 6.068289708679170946e-01
1.900000000000000000e+01 6.129786095852367556e-01
2.100000000000000000e+01 6.184887886662875367e-01
2.300000000000000000e+01 6.233760880379597413e-01
2.500000000000000000e+01 6.275085250156815508e-01
2.700000000000000000e+01 6.308929583748427161e-01
2.900000000000000000e+01 6.337327275985145114e-01
3.100000000000000000e+01 6.361226790417024990e-01
3.300000000000000000e+01 6.379367856922164570e-01
3.500000000000000000e+01 6.393060203715719148e-01
3.700000000000000000e+01 6.403320627792363773e-01
3.900000000000000000e+01 6.410510183697843978e-01
4.100000000000000000e+01 6.415329803691381949e-01
4.300000000000000000e+01 6.418586733971727298e-01
4.500000000000000000e+01 6.420381013747596954e-01
4.700000000000000000e+01 6.420835629491321583e-01
4.900000000000000000e+01 6.420213221023860495e-01
5.100000000000000000e+01 6.416864393431125357e-01
5.300000000000000000e+01 6.412974154647224090e-01
5.500000000000000000e+01 6.408985416604520147e-01
5.700000000000000000e+01 6.404619254296450848e-01
5.900000000000000000e+01 6.399177182608575265e-01
6.100000000000000000e+01 6.392709464434594979e-01
6.300000000000000000e+01 6.385413242837880698e-01
6.500000000000000000e+01 6.377485195821028796e-01
6.700000000000000000e+01 6.369225348659274255e-01
6.900000000000000000e+01 6.361202356424757731e-01
7.100000000000000000e+01 6.352860097621360058e-01
7.300000000000000000e+01 6.343466454716002456e-01
7.500000000000000000e+01 6.334090833937036091e-01
7.700000000000000000e+01 6.325160032130878740e-01
7.900000000000000000e+01 6.316478418887135904e-01
8.100000000000000000e+01 6.307913667553677328e-01
8.300000000000000000e+01 6.298947960714588179e-01
8.500000000000000000e+01 6.289576193608406030e-01
8.700000000000000000e+01 6.280007816696983047e-01
8.900000000000000000e+01 6.269979092321884551e-01
9.100000000000000000e+01 6.259071003919280951e-01
9.300000000000000000e+01 6.248518493976000787e-01
9.500000000000000000e+01 6.238265456328840886e-01
9.700000000000000000e+01 6.228118700247926576e-01
9.900000000000000000e+01 6.217994404837243749e-01
1.010000000000000000e+02 6.207889040471454845e-01
1.030000000000000000e+02 6.198060559889919663e-01
1.050000000000000000e+02 6.188187860833413989e-01
1.070000000000000000e+02 6.178569367457036332e-01
1.090000000000000000e+02 6.169012898503194453e-01
1.110000000000000000e+02 6.159633484184339203e-01
1.130000000000000000e+02 6.150324059269917099e-01
1.150000000000000000e+02 6.142345643659250509e-01
1.170000000000000000e+02 6.135721769989106456e-01
1.190000000000000000e+02 6.130578262179950944e-01
1.210000000000000000e+02 6.126328765188874259e-01
1.230000000000000000e+02 6.121908350545626210e-01
1.250000000000000000e+02 6.117661232487401346e-01
1.270000000000000000e+02 6.113915431014316226e-01
1.290000000000000000e+02 6.110684849244208960e-01
1.310000000000000000e+02 6.108414977821468028e-01
1.330000000000000000e+02 6.107262450937249731e-01
1.350000000000000000e+02 6.107262450937248621e-01
1.370000000000000000e+02 6.107262450937251952e-01
1.390000000000000000e+02 6.107262450937247511e-01
1.410000000000000000e+02 6.107262450937251952e-01
1.430000000000000000e+02 6.107262450937256393e-01
1.450000000000000000e+02 6.107262450937254172e-01
1.470000000000000000e+02 6.107262450937247511e-01
1.490000000000000000e+02 6.107262450937251952e-01
