1.000000000000000000e+00 1.833589013076192265e-01
3.000000000000000000e+00 2.062580538440959010e-01
5.000000000000000000e+00 2.158308220475410044e-01
7.000000000000000000e+00 2.205846875611930935e-01
9.000000000000000000e+00 2.235100336837747559e-01
1.100000000000000000e+01 2.256036273083420474e-01
1.300000000000000000e+01 2.272197183763658979e-01
1.500000000000000000e+01 2.286025361531249800e-01
1.700000000000000000e+01 2.298295800199237071e-01
1.900000000000000000e+01 2.309583416485703200e-01
2.100000000000000000e+01 2.320625789327847022e-01
2.300000000000000000e+01 2.331810639953857400e-01
2.500000000000000000e+01 2.343409943159465714e-01
2.700000000000000000e+01 2.355605024751226129e-01
2.900000000000000000e+01 2.368598974206169716e-01
3.100000000000000000e+01 2.382685831299256041e-01
3.300000000000000000e+01 2.398105100247360788e-01
3.500000000000000000e+01 2.414995634888031928e-01
3.700000000000000000e+01 2.433464749625484647e-01
3.900000000000000000e+01 2.453633318177099731e-01
4.100000000000000000e+01 2.475436665817273285e-01
4.300000000000000000e+01 2.498953183857939297e-01
4.500000000000000000e+01 2.524146584612960709e-01
4.700000000000000000e+01 2.551060015604605935e-01
4.900000000000000000e+01 2.579728046203914049e-01
5.100000000000000000e+01 2.610145992061994047e-01
5.300000000000000000e+01 2.642289534654330696e-01
5.500000000000000000e+01 2.676059985637337935e-01
5.700000000000000000e+01 2.711583182323988872e-01
5.900000000000000000e+01 2.748829151223256551e-01
6.100000000000000000e+01 2.787700993487954859e-01
6.300000000000000000e+01 2.828186707425609514e-01
6.500000000000000000e+01 2.870351895011481469e-01
6.700000000000000000e+01 2.914110479980110968e-01
6.900000000000000000e+01 2.959487263035089910e-01
7.100000000000000000e+01 3.006431699409514158e-01
7.300000000000000000e+01 3.054973771083557832e-01
7.500000000000000000e+01 3.105057960991872701e-01
7.700000000000000000e+01 3.156637725973489017e-01
7.900000000000000000e+01 3.209793870897557078e-01
8.100000000000000000e+01 3.264509177639779436e-01
8.300000000000000000e+01 3.320735166684953832e-01
8.500000000000000000e+01 3.378407716101692326e-01
8.700000000000000000e+01 3.437482354540278839e-01
8.900000000000000000e+01 3.497933933348094104e-01
9.100000000000000000e+01 3.559707570968988488e-01
9.300000000000000000e+01 3.622752983344559308e-01
9.500000000000000000e+01 3.686973243857714078e-01
9.700000000000000000e+01 3.752379598489083978e-01
9.900000000000000000e+01 3.818852268345165335e-01
1.010000000000000000e+02 3.886321772934410168e-01
1.030000000000000000e+02 3.954871398776846902e-01
1.050000000000000000e+02 4.024448197075788380e-01
1.070000000000000000e+02 4.095032486225306245e-01
1.090000000000000000e+02 4.166557685277316736e-01
1.110000000000000000e+02 4.238964805811195058e-01
1.130000000000000000e+02 4.311986569914126877e-01
1.150000000000000000e+02 4.385503100479184457e-01
1.170000000000000000e+02 4.459419856839977880e-01
1.190000000000000000e+02 4.533587678868731263e-01
1.210000000000000000e+02 4.607918775721614457e-01
1.230000000000000000e+02 4.682308682592524196e-01
1.250000000000000000e+02 4.756804370559782891e-01
1.270000000000000000e+02 4.831289264007925244e-01
1.290000000000000000e+02 4.905633955225615628e-01
1.310000000000000000e+02 4.979661669948105551e-01
1.330000000000000000e+02 5.053331798786759865e-01
1.350000000000000000e+02 5.126355824006678663e-01
1.370000000000000000e+02 5.198712241835805603e-01
1.390000000000000000e+02 5.270378935203208215e-01
1.410000000000000000e+02 5.341316822232439199e-01
1.430000000000000000e+02 5.411476848702112541e-01
1.450000000000000000e+02 5.480856798401569918e-01
1.470000000000000000e+02 5.549303128161704457e-01
1.490000000000000000e+02 5.616793588533135484e-01
