1.000000000000000000e+00 1.072095996852562294e-02
3.000000000000000000e+00 1.374393334192325344e-02
5.000000000000000000e+00 1.558322648682097800e-02
7.000000000000000000e+00 1.694735010279124765e-02
9.000000000000000000e+00 1.809582347320914941e-02
1.100000000000000000e+01 1.909055317298835597e-02
1.300000000000000000e+01 1.992057945358838289e-02
1.500000000000000000e+01 2.060119588165221227e-02
1.700000000000000000e+01 2.122519634378916553e-02
1.900000000000000000e+01 2.186490414274522287e-02
2.100000000000000000e+01 2.257160403769453705e-02
2.300000000000000000e+01 2.332716864969897053e-02
2.500000000000000000e+01 2.408946208952245094e-02
2.700000000000000000e+01 2.482837368907597764e-02
2.900000000000000000e+01 2.556643598481833646e-02
3.100000000000000000e+01 2.631603002024451854e-02
3.300000000000000000e+01 2.709010482737939096e-02
3.500000000000000000e+01 2.788808087581473583e-02
3.700000000000000000e+01 2.870329127139925607e-02
3.900000000000000000e+01 2.952969222589529874e-02
4.100000000000000000e+01 3.037077363738260871e-02
4.300000000000000000e+01 3.122827583738241319e-02
4.500000000000000000e+01 3.209771586139464894e-02
4.700000000000000000e+01 3.294815166973708020e-02
4.900000000000000000e+01 3.377211119208567425e-02
5.100000000000000000e+01 3.458560679663535975e-02
5.300000000000000000e+01 3.538767552156707463e-02
5.500000000000000000e+01 3.618164771129661617e-02
5.700000000000000000e+01 3.696934784657557316e-02
5.900000000000000000e+01 3.774558061041755064e-02
6.100000000000000000e+01 3.850527629485223091e-02
6.300000000000000000e+01 3.923679508036337360e-02
6.500000000000000000e+01 3.994388400252102400e-02
6.700000000000000000e+01 4.062214596667013122e-02
6.900000000000000000e+01 4.128720874010183284e-02
7.100000000000000000e+01 4.194278547000296342e-02
7.300000000000000000e+01 4.258524586973755355e-02
7.500000000000000000e+01 4.321646907373699609e-02
7.700000000000000000e+01 4.383950805679459606e-02
7.900000000000000000e+01 4.444274274102655298e-02
8.100000000000000000e+01 4.502739609974737434e-02
8.300000000000000000e+01 4.558606870777137665e-02
8.500000000000000000e+01 4.611842969005863768e-02
8.700000000000000000e+01 4.662688717049123799e-02
8.900000000000000000e+01 4.711464538142218217e-02
9.100000000000000000e+01 4.758645438244735182e-02
9.300000000000000000e+01 4.805348660091557367e-02
9.500000000000000000e+01 4.852051279828828445e-02
9.700000000000000000e+01 4.898979788109636413e-02
9.900000000000000000e+01 4.946483376703891821e-02
1.010000000000000000e+02 4.994952293455134917e-02
1.030000000000000000e+02 5.043966641765684766e-02
1.050000000000000000e+02 5.093732071846257536e-02
1.070000000000000000e+02 5.143756983662672866e-02
1.090000000000000000e+02 5.191597670227476868e-02
1.110000000000000000e+02 5.237857881931107240e-02
1.130000000000000000e+02 5.282636731803724839e-02
1.150000000000000000e+02 5.325581835853021584e-02
1.170000000000000000e+02 5.366666939122721747e-02
1.190000000000000000e+02 5.407176592075346733e-02
1.210000000000000000e+02 5.448008820996641521e-02
1.230000000000000000e+02 5.489206413508451732e-02
1.250000000000000000e+02 5.530745847376938862e-02
1.270000000000000000e+02 5.571394729900991383e-02
1.290000000000000000e+02 5.610857331529617298e-02
1.310000000000000000e+02 5.649214444555494818e-02
1.330000000000000000e+02 5.686512077803562715e-02
1.350000000000000000e+02 5.723449947013359296e-02
1.370000000000000000e+02 5.760750172455542106e-02
1.390000000000000000e+02 5.797857650544757657e-02
1.410000000000000000e+02 5.834752229050454986e-02
1.430000000000000000e+02 5.871433495904387900e-02
1.450000000000000000e+02 5.907761928292654119e-02
1.470000000000000000e+02 5.943757050294118383e-02
1.490000000000000000e+02 5.979401741945833404e-02
