1.000000000000000000e+00 4.850083952986327107e-01
3.000000000000000000e+00 5.510101179871592647e-01
5.000000000000000000e+00 5.846687436448645414e-01
7.000000000000000000e+00 6.060631726813758835e-01
9.000000000000000000e+00 6.234850827512294913e-01
1.100000000000000000e+01 6.387980794283782959e-01
1.300000000000000000e+01 6.531393786878270102e-01
1.500000000000000000e+01 6.669956671946283278e-01
1.700000000000000000e+01 6.802145016973043523e-01
1.900000000000000000e+01 6.924411143967680315e-01
2.100000000000000000e+01 7.038204838201707059e-01
2.300000000000000000e+01 7.144058200369799438e-01
2.500000000000000000e+01 7.241755799873602628e-01
2.700000000000000000e+01 7.331097791396307128e-01
2.900000000000000000e+01 7.412288719769789536e-01
3.100000000000000000e+01 7.485488447466963624e-01
3.300000000000000000e+01 7.551519090152818414e-01
3.500000000000000000e+01 7.610816973670887498e-01
3.700000000000000000e+01 7.663779475761210991e-01
3.900000000000000000e+01 7.711231610305185891e-01
4.100000000000000000e+01 7.755179044819305867e-01
4.300000000000000000e+01 7.796104930331275717e-01
4.500000000000000000e+01 7.834123565421469149e-01
4.700000000000000000e+01 7.868779165716870416e-01
4.900000000000000000e+01 7.900484737968619386e-01
5.100000000000000000e+01 7.929447822428211667e-01
5.300000000000000000e+01 7.956456562014521117e-01
5.500000000000000000e+01 7.982007268870030536e-01
5.700000000000000000e+01 8.005824053559406073e-01
5.900000000000000000e+01 8.028233116403966640e-01
6.100000000000000000e+01 8.049458610649500301e-01
6.300000000000000000e+01 8.069682668519848612e-01
6.500000000000000000e+01 8.088766312158517380e-01
6.700000000000000000e+01 8.106834096107857768e-01
6.900000000000000000e+01 8.123734497022330192e-01
7.100000000000000000e+01 8.139181837095945671e-01
7.300000000000000000e+01 8.153550747537281485e-01
7.500000000000000000e+01 8.166811533127398270e-01
7.700000000000000000e+01 8.179217123321208538e-01
7.900000000000000000e+01 8.190824730738904824e-01
8.100000000000000000e+01 8.201353073580933684e-01
8.300000000000000000e+01 8.211248357607369153e-01
8.500000000000000000e+01 8.220076394945906584e-01
8.700000000000000000e+01 8.227559517646393372e-01
8.900000000000000000e+01 8.233785847661290180e-01
9.100000000000000000e+01 8.238900687381267574e-01
9.300000000000000000e+01 8.243348453623873251e-01
9.500000000000000000e+01 8.247171400499666571e-01
9.700000000000000000e+01 8.250600875865120587e-01
9.900000000000000000e+01 8.253642739357043290e-01
1.010000000000000000e+02 8.256109942904974464e-01
1.030000000000000000e+02 8.258035011222704114e-01
1.050000000000000000e+02 8.259654683603669945e-01
1.070000000000000000e+02 8.261185811086034780e-01
1.090000000000000000e+02 8.262627013688945699e-01
1.110000000000000000e+02 8.263434574064488780e-01
1.130000000000000000e+02 8.263623641464370451e-01
1.150000000000000000e+02 8.263740790816471726e-01
1.170000000000000000e+02 8.264074409184640757e-01
1.190000000000000000e+02 8.264663462147321393e-01
1.210000000000000000e+02 8.264210470538239095e-01
1.230000000000000000e+02 8.263109641107981851e-01
1.250000000000000000e+02 8.261125904440682621e-01
1.270000000000000000e+02 8.259151396497150799e-01
1.290000000000000000e+02 8.257441526831569290e-01
1.310000000000000000e+02 8.255963732485948059e-01
1.330000000000000000e+02 8.254671712253063287e-01
1.350000000000000000e+02 8.253505708507182792e-01
1.370000000000000000e+02 8.252257940583520579e-01
1.390000000000000000e+02 8.250624961156973747e-01
1.410000000000000000e+02 8.248646905517171835e-01
1.430000000000000000e+02 8.246810288450192594e-01
1.450000000000000000e+02 8.245273969333414277e-01
1.470000000000000000e+02 8.244043309714924606e-01
1.490000000000000000e+02 8.243110326603185767e-01
