1.000000000000000000e+00 2.168780061215566102e-01
3.000000000000000000e+00 2.525024778881583831e-01
5.000000000000000000e+00 2.685986239920770124e-01
7.000000000000000000e+00 2.770415156222196806e-01
9.000000000000000000e+00 2.829489645291937139e-01
1.100000000000000000e+01 2.877448594157079320e-01
1.300000000000000000e+01 2.919035465161762266e-01
1.500000000000000000e+01 2.956500573216040983e-01
1.700000000000000000e+01 2.990868624021034705e-01
1.900000000000000000e+01 3.023084963551694315e-01
2.100000000000000000e+01 3.053995268662220708e-01
2.300000000000000000e+01 3.084033430820030119e-01
2.500000000000000000e+01 3.113608550704890510e-01
2.700000000000000000e+01 3.142829235510703478e-01
2.900000000000000000e+01 3.171706220596813841e-01
3.100000000000000000e+01 3.200374651140389659e-01
3.300000000000000000e+01 3.228961905238132424e-01
3.500000000000000000e+01 3.257530406068300799e-01
3.700000000000000000e+01 3.286063903748687176e-01
3.900000000000000000e+01 3.314545853506208895e-01
4.100000000000000000e+01 3.342964475100619337e-01
4.300000000000000000e+01 3.371356227142382478e-01
4.500000000000000000e+01 3.399770256358499720e-01
4.700000000000000000e+01 3.428216278023868968e-01
4.900000000000000000e+01 3.456733139831908996e-01
5.100000000000000000e+01 3.485345991462358572e-01
5.300000000000000000e+01 3.514101447713889881e-01
5.500000000000000000e+01 3.543032311577215543e-01
5.700000000000000000e+01 3.572149236452555332e-01
5.900000000000000000e+01 3.601471899985064784e-01
6.100000000000000000e+01 3.631005129101123607e-01
6.300000000000000000e+01 3.660732698955392328e-01
6.500000000000000000e+01 3.690657932307888078e-01
6.700000000000000000e+01 3.720802236022068277e-01
6.900000000000000000e+01 3.751241724798461963e-01
7.100000000000000000e+01 3.781993424757424949e-01
7.300000000000000000e+01 3.813042273150261119e-01
7.500000000000000000e+01 3.844365211425454509e-01
7.700000000000000000e+01 3.875952807378171272e-01
7.900000000000000000e+01 3.907796462912754842e-01
8.100000000000000000e+01 3.939932230682027248e-01
8.300000000000000000e+01 3.972359389241523209e-01
8.500000000000000000e+01 4.005053557327546976e-01
8.700000000000000000e+01 4.037987664119945252e-01
8.900000000000000000e+01 4.071151230438881941e-01
9.100000000000000000e+01 4.104530040120090151e-01
9.300000000000000000e+01 4.138059871806163414e-01
9.500000000000000000e+01 4.171757723213158631e-01
9.700000000000000000e+01 4.205628630177882243e-01
9.900000000000000000e+01 4.239746032977432799e-01
1.010000000000000000e+02 4.274099860908041615e-01
1.030000000000000000e+02 4.308674711886413267e-01
1.050000000000000000e+02 4.343442659765529568e-01
1.070000000000000000e+02 4.378439306045194268e-01
1.090000000000000000e+02 4.413684761397850265e-01
1.110000000000000000e+02 4.449193910402021723e-01
1.130000000000000000e+02 4.484963561865469295e-01
1.150000000000000000e+02 4.521006033047894057e-01
1.170000000000000000e+02 4.557330856838350819e-01
1.190000000000000000e+02 4.593972673991136846e-01
1.210000000000000000e+02 4.630954651918229859e-01
1.230000000000000000e+02 4.668155962592908104e-01
1.250000000000000000e+02 4.705576323427601571e-01
1.270000000000000000e+02 4.743234857554958772e-01
1.290000000000000000e+02 4.781093160351715943e-01
1.310000000000000000e+02 4.819143279084788789e-01
1.330000000000000000e+02 4.857399473862672457e-01
1.350000000000000000e+02 4.895843574438308865e-01
1.370000000000000000e+02 4.934444307406679053e-01
1.390000000000000000e+02 4.973184155226680891e-01
1.410000000000000000e+02 5.011986764652955895e-01
1.430000000000000000e+02 5.050848420547383588e-01
1.450000000000000000e+02 5.089742997377049161e-01
1.470000000000000000e+02 5.128616500023286395e-01
1.490000000000000000e+02 5.167473487644729246e-01
