1.000000000000000000e+00 6.507136859781692539e-02
3.000000000000000000e+00 7.007954711824693206e-02
5.000000000000000000e+00 7.295668953647427291e-02
7.000000000000000000e+00 7.498204905160232858e-02
9.000000000000000000e+00 7.665705725832083761e-02
1.100000000000000000e+01 7.813324779672203846e-02
1.300000000000000000e+01 7.938086640596020427e-02
1.500000000000000000e+01 8.051199302681144587e-02
1.700000000000000000e+01 8.153881300599852278e-02
1.900000000000000000e+01 8.239413725708355507e-02
2.100000000000000000e+01 8.311577120688906639e-02
2.300000000000000000e+01 8.374713111981824110e-02
2.500000000000000000e+01 8.428912610352967683e-02
2.700000000000000000e+01 8.475917498664797822e-02
2.900000000000000000e+01 8.516807192481590238e-02
3.100000000000000000e+01 8.552374240618121348e-02
3.300000000000000000e+01 8.584182017545516352e-02
3.500000000000000000e+01 8.613134573402903005e-02
3.700000000000000000e+01 8.640896391564167889e-02
3.900000000000000000e+01 8.668799596589005230e-02
4.100000000000000000e+01 8.697622022096962446e-02
4.300000000000000000e+01 8.729259044332626782e-02
4.500000000000000000e+01 8.763669309113719663e-02
4.700000000000000000e+01 8.799553638512236375e-02
4.900000000000000000e+01 8.836546013653046039e-02
5.100000000000000000e+01 8.873399937152348649e-02
5.300000000000000000e+01 8.909606633561040212e-02
5.500000000000000000e+01 8.942950494896895197e-02
5.700000000000000000e+01 8.973416552349677833e-02
5.900000000000000000e+01 9.000848425902063799e-02
6.100000000000000000e+01 9.029353886128910212e-02
6.300000000000000000e+01 9.058779761309410095e-02
6.500000000000000000e+01 9.088054286137170479e-02
6.700000000000000000e+01 9.116527299799814799e-02
6.900000000000000000e+01 9.144677775845644341e-02
7.100000000000000000e+01 9.172054208844360179e-02
7.300000000000000000e+01 9.199260800204178690e-02
7.500000000000000000e+01 9.226157327385453577e-02
7.700000000000000000e+01 9.252264046750435789e-02
7.900000000000000000e+01 9.275643439183101080e-02
8.100000000000000000e+01 9.298645759484247542e-02
8.300000000000000000e+01 9.321232221774711224e-02
8.500000000000000000e+01 9.341779467057231834e-02
8.700000000000000000e+01 9.359343428875444015e-02
8.900000000000000000e+01 9.375264431267982257e-02
9.100000000000000000e+01 9.389759278501341733e-02
9.300000000000000000e+01 9.403316930075200641e-02
9.500000000000000000e+01 9.415894381105438526e-02
9.700000000000000000e+01 9.428235234325332836e-02
9.900000000000000000e+01 9.440524324618226881e-02
1.010000000000000000e+02 9.452713627640652039e-02
1.030000000000000000e+02 9.464168092316516123e-02
1.050000000000000000e+02 9.474824531620673618e-02
1.070000000000000000e+02 9.484844970445616141e-02
1.090000000000000000e+02 9.494603021235703544e-02
1.110000000000000000e+02 9.504341030643992383e-02
1.130000000000000000e+02 9.514131320131646863e-02
1.150000000000000000e+02 9.523457938429147340e-02
1.170000000000000000e+02 9.531523863477942005e-02
1.190000000000000000e+02 9.538346440759992717e-02
1.210000000000000000e+02 9.544312275132671441e-02
1.230000000000000000e+02 9.548906607747964514e-02
1.250000000000000000e+02 9.552759454883230639e-02
1.270000000000000000e+02 9.555890549401213629e-02
1.290000000000000000e+02 9.557915311394171720e-02
1.310000000000000000e+02 9.558017449223432660e-02
1.330000000000000000e+02 9.556863496538292591e-02
1.350000000000000000e+02 9.554754519405628255e-02
1.370000000000000000e+02 9.552999612427304221e-02
1.390000000000000000e+02 9.551583441635713712e-02
1.410000000000000000e+02 9.550581405123770296e-02
1.430000000000000000e+02 9.550463151600740996e-02
1.450000000000000000e+02 9.551139127940844187e-02
1.470000000000000000e+02 9.552778894693858547e-02
1.490000000000000000e+02 9.554199176829936135e-02
