1.000000000000000000e+00 8.445682451253477829e-02
3.000000000000000000e+00 8.903455396434811764e-02
5.000000000000000000e+00 9.071382884643486300e-02
7.000000000000000000e+00 9.208946584327626361e-02
9.000000000000000000e+00 9.343121709666657448e-02
1.100000000000000000e+01 9.487008875597724433e-02
1.300000000000000000e+01 9.629419077788781145e-02
1.500000000000000000e+01 9.764117965655405573e-02
1.700000000000000000e+01 9.893214332421462753e-02
1.900000000000000000e+01 1.002263346680789535e-01
2.100000000000000000e+01 1.015631453498887504e-01
2.300000000000000000e+01 1.029356352013883757e-01
2.500000000000000000e+01 1.042915065534127939e-01
2.700000000000000000e+01 1.056344490021046134e-01
2.900000000000000000e+01 1.069432752335524039e-01
3.100000000000000000e+01 1.082022923845308293e-01
3.300000000000000000e+01 1.093988324244546950e-01
3.500000000000000000e+01 1.105260106826806421e-01
3.700000000000000000e+01 1.115803619765487475e-01
3.900000000000000000e+01 1.125780543707095571e-01
4.100000000000000000e+01 1.135258980332076728e-01
4.300000000000000000e+01 1.144346001840502725e-01
4.500000000000000000e+01 1.152768933209785684e-01
4.700000000000000000e+01 1.160572445354680626e-01
4.900000000000000000e+01 1.167951166330831736e-01
5.100000000000000000e+01 1.174846544878224153e-01
5.300000000000000000e+01 1.181418297442806686e-01
5.500000000000000000e+01 1.187704164783817129e-01
5.700000000000000000e+01 1.193572332559423854e-01
5.900000000000000000e+01 1.199106076071245752e-01
6.100000000000000000e+01 1.204239966113030968e-01
6.300000000000000000e+01 1.208867087436852339e-01
6.500000000000000000e+01 1.213035572701869347e-01
6.700000000000000000e+01 1.216499555840384605e-01
6.900000000000000000e+01 1.219502048092314661e-01
7.100000000000000000e+01 1.222104410533569885e-01
7.300000000000000000e+01 1.224338067124212115e-01
7.500000000000000000e+01 1.226246815631950593e-01
7.700000000000000000e+01 1.227862631926585069e-01
7.900000000000000000e+01 1.229215623070868402e-01
8.100000000000000000e+01 1.230214611679599779e-01
8.300000000000000000e+01 1.230796414904014036e-01
8.500000000000000000e+01 1.231206079723945468e-01
8.700000000000000000e+01 1.231346013381932059e-01
8.900000000000000000e+01 1.231232878033216016e-01
9.100000000000000000e+01 1.230801309873682525e-01
9.300000000000000000e+01 1.230087289835859465e-01
9.500000000000000000e+01 1.229145796498135601e-01
9.700000000000000000e+01 1.228048412151843127e-01
9.900000000000000000e+01 1.226908665626135209e-01
1.010000000000000000e+02 1.225610747491818753e-01
1.030000000000000000e+02 1.224352357488572851e-01
1.050000000000000000e+02 1.223166633256888014e-01
1.070000000000000000e+02 1.222089091541289640e-01
1.090000000000000000e+02 1.221031871706214078e-01
1.110000000000000000e+02 1.219988118895809492e-01
1.130000000000000000e+02 1.218904242858817044e-01
1.150000000000000000e+02 1.217778360309064167e-01
1.170000000000000000e+02 1.216736799603370667e-01
1.190000000000000000e+02 1.215785691235239385e-01
1.210000000000000000e+02 1.214826740300722907e-01
1.230000000000000000e+02 1.213709154275355306e-01
1.250000000000000000e+02 1.212440268355685635e-01
1.270000000000000000e+02 1.211089857686619142e-01
1.290000000000000000e+02 1.209815266822915625e-01
1.310000000000000000e+02 1.208653942662435421e-01
1.330000000000000000e+02 1.207688518412622924e-01
1.350000000000000000e+02 1.206881148110098279e-01
1.370000000000000000e+02 1.206226062164322821e-01
1.390000000000000000e+02 1.205544022916013036e-01
1.410000000000000000e+02 1.204865690915619680e-01
1.430000000000000000e+02 1.204185409518734318e-01
1.450000000000000000e+02 1.203628020181539693e-01
1.470000000000000000e+02 1.203177538330487684e-01
1.490000000000000000e+02 1.202803025437153561e-01
