1.000000000000000000e+00 4.098958796831894125e-01
3.000000000000000000e+00 4.308902074404569182e-01
5.000000000000000000e+00 4.409461822988475221e-01
7.000000000000000000e+00 4.482827678922925996e-01
9.000000000000000000e+00 4.547825869032712243e-01
1.100000000000000000e+01 4.608738778740941733e-01
1.300000000000000000e+01 4.666857663936175848e-01
1.500000000000000000e+01 4.722890016347827125e-01
1.700000000000000000e+01 4.777224279502184645e-01
1.900000000000000000e+01 4.829988500364019721e-01
2.100000000000000000e+01 4.881830189975059353e-01
2.300000000000000000e+01 4.933530332671149932e-01
2.500000000000000000e+01 4.985636390575099997e-01
2.700000000000000000e+01 5.038804226476106818e-01
2.900000000000000000e+01 5.093579457480803541e-01
3.100000000000000000e+01 5.150559867747874776e-01
3.300000000000000000e+01 5.210134056203279407e-01
3.500000000000000000e+01 5.272470886940245904e-01
3.700000000000000000e+01 5.337348811970925588e-01
3.900000000000000000e+01 5.404553774885940687e-01
4.100000000000000000e+01 5.474201075314522047e-01
4.300000000000000000e+01 5.546427709403429773e-01
4.500000000000000000e+01 5.621249994036240372e-01
4.700000000000000000e+01 5.698445112223495812e-01
4.900000000000000000e+01 5.777838909172676729e-01
5.100000000000000000e+01 5.859199531140855122e-01
5.300000000000000000e+01 5.942426704948995386e-01
5.500000000000000000e+01 6.027332442598385409e-01
5.700000000000000000e+01 6.113685369991621599e-01
5.900000000000000000e+01 6.201269015487274050e-01
6.100000000000000000e+01 6.289670307395657245e-01
6.300000000000000000e+01 6.378611976403972816e-01
6.500000000000000000e+01 6.467604611353153787e-01
6.700000000000000000e+01 6.556430390084271309e-01
6.900000000000000000e+01 6.644932094561990521e-01
7.100000000000000000e+01 6.732788687259091409e-01
7.300000000000000000e+01 6.819858691609160806e-01
7.500000000000000000e+01 6.906048206880024409e-01
7.700000000000000000e+01 6.991307850116277312e-01
7.900000000000000000e+01 7.075668151804970218e-01
8.100000000000000000e+01 7.159144306313480755e-01
8.300000000000000000e+01 7.241784818521526113e-01
8.500000000000000000e+01 7.323563101114782814e-01
8.700000000000000000e+01 7.404492564435845026e-01
8.900000000000000000e+01 7.484586598702263061e-01
9.100000000000000000e+01 7.563833276014457763e-01
9.300000000000000000e+01 7.642247235390398075e-01
9.500000000000000000e+01 7.719810290058871649e-01
9.700000000000000000e+01 7.796238783880244938e-01
9.900000000000000000e+01 7.871538319564810315e-01
1.010000000000000000e+02 7.945702873648027298e-01
1.030000000000000000e+02 8.018695088367950863e-01
1.050000000000000000e+02 8.090469990959239244e-01
1.070000000000000000e+02 8.161081621483060600e-01
1.090000000000000000e+02 8.230333087662703440e-01
1.110000000000000000e+02 8.298240033091281997e-01
1.130000000000000000e+02 8.364624873968063978e-01
1.150000000000000000e+02 8.429538483580607533e-01
1.170000000000000000e+02 8.492899815811819630e-01
1.190000000000000000e+02 8.554754620441479274e-01
1.210000000000000000e+02 8.614818171023329585e-01
1.230000000000000000e+02 8.672971179397718222e-01
1.250000000000000000e+02 8.729252502082398557e-01
1.270000000000000000e+02 8.783736460462822082e-01
1.290000000000000000e+02 8.836348701802276828e-01
1.310000000000000000e+02 8.887129148693405645e-01
1.330000000000000000e+02 8.936070254742892738e-01
1.350000000000000000e+02 8.983214707461931736e-01
1.370000000000000000e+02 9.028651540805432418e-01
1.390000000000000000e+02 9.072461882023954427e-01
1.410000000000000000e+02 9.114541665510453861e-01
1.430000000000000000e+02 9.154997295600000307e-01
1.450000000000000000e+02 9.193906160834767194e-01
1.470000000000000000e+02 9.231299564019154191e-01
1.490000000000000000e+02 9.267307988561921395e-01
