1.000000000000000000e+00 1.166617516956649503e-01
3.000000000000000000e+00 1.342830084777565380e-01
5.000000000000000000e+00 1.414642714800732337e-01
7.000000000000000000e+00 1.448416488081680775e-01
9.000000000000000000e+00 1.468730298786683486e-01
1.100000000000000000e+01 1.483047438981608401e-01
1.300000000000000000e+01 1.493991282092032025e-01
1.500000000000000000e+01 1.502714505655329269e-01
1.700000000000000000e+01 1.510121098258029315e-01
1.900000000000000000e+01 1.516572436496047560e-01
2.100000000000000000e+01 1.522126153474252508e-01
2.300000000000000000e+01 1.527080461709695580e-01
2.500000000000000000e+01 1.531621483491624192e-01
2.700000000000000000e+01 1.536065202842682442e-01
2.900000000000000000e+01 1.540730707551946077e-01
3.100000000000000000e+01 1.545863209221918222e-01
3.300000000000000000e+01 1.551472370613370400e-01
3.500000000000000000e+01 1.557698386710526517e-01
3.700000000000000000e+01 1.564555634713421517e-01
3.900000000000000000e+01 1.572179628739446278e-01
4.100000000000000000e+01 1.580582961649781293e-01
4.300000000000000000e+01 1.589867206027831825e-01
4.500000000000000000e+01 1.600056916489557279e-01
4.700000000000000000e+01 1.611098662494784284e-01
4.900000000000000000e+01 1.622985398866626516e-01
5.100000000000000000e+01 1.635761303874105899e-01
5.300000000000000000e+01 1.649438223724364327e-01
5.500000000000000000e+01 1.663976109739481180e-01
5.700000000000000000e+01 1.679375200096118181e-01
5.900000000000000000e+01 1.695652811063443899e-01
6.100000000000000000e+01 1.712826002429718164e-01
6.300000000000000000e+01 1.730889104876033313e-01
6.500000000000000000e+01 1.749857500495451967e-01
6.700000000000000000e+01 1.769717455022198349e-01
6.900000000000000000e+01 1.790497025178863222e-01
7.100000000000000000e+01 1.812183307817223366e-01
7.300000000000000000e+01 1.834831530859399873e-01
7.500000000000000000e+01 1.858549350399287814e-01
7.700000000000000000e+01 1.883253474511837888e-01
7.900000000000000000e+01 1.908959133779095652e-01
8.100000000000000000e+01 1.935534421901403679e-01
8.300000000000000000e+01 1.963091045634308696e-01
8.500000000000000000e+01 1.991630436417337613e-01
8.700000000000000000e+01 2.021211780002750702e-01
8.900000000000000000e+01 2.051817751892885955e-01
9.100000000000000000e+01 2.083425178006259593e-01
9.300000000000000000e+01 2.116014485658465061e-01
9.500000000000000000e+01 2.149549223521463048e-01
9.700000000000000000e+01 2.184002641313586013e-01
9.900000000000000000e+01 2.219362733536334176e-01
1.010000000000000000e+02 2.255644703396579853e-01
1.030000000000000000e+02 2.292844965817228964e-01
1.050000000000000000e+02 2.330987677112781320e-01
1.070000000000000000e+02 2.370050690384302161e-01
1.090000000000000000e+02 2.410062106965561446e-01
1.110000000000000000e+02 2.450984385095760221e-01
1.130000000000000000e+02 2.492808397599497461e-01
1.150000000000000000e+02 2.535517072891098067e-01
1.170000000000000000e+02 2.579120921354163265e-01
1.190000000000000000e+02 2.623652119349518808e-01
1.210000000000000000e+02 2.669106937617310438e-01
1.230000000000000000e+02 2.715526477918891457e-01
1.250000000000000000e+02 2.762825469243441745e-01
1.270000000000000000e+02 2.810934764113943718e-01
1.290000000000000000e+02 2.859769981807475103e-01
1.310000000000000000e+02 2.909168939309326740e-01
1.330000000000000000e+02 2.959039397229343837e-01
1.350000000000000000e+02 3.009307463957943130e-01
1.370000000000000000e+02 3.059916006623110141e-01
1.390000000000000000e+02 3.110711203199213459e-01
1.410000000000000000e+02 3.161640721166483203e-01
1.430000000000000000e+02 3.212672838785310958e-01
1.450000000000000000e+02 3.263849395781074358e-01
1.470000000000000000e+02 3.315123168285163402e-01
1.490000000000000000e+02 3.366427888956857739e-01
