1.000000000000000000e+00 2.601042168410916400e-02
3.000000000000000000e+00 2.649400051822070612e-02
5.000000000000000000e+00 2.671898698662800165e-02
7.000000000000000000e+00 2.687871920511097912e-02
9.000000000000000000e+00 2.700328562668197208e-02
1.100000000000000000e+01 2.709650047122180716e-02
1.300000000000000000e+01 2.718638688469021680e-02
1.500000000000000000e+01 2.728621286827814796e-02
1.700000000000000000e+01 2.739844019009252118e-02
1.900000000000000000e+01 2.751500281651908519e-02
2.100000000000000000e+01 2.763168614919986332e-02
2.300000000000000000e+01 2.774843322367903653e-02
2.500000000000000000e+01 2.786653135685701610e-02
2.700000000000000000e+01 2.798595379527679672e-02
2.900000000000000000e+01 2.810445145767925812e-02
3.100000000000000000e+01 2.822120063537947310e-02
3.300000000000000000e+01 2.833643459311485646e-02
3.500000000000000000e+01 2.844987040843349746e-02
3.700000000000000000e+01 2.856162451248966949e-02
3.900000000000000000e+01 2.867149673390190223e-02
4.100000000000000000e+01 2.877951982689330723e-02
4.300000000000000000e+01 2.888593382361703821e-02
4.500000000000000000e+01 2.899030286014747659e-02
4.700000000000000000e+01 2.909290414081988629e-02
4.900000000000000000e+01 2.919385353464531985e-02
5.100000000000000000e+01 2.929315475602989327e-02
5.300000000000000000e+01 2.939077742177087504e-02
5.500000000000000000e+01 2.948672308026223376e-02
5.700000000000000000e+01 2.958104095929570132e-02
5.900000000000000000e+01 2.967365085782225353e-02
6.100000000000000000e+01 2.976469129400061142e-02
6.300000000000000000e+01 2.985448774560450769e-02
6.500000000000000000e+01 2.994311193959020567e-02
6.700000000000000000e+01 3.003080289597703789e-02
6.900000000000000000e+01 3.011689279357865345e-02
7.100000000000000000e+01 3.020153616660514739e-02
7.300000000000000000e+01 3.028474546584569715e-02
7.500000000000000000e+01 3.036665150417772185e-02
7.700000000000000000e+01 3.044715708031675572e-02
7.900000000000000000e+01 3.052633269889515333e-02
8.100000000000000000e+01 3.060441395496815709e-02
8.300000000000000000e+01 3.068109761298554172e-02
8.500000000000000000e+01 3.075648402642094936e-02
8.700000000000000000e+01 3.083095956310744068e-02
8.900000000000000000e+01 3.090468648027244747e-02
9.100000000000000000e+01 3.097764215691667378e-02
9.300000000000000000e+01 3.105011616841202304e-02
9.500000000000000000e+01 3.112225597550077882e-02
9.700000000000000000e+01 3.119402264077231202e-02
9.900000000000000000e+01 3.126544731899860707e-02
1.010000000000000000e+02 3.133638120735793287e-02
1.030000000000000000e+02 3.140685535795273431e-02
1.050000000000000000e+02 3.147666777733315602e-02
1.070000000000000000e+02 3.154535966724303364e-02
1.090000000000000000e+02 3.161300225021723698e-02
1.110000000000000000e+02 3.168068842864146806e-02
1.130000000000000000e+02 3.174843272149996398e-02
1.150000000000000000e+02 3.181546328288564762e-02
1.170000000000000000e+02 3.188173380326064787e-02
1.190000000000000000e+02 3.194713247046920834e-02
1.210000000000000000e+02 3.201126503632956144e-02
1.230000000000000000e+02 3.207412609270243742e-02
1.250000000000000000e+02 3.213628931104728359e-02
1.270000000000000000e+02 3.219770624665752035e-02
1.290000000000000000e+02 3.225786943317332511e-02
1.310000000000000000e+02 3.231758800833495204e-02
1.330000000000000000e+02 3.237680273306287049e-02
1.350000000000000000e+02 3.243553752358119269e-02
1.370000000000000000e+02 3.249256259371502420e-02
1.390000000000000000e+02 3.254785070626786680e-02
1.410000000000000000e+02 3.260158970895266073e-02
1.430000000000000000e+02 3.265416734580650626e-02
1.450000000000000000e+02 3.270565064875841088e-02
1.470000000000000000e+02 3.275600311882020943e-02
1.490000000000000000e+02 3.280524940369999864e-02
