1.000000000000000000e+00 1.656089453006950318e-01
3.000000000000000000e+00 1.850636624562201904e-01
5.000000000000000000e+00 1.921893531215915774e-01
7.000000000000000000e+00 1.954478177926266547e-01
9.000000000000000000e+00 1.972506042875427079e-01
1.100000000000000000e+01 1.985530083547175639e-01
1.300000000000000000e+01 1.996711271685097655e-01
1.500000000000000000e+01 2.006992811300516433e-01
1.700000000000000000e+01 2.016536174525069836e-01
1.900000000000000000e+01 2.025791875162175071e-01
2.100000000000000000e+01 2.035178137862934111e-01
2.300000000000000000e+01 2.045166788464933827e-01
2.500000000000000000e+01 2.055965815114395578e-01
2.700000000000000000e+01 2.067947556723112035e-01
2.900000000000000000e+01 2.081434640393104996e-01
3.100000000000000000e+01 2.096631647678208754e-01
3.300000000000000000e+01 2.113325501720625388e-01
3.500000000000000000e+01 2.131642481135006539e-01
3.700000000000000000e+01 2.151581907685252704e-01
3.900000000000000000e+01 2.173171335754596756e-01
4.100000000000000000e+01 2.196592037161243516e-01
4.300000000000000000e+01 2.221809170198488781e-01
4.500000000000000000e+01 2.248593366526198123e-01
4.700000000000000000e+01 2.276863123107832898e-01
4.900000000000000000e+01 2.306598338200350762e-01
5.100000000000000000e+01 2.338044968471159057e-01
5.300000000000000000e+01 2.371168889888286557e-01
5.500000000000000000e+01 2.405818405136432858e-01
5.700000000000000000e+01 2.441989952174202783e-01
5.900000000000000000e+01 2.479610865113156537e-01
6.100000000000000000e+01 2.518449283893798851e-01
6.300000000000000000e+01 2.558480876538048454e-01
6.500000000000000000e+01 2.599846410606293512e-01
6.700000000000000000e+01 2.642518346151342401e-01
6.900000000000000000e+01 2.686548046027021908e-01
7.100000000000000000e+01 2.731830204150760277e-01
7.300000000000000000e+01 2.778474947099455195e-01
7.500000000000000000e+01 2.826515591618078416e-01
7.700000000000000000e+01 2.875954852591923183e-01
7.900000000000000000e+01 2.926825367216013829e-01
8.100000000000000000e+01 2.979100783037335054e-01
8.300000000000000000e+01 3.032744163242134805e-01
8.500000000000000000e+01 3.087660560722893521e-01
8.700000000000000000e+01 3.143784180432117603e-01
8.900000000000000000e+01 3.201070387826158159e-01
9.100000000000000000e+01 3.259477202142597729e-01
9.300000000000000000e+01 3.319007966932435716e-01
9.500000000000000000e+01 3.379730174923465391e-01
9.700000000000000000e+01 3.441585240914680766e-01
9.900000000000000000e+01 3.504607935075774172e-01
1.010000000000000000e+02 3.568701740727306948e-01
1.030000000000000000e+02 3.633802977569697834e-01
1.050000000000000000e+02 3.699868640875524362e-01
1.070000000000000000e+02 3.766700581683193327e-01
1.090000000000000000e+02 3.834198039967418037e-01
1.110000000000000000e+02 3.902373718421601190e-01
1.130000000000000000e+02 3.971101738993439989e-01
1.150000000000000000e+02 4.040223127418922644e-01
1.170000000000000000e+02 4.109665669862526682e-01
1.190000000000000000e+02 4.179386853048695505e-01
1.210000000000000000e+02 4.249304041518857655e-01
1.230000000000000000e+02 4.319320367196842758e-01
1.250000000000000000e+02 4.389290868279842606e-01
1.270000000000000000e+02 4.459125349700534535e-01
1.290000000000000000e+02 4.528814110039245389e-01
1.310000000000000000e+02 4.598307998664840079e-01
1.330000000000000000e+02 4.667647886164241200e-01
1.350000000000000000e+02 4.736766475502356410e-01
1.370000000000000000e+02 4.805595632897967651e-01
1.390000000000000000e+02 4.874060276396543490e-01
1.410000000000000000e+02 4.941946335113404087e-01
1.430000000000000000e+02 5.009281335954908210e-01
1.450000000000000000e+02 5.076067438989997349e-01
1.470000000000000000e+02 5.142337093213539267e-01
1.490000000000000000e+02 5.208044651000195424e-01
