1.000000000000000000e+00 2.055664886140005088e-01
3.000000000000000000e+00 2.350032281750050744e-01
5.000000000000000000e+00 2.482616352952905503e-01
7.000000000000000000e+00 2.558655057907999186e-01
9.000000000000000000e+00 2.611492085440839661e-01
1.100000000000000000e+01 2.653136947200099849e-01
1.300000000000000000e+01 2.688247309337132851e-01
1.500000000000000000e+01 2.719616029551250591e-01
1.700000000000000000e+01 2.748118192072408483e-01
1.900000000000000000e+01 2.774065654698204542e-01
2.100000000000000000e+01 2.797952629739061114e-01
2.300000000000000000e+01 2.820167360001096801e-01
2.500000000000000000e+01 2.841108555251572465e-01
2.700000000000000000e+01 2.860932983255324302e-01
2.900000000000000000e+01 2.879789106769476970e-01
3.100000000000000000e+01 2.897933136375147045e-01
3.300000000000000000e+01 2.915493102652075841e-01
3.500000000000000000e+01 2.932589841539418041e-01
3.700000000000000000e+01 2.949378177677084434e-01
3.900000000000000000e+01 2.965963126882602552e-01
4.100000000000000000e+01 2.982432487218567019e-01
4.300000000000000000e+01 2.998807565879878512e-01
4.500000000000000000e+01 3.015147695180143694e-01
4.700000000000000000e+01 3.031510491130510188e-01
4.900000000000000000e+01 3.047932217642643771e-01
5.100000000000000000e+01 3.064448272590057920e-01
5.300000000000000000e+01 3.081079669031023816e-01
5.500000000000000000e+01 3.097867529328417469e-01
5.700000000000000000e+01 3.114857701823771086e-01
5.900000000000000000e+01 3.132076568556906304e-01
6.100000000000000000e+01 3.149570013991165318e-01
6.300000000000000000e+01 3.167374570268980394e-01
6.500000000000000000e+01 3.185494436656697292e-01
6.700000000000000000e+01 3.203952108620682360e-01
6.900000000000000000e+01 3.222758707956051571e-01
7.100000000000000000e+01 3.241904681552679746e-01
7.300000000000000000e+01 3.261393918352089027e-01
7.500000000000000000e+01 3.281230167000558362e-01
7.700000000000000000e+01 3.301417760257392420e-01
7.900000000000000000e+01 3.321959998894552513e-01
8.100000000000000000e+01 3.342836573494476493e-01
8.300000000000000000e+01 3.363988539441433723e-01
8.500000000000000000e+01 3.385390463040816034e-01
8.700000000000000000e+01 3.407104966451157679e-01
8.900000000000000000e+01 3.429099898557796955e-01
9.100000000000000000e+01 3.451355436771186280e-01
9.300000000000000000e+01 3.473837420652755581e-01
9.500000000000000000e+01 3.496575128791323817e-01
9.700000000000000000e+01 3.519570595551564374e-01
9.900000000000000000e+01 3.542833709397065212e-01
1.010000000000000000e+02 3.566341958607295304e-01
1.030000000000000000e+02 3.590100537780306356e-01
1.050000000000000000e+02 3.614130639516333066e-01
1.070000000000000000e+02 3.638454704766116432e-01
1.090000000000000000e+02 3.663060285052158749e-01
1.110000000000000000e+02 3.687938427643071559e-01
1.130000000000000000e+02 3.713047381720996354e-01
1.150000000000000000e+02 3.738332085144316919e-01
1.170000000000000000e+02 3.763776250941612833e-01
1.190000000000000000e+02 3.789372565368566148e-01
1.210000000000000000e+02 3.815104888603075839e-01
1.230000000000000000e+02 3.840957473501902530e-01
1.250000000000000000e+02 3.866867554621021830e-01
1.270000000000000000e+02 3.892807923753466293e-01
1.290000000000000000e+02 3.918773430486628406e-01
1.310000000000000000e+02 3.944756628369388007e-01
1.330000000000000000e+02 3.970758873777684439e-01
1.350000000000000000e+02 3.996789558471444126e-01
1.370000000000000000e+02 4.022771941833458431e-01
1.390000000000000000e+02 4.048697634946086810e-01
1.410000000000000000e+02 4.074529476643029557e-01
1.430000000000000000e+02 4.100312671518923091e-01
1.450000000000000000e+02 4.126028441009246261e-01
1.470000000000000000e+02 4.151642262809723816e-01
1.490000000000000000e+02 4.177103295725487220e-01
