1.000000000000000000e+00 4.061418685121107597e-01
3.000000000000000000e+00 4.620396825882395753e-01
5.000000000000000000e+00 4.877630065267904991e-01
7.000000000000000000e+00 5.044234252771357951e-01
9.000000000000000000e+00 5.176635136076452870e-01
1.100000000000000000e+01 5.287007823259144423e-01
1.300000000000000000e+01 5.383738900068020250e-01
1.500000000000000000e+01 5.471575480239898592e-01
1.700000000000000000e+01 5.553048469087976668e-01
1.900000000000000000e+01 5.629050550626865101e-01
2.100000000000000000e+01 5.700123203898934676e-01
2.300000000000000000e+01 5.767409124554301325e-01
2.500000000000000000e+01 5.832284273307903888e-01
2.700000000000000000e+01 5.896076638236300571e-01
2.900000000000000000e+01 5.959561971990934293e-01
3.100000000000000000e+01 6.023595537111451348e-01
3.300000000000000000e+01 6.088466157270311374e-01
3.500000000000000000e+01 6.154156935997904254e-01
3.700000000000000000e+01 6.220603066205748766e-01
3.900000000000000000e+01 6.287762253821025382e-01
4.100000000000000000e+01 6.355971057342855168e-01
4.300000000000000000e+01 6.424982540835734168e-01
4.500000000000000000e+01 6.494735632211441345e-01
4.700000000000000000e+01 6.565036480817780795e-01
4.900000000000000000e+01 6.635405990733980186e-01
5.100000000000000000e+01 6.705124982607777451e-01
5.300000000000000000e+01 6.774328109976648360e-01
5.500000000000000000e+01 6.842960823715044105e-01
5.700000000000000000e+01 6.910767290190638068e-01
5.900000000000000000e+01 6.977994119284909313e-01
6.100000000000000000e+01 7.043895470034093886e-01
6.300000000000000000e+01 7.107995555763411133e-01
6.500000000000000000e+01 7.170382991395845007e-01
6.700000000000000000e+01 7.230835631600216473e-01
6.900000000000000000e+01 7.289098857297975353e-01
7.100000000000000000e+01 7.345102232292719524e-01
7.300000000000000000e+01 7.398437552535843675e-01
7.500000000000000000e+01 7.449220057524179595e-01
7.700000000000000000e+01 7.498138452867482151e-01
7.900000000000000000e+01 7.544993930128329751e-01
8.100000000000000000e+01 7.589766258537720134e-01
8.300000000000000000e+01 7.632547599928579674e-01
8.500000000000000000e+01 7.673392831452956475e-01
8.700000000000000000e+01 7.712676178092212620e-01
8.900000000000000000e+01 7.750470729738174747e-01
9.100000000000000000e+01 7.786731425899091619e-01
9.300000000000000000e+01 7.821848098458621390e-01
9.500000000000000000e+01 7.855938308816723392e-01
9.700000000000000000e+01 7.889012739584827516e-01
9.900000000000000000e+01 7.921507861031901188e-01
1.010000000000000000e+02 7.952930115349636786e-01
1.030000000000000000e+02 7.983346623700501299e-01
1.050000000000000000e+02 8.013035086844665367e-01
1.070000000000000000e+02 8.041720732153377904e-01
1.090000000000000000e+02 8.069131463057853670e-01
1.110000000000000000e+02 8.095244199922670969e-01
1.130000000000000000e+02 8.120307974240330573e-01
1.150000000000000000e+02 8.144362892606183957e-01
1.170000000000000000e+02 8.167644178863910920e-01
1.190000000000000000e+02 8.189621933341010296e-01
1.210000000000000000e+02 8.210977952164785210e-01
1.230000000000000000e+02 8.231783912843865236e-01
1.250000000000000000e+02 8.251546212768503530e-01
1.270000000000000000e+02 8.269851158546721592e-01
1.290000000000000000e+02 8.286766600207509104e-01
1.310000000000000000e+02 8.301848446591311159e-01
1.330000000000000000e+02 8.315395663719632458e-01
1.350000000000000000e+02 8.327993892161253964e-01
1.370000000000000000e+02 8.339603485014327466e-01
1.390000000000000000e+02 8.349914626494954195e-01
1.410000000000000000e+02 8.359251223539403419e-01
1.430000000000000000e+02 8.367785663325633116e-01
1.450000000000000000e+02 8.375542675215597033e-01
1.470000000000000000e+02 8.382970628740612495e-01
1.490000000000000000e+02 8.390086172527694286e-01
