1.000000000000000000e+00 4.111286325749042847e-01
3.000000000000000000e+00 4.528003950701585678e-01
5.000000000000000000e+00 4.707951645369282678e-01
7.000000000000000000e+00 4.827667781337340314e-01
9.000000000000000000e+00 4.929438195912834164e-01
1.100000000000000000e+01 5.022382018021660510e-01
1.300000000000000000e+01 5.110721756017886364e-01
1.500000000000000000e+01 5.195957507122958008e-01
1.700000000000000000e+01 5.278055562513216392e-01
1.900000000000000000e+01 5.356622439208703623e-01
2.100000000000000000e+01 5.431813904562877715e-01
2.300000000000000000e+01 5.503885290861680879e-01
2.500000000000000000e+01 5.572609410695400500e-01
2.700000000000000000e+01 5.637640229612148612e-01
2.900000000000000000e+01 5.698790826357138517e-01
3.100000000000000000e+01 5.756149639310581545e-01
3.300000000000000000e+01 5.810184352290175269e-01
3.500000000000000000e+01 5.861220308151738889e-01
3.700000000000000000e+01 5.908935179853440633e-01
3.900000000000000000e+01 5.953580175731093549e-01
4.100000000000000000e+01 5.995414778336729533e-01
4.300000000000000000e+01 6.034595899414380016e-01
4.500000000000000000e+01 6.071417657106190635e-01
4.700000000000000000e+01 6.105702959009975395e-01
4.900000000000000000e+01 6.137630240051260566e-01
5.100000000000000000e+01 6.167547163012776501e-01
5.300000000000000000e+01 6.195502954594229728e-01
5.500000000000000000e+01 6.221565128814856571e-01
5.700000000000000000e+01 6.245878685916748108e-01
5.900000000000000000e+01 6.268709218576962172e-01
6.100000000000000000e+01 6.290214432933229904e-01
6.300000000000000000e+01 6.310341117938493838e-01
6.500000000000000000e+01 6.328990941145176130e-01
6.700000000000000000e+01 6.346180181470447712e-01
6.900000000000000000e+01 6.362211447084328286e-01
7.100000000000000000e+01 6.376904831328246148e-01
7.300000000000000000e+01 6.390569746292149578e-01
7.500000000000000000e+01 6.403371388848601020e-01
7.700000000000000000e+01 6.415242434177022002e-01
7.900000000000000000e+01 6.426227079124913200e-01
8.100000000000000000e+01 6.436195451912535281e-01
8.300000000000000000e+01 6.445320758211672274e-01
8.500000000000000000e+01 6.453464934482555648e-01
8.700000000000000000e+01 6.460590688977656537e-01
8.900000000000000000e+01 6.467058237712723923e-01
9.100000000000000000e+01 6.473190514702125142e-01
9.300000000000000000e+01 6.479054199790412749e-01
9.500000000000000000e+01 6.484314176011436448e-01
9.700000000000000000e+01 6.488987352401698327e-01
9.900000000000000000e+01 6.493368990627321757e-01
1.010000000000000000e+02 6.497487847619947132e-01
1.030000000000000000e+02 6.501078426102913088e-01
1.050000000000000000e+02 6.504172143319897348e-01
1.070000000000000000e+02 6.507014510003921171e-01
1.090000000000000000e+02 6.509470956083260873e-01
1.110000000000000000e+02 6.511195543971849409e-01
1.130000000000000000e+02 6.512245968089069859e-01
1.150000000000000000e+02 6.512923524573455136e-01
1.170000000000000000e+02 6.513259680819696307e-01
1.190000000000000000e+02 6.512986222705053896e-01
1.210000000000000000e+02 6.511961463083366652e-01
1.230000000000000000e+02 6.510380297702904606e-01
1.250000000000000000e+02 6.508266266235245290e-01
1.270000000000000000e+02 6.505562766578081302e-01
1.290000000000000000e+02 6.502594805540362621e-01
1.310000000000000000e+02 6.499268500226813572e-01
1.330000000000000000e+02 6.495988318744720935e-01
1.350000000000000000e+02 6.492658141579372710e-01
1.370000000000000000e+02 6.488649009082068098e-01
1.390000000000000000e+02 6.484110639189142322e-01
1.410000000000000000e+02 6.478992961899899816e-01
1.430000000000000000e+02 6.473654899335925528e-01
1.450000000000000000e+02 6.468309638593980893e-01
1.470000000000000000e+02 6.462788419585752120e-01
1.490000000000000000e+02 6.456920558821384049e-01
