1.000000000000000000e+00 3.858202802967848344e-01
3.000000000000000000e+00 4.212974770428037363e-01
5.000000000000000000e+00 4.376249108199489202e-01
7.000000000000000000e+00 4.467430034108783587e-01
9.000000000000000000e+00 4.531746015200467381e-01
1.100000000000000000e+01 4.585017718985644475e-01
1.300000000000000000e+01 4.630880740206363422e-01
1.500000000000000000e+01 4.670818056290427789e-01
1.700000000000000000e+01 4.706078630081864667e-01
1.900000000000000000e+01 4.736505855813452071e-01
2.100000000000000000e+01 4.762873394607366473e-01
2.300000000000000000e+01 4.785897919590487160e-01
2.500000000000000000e+01 4.805747088792423627e-01
2.700000000000000000e+01 4.822945847912021300e-01
2.900000000000000000e+01 4.838212857100335773e-01
3.100000000000000000e+01 4.852271242317599542e-01
3.300000000000000000e+01 4.865865210618973702e-01
3.500000000000000000e+01 4.879270391551449038e-01
3.700000000000000000e+01 4.892505458217105696e-01
3.900000000000000000e+01 4.905951504042994626e-01
4.100000000000000000e+01 4.920044940625458718e-01
4.300000000000000000e+01 4.935101228043458077e-01
4.500000000000000000e+01 4.951258843868038273e-01
4.700000000000000000e+01 4.968646152753521950e-01
4.900000000000000000e+01 4.987299322808208535e-01
5.100000000000000000e+01 5.007286157955993522e-01
5.300000000000000000e+01 5.028648568459659352e-01
5.500000000000000000e+01 5.051230613434689598e-01
5.700000000000000000e+01 5.074891586607532812e-01
5.900000000000000000e+01 5.099548661308440645e-01
6.100000000000000000e+01 5.125023532457967379e-01
6.300000000000000000e+01 5.151269982744476339e-01
6.500000000000000000e+01 5.178267217046546023e-01
6.700000000000000000e+01 5.205943995936042068e-01
6.900000000000000000e+01 5.234228234393198953e-01
7.100000000000000000e+01 5.262940362383690118e-01
7.300000000000000000e+01 5.291727761302935651e-01
7.500000000000000000e+01 5.320585411657692276e-01
7.700000000000000000e+01 5.349341422750035768e-01
7.900000000000000000e+01 5.378007532684533354e-01
8.100000000000000000e+01 5.406409648236840670e-01
8.300000000000000000e+01 5.434662284036280155e-01
8.500000000000000000e+01 5.462638236397413527e-01
8.700000000000000000e+01 5.490282772411969603e-01
8.900000000000000000e+01 5.517619265065907275e-01
9.100000000000000000e+01 5.544640948737931119e-01
9.300000000000000000e+01 5.571357626853243872e-01
9.500000000000000000e+01 5.597748699005147266e-01
9.700000000000000000e+01 5.623813436586195813e-01
9.900000000000000000e+01 5.649669330961990532e-01
1.010000000000000000e+02 5.675403811775567853e-01
1.030000000000000000e+02 5.700998297963044692e-01
1.050000000000000000e+02 5.726252175505742725e-01
1.070000000000000000e+02 5.751147501532616335e-01
1.090000000000000000e+02 5.775730747252134645e-01
1.110000000000000000e+02 5.800055869089848493e-01
1.130000000000000000e+02 5.824147408926612091e-01
1.150000000000000000e+02 5.847994443468846892e-01
1.170000000000000000e+02 5.871426339183278831e-01
1.190000000000000000e+02 5.894373895864827295e-01
1.210000000000000000e+02 5.916858663064917812e-01
1.230000000000000000e+02 5.938984376659401931e-01
1.250000000000000000e+02 5.960772579884755507e-01
1.270000000000000000e+02 5.982260017585725453e-01
1.290000000000000000e+02 6.003375003356097306e-01
1.310000000000000000e+02 6.023848372265845352e-01
1.330000000000000000e+02 6.043524314810807541e-01
1.350000000000000000e+02 6.062460881119827727e-01
1.370000000000000000e+02 6.080732983883685439e-01
1.390000000000000000e+02 6.098192221037606053e-01
1.410000000000000000e+02 6.115062357194743781e-01
1.430000000000000000e+02 6.131376897053065766e-01
1.450000000000000000e+02 6.146711001123940088e-01
1.470000000000000000e+02 6.161029156943844676e-01
1.490000000000000000e+02 6.174377706077665007e-01
