1.000000000000000000e+00 1.332718537579391516e-02
3.000000000000000000e+00 1.973590550594739312e-02
5.000000000000000000e+00 2.321563656437186651e-02
7.000000000000000000e+00 2.487142209452630759e-02
9.000000000000000000e+00 2.568200881778559541e-02
1.100000000000000000e+01 2.610169796145955790e-02
1.300000000000000000e+01 2.634302933847443295e-02
1.500000000000000000e+01 2.648778838078735820e-02
1.700000000000000000e+01 2.656925594462844487e-02
1.900000000000000000e+01 2.661023356960467989e-02
2.100000000000000000e+01 2.662122591738924626e-02
2.300000000000000000e+01 2.660416698867185126e-02
2.500000000000000000e+01 2.655821206007125124e-02
2.700000000000000000e+01 2.648231989552429777e-02
2.900000000000000000e+01 2.638231492078846330e-02
3.100000000000000000e+01 2.626347466604450620e-02
3.300000000000000000e+01 2.613022179543200707e-02
3.500000000000000000e+01 2.598376288912140897e-02
3.700000000000000000e+01 2.582580929055111607e-02
3.900000000000000000e+01 2.565645465078514320e-02
4.100000000000000000e+01 2.547910830964916773e-02
4.300000000000000000e+01 2.529657145573205312e-02
4.500000000000000000e+01 2.510342933205889082e-02
4.700000000000000000e+01 2.489888435935216915e-02
4.900000000000000000e+01 2.467839844694541540e-02
5.100000000000000000e+01 2.444827124067405766e-02
5.300000000000000000e+01 2.421223176205999916e-02
5.500000000000000000e+01 2.397179028055040906e-02
5.700000000000000000e+01 2.372886577560084920e-02
5.900000000000000000e+01 2.348387752745062507e-02
6.100000000000000000e+01 2.323625003585272353e-02
6.300000000000000000e+01 2.298457935909781202e-02
6.500000000000000000e+01 2.273004132087341755e-02
6.700000000000000000e+01 2.246915777311575546e-02
6.900000000000000000e+01 2.220396685081371668e-02
7.100000000000000000e+01 2.193945977882194587e-02
7.300000000000000000e+01 2.167620414132764850e-02
7.500000000000000000e+01 2.141422227712352910e-02
7.700000000000000000e+01 2.115337624454394216e-02
7.900000000000000000e+01 2.089736263170927089e-02
8.100000000000000000e+01 2.064579406905264758e-02
8.300000000000000000e+01 2.039846166631220648e-02
8.500000000000000000e+01 2.015229769636994739e-02
8.700000000000000000e+01 1.990779821349841772e-02
8.900000000000000000e+01 1.966546986644168715e-02
9.100000000000000000e+01 1.942889729861907444e-02
9.300000000000000000e+01 1.919791782065138896e-02
9.500000000000000000e+01 1.897216513671140525e-02
9.700000000000000000e+01 1.875057594837881147e-02
9.900000000000000000e+01 1.853295020162537554e-02
1.010000000000000000e+02 1.831905575959669186e-02
1.030000000000000000e+02 1.810878913781899247e-02
1.050000000000000000e+02 1.790337690873333720e-02
1.070000000000000000e+02 1.770265548043559178e-02
1.090000000000000000e+02 1.750634226167480101e-02
1.110000000000000000e+02 1.731313626800934369e-02
1.130000000000000000e+02 1.712093739728071107e-02
1.150000000000000000e+02 1.693090899367644120e-02
1.170000000000000000e+02 1.674292527005805109e-02
1.190000000000000000e+02 1.655655593651605972e-02
1.210000000000000000e+02 1.637189506245873005e-02
1.230000000000000000e+02 1.618828483698975251e-02
1.250000000000000000e+02 1.600689714055647528e-02
1.270000000000000000e+02 1.582773922982794179e-02
1.290000000000000000e+02 1.565319004147025517e-02
1.310000000000000000e+02 1.548356698789388197e-02
1.330000000000000000e+02 1.531862766141722787e-02
1.350000000000000000e+02 1.515768345556933738e-02
1.370000000000000000e+02 1.500051685838077464e-02
1.390000000000000000e+02 1.484754750700245651e-02
1.410000000000000000e+02 1.469877276462405735e-02
1.430000000000000000e+02 1.455399012247993173e-02
1.450000000000000000e+02 1.441297817187081609e-02
1.470000000000000000e+02 1.427618097956484533e-02
1.490000000000000000e+02 1.414335541008993058e-02
