1.000000000000000000e+00 2.519353098377730138e-02
3.000000000000000000e+00 2.835869145818792347e-02
5.000000000000000000e+00 2.967486666793894834e-02
7.000000000000000000e+00 3.048287060150745020e-02
9.000000000000000000e+00 3.107957815305795179e-02
1.100000000000000000e+01 3.161845525627915432e-02
1.300000000000000000e+01 3.212389751465882792e-02
1.500000000000000000e+01 3.260511035335489360e-02
1.700000000000000000e+01 3.306111152125745800e-02
1.900000000000000000e+01 3.349398119011626207e-02
2.100000000000000000e+01 3.390877554603555222e-02
2.300000000000000000e+01 3.431009127946593740e-02
2.500000000000000000e+01 3.469869679694614906e-02
2.700000000000000000e+01 3.507552219094911550e-02
2.900000000000000000e+01 3.544446222085251286e-02
3.100000000000000000e+01 3.581046183279756878e-02
3.300000000000000000e+01 3.617407507830572300e-02
3.500000000000000000e+01 3.653676570328479034e-02
3.700000000000000000e+01 3.689555067465755123e-02
3.900000000000000000e+01 3.724981331739829482e-02
4.100000000000000000e+01 3.760071549144372582e-02
4.300000000000000000e+01 3.794814338716112623e-02
4.500000000000000000e+01 3.829279533615004283e-02
4.700000000000000000e+01 3.863702067511332050e-02
4.900000000000000000e+01 3.898313756480120684e-02
5.100000000000000000e+01 3.933258002878659010e-02
5.300000000000000000e+01 3.968614517874657910e-02
5.500000000000000000e+01 4.004320560855034739e-02
5.700000000000000000e+01 4.040480570940951921e-02
5.900000000000000000e+01 4.077094224103150477e-02
6.100000000000000000e+01 4.114085589456295544e-02
6.300000000000000000e+01 4.151467773550410190e-02
6.500000000000000000e+01 4.189238035000142357e-02
6.700000000000000000e+01 4.227445783786309974e-02
6.900000000000000000e+01 4.266144398948090721e-02
7.100000000000000000e+01 4.305363747792112505e-02
7.300000000000000000e+01 4.345189693818463095e-02
7.500000000000000000e+01 4.385644799331955834e-02
7.700000000000000000e+01 4.426698798568107218e-02
7.900000000000000000e+01 4.468317653103504039e-02
8.100000000000000000e+01 4.510455784347244812e-02
8.300000000000000000e+01 4.553060598222058442e-02
8.500000000000000000e+01 4.596092696071174544e-02
8.700000000000000000e+01 4.639544091190972441e-02
8.900000000000000000e+01 4.683445427732069177e-02
9.100000000000000000e+01 4.727827608245827040e-02
9.300000000000000000e+01 4.772603574679346039e-02
9.500000000000000000e+01 4.817762746124965023e-02
9.700000000000000000e+01 4.863284333515538460e-02
9.900000000000000000e+01 4.909161512739679267e-02
1.010000000000000000e+02 4.955432651815527834e-02
1.030000000000000000e+02 5.002097821237949660e-02
1.050000000000000000e+02 5.049151885080327418e-02
1.070000000000000000e+02 5.096609022449771764e-02
1.090000000000000000e+02 5.144470011825208466e-02
1.110000000000000000e+02 5.192749823658715513e-02
1.130000000000000000e+02 5.241442590179534733e-02
1.150000000000000000e+02 5.290550034580843164e-02
1.170000000000000000e+02 5.340067606718257309e-02
1.190000000000000000e+02 5.389996795091078763e-02
1.210000000000000000e+02 5.440355429762910866e-02
1.230000000000000000e+02 5.491152558932477223e-02
1.250000000000000000e+02 5.542389994932372943e-02
1.270000000000000000e+02 5.594048212307967116e-02
1.290000000000000000e+02 5.646156126990842239e-02
1.310000000000000000e+02 5.698738284993454251e-02
1.330000000000000000e+02 5.751828554955074058e-02
1.350000000000000000e+02 5.805442020994444619e-02
1.370000000000000000e+02 5.859604119554362445e-02
1.390000000000000000e+02 5.914336403678865928e-02
1.410000000000000000e+02 5.969665741599605724e-02
1.430000000000000000e+02 6.025621408814685331e-02
1.450000000000000000e+02 6.082226489088249366e-02
1.470000000000000000e+02 6.139495780808468250e-02
1.490000000000000000e+02 6.197398771079509761e-02
