1.000000000000000000e+00 3.727959697732997624e-01
3.000000000000000000e+00 4.097251585623677972e-01
5.000000000000000000e+00 4.260496442820957963e-01
7.000000000000000000e+00 4.365375895257532779e-01
9.000000000000000000e+00 4.443691133734257726e-01
1.100000000000000000e+01 4.506504825503007128e-01
1.300000000000000000e+01 4.559091049096278825e-01
1.500000000000000000e+01 4.603802453365521963e-01
1.700000000000000000e+01 4.642216929793323565e-01
1.900000000000000000e+01 4.675636750219794857e-01
2.100000000000000000e+01 4.704622715905674157e-01
2.300000000000000000e+01 4.729946749887165014e-01
2.500000000000000000e+01 4.752612604169513810e-01
2.700000000000000000e+01 4.773316832462298764e-01
2.900000000000000000e+01 4.792855225675674014e-01
3.100000000000000000e+01 4.811470471367306212e-01
3.300000000000000000e+01 4.829571260649797582e-01
3.500000000000000000e+01 4.847669280740546371e-01
3.700000000000000000e+01 4.866302189614393203e-01
3.900000000000000000e+01 4.885861404237147321e-01
4.100000000000000000e+01 4.906388797210952113e-01
4.300000000000000000e+01 4.928206590485798566e-01
4.500000000000000000e+01 4.951456403106688775e-01
4.700000000000000000e+01 4.975883592100404096e-01
4.900000000000000000e+01 5.001581203907436990e-01
5.100000000000000000e+01 5.028461177033732854e-01
5.300000000000000000e+01 5.056588032781089703e-01
5.500000000000000000e+01 5.085943153582510590e-01
5.700000000000000000e+01 5.116546628051013013e-01
5.900000000000000000e+01 5.148267506981247799e-01
6.100000000000000000e+01 5.180896674230097698e-01
6.300000000000000000e+01 5.214183402080829755e-01
6.500000000000000000e+01 5.247991897639634473e-01
6.700000000000000000e+01 5.281956275925031585e-01
6.900000000000000000e+01 5.315842928370284604e-01
7.100000000000000000e+01 5.349744423103719448e-01
7.300000000000000000e+01 5.383296798843957287e-01
7.500000000000000000e+01 5.416454994629160691e-01
7.700000000000000000e+01 5.449321426227318188e-01
7.900000000000000000e+01 5.481905263407484963e-01
8.100000000000000000e+01 5.514000689363225405e-01
8.300000000000000000e+01 5.545823734964276941e-01
8.500000000000000000e+01 5.577422719499718351e-01
8.700000000000000000e+01 5.608592980413193985e-01
8.900000000000000000e+01 5.639318836780879973e-01
9.100000000000000000e+01 5.669871669171627770e-01
9.300000000000000000e+01 5.700275913457688581e-01
9.500000000000000000e+01 5.730239038878099933e-01
9.700000000000000000e+01 5.759431898449399734e-01
9.900000000000000000e+01 5.787992475591153818e-01
1.010000000000000000e+02 5.816274190195063198e-01
1.030000000000000000e+02 5.844250860693994687e-01
1.050000000000000000e+02 5.871892977467207952e-01
1.070000000000000000e+02 5.899321203828558069e-01
1.090000000000000000e+02 5.926715901098202899e-01
1.110000000000000000e+02 5.953876171946412832e-01
1.130000000000000000e+02 5.980423764536022535e-01
1.150000000000000000e+02 6.006589907004102891e-01
1.170000000000000000e+02 6.032403006803433998e-01
1.190000000000000000e+02 6.057416479942417942e-01
1.210000000000000000e+02 6.081591732453879295e-01
1.230000000000000000e+02 6.105109017913574743e-01
1.250000000000000000e+02 6.127672364715377462e-01
1.270000000000000000e+02 6.149278383253750091e-01
1.290000000000000000e+02 6.170283435691852336e-01
1.310000000000000000e+02 6.190276831245957734e-01
1.330000000000000000e+02 6.209549200822199744e-01
1.350000000000000000e+02 6.227824969378155107e-01
1.370000000000000000e+02 6.244854941910737978e-01
1.390000000000000000e+02 6.260764568825503140e-01
1.410000000000000000e+02 6.275625995013441871e-01
1.430000000000000000e+02 6.289477571483329532e-01
1.450000000000000000e+02 6.302242321360096433e-01
1.470000000000000000e+02 6.314125417352629555e-01
1.490000000000000000e+02 6.325463365742853838e-01
