1.000000000000000000e+00 5.444225074037511991e-01
3.000000000000000000e+00 6.128574715722738819e-01
5.000000000000000000e+00 6.451835264116438928e-01
7.000000000000000000e+00 6.671044144780233776e-01
9.000000000000000000e+00 6.857519359393527969e-01
1.100000000000000000e+01 7.028405742385659405e-01
1.300000000000000000e+01 7.189672004514671144e-01
1.500000000000000000e+01 7.341886422899641662e-01
1.700000000000000000e+01 7.482102472888114697e-01
1.900000000000000000e+01 7.611046448091377536e-01
2.100000000000000000e+01 7.727989320673120943e-01
2.300000000000000000e+01 7.833025397729403982e-01
2.500000000000000000e+01 7.926554590465069161e-01
2.700000000000000000e+01 8.008329905504759649e-01
2.900000000000000000e+01 8.078720503913280337e-01
3.100000000000000000e+01 8.138362257561683188e-01
3.300000000000000000e+01 8.187965260998906203e-01
3.500000000000000000e+01 8.228838936805160653e-01
3.700000000000000000e+01 8.261289795896241683e-01
3.900000000000000000e+01 8.286257157917390481e-01
4.100000000000000000e+01 8.305379572064183202e-01
4.300000000000000000e+01 8.318789687353919104e-01
4.500000000000000000e+01 8.327467062095735839e-01
4.700000000000000000e+01 8.332568298576056298e-01
4.900000000000000000e+01 8.334584487766338867e-01
5.100000000000000000e+01 8.334435500210199965e-01
5.300000000000000000e+01 8.332648744480508629e-01
5.500000000000000000e+01 8.329211294857494785e-01
5.700000000000000000e+01 8.324935852099005773e-01
5.900000000000000000e+01 8.320236506329641291e-01
6.100000000000000000e+01 8.314933702369622370e-01
6.300000000000000000e+01 8.309245501987347904e-01
6.500000000000000000e+01 8.303284644630478661e-01
6.700000000000000000e+01 8.297296579340757150e-01
6.900000000000000000e+01 8.291264793704463676e-01
7.100000000000000000e+01 8.284842075073108880e-01
7.300000000000000000e+01 8.277848539870951150e-01
7.500000000000000000e+01 8.270151100012523848e-01
7.700000000000000000e+01 8.262184072954836811e-01
7.900000000000000000e+01 8.253793528417703307e-01
8.100000000000000000e+01 8.245172193054783882e-01
8.300000000000000000e+01 8.236657868253846049e-01
8.500000000000000000e+01 8.228192282805444346e-01
8.700000000000000000e+01 8.219684091077699151e-01
8.900000000000000000e+01 8.211203201936477791e-01
9.100000000000000000e+01 8.202691486729782877e-01
9.300000000000000000e+01 8.194218368457892865e-01
9.500000000000000000e+01 8.186309236150687285e-01
9.700000000000000000e+01 8.178741507514745157e-01
9.900000000000000000e+01 8.171738314976897399e-01
1.010000000000000000e+02 8.165372935609891414e-01
1.030000000000000000e+02 8.159210134490706423e-01
1.050000000000000000e+02 8.153842259572537943e-01
1.070000000000000000e+02 8.149321586292803676e-01
1.090000000000000000e+02 8.145170906570625702e-01
1.110000000000000000e+02 8.141401627940992869e-01
1.130000000000000000e+02 8.137713797778423075e-01
1.150000000000000000e+02 8.134495048878439549e-01
1.170000000000000000e+02 8.131066842888884372e-01
1.190000000000000000e+02 8.127432885878344004e-01
1.210000000000000000e+02 8.123776134417292072e-01
1.230000000000000000e+02 8.121225565048433293e-01
1.250000000000000000e+02 8.119495442381182704e-01
1.270000000000000000e+02 8.118557318930016420e-01
1.290000000000000000e+02 8.117853578402944859e-01
1.310000000000000000e+02 8.117862545926700646e-01
1.330000000000000000e+02 8.118385903569824702e-01
1.350000000000000000e+02 8.119183359138323341e-01
1.370000000000000000e+02 8.119498079403142388e-01
1.390000000000000000e+02 8.119517528629948133e-01
1.410000000000000000e+02 8.119260492722627509e-01
1.430000000000000000e+02 8.118752435988435545e-01
1.450000000000000000e+02 8.118114694805838027e-01
1.470000000000000000e+02 8.117850360344155414e-01
1.490000000000000000e+02 8.117850360344147642e-01
