1.000000000000000000e+00 1.100323624595469507e-01
3.000000000000000000e+00 1.191454922524406435e-01
5.000000000000000000e+00 1.236339184225105914e-01
7.000000000000000000e+00 1.264370927150557655e-01
9.000000000000000000e+00 1.282936425633425248e-01
1.100000000000000000e+01 1.296821490277466626e-01
1.300000000000000000e+01 1.306633750655331605e-01
1.500000000000000000e+01 1.312935812196540653e-01
1.700000000000000000e+01 1.316116034446889183e-01
1.900000000000000000e+01 1.317213200117316463e-01
2.100000000000000000e+01 1.317091468890688732e-01
2.300000000000000000e+01 1.316338027912092867e-01
2.500000000000000000e+01 1.315570867920421438e-01
2.700000000000000000e+01 1.315038761800788603e-01
2.900000000000000000e+01 1.314691038064157436e-01
3.100000000000000000e+01 1.314526566048743739e-01
3.300000000000000000e+01 1.314509757600151874e-01
3.500000000000000000e+01 1.314468476629438998e-01
3.700000000000000000e+01 1.314224901503163734e-01
3.900000000000000000e+01 1.313805016892257704e-01
4.100000000000000000e+01 1.313320227284752173e-01
4.300000000000000000e+01 1.312716180756884343e-01
4.500000000000000000e+01 1.312067527538000045e-01
4.700000000000000000e+01 1.311442881726165854e-01
4.900000000000000000e+01 1.311030964168651280e-01
5.100000000000000000e+01 1.310856755830194231e-01
5.300000000000000000e+01 1.310936212769475695e-01
5.500000000000000000e+01 1.311108108603892264e-01
5.700000000000000000e+01 1.311368262401219065e-01
5.900000000000000000e+01 1.311780665598802909e-01
6.100000000000000000e+01 1.312362732436855861e-01
6.300000000000000000e+01 1.313087554219016795e-01
6.500000000000000000e+01 1.313937793894863759e-01
6.700000000000000000e+01 1.314814774889561111e-01
6.900000000000000000e+01 1.315719775651255086e-01
7.100000000000000000e+01 1.316638704636819979e-01
7.300000000000000000e+01 1.317572899256915786e-01
7.500000000000000000e+01 1.318535280576168534e-01
7.700000000000000000e+01 1.319515685586217790e-01
7.900000000000000000e+01 1.320546365795541854e-01
8.100000000000000000e+01 1.321627132006273353e-01
8.300000000000000000e+01 1.322728149768693795e-01
8.500000000000000000e+01 1.323687398353106115e-01
8.700000000000000000e+01 1.324497657391432437e-01
8.900000000000000000e+01 1.325167775300266637e-01
9.100000000000000000e+01 1.325697754921998373e-01
9.300000000000000000e+01 1.326187806563178251e-01
9.500000000000000000e+01 1.326604788256348089e-01
9.700000000000000000e+01 1.327011270628566386e-01
9.900000000000000000e+01 1.327407459411433788e-01
1.010000000000000000e+02 1.327813248202777130e-01
1.030000000000000000e+02 1.328267736957590150e-01
1.050000000000000000e+02 1.328750605295709875e-01
1.070000000000000000e+02 1.329310795976070825e-01
1.090000000000000000e+02 1.329888843950068900e-01
1.110000000000000000e+02 1.330392332876050299e-01
1.130000000000000000e+02 1.330821656878127257e-01
1.150000000000000000e+02 1.331253941629572113e-01
1.170000000000000000e+02 1.331714602913784962e-01
1.190000000000000000e+02 1.332184226019595963e-01
1.210000000000000000e+02 1.332666237302476686e-01
1.230000000000000000e+02 1.333084673286404342e-01
1.250000000000000000e+02 1.333484653581197277e-01
1.270000000000000000e+02 1.333913846167681383e-01
1.290000000000000000e+02 1.334380673479220736e-01
1.310000000000000000e+02 1.334859681293417699e-01
1.330000000000000000e+02 1.335261683053025061e-01
1.350000000000000000e+02 1.335594165986012660e-01
1.370000000000000000e+02 1.335902972675196976e-01
1.390000000000000000e+02 1.336200933512443623e-01
1.410000000000000000e+02 1.336479234493636037e-01
1.430000000000000000e+02 1.336840211023787583e-01
1.450000000000000000e+02 1.337284099700906115e-01
1.470000000000000000e+02 1.337804008038067094e-01
1.490000000000000000e+02 1.338425529676869896e-01
