1.000000000000000000e+00 1.597615499254843030e-01
3.000000000000000000e+00 2.004924048868863551e-01
5.000000000000000000e+00 2.211169316969476828e-01
7.000000000000000000e+00 2.340617048363551334e-01
9.000000000000000000e+00 2.453367473161099932e-01
1.100000000000000000e+01 2.569691305039152329e-01
1.300000000000000000e+01 2.693639126848224041e-01
1.500000000000000000e+01 2.825022552405936915e-01
1.700000000000000000e+01 2.963781495360016116e-01
1.900000000000000000e+01 3.109377234419827829e-01
2.100000000000000000e+01 3.260872122519735683e-01
2.300000000000000000e+01 3.418887255240010692e-01
2.500000000000000000e+01 3.582760745145322501e-01
2.700000000000000000e+01 3.751538381925143550e-01
2.900000000000000000e+01 3.924311264741136007e-01
3.100000000000000000e+01 4.101623201731920965e-01
3.300000000000000000e+01 4.282753950884593541e-01
3.500000000000000000e+01 4.467283158112274055e-01
3.700000000000000000e+01 4.653737180588974898e-01
3.900000000000000000e+01 4.841827456633087667e-01
4.100000000000000000e+01 5.031394323364648535e-01
4.300000000000000000e+01 5.221879373994371409e-01
4.500000000000000000e+01 5.413051629462930503e-01
4.700000000000000000e+01 5.602527239140410176e-01
4.900000000000000000e+01 5.788413405307231141e-01
5.100000000000000000e+01 5.969641122973707859e-01
5.300000000000000000e+01 6.145700044809415674e-01
5.500000000000000000e+01 6.316883210434585116e-01
5.700000000000000000e+01 6.483288781071432361e-01
5.900000000000000000e+01 6.644408497400421387e-01
6.100000000000000000e+01 6.800636258326556716e-01
6.300000000000000000e+01 6.951201248409664135e-01
6.500000000000000000e+01 7.096321223341371942e-01
6.700000000000000000e+01 7.235701413097470613e-01
6.900000000000000000e+01 7.369708094844391599e-01
7.100000000000000000e+01 7.498202622742685675e-01
7.300000000000000000e+01 7.621336038232500165e-01
7.500000000000000000e+01 7.739240823247823808e-01
7.700000000000000000e+01 7.852259005675630288e-01
7.900000000000000000e+01 7.960566698974820277e-01
8.100000000000000000e+01 8.064627111493823941e-01
8.300000000000000000e+01 8.163125320555981723e-01
8.500000000000000000e+01 8.257077598037612098e-01
8.700000000000000000e+01 8.346967380225938093e-01
8.900000000000000000e+01 8.431847057494745723e-01
9.100000000000000000e+01 8.512271493150910251e-01
9.300000000000000000e+01 8.588439397613629733e-01
9.500000000000000000e+01 8.660935880132485387e-01
9.700000000000000000e+01 8.730069893822109961e-01
9.900000000000000000e+01 8.795959691970207661e-01
1.010000000000000000e+02 8.858860353707268542e-01
1.030000000000000000e+02 8.919172085228715963e-01
1.050000000000000000e+02 8.976393005804667036e-01
1.070000000000000000e+02 9.030870680286599006e-01
1.090000000000000000e+02 9.082739113227662475e-01
1.110000000000000000e+02 9.132372394823959905e-01
1.130000000000000000e+02 9.179742918468017931e-01
1.150000000000000000e+02 9.225029223393375055e-01
1.170000000000000000e+02 9.267998470329870120e-01
1.190000000000000000e+02 9.308772188817807658e-01
1.210000000000000000e+02 9.347268308870647635e-01
1.230000000000000000e+02 9.383585919170066569e-01
1.250000000000000000e+02 9.417402989869432250e-01
1.270000000000000000e+02 9.449018908655768545e-01
1.290000000000000000e+02 9.478383340522099632e-01
1.310000000000000000e+02 9.505609699735432239e-01
1.330000000000000000e+02 9.530825875535741121e-01
1.350000000000000000e+02 9.554274274670786493e-01
1.370000000000000000e+02 9.575677950558300067e-01
1.390000000000000000e+02 9.595083295364623677e-01
1.410000000000000000e+02 9.612489945954150183e-01
1.430000000000000000e+02 9.627980472462196460e-01
1.450000000000000000e+02 9.641852930317764692e-01
1.470000000000000000e+02 9.653733617364330666e-01
1.490000000000000000e+02 9.663641758159262629e-01
