1.000000000000000000e+00 1.011454506159498168e-01
3.000000000000000000e+00 1.090127569956326203e-01
5.000000000000000000e+00 1.131881276306144768e-01
7.000000000000000000e+00 1.162065902020064101e-01
9.000000000000000000e+00 1.189045122243620467e-01
1.100000000000000000e+01 1.214587391417670803e-01
1.300000000000000000e+01 1.237995558675881735e-01
1.500000000000000000e+01 1.259892448323320924e-01
1.700000000000000000e+01 1.280254971891802152e-01
1.900000000000000000e+01 1.299345653199912576e-01
2.100000000000000000e+01 1.317325574158237922e-01
2.300000000000000000e+01 1.334140217302220988e-01
2.500000000000000000e+01 1.350288843739017031e-01
2.700000000000000000e+01 1.365938409522282626e-01
2.900000000000000000e+01 1.381014949933470071e-01
3.100000000000000000e+01 1.395499235820100159e-01
3.300000000000000000e+01 1.409311798334744736e-01
3.500000000000000000e+01 1.422399914702615620e-01
3.700000000000000000e+01 1.434995205502413995e-01
3.900000000000000000e+01 1.447201669517798051e-01
4.100000000000000000e+01 1.459212962376293943e-01
4.300000000000000000e+01 1.471041486905229068e-01
4.500000000000000000e+01 1.482559425453446877e-01
4.700000000000000000e+01 1.493575575157459756e-01
4.900000000000000000e+01 1.504309596760473600e-01
5.100000000000000000e+01 1.514711031340569836e-01
5.300000000000000000e+01 1.524475442461653563e-01
5.500000000000000000e+01 1.533863714507824882e-01
5.700000000000000000e+01 1.542661869798084284e-01
5.900000000000000000e+01 1.550928913263719400e-01
6.100000000000000000e+01 1.558990803629133337e-01
6.300000000000000000e+01 1.566814320554859030e-01
6.500000000000000000e+01 1.574459246783790345e-01
6.700000000000000000e+01 1.582003245764610488e-01
6.900000000000000000e+01 1.589588634605597628e-01
7.100000000000000000e+01 1.597232615140061762e-01
7.300000000000000000e+01 1.604930366742722825e-01
7.500000000000000000e+01 1.612529758008878211e-01
7.700000000000000000e+01 1.620049079687245763e-01
7.900000000000000000e+01 1.627644266486525382e-01
8.100000000000000000e+01 1.635241972123313570e-01
8.300000000000000000e+01 1.642626284835558836e-01
8.500000000000000000e+01 1.649895039692470533e-01
8.700000000000000000e+01 1.657020982629581196e-01
8.900000000000000000e+01 1.664225647402404196e-01
9.100000000000000000e+01 1.671119484329719462e-01
9.300000000000000000e+01 1.677785003053751112e-01
9.500000000000000000e+01 1.684261362077349444e-01
9.700000000000000000e+01 1.690522328682743103e-01
9.900000000000000000e+01 1.696509895317712679e-01
1.010000000000000000e+02 1.702340176531487170e-01
1.030000000000000000e+02 1.708051092632013601e-01
1.050000000000000000e+02 1.713567440370877826e-01
1.070000000000000000e+02 1.718684919238611108e-01
1.090000000000000000e+02 1.723532274432797440e-01
1.110000000000000000e+02 1.728138221258728180e-01
1.130000000000000000e+02 1.732581488010731530e-01
1.150000000000000000e+02 1.736751970266102729e-01
1.170000000000000000e+02 1.740800590943879511e-01
1.190000000000000000e+02 1.744703152644816457e-01
1.210000000000000000e+02 1.748429919692481294e-01
1.230000000000000000e+02 1.751874810235409807e-01
1.250000000000000000e+02 1.755178097222453992e-01
1.270000000000000000e+02 1.758467594140027401e-01
1.290000000000000000e+02 1.761723571103509522e-01
1.310000000000000000e+02 1.764765770527122468e-01
1.330000000000000000e+02 1.767645229469613222e-01
1.350000000000000000e+02 1.770474340937233659e-01
1.370000000000000000e+02 1.773265222411425368e-01
1.390000000000000000e+02 1.775877775479083320e-01
1.410000000000000000e+02 1.778665709708543430e-01
1.430000000000000000e+02 1.781416690719038742e-01
1.450000000000000000e+02 1.784128082831996087e-01
1.470000000000000000e+02 1.786638475142058313e-01
1.490000000000000000e+02 1.789165096528587684e-01
