1.000000000000000000e+00 4.049866860324377038e-01
3.000000000000000000e+00 4.455200786578105143e-01
5.000000000000000000e+00 4.616603124809608438e-01
7.000000000000000000e+00 4.713954983953442257e-01
9.000000000000000000e+00 4.785910045701855520e-01
1.100000000000000000e+01 4.844000003474377980e-01
1.300000000000000000e+01 4.893367376635462396e-01
1.500000000000000000e+01 4.936656992846013559e-01
1.700000000000000000e+01 4.975248093722243192e-01
1.900000000000000000e+01 5.009509044189859317e-01
2.100000000000000000e+01 5.040196016342021190e-01
2.300000000000000000e+01 5.067643093157111478e-01
2.500000000000000000e+01 5.092188680791229771e-01
2.700000000000000000e+01 5.114595072318957047e-01
2.900000000000000000e+01 5.135400936008179817e-01
3.100000000000000000e+01 5.155073194256046820e-01
3.300000000000000000e+01 5.173651988485173936e-01
3.500000000000000000e+01 5.191459767835218120e-01
3.700000000000000000e+01 5.209027670441654934e-01
3.900000000000000000e+01 5.226649887789314164e-01
4.100000000000000000e+01 5.244809872302202969e-01
4.300000000000000000e+01 5.263830415479868741e-01
4.500000000000000000e+01 5.283856577578109892e-01
4.700000000000000000e+01 5.305015830562762602e-01
4.900000000000000000e+01 5.327262062800648401e-01
5.100000000000000000e+01 5.350665546519400850e-01
5.300000000000000000e+01 5.375439073621878228e-01
5.500000000000000000e+01 5.401516567804802715e-01
5.700000000000000000e+01 5.428636494799057299e-01
5.900000000000000000e+01 5.456681996947407853e-01
6.100000000000000000e+01 5.485458969803507223e-01
6.300000000000000000e+01 5.514817117436378036e-01
6.500000000000000000e+01 5.544644254042787601e-01
6.700000000000000000e+01 5.574822399947494400e-01
6.900000000000000000e+01 5.605167759100082581e-01
7.100000000000000000e+01 5.635629165769434623e-01
7.300000000000000000e+01 5.665988080625845580e-01
7.500000000000000000e+01 5.696157041198182114e-01
7.700000000000000000e+01 5.726072950363265690e-01
7.900000000000000000e+01 5.755660855651201224e-01
8.100000000000000000e+01 5.784498349988165256e-01
8.300000000000000000e+01 5.812657020458003032e-01
8.500000000000000000e+01 5.840124701995346168e-01
8.700000000000000000e+01 5.866862143288085196e-01
8.900000000000000000e+01 5.893137883177120839e-01
9.100000000000000000e+01 5.919173824576593468e-01
9.300000000000000000e+01 5.944777536151034658e-01
9.500000000000000000e+01 5.969814185412571916e-01
9.700000000000000000e+01 5.994440623651686728e-01
9.900000000000000000e+01 6.018606767993852635e-01
1.010000000000000000e+02 6.042407682670728475e-01
1.030000000000000000e+02 6.066030759957286023e-01
1.050000000000000000e+02 6.089387827531140829e-01
1.070000000000000000e+02 6.112348192766626775e-01
1.090000000000000000e+02 6.134944828686640372e-01
1.110000000000000000e+02 6.156929594539664041e-01
1.130000000000000000e+02 6.177914044863878074e-01
1.150000000000000000e+02 6.198055389914491897e-01
1.170000000000000000e+02 6.217464013949396406e-01
1.190000000000000000e+02 6.236174463479149388e-01
1.210000000000000000e+02 6.254307085326338278e-01
1.230000000000000000e+02 6.271854990570355781e-01
1.250000000000000000e+02 6.288743923773192357e-01
1.270000000000000000e+02 6.304949920277834741e-01
1.290000000000000000e+02 6.320445241884318222e-01
1.310000000000000000e+02 6.335267318100612499e-01
1.330000000000000000e+02 6.349475838383267234e-01
1.350000000000000000e+02 6.363101081291082650e-01
1.370000000000000000e+02 6.375943395953282966e-01
1.390000000000000000e+02 6.388107972076213503e-01
1.410000000000000000e+02 6.399636144929732318e-01
1.430000000000000000e+02 6.410553610826055237e-01
1.450000000000000000e+02 6.421024495510727625e-01
1.470000000000000000e+02 6.430992810118438818e-01
1.490000000000000000e+02 6.439918069276189261e-01
