1.000000000000000000e+00 0.000000000000000000e+00
3.000000000000000000e+00 0.000000000000000000e+00
5.000000000000000000e+00 6.554516273071797627e-07
7.000000000000000000e+00 6.890973750506290685e-06
9.000000000000000000e+00 1.883660242329998624e-05
1.100000000000000000e+01 3.310007540091586264e-05
1.300000000000000000e+01 5.020785999909627151e-05
1.500000000000000000e+01 7.246709056230038470e-05
1.700000000000000000e+01 9.810099447171705123e-05
1.900000000000000000e+01 1.244608111244938087e-04
2.100000000000000000e+01 1.510715519932315232e-04
2.300000000000000000e+01 1.793914774601557127e-04
2.500000000000000000e+01 2.101402182161926646e-04
2.700000000000000000e+01 2.433524118977681283e-04
2.900000000000000000e+01 2.785560453258950631e-04
3.100000000000000000e+01 3.150284902362354700e-04
3.300000000000000000e+01 3.520142843418394563e-04
3.500000000000000000e+01 3.890428653713362550e-04
3.700000000000000000e+01 4.259377573393452465e-04
3.900000000000000000e+01 4.626177852927737533e-04
4.100000000000000000e+01 4.990241586458887824e-04
4.300000000000000000e+01 5.351282226356834926e-04
4.500000000000000000e+01 5.708094874856683987e-04
4.700000000000000000e+01 6.058782418786323731e-04
4.900000000000000000e+01 6.403455587870032772e-04
5.100000000000000000e+01 6.743048182099586896e-04
5.300000000000000000e+01 7.077966731515727972e-04
5.500000000000000000e+01 7.408142569843567671e-04
5.700000000000000000e+01 7.732767311842136948e-04
5.900000000000000000e+01 8.050919991322569302e-04
6.100000000000000000e+01 8.362722670596234309e-04
6.300000000000000000e+01 8.669364257207767821e-04
6.500000000000000000e+01 8.972109281301099415e-04
6.700000000000000000e+01 9.272221791247758915e-04
6.900000000000000000e+01 9.570622117366367476e-04
7.100000000000000000e+01 9.867873377600311358e-04
7.300000000000000000e+01 1.016441455090721924e-03
7.500000000000000000e+01 1.046081872813520164e-03
7.700000000000000000e+01 1.075760626307653567e-03
7.900000000000000000e+01 1.105490327614533363e-03
8.100000000000000000e+01 1.135218155841499765e-03
8.300000000000000000e+01 1.164890816917840688e-03
8.500000000000000000e+01 1.194482444589861636e-03
8.700000000000000000e+01 1.223997393110187737e-03
8.900000000000000000e+01 1.253440309450959411e-03
9.100000000000000000e+01 1.282782505428459174e-03
9.300000000000000000e+01 1.312010159761012318e-03
9.500000000000000000e+01 1.341127286819898679e-03
9.700000000000000000e+01 1.370146151703832693e-03
9.900000000000000000e+01 1.399069858724844018e-03
1.010000000000000000e+02 1.427871908296518555e-03
1.030000000000000000e+02 1.456487122800553813e-03
1.050000000000000000e+02 1.484896174878458375e-03
1.070000000000000000e+02 1.513126331012526471e-03
1.090000000000000000e+02 1.541189409088539186e-03
1.110000000000000000e+02 1.569047138941015440e-03
1.130000000000000000e+02 1.596690053029425904e-03
1.150000000000000000e+02 1.624137656237589766e-03
1.170000000000000000e+02 1.651407988490394274e-03
1.190000000000000000e+02 1.678508169840275954e-03
1.210000000000000000e+02 1.705471270873615275e-03
1.230000000000000000e+02 1.732330020276839910e-03
1.250000000000000000e+02 1.759111488397469003e-03
1.270000000000000000e+02 1.785853472586862445e-03
1.290000000000000000e+02 1.812592078601960033e-03
1.310000000000000000e+02 1.839350173569620495e-03
1.330000000000000000e+02 1.866141741196924997e-03
1.350000000000000000e+02 1.892995446489353917e-03
1.370000000000000000e+02 1.919934253850064110e-03
1.390000000000000000e+02 1.946974902743758840e-03
1.410000000000000000e+02 1.974130683024211130e-03
1.430000000000000000e+02 2.001430794887126829e-03
1.450000000000000000e+02 2.028900678656686551e-03
1.470000000000000000e+02 2.056550132690571075e-03
1.490000000000000000e+02 2.084385919218112448e-03
