1.000000000000000000e+00 3.494322915426917309e-02
3.000000000000000000e+00 3.749579093816313158e-02
5.000000000000000000e+00 3.892946981525013950e-02
7.000000000000000000e+00 4.004557366948313657e-02
9.000000000000000000e+00 4.098254081055530129e-02
1.100000000000000000e+01 4.177885605026221416e-02
1.300000000000000000e+01 4.249350044810096261e-02
1.500000000000000000e+01 4.317918020113042932e-02
1.700000000000000000e+01 4.383910629668241743e-02
1.900000000000000000e+01 4.447685130869538650e-02
2.100000000000000000e+01 4.509099900206636757e-02
2.300000000000000000e+01 4.568374121467966287e-02
2.500000000000000000e+01 4.625689159593437960e-02
2.700000000000000000e+01 4.681401309844301917e-02
2.900000000000000000e+01 4.735697148486872621e-02
3.100000000000000000e+01 4.788302537249844448e-02
3.300000000000000000e+01 4.839155445533638300e-02
3.500000000000000000e+01 4.888093972973694967e-02
3.700000000000000000e+01 4.935075924387510860e-02
3.900000000000000000e+01 4.980221186802746836e-02
4.100000000000000000e+01 5.023718572207491739e-02
4.300000000000000000e+01 5.065827482899543099e-02
4.500000000000000000e+01 5.106760301332902152e-02
4.700000000000000000e+01 5.146696806924466738e-02
4.900000000000000000e+01 5.185722542139947766e-02
5.100000000000000000e+01 5.223858570833528336e-02
5.300000000000000000e+01 5.261179078752276084e-02
5.500000000000000000e+01 5.297791207793844936e-02
5.700000000000000000e+01 5.333785555282632984e-02
5.900000000000000000e+01 5.369167194951607325e-02
6.100000000000000000e+01 5.403969427057020436e-02
6.300000000000000000e+01 5.438215996906858862e-02
6.500000000000000000e+01 5.471907821346233547e-02
6.700000000000000000e+01 5.505047682494834671e-02
6.900000000000000000e+01 5.537612042493522679e-02
7.100000000000000000e+01 5.569617407521598729e-02
7.300000000000000000e+01 5.601087340944910231e-02
7.500000000000000000e+01 5.632071308162156509e-02
7.700000000000000000e+01 5.662604755116940058e-02
7.900000000000000000e+01 5.692714758551153942e-02
8.100000000000000000e+01 5.722422863912224322e-02
8.300000000000000000e+01 5.751668056621428438e-02
8.500000000000000000e+01 5.780453103014138172e-02
8.700000000000000000e+01 5.808748111898076605e-02
8.900000000000000000e+01 5.836578327778763065e-02
9.100000000000000000e+01 5.863925743710196592e-02
9.300000000000000000e+01 5.890747612901714447e-02
9.500000000000000000e+01 5.917058235365735275e-02
9.700000000000000000e+01 5.942856749770009106e-02
9.900000000000000000e+01 5.968157866775558595e-02
1.010000000000000000e+02 5.992943951690432591e-02
1.030000000000000000e+02 6.017213860888226407e-02
1.050000000000000000e+02 6.040890815981003747e-02
1.070000000000000000e+02 6.063887648856669532e-02
1.090000000000000000e+02 6.086124564897121836e-02
1.110000000000000000e+02 6.107673068403274286e-02
1.130000000000000000e+02 6.128557806534329355e-02
1.150000000000000000e+02 6.148746702231988603e-02
1.170000000000000000e+02 6.168297724098070756e-02
1.190000000000000000e+02 6.187204164686810337e-02
1.210000000000000000e+02 6.205463124510812722e-02
1.230000000000000000e+02 6.223083296860354441e-02
1.250000000000000000e+02 6.240147056460010333e-02
1.270000000000000000e+02 6.256691372123568406e-02
1.290000000000000000e+02 6.272676030235002642e-02
1.310000000000000000e+02 6.288131603300051164e-02
1.330000000000000000e+02 6.303117036750804925e-02
1.350000000000000000e+02 6.317692481978676167e-02
1.370000000000000000e+02 6.331755703195962592e-02
1.390000000000000000e+02 6.345391623697349548e-02
1.410000000000000000e+02 6.358681589720183158e-02
1.430000000000000000e+02 6.371722385331735072e-02
1.450000000000000000e+02 6.384538394700589592e-02
1.470000000000000000e+02 6.397137439179423346e-02
1.490000000000000000e+02 6.409570937024411386e-02
