1.000000000000000000e+00 4.682495858641633202e-02
3.000000000000000000e+00 5.225736527538549225e-02
5.000000000000000000e+00 5.653976754169909302e-02
7.000000000000000000e+00 6.022903132192569675e-02
9.000000000000000000e+00 6.318451198025731852e-02
1.100000000000000000e+01 6.540553334324428203e-02
1.300000000000000000e+01 6.708032870740709974e-02
1.500000000000000000e+01 6.846348791019696289e-02
1.700000000000000000e+01 6.974588681124749279e-02
1.900000000000000000e+01 7.101635742600109769e-02
2.100000000000000000e+01 7.229609083602217545e-02
2.300000000000000000e+01 7.357303832468709004e-02
2.500000000000000000e+01 7.482948587612991975e-02
2.700000000000000000e+01 7.602307822654430502e-02
2.900000000000000000e+01 7.715448887444253945e-02
3.100000000000000000e+01 7.824448282051743586e-02
3.300000000000000000e+01 7.933487745706024885e-02
3.500000000000000000e+01 8.043152109833962005e-02
3.700000000000000000e+01 8.154046199989417598e-02
3.900000000000000000e+01 8.266937114876771187e-02
4.100000000000000000e+01 8.381640968151859994e-02
4.300000000000000000e+01 8.497440934338129637e-02
4.500000000000000000e+01 8.613875013037430861e-02
4.700000000000000000e+01 8.730231349136530206e-02
4.900000000000000000e+01 8.845563759699959228e-02
5.100000000000000000e+01 8.959108496718926062e-02
5.300000000000000000e+01 9.068407281797230546e-02
5.500000000000000000e+01 9.173234623179893354e-02
5.700000000000000000e+01 9.273646719418870976e-02
5.900000000000000000e+01 9.371129585351190006e-02
6.100000000000000000e+01 9.466692138668086898e-02
6.300000000000000000e+01 9.562750312696433053e-02
6.500000000000000000e+01 9.660331442176495198e-02
6.700000000000000000e+01 9.759969886517005921e-02
6.900000000000000000e+01 9.862051653235781590e-02
7.100000000000000000e+01 9.966727971264388586e-02
7.300000000000000000e+01 1.007414589591089094e-01
7.500000000000000000e+01 1.018437601903986467e-01
7.700000000000000000e+01 1.029756879702748984e-01
7.900000000000000000e+01 1.041210926343509868e-01
8.100000000000000000e+01 1.052733261499017026e-01
8.300000000000000000e+01 1.064417837290145830e-01
8.500000000000000000e+01 1.076257656971248977e-01
8.700000000000000000e+01 1.088361363702686768e-01
8.900000000000000000e+01 1.100702493609130306e-01
9.100000000000000000e+01 1.113273267719512294e-01
9.300000000000000000e+01 1.126074618944158390e-01
9.500000000000000000e+01 1.139097028676220313e-01
9.700000000000000000e+01 1.152328349778874994e-01
9.900000000000000000e+01 1.165766745404529514e-01
1.010000000000000000e+02 1.179420452824972987e-01
1.030000000000000000e+02 1.193312371850414610e-01
1.050000000000000000e+02 1.207465537936118771e-01
1.070000000000000000e+02 1.221730490723963447e-01
1.090000000000000000e+02 1.236053057554227230e-01
1.110000000000000000e+02 1.250447868736009882e-01
1.130000000000000000e+02 1.265065953931127085e-01
1.150000000000000000e+02 1.280022416665390628e-01
1.170000000000000000e+02 1.295321023801567772e-01
1.190000000000000000e+02 1.310972734388630156e-01
1.210000000000000000e+02 1.326919069219965053e-01
1.230000000000000000e+02 1.343170778565407897e-01
1.250000000000000000e+02 1.359733588313379871e-01
1.270000000000000000e+02 1.376603173085753085e-01
1.290000000000000000e+02 1.393598619035355535e-01
1.310000000000000000e+02 1.410719770659046857e-01
1.330000000000000000e+02 1.427960572072027867e-01
1.350000000000000000e+02 1.445233981261678791e-01
1.370000000000000000e+02 1.462552799732004249e-01
1.390000000000000000e+02 1.479737293313359014e-01
1.410000000000000000e+02 1.496763959628545360e-01
1.430000000000000000e+02 1.513620979253756937e-01
1.450000000000000000e+02 1.530302712116017316e-01
1.470000000000000000e+02 1.547031293520665374e-01
1.490000000000000000e+02 1.563870920110491669e-01
