1.000000000000000000e+00 2.292444142877914093e-02
3.000000000000000000e+00 2.550563635574654153e-02
5.000000000000000000e+00 2.684105885775023292e-02
7.000000000000000000e+00 2.769878094319377926e-02
9.000000000000000000e+00 2.838690047592618004e-02
1.100000000000000000e+01 2.900711298351144052e-02
1.300000000000000000e+01 2.957668671169089158e-02
1.500000000000000000e+01 3.010227318829872267e-02
1.700000000000000000e+01 3.059658125459163713e-02
1.900000000000000000e+01 3.106072835575279800e-02
2.100000000000000000e+01 3.149645789274035934e-02
2.300000000000000000e+01 3.190479899554887755e-02
2.500000000000000000e+01 3.229354300601039451e-02
2.700000000000000000e+01 3.266228726103936886e-02
2.900000000000000000e+01 3.301544782726018035e-02
3.100000000000000000e+01 3.335704656548577063e-02
3.300000000000000000e+01 3.368920466344649256e-02
3.500000000000000000e+01 3.401536249731318406e-02
3.700000000000000000e+01 3.433719246378719170e-02
3.900000000000000000e+01 3.465619595808566711e-02
4.100000000000000000e+01 3.497431213412260931e-02
4.300000000000000000e+01 3.529222581702695649e-02
4.500000000000000000e+01 3.561061260017372998e-02
4.700000000000000000e+01 3.593068876651450694e-02
4.900000000000000000e+01 3.625373731174708070e-02
5.100000000000000000e+01 3.658084654916782252e-02
5.300000000000000000e+01 3.691307369296104035e-02
5.500000000000000000e+01 3.725046648624907863e-02
5.700000000000000000e+01 3.759217326902064560e-02
5.900000000000000000e+01 3.793651460707847534e-02
6.100000000000000000e+01 3.828265770633521026e-02
6.300000000000000000e+01 3.863007726430167654e-02
6.500000000000000000e+01 3.897831532221818218e-02
6.700000000000000000e+01 3.932789310428974616e-02
6.900000000000000000e+01 3.967917794327369130e-02
7.100000000000000000e+01 4.003310932893144880e-02
7.300000000000000000e+01 4.038987642109348464e-02
7.500000000000000000e+01 4.074991574381126025e-02
7.700000000000000000e+01 4.111354304366365842e-02
7.900000000000000000e+01 4.148092018120297375e-02
8.100000000000000000e+01 4.185212773386104423e-02
8.300000000000000000e+01 4.222768900676387993e-02
8.500000000000000000e+01 4.260798086750816616e-02
8.700000000000000000e+01 4.299341357419927956e-02
8.900000000000000000e+01 4.338381822335524163e-02
9.100000000000000000e+01 4.377908172455413638e-02
9.300000000000000000e+01 4.417902535876061521e-02
9.500000000000000000e+01 4.458333363049749032e-02
9.700000000000000000e+01 4.499186837146496032e-02
9.900000000000000000e+01 4.540437298024380119e-02
1.010000000000000000e+02 4.582108756721303688e-02
1.030000000000000000e+02 4.624196711009742611e-02
1.050000000000000000e+02 4.666697005525588526e-02
1.070000000000000000e+02 4.709576297625717167e-02
1.090000000000000000e+02 4.752835285058354398e-02
1.110000000000000000e+02 4.796469917780599168e-02
1.130000000000000000e+02 4.840460491901754647e-02
1.150000000000000000e+02 4.884803968932427409e-02
1.170000000000000000e+02 4.929497382219982793e-02
1.190000000000000000e+02 4.974556355224357684e-02
1.210000000000000000e+02 5.019967800471525354e-02
1.230000000000000000e+02 5.065732886992158068e-02
1.250000000000000000e+02 5.111853707806157665e-02
1.270000000000000000e+02 5.158335243116574098e-02
1.290000000000000000e+02 5.205171451791612558e-02
1.310000000000000000e+02 5.252364811249643495e-02
1.330000000000000000e+02 5.299913773785980275e-02
1.350000000000000000e+02 5.347789573290095966e-02
1.370000000000000000e+02 5.395999416469521304e-02
1.390000000000000000e+02 5.444546369694502896e-02
1.410000000000000000e+02 5.493440223518142318e-02
1.430000000000000000e+02 5.542695242167916536e-02
1.450000000000000000e+02 5.592331919153303854e-02
1.470000000000000000e+02 5.642389029864192107e-02
1.490000000000000000e+02 5.692866101877436247e-02
