1.000000000000000000e+00 4.028581727201219209e-04
3.000000000000000000e+00 4.096858901809774522e-04
5.000000000000000000e+00 4.139809254671833472e-04
7.000000000000000000e+00 4.194478510477495092e-04
9.000000000000000000e+00 4.265095701847521070e-04
1.100000000000000000e+01 4.344365130199978609e-04
1.300000000000000000e+01 4.420104046780615192e-04
1.500000000000000000e+01 4.478122237872028677e-04
1.700000000000000000e+01 4.519535013325359785e-04
1.900000000000000000e+01 4.549182687868524866e-04
2.100000000000000000e+01 4.567470001634044152e-04
2.300000000000000000e+01 4.579257449969231786e-04
2.500000000000000000e+01 4.588332494738223133e-04
2.700000000000000000e+01 4.595675816208011355e-04
2.900000000000000000e+01 4.602179780661685982e-04
3.100000000000000000e+01 4.608819300228050864e-04
3.300000000000000000e+01 4.615460549751704278e-04
3.500000000000000000e+01 4.621256722299182940e-04
3.700000000000000000e+01 4.626100293489976423e-04
3.900000000000000000e+01 4.630714142851433124e-04
4.100000000000000000e+01 4.634956623761343764e-04
4.300000000000000000e+01 4.639685466256704416e-04
4.500000000000000000e+01 4.645418117420474502e-04
4.700000000000000000e+01 4.652624788320514071e-04
4.900000000000000000e+01 4.662010075862088598e-04
5.100000000000000000e+01 4.674272618592212325e-04
5.300000000000000000e+01 4.689771766739347925e-04
5.500000000000000000e+01 4.708793790623166942e-04
5.700000000000000000e+01 4.731366732783071072e-04
5.900000000000000000e+01 4.757290537200642433e-04
6.100000000000000000e+01 4.786702561546674062e-04
6.300000000000000000e+01 4.819509506355235118e-04
6.500000000000000000e+01 4.855718375904594097e-04
6.700000000000000000e+01 4.895405300032740215e-04
6.900000000000000000e+01 4.938440150380474236e-04
7.100000000000000000e+01 4.984547051273269247e-04
7.300000000000000000e+01 5.033900044844052957e-04
7.500000000000000000e+01 5.086742814336409069e-04
7.700000000000000000e+01 5.143223898674831318e-04
7.900000000000000000e+01 5.203190380688171857e-04
8.100000000000000000e+01 5.266515894428724920e-04
8.300000000000000000e+01 5.333139764852612430e-04
8.500000000000000000e+01 5.402976431730932561e-04
8.700000000000000000e+01 5.475754545288813446e-04
8.900000000000000000e+01 5.551203680025373899e-04
9.100000000000000000e+01 5.629276642468150627e-04
9.300000000000000000e+01 5.709980683619164665e-04
9.500000000000000000e+01 5.793266370346383809e-04
9.700000000000000000e+01 5.879207169690037205e-04
9.900000000000000000e+01 5.967759045262255313e-04
1.010000000000000000e+02 6.058836292460734185e-04
1.030000000000000000e+02 6.152304514102091559e-04
1.050000000000000000e+02 6.248230922722974867e-04
1.070000000000000000e+02 6.346653308842986618e-04
1.090000000000000000e+02 6.447431940238557146e-04
1.110000000000000000e+02 6.550478568688733461e-04
1.130000000000000000e+02 6.655619571959148217e-04
1.150000000000000000e+02 6.762776270856640792e-04
1.170000000000000000e+02 6.871876543601551646e-04
1.190000000000000000e+02 6.982779917633630262e-04
1.210000000000000000e+02 7.094524636552801411e-04
1.230000000000000000e+02 7.207058952382050521e-04
1.250000000000000000e+02 7.320282798399802004e-04
1.270000000000000000e+02 7.434162067677663188e-04
1.290000000000000000e+02 7.549582076833427635e-04
1.310000000000000000e+02 7.666526072760415644e-04
1.330000000000000000e+02 7.784925646240337116e-04
1.350000000000000000e+02 7.904719103131174762e-04
1.370000000000000000e+02 8.025933216238012591e-04
1.390000000000000000e+02 8.148631120021843088e-04
1.410000000000000000e+02 8.272850342967430493e-04
1.430000000000000000e+02 8.398613840894242344e-04
1.450000000000000000e+02 8.526012990613951459e-04
1.470000000000000000e+02 8.655091263515268807e-04
1.490000000000000000e+02 8.785811806842902527e-04
