1.000000000000000000e+00 0.000000000000000000e+00
3.000000000000000000e+00 0.000000000000000000e+00
5.000000000000000000e+00 0.000000000000000000e+00
7.000000000000000000e+00 0.000000000000000000e+00
9.000000000000000000e+00 0.000000000000000000e+00
1.100000000000000000e+01 0.000000000000000000e+00
1.300000000000000000e+01 4.481554564450540568e-06
1.500000000000000000e+01 2.071284514681970279e-05
1.700000000000000000e+01 4.118128233265849758e-05
1.900000000000000000e+01 6.256102738688706921e-05
2.100000000000000000e+01 8.366144374016837304e-05
2.300000000000000000e+01 1.039114701399945773e-04
2.500000000000000000e+01 1.232412658648263104e-04
2.700000000000000000e+01 1.418102933880005523e-04
2.900000000000000000e+01 1.594303267008490010e-04
3.100000000000000000e+01 1.755628121680175013e-04
3.300000000000000000e+01 1.901804838806420150e-04
3.500000000000000000e+01 2.032418714470463073e-04
3.700000000000000000e+01 2.152066504859106999e-04
3.900000000000000000e+01 2.253727059148280532e-04
4.100000000000000000e+01 2.341658452137407309e-04
4.300000000000000000e+01 2.419695489003226285e-04
4.500000000000000000e+01 2.493083936255802158e-04
4.700000000000000000e+01 2.566338278113811100e-04
4.900000000000000000e+01 2.641714841865594465e-04
5.100000000000000000e+01 2.722779543447018114e-04
5.300000000000000000e+01 2.810171863945054582e-04
5.500000000000000000e+01 2.903219155634406690e-04
5.700000000000000000e+01 3.000315382076790272e-04
5.900000000000000000e+01 3.101719837989014295e-04
6.100000000000000000e+01 3.208406582553280373e-04
6.300000000000000000e+01 3.318732653453393411e-04
6.500000000000000000e+01 3.432980558344400634e-04
6.700000000000000000e+01 3.552025842344930240e-04
6.900000000000000000e+01 3.675565195681018693e-04
7.100000000000000000e+01 3.803446666744703109e-04
7.300000000000000000e+01 3.937249506774653796e-04
7.500000000000000000e+01 4.078752884701941639e-04
7.700000000000000000e+01 4.227682972273161255e-04
7.900000000000000000e+01 4.383504316858299887e-04
8.100000000000000000e+01 4.544823050849355894e-04
8.300000000000000000e+01 4.710974139233714553e-04
8.500000000000000000e+01 4.881042848725591909e-04
8.700000000000000000e+01 5.055382954134435280e-04
8.900000000000000000e+01 5.232075654501011641e-04
9.100000000000000000e+01 5.409710797911193580e-04
9.300000000000000000e+01 5.588261399632754589e-04
9.500000000000000000e+01 5.767737311633824859e-04
9.700000000000000000e+01 5.948446448371669248e-04
9.900000000000000000e+01 6.129578873804719663e-04
1.010000000000000000e+02 6.311026476759629134e-04
1.030000000000000000e+02 6.492417701231545379e-04
1.050000000000000000e+02 6.674440472331788499e-04
1.070000000000000000e+02 6.857716133018554316e-04
1.090000000000000000e+02 7.043088085249005204e-04
1.110000000000000000e+02 7.231457894952830756e-04
1.130000000000000000e+02 7.422335786805289715e-04
1.150000000000000000e+02 7.617745318916346875e-04
1.170000000000000000e+02 7.820028046401361621e-04
1.190000000000000000e+02 8.019267128077656182e-04
1.210000000000000000e+02 8.216884464721241343e-04
1.230000000000000000e+02 8.413709922815426623e-04
1.250000000000000000e+02 8.621669145926214028e-04
1.270000000000000000e+02 8.841528636892581616e-04
1.290000000000000000e+02 9.073810067470322593e-04
1.310000000000000000e+02 9.318419269103150882e-04
1.330000000000000000e+02 9.574090385047195895e-04
1.350000000000000000e+02 9.840675099852536079e-04
1.370000000000000000e+02 1.011873536800322881e-03
1.390000000000000000e+02 1.040901614546174692e-03
1.410000000000000000e+02 1.071008023295072498e-03
1.430000000000000000e+02 1.102234767174081753e-03
1.450000000000000000e+02 1.134645185915550414e-03
1.470000000000000000e+02 1.168394550022933132e-03
1.490000000000000000e+02 1.203607335472534068e-03
