1.000000000000000000e+00 1.803399407883654604e-04
3.000000000000000000e+00 1.850681248715124738e-04
5.000000000000000000e+00 1.878575676657057159e-04
7.000000000000000000e+00 1.894671951292448142e-04
9.000000000000000000e+00 1.895530546353052515e-04
1.100000000000000000e+01 1.890926551312288595e-04
1.300000000000000000e+01 1.888307067926531246e-04
1.500000000000000000e+01 1.885914616815975720e-04
1.700000000000000000e+01 1.884051649897466874e-04
1.900000000000000000e+01 1.882502520109685662e-04
2.100000000000000000e+01 1.881889774248968195e-04
2.300000000000000000e+01 1.879536029562034471e-04
2.500000000000000000e+01 1.876725041880522582e-04
2.700000000000000000e+01 1.874252436658840892e-04
2.900000000000000000e+01 1.872324069223108012e-04
3.100000000000000000e+01 1.870987948460189898e-04
3.300000000000000000e+01 1.870078898792426614e-04
3.500000000000000000e+01 1.869162020583514661e-04
3.700000000000000000e+01 1.868534497980745002e-04
3.900000000000000000e+01 1.868580091607396909e-04
4.100000000000000000e+01 1.869469697745040904e-04
4.300000000000000000e+01 1.871789641288978956e-04
4.500000000000000000e+01 1.875541864956309368e-04
4.700000000000000000e+01 1.880360501395061945e-04
4.900000000000000000e+01 1.886350996659347246e-04
5.100000000000000000e+01 1.893408950527364354e-04
5.300000000000000000e+01 1.901468161762398523e-04
5.500000000000000000e+01 1.910541681391375590e-04
5.700000000000000000e+01 1.920669926261941995e-04
5.900000000000000000e+01 1.931846176196350129e-04
6.100000000000000000e+01 1.943944249911400135e-04
6.300000000000000000e+01 1.956856284002217450e-04
6.500000000000000000e+01 1.970563123476765099e-04
6.700000000000000000e+01 1.985200429165390190e-04
6.900000000000000000e+01 2.001018168282797660e-04
7.100000000000000000e+01 2.018050172136742759e-04
7.300000000000000000e+01 2.036414152694066004e-04
7.500000000000000000e+01 2.056181493949038597e-04
7.700000000000000000e+01 2.077616571580787053e-04
7.900000000000000000e+01 2.100779630629379113e-04
8.100000000000000000e+01 2.125641049360860180e-04
8.300000000000000000e+01 2.152192589036650006e-04
8.500000000000000000e+01 2.180517826755323796e-04
8.700000000000000000e+01 2.210637837711804110e-04
8.900000000000000000e+01 2.242574364093030681e-04
9.100000000000000000e+01 2.276310986790708313e-04
9.300000000000000000e+01 2.311834943867774328e-04
9.500000000000000000e+01 2.349208431009497389e-04
9.700000000000000000e+01 2.388345497822408348e-04
9.900000000000000000e+01 2.429160544896724616e-04
1.010000000000000000e+02 2.471721022757611408e-04
1.030000000000000000e+02 2.516075341127965714e-04
1.050000000000000000e+02 2.562302804546279233e-04
1.070000000000000000e+02 2.610369674803658668e-04
1.090000000000000000e+02 2.660223854346055461e-04
1.110000000000000000e+02 2.711850004607496700e-04
1.130000000000000000e+02 2.765280830421268377e-04
1.150000000000000000e+02 2.820514875163659951e-04
1.170000000000000000e+02 2.877601775448379584e-04
1.190000000000000000e+02 2.936591884504791139e-04
1.210000000000000000e+02 2.997510211707465899e-04
1.230000000000000000e+02 3.060335103595157591e-04
1.250000000000000000e+02 3.125058661817003980e-04
1.270000000000000000e+02 3.191717154534812195e-04
1.290000000000000000e+02 3.260389096111371288e-04
1.310000000000000000e+02 3.331070994457840939e-04
1.330000000000000000e+02 3.403718325393212396e-04
1.350000000000000000e+02 3.478289829398351074e-04
1.370000000000000000e+02 3.554750581025167833e-04
1.390000000000000000e+02 3.633077306172127763e-04
1.410000000000000000e+02 3.713185568239296686e-04
1.430000000000000000e+02 3.794944002685207707e-04
1.450000000000000000e+02 3.878218927538812366e-04
1.470000000000000000e+02 3.962925465190725305e-04
1.490000000000000000e+02 4.048958060616225652e-04
