1.000000000000000000e+00 1.062244383438848416e-01
3.000000000000000000e+00 1.112191728206280983e-01
5.000000000000000000e+00 1.134029914988330390e-01
7.000000000000000000e+00 1.146179804350856424e-01
9.000000000000000000e+00 1.154211354332019823e-01
1.100000000000000000e+01 1.160165064582108219e-01
1.300000000000000000e+01 1.165235844326842907e-01
1.500000000000000000e+01 1.170149511567573075e-01
1.700000000000000000e+01 1.174806864385931071e-01
1.900000000000000000e+01 1.179552372241976510e-01
2.100000000000000000e+01 1.184252089471148350e-01
2.300000000000000000e+01 1.188918154016826989e-01
2.500000000000000000e+01 1.193477499704073130e-01
2.700000000000000000e+01 1.197895532624936310e-01
2.900000000000000000e+01 1.202178840349015232e-01
3.100000000000000000e+01 1.206273794876248084e-01
3.300000000000000000e+01 1.210237573285819490e-01
3.500000000000000000e+01 1.214044299365781843e-01
3.700000000000000000e+01 1.217833838877573349e-01
3.900000000000000000e+01 1.221530250150871799e-01
4.100000000000000000e+01 1.225177528213725608e-01
4.300000000000000000e+01 1.228789999635792052e-01
4.500000000000000000e+01 1.232339412679583912e-01
4.700000000000000000e+01 1.235763762252044540e-01
4.900000000000000000e+01 1.239033163611517052e-01
5.100000000000000000e+01 1.242157775735266423e-01
5.300000000000000000e+01 1.245210733056741903e-01
5.500000000000000000e+01 1.248200779539497818e-01
5.700000000000000000e+01 1.251060462654461913e-01
5.900000000000000000e+01 1.253731511369807761e-01
6.100000000000000000e+01 1.256285523799473003e-01
6.300000000000000000e+01 1.258714512628474891e-01
6.500000000000000000e+01 1.261087996243785980e-01
6.700000000000000000e+01 1.263426613731667425e-01
6.900000000000000000e+01 1.265746269413259295e-01
7.100000000000000000e+01 1.268028706752510892e-01
7.300000000000000000e+01 1.270264339276959698e-01
7.500000000000000000e+01 1.272337302593149477e-01
7.700000000000000000e+01 1.274280437998633886e-01
7.900000000000000000e+01 1.276094591763273778e-01
8.100000000000000000e+01 1.277806384060606870e-01
8.300000000000000000e+01 1.279441820389547457e-01
8.500000000000000000e+01 1.281050979556440650e-01
8.700000000000000000e+01 1.282563155930449561e-01
8.900000000000000000e+01 1.283933073627860910e-01
9.100000000000000000e+01 1.285217591870336795e-01
9.300000000000000000e+01 1.286387315233898931e-01
9.500000000000000000e+01 1.287416739263288479e-01
9.700000000000000000e+01 1.288357859881704703e-01
9.900000000000000000e+01 1.289309045510966811e-01
1.010000000000000000e+02 1.290220078499632050e-01
1.030000000000000000e+02 1.291111806222552394e-01
1.050000000000000000e+02 1.291910744400265321e-01
1.070000000000000000e+02 1.292674484036171467e-01
1.090000000000000000e+02 1.293418856617007950e-01
1.110000000000000000e+02 1.294026391533910081e-01
1.130000000000000000e+02 1.294494376512306255e-01
1.150000000000000000e+02 1.294849795247847712e-01
1.170000000000000000e+02 1.295117826371596781e-01
1.190000000000000000e+02 1.295391839513092558e-01
1.210000000000000000e+02 1.295670950439016256e-01
1.230000000000000000e+02 1.295851593654833156e-01
1.250000000000000000e+02 1.295922315680654302e-01
1.270000000000000000e+02 1.295989738146759995e-01
1.290000000000000000e+02 1.296059865085212870e-01
1.310000000000000000e+02 1.296140147886714056e-01
1.330000000000000000e+02 1.296137361250211395e-01
1.350000000000000000e+02 1.296023698023407444e-01
1.370000000000000000e+02 1.295880603647894258e-01
1.390000000000000000e+02 1.295789119594077388e-01
1.410000000000000000e+02 1.295752373800561630e-01
1.430000000000000000e+02 1.295584106524266810e-01
1.450000000000000000e+02 1.295231460878142338e-01
1.470000000000000000e+02 1.294732590842602171e-01
1.490000000000000000e+02 1.294231422403692155e-01
