1.000000000000000000e+00 1.769651457023916352e-01
3.000000000000000000e+00 2.004491480671690695e-01
5.000000000000000000e+00 2.101420852188328192e-01
7.000000000000000000e+00 2.153343914084939748e-01
9.000000000000000000e+00 2.188959772910433754e-01
1.100000000000000000e+01 2.216192277212352124e-01
1.300000000000000000e+01 2.239029341697940101e-01
1.500000000000000000e+01 2.258582026800813880e-01
1.700000000000000000e+01 2.275759985283727360e-01
1.900000000000000000e+01 2.290971926445253271e-01
2.100000000000000000e+01 2.305241642153595949e-01
2.300000000000000000e+01 2.319451676943187213e-01
2.500000000000000000e+01 2.334257799688466140e-01
2.700000000000000000e+01 2.349851603855133142e-01
2.900000000000000000e+01 2.366269361842172625e-01
3.100000000000000000e+01 2.383827598996320907e-01
3.300000000000000000e+01 2.402720008215141201e-01
3.500000000000000000e+01 2.423094875235015655e-01
3.700000000000000000e+01 2.444940774663479921e-01
3.900000000000000000e+01 2.468309213478052655e-01
4.100000000000000000e+01 2.493153592367935989e-01
4.300000000000000000e+01 2.519527281913623851e-01
4.500000000000000000e+01 2.547352179820265849e-01
4.700000000000000000e+01 2.576676056470036391e-01
4.900000000000000000e+01 2.607456270091064177e-01
5.100000000000000000e+01 2.639653932759480348e-01
5.300000000000000000e+01 2.673385145443384348e-01
5.500000000000000000e+01 2.708616640723079394e-01
5.700000000000000000e+01 2.745187609980184185e-01
5.900000000000000000e+01 2.783302528385607211e-01
6.100000000000000000e+01 2.822911680363461295e-01
6.300000000000000000e+01 2.864005499388851961e-01
6.500000000000000000e+01 2.906518916357447857e-01
6.700000000000000000e+01 2.950307699686927076e-01
6.900000000000000000e+01 2.995322872209756904e-01
7.100000000000000000e+01 3.041664934689523037e-01
7.300000000000000000e+01 3.089398232945955725e-01
7.500000000000000000e+01 3.138475809156948682e-01
7.700000000000000000e+01 3.188861271503927730e-01
7.900000000000000000e+01 3.240514993621418371e-01
8.100000000000000000e+01 3.293472169926524584e-01
8.300000000000000000e+01 3.347758477338901306e-01
8.500000000000000000e+01 3.403342858810780580e-01
8.700000000000000000e+01 3.460193953469520300e-01
8.900000000000000000e+01 3.518324708727946781e-01
9.100000000000000000e+01 3.577689321295605129e-01
9.300000000000000000e+01 3.638272640206371422e-01
9.500000000000000000e+01 3.699845045516456654e-01
9.700000000000000000e+01 3.762347586203782512e-01
9.900000000000000000e+01 3.825963309245600241e-01
1.010000000000000000e+02 3.890748409329795043e-01
1.030000000000000000e+02 3.956650364937920328e-01
1.050000000000000000e+02 4.023396065737837590e-01
1.070000000000000000e+02 4.090936582977130476e-01
1.090000000000000000e+02 4.159256260265091765e-01
1.110000000000000000e+02 4.228273344405263368e-01
1.130000000000000000e+02 4.297949327405995446e-01
1.150000000000000000e+02 4.368067196691924892e-01
1.170000000000000000e+02 4.438508207217266577e-01
1.190000000000000000e+02 4.509196753288768900e-01
1.210000000000000000e+02 4.580046184650414798e-01
1.230000000000000000e+02 4.650928591678550328e-01
1.250000000000000000e+02 4.721617411970848721e-01
1.270000000000000000e+02 4.792128598585975174e-01
1.290000000000000000e+02 4.862421785184700695e-01
1.310000000000000000e+02 4.932413681885010615e-01
1.330000000000000000e+02 5.002073916029562417e-01
1.350000000000000000e+02 5.071272551676004881e-01
1.370000000000000000e+02 5.140044416145279627e-01
1.390000000000000000e+02 5.208305656849074872e-01
1.410000000000000000e+02 5.275916174596790853e-01
1.430000000000000000e+02 5.342816666589469410e-01
1.450000000000000000e+02 5.409026992826744262e-01
1.470000000000000000e+02 5.474359284246771429e-01
1.490000000000000000e+02 5.538764855734108483e-01
