1.000000000000000000e+00 1.761658031088082499e-01
3.000000000000000000e+00 1.997664104049341471e-01
5.000000000000000000e+00 2.085407962105835233e-01
7.000000000000000000e+00 2.129048035744830480e-01
9.000000000000000000e+00 2.156175829160337232e-01
1.100000000000000000e+01 2.173088776084315388e-01
1.300000000000000000e+01 2.184000794029647974e-01
1.500000000000000000e+01 2.192069992022961378e-01
1.700000000000000000e+01 2.199004245343471053e-01
1.900000000000000000e+01 2.206015652585181508e-01
2.100000000000000000e+01 2.213734027954544770e-01
2.300000000000000000e+01 2.222752105847396464e-01
2.500000000000000000e+01 2.233576029913956207e-01
2.700000000000000000e+01 2.246515963511569458e-01
2.900000000000000000e+01 2.261808030595479080e-01
3.100000000000000000e+01 2.279479400811121881e-01
3.300000000000000000e+01 2.299249350440818462e-01
3.500000000000000000e+01 2.321012581926135132e-01
3.700000000000000000e+01 2.344483201306114539e-01
3.900000000000000000e+01 2.369496656239958865e-01
4.100000000000000000e+01 2.396294673460427349e-01
4.300000000000000000e+01 2.424579771073029910e-01
4.500000000000000000e+01 2.454365460208350891e-01
4.700000000000000000e+01 2.485646280678682762e-01
4.900000000000000000e+01 2.518813688200796097e-01
5.100000000000000000e+01 2.553832510135705114e-01
5.300000000000000000e+01 2.590468106147919558e-01
5.500000000000000000e+01 2.628609214313981646e-01
5.700000000000000000e+01 2.668177788787182703e-01
5.900000000000000000e+01 2.709073547185079089e-01
6.100000000000000000e+01 2.751146117968287230e-01
6.300000000000000000e+01 2.794404295906036673e-01
6.500000000000000000e+01 2.838869259140117673e-01
6.700000000000000000e+01 2.884635194883403697e-01
6.900000000000000000e+01 2.931701717953513198e-01
7.100000000000000000e+01 2.979938015445612320e-01
7.300000000000000000e+01 3.029303846235799069e-01
7.500000000000000000e+01 3.079814935319333813e-01
7.700000000000000000e+01 3.131527115396400829e-01
7.900000000000000000e+01 3.184501405680801867e-01
8.100000000000000000e+01 3.238748593920688368e-01
8.300000000000000000e+01 3.294273304653639878e-01
8.500000000000000000e+01 3.351037090961788145e-01
8.700000000000000000e+01 3.409062488783743960e-01
8.900000000000000000e+01 3.468287803383767187e-01
9.100000000000000000e+01 3.528609669555372585e-01
9.300000000000000000e+01 3.589970282152470382e-01
9.500000000000000000e+01 3.652332112909183470e-01
9.700000000000000000e+01 3.715605603285547787e-01
9.900000000000000000e+01 3.779665615958164304e-01
1.010000000000000000e+02 3.844493794224238536e-01
1.030000000000000000e+02 3.910020928802327989e-01
1.050000000000000000e+02 3.976218068727842558e-01
1.070000000000000000e+02 4.043022260756725661e-01
1.090000000000000000e+02 4.110283937723866465e-01
1.110000000000000000e+02 4.177761162708715226e-01
1.130000000000000000e+02 4.245381706162707491e-01
1.150000000000000000e+02 4.313115032130047100e-01
1.170000000000000000e+02 4.380882523704930920e-01
1.190000000000000000e+02 4.448557092903484556e-01
1.210000000000000000e+02 4.516075023501761043e-01
1.230000000000000000e+02 4.583373970566625433e-01
1.250000000000000000e+02 4.650478414440809560e-01
1.270000000000000000e+02 4.717369445574843834e-01
1.290000000000000000e+02 4.784005961327851830e-01
1.310000000000000000e+02 4.850199831895465330e-01
1.330000000000000000e+02 4.915984215157830350e-01
1.350000000000000000e+02 4.981329089321202552e-01
1.370000000000000000e+02 5.046152100953327224e-01
1.390000000000000000e+02 5.110421053807423508e-01
1.410000000000000000e+02 5.174121184879888480e-01
1.430000000000000000e+02 5.237124432746163016e-01
1.450000000000000000e+02 5.299417639921095713e-01
1.470000000000000000e+02 5.360937629740016863e-01
1.490000000000000000e+02 5.421656808796752047e-01
