1.000000000000000000e+00 3.599214145383103913e-01
3.000000000000000000e+00 3.909237529678650791e-01
5.000000000000000000e+00 4.045329044788129602e-01
7.000000000000000000e+00 4.124743502097532044e-01
9.000000000000000000e+00 4.180686183826450852e-01
1.100000000000000000e+01 4.225506505327547568e-01
1.300000000000000000e+01 4.263900658819834710e-01
1.500000000000000000e+01 4.298153924517449376e-01
1.700000000000000000e+01 4.329910342867328010e-01
1.900000000000000000e+01 4.360150622853036229e-01
2.100000000000000000e+01 4.390258590232251068e-01
2.300000000000000000e+01 4.420843175436930395e-01
2.500000000000000000e+01 4.452295800241978796e-01
2.700000000000000000e+01 4.484826334130600500e-01
2.900000000000000000e+01 4.518768114667710556e-01
3.100000000000000000e+01 4.554332255868304147e-01
3.300000000000000000e+01 4.591547727347571328e-01
3.500000000000000000e+01 4.630159030045734037e-01
3.700000000000000000e+01 4.670175696351767103e-01
3.900000000000000000e+01 4.711665622439572543e-01
4.100000000000000000e+01 4.754573250497470260e-01
4.300000000000000000e+01 4.798901684704687254e-01
4.500000000000000000e+01 4.844572135030454918e-01
4.700000000000000000e+01 4.891420602637492898e-01
4.900000000000000000e+01 4.939458783656804908e-01
5.100000000000000000e+01 4.988526204008008058e-01
5.300000000000000000e+01 5.038575546277113126e-01
5.500000000000000000e+01 5.089577921136959615e-01
5.700000000000000000e+01 5.141508578693361198e-01
5.900000000000000000e+01 5.194332985743173037e-01
6.100000000000000000e+01 5.247720115208901470e-01
6.300000000000000000e+01 5.301644232158155834e-01
6.500000000000000000e+01 5.356123093281494052e-01
6.700000000000000000e+01 5.411319820834714633e-01
6.900000000000000000e+01 5.467267571166208873e-01
7.100000000000000000e+01 5.523944174324040279e-01
7.300000000000000000e+01 5.581266881491241394e-01
7.500000000000000000e+01 5.639119566384153126e-01
7.700000000000000000e+01 5.697597343592617491e-01
7.900000000000000000e+01 5.756642703211583001e-01
8.100000000000000000e+01 5.816272502205281913e-01
8.300000000000000000e+01 5.876312260750575778e-01
8.500000000000000000e+01 5.936661930429198986e-01
8.700000000000000000e+01 5.997186130653846536e-01
8.900000000000000000e+01 6.057707957361249118e-01
9.100000000000000000e+01 6.118175006754049683e-01
9.300000000000000000e+01 6.178425224184673770e-01
9.500000000000000000e+01 6.238319589715179969e-01
9.700000000000000000e+01 6.297845990357595625e-01
9.900000000000000000e+01 6.356801743684911132e-01
1.010000000000000000e+02 6.414984399615017985e-01
1.030000000000000000e+02 6.472402233730814025e-01
1.050000000000000000e+02 6.528949519378941524e-01
1.070000000000000000e+02 6.584564224815534494e-01
1.090000000000000000e+02 6.639133667940224637e-01
1.110000000000000000e+02 6.692479886523055033e-01
1.130000000000000000e+02 6.744510762701678708e-01
1.150000000000000000e+02 6.795248146582963944e-01
1.170000000000000000e+02 6.844622668953759259e-01
1.190000000000000000e+02 6.892423313121927020e-01
1.210000000000000000e+02 6.938579229957105854e-01
1.230000000000000000e+02 6.983254532877368748e-01
1.250000000000000000e+02 7.026474815709591315e-01
1.270000000000000000e+02 7.068428574185577906e-01
1.290000000000000000e+02 7.109165827333323584e-01
1.310000000000000000e+02 7.148626622272790110e-01
1.330000000000000000e+02 7.186854568620175687e-01
1.350000000000000000e+02 7.223618323576819211e-01
1.370000000000000000e+02 7.259019585460093626e-01
1.390000000000000000e+02 7.293077856163499018e-01
1.410000000000000000e+02 7.325720040776277919e-01
1.430000000000000000e+02 7.356917298148963891e-01
1.450000000000000000e+02 7.386720691861787813e-01
1.470000000000000000e+02 7.415390919476463338e-01
1.490000000000000000e+02 7.442937862427794204e-01
