1.000000000000000000e+00 4.011811023622047223e-01
3.000000000000000000e+00 4.564470601869097255e-01
5.000000000000000000e+00 4.849725103651623126e-01
7.000000000000000000e+00 5.039077772827329493e-01
9.000000000000000000e+00 5.185028865702430156e-01
1.100000000000000000e+01 5.303928337431156326e-01
1.300000000000000000e+01 5.404926947148864791e-01
1.500000000000000000e+01 5.493870777098459612e-01
1.700000000000000000e+01 5.574181465484581155e-01
1.900000000000000000e+01 5.649121241066968890e-01
2.100000000000000000e+01 5.721255776602014453e-01
2.300000000000000000e+01 5.792410362836043491e-01
2.500000000000000000e+01 5.862250160322045600e-01
2.700000000000000000e+01 5.929921772418126347e-01
2.900000000000000000e+01 5.995975247688615228e-01
3.100000000000000000e+01 6.062065030762575635e-01
3.300000000000000000e+01 6.128685151134136699e-01
3.500000000000000000e+01 6.196639802816217291e-01
3.700000000000000000e+01 6.266018447693173510e-01
3.900000000000000000e+01 6.336763243929506295e-01
4.100000000000000000e+01 6.408437924445331557e-01
4.300000000000000000e+01 6.480764395112377230e-01
4.500000000000000000e+01 6.553621958145832149e-01
4.700000000000000000e+01 6.626374173270372925e-01
4.900000000000000000e+01 6.699407254165967718e-01
5.100000000000000000e+01 6.771468481129652162e-01
5.300000000000000000e+01 6.842687037548020879e-01
5.500000000000000000e+01 6.913116023746168626e-01
5.700000000000000000e+01 6.982356765462101045e-01
5.900000000000000000e+01 7.050524081183695557e-01
6.100000000000000000e+01 7.117468332267029574e-01
6.300000000000000000e+01 7.182690539587680556e-01
6.500000000000000000e+01 7.245829964424275182e-01
6.700000000000000000e+01 7.307024366464363041e-01
6.900000000000000000e+01 7.365990323212310287e-01
7.100000000000000000e+01 7.422294771188761020e-01
7.300000000000000000e+01 7.475762901101909996e-01
7.500000000000000000e+01 7.526514513081850044e-01
7.700000000000000000e+01 7.574712799434097921e-01
7.900000000000000000e+01 7.620313349218731380e-01
8.100000000000000000e+01 7.663523979777866479e-01
8.300000000000000000e+01 7.704864918797438289e-01
8.500000000000000000e+01 7.744613139377476418e-01
8.700000000000000000e+01 7.783377487254234950e-01
8.900000000000000000e+01 7.820773812655309465e-01
9.100000000000000000e+01 7.856902907409780701e-01
9.300000000000000000e+01 7.891966528164169326e-01
9.500000000000000000e+01 7.926055778646002858e-01
9.700000000000000000e+01 7.959190745425985813e-01
9.900000000000000000e+01 7.992087959099994920e-01
1.010000000000000000e+02 8.024835811244763750e-01
1.030000000000000000e+02 8.056792949153701588e-01
1.050000000000000000e+02 8.088098846382603124e-01
1.070000000000000000e+02 8.118698898739672432e-01
1.090000000000000000e+02 8.147876406871468191e-01
1.110000000000000000e+02 8.175761534666049490e-01
1.130000000000000000e+02 8.202675885427876956e-01
1.150000000000000000e+02 8.228481763343866717e-01
1.170000000000000000e+02 8.253246372271048070e-01
1.190000000000000000e+02 8.277193144963552740e-01
1.210000000000000000e+02 8.300552144308518399e-01
1.230000000000000000e+02 8.322988675041083084e-01
1.250000000000000000e+02 8.343827607458507156e-01
1.270000000000000000e+02 8.362611646889486217e-01
1.290000000000000000e+02 8.379802051918998629e-01
1.310000000000000000e+02 8.395987738008902079e-01
1.330000000000000000e+02 8.411236230734799868e-01
1.350000000000000000e+02 8.425807093388473223e-01
1.370000000000000000e+02 8.439646835405519854e-01
1.390000000000000000e+02 8.452804598201795194e-01
1.410000000000000000e+02 8.465320267520720643e-01
1.430000000000000000e+02 8.477506310644640219e-01
1.450000000000000000e+02 8.489502696408260940e-01
1.470000000000000000e+02 8.501310676927004151e-01
1.490000000000000000e+02 8.512861484781487631e-01
