1.000000000000000000e+00 4.528625681280096238e-02
3.000000000000000000e+00 4.766631520832043112e-02
5.000000000000000000e+00 4.901375722472400831e-02
7.000000000000000000e+00 5.003837113232589839e-02
9.000000000000000000e+00 5.089336937495581026e-02
1.100000000000000000e+01 5.166402030585592886e-02
1.300000000000000000e+01 5.236780607520596931e-02
1.500000000000000000e+01 5.302096164459701999e-02
1.700000000000000000e+01 5.363796355741301536e-02
1.900000000000000000e+01 5.422482369253012191e-02
2.100000000000000000e+01 5.477489911907218456e-02
2.300000000000000000e+01 5.528388559761365784e-02
2.500000000000000000e+01 5.575286582678440350e-02
2.700000000000000000e+01 5.618298449045189269e-02
2.900000000000000000e+01 5.657462929634859972e-02
3.100000000000000000e+01 5.693144818140172259e-02
3.300000000000000000e+01 5.725531711312137340e-02
3.500000000000000000e+01 5.755069349364749787e-02
3.700000000000000000e+01 5.782077487494829970e-02
3.900000000000000000e+01 5.806839702382926571e-02
4.100000000000000000e+01 5.829486608237810508e-02
4.300000000000000000e+01 5.850321495431221042e-02
4.500000000000000000e+01 5.869553847820985215e-02
4.700000000000000000e+01 5.887226297034531264e-02
4.900000000000000000e+01 5.903440150008387732e-02
5.100000000000000000e+01 5.918254242946319188e-02
5.300000000000000000e+01 5.931782834783472236e-02
5.500000000000000000e+01 5.944117724810649150e-02
5.700000000000000000e+01 5.955307950052923793e-02
5.900000000000000000e+01 5.965251562539952701e-02
6.100000000000000000e+01 5.974012097891079343e-02
6.300000000000000000e+01 5.981590907701117565e-02
6.500000000000000000e+01 5.988052092018369965e-02
6.700000000000000000e+01 5.993674887536071250e-02
6.900000000000000000e+01 5.998306138589015735e-02
7.100000000000000000e+01 6.001827885391775030e-02
7.300000000000000000e+01 6.004159836926215021e-02
7.500000000000000000e+01 6.005319003290565671e-02
7.700000000000000000e+01 6.005428840494597686e-02
7.900000000000000000e+01 6.004492300185537701e-02
8.100000000000000000e+01 6.002517223067749264e-02
8.300000000000000000e+01 5.999272289369927957e-02
8.500000000000000000e+01 5.994789307583348048e-02
8.700000000000000000e+01 5.989459251778295190e-02
8.900000000000000000e+01 5.983307944330806816e-02
9.100000000000000000e+01 5.976172631594067752e-02
9.300000000000000000e+01 5.968241690948938860e-02
9.500000000000000000e+01 5.959546997438491811e-02
9.700000000000000000e+01 5.949979631388335743e-02
9.900000000000000000e+01 5.939607022219473009e-02
1.010000000000000000e+02 5.928444113643527302e-02
1.030000000000000000e+02 5.916547710634045831e-02
1.050000000000000000e+02 5.904043885598397878e-02
1.070000000000000000e+02 5.890784685529315556e-02
1.090000000000000000e+02 5.876920033857613301e-02
1.110000000000000000e+02 5.862781748241385760e-02
1.130000000000000000e+02 5.848410844740126180e-02
1.150000000000000000e+02 5.833544254670164353e-02
1.170000000000000000e+02 5.818338978261994310e-02
1.190000000000000000e+02 5.802812029907400415e-02
1.210000000000000000e+02 5.786897120310485754e-02
1.230000000000000000e+02 5.770562458200600986e-02
1.250000000000000000e+02 5.754017209505279951e-02
1.270000000000000000e+02 5.737318125366475119e-02
1.290000000000000000e+02 5.720371226289600042e-02
1.310000000000000000e+02 5.703424498198816917e-02
1.330000000000000000e+02 5.686526977040962105e-02
1.350000000000000000e+02 5.669707748326646701e-02
1.370000000000000000e+02 5.652773353730966566e-02
1.390000000000000000e+02 5.635785098686352246e-02
1.410000000000000000e+02 5.618845081155321441e-02
1.430000000000000000e+02 5.602112546431237128e-02
1.450000000000000000e+02 5.585618742770748213e-02
1.470000000000000000e+02 5.569320898798613140e-02
1.490000000000000000e+02 5.553278485669688180e-02
