1.000000000000000000e+00 1.285763682628625615e-01
3.000000000000000000e+00 1.605951828425464800e-01
5.000000000000000000e+00 1.743377438915987288e-01
7.000000000000000000e+00 1.808847049965446319e-01
9.000000000000000000e+00 1.845886182662720421e-01
1.100000000000000000e+01 1.870309299514413270e-01
1.300000000000000000e+01 1.888402598205438654e-01
1.500000000000000000e+01 1.903022216162081337e-01
1.700000000000000000e+01 1.915475064340813605e-01
1.900000000000000000e+01 1.926500454991068034e-01
2.100000000000000000e+01 1.936524246202775412e-01
2.300000000000000000e+01 1.945754298536223059e-01
2.500000000000000000e+01 1.954355610818210298e-01
2.700000000000000000e+01 1.962469329297049647e-01
2.900000000000000000e+01 1.970193955499994765e-01
3.100000000000000000e+01 1.977598354816948456e-01
3.300000000000000000e+01 1.984688086734287538e-01
3.500000000000000000e+01 1.991495345286673491e-01
3.700000000000000000e+01 1.998040892282474390e-01
3.900000000000000000e+01 2.004333983204991121e-01
4.100000000000000000e+01 2.010375721776525015e-01
4.300000000000000000e+01 2.016169843299390196e-01
4.500000000000000000e+01 2.021717326856310448e-01
4.700000000000000000e+01 2.027011836627300445e-01
4.900000000000000000e+01 2.032049624655958286e-01
5.100000000000000000e+01 2.036817483066833967e-01
5.300000000000000000e+01 2.041319554806865222e-01
5.500000000000000000e+01 2.045552537585206831e-01
5.700000000000000000e+01 2.049506005815505683e-01
5.900000000000000000e+01 2.053195725825762707e-01
6.100000000000000000e+01 2.056631052845634411e-01
6.300000000000000000e+01 2.059806464111054725e-01
6.500000000000000000e+01 2.062740691643935032e-01
6.700000000000000000e+01 2.065448593624099605e-01
6.900000000000000000e+01 2.067949529331306602e-01
7.100000000000000000e+01 2.070262786802198329e-01
7.300000000000000000e+01 2.072409705818852865e-01
7.500000000000000000e+01 2.074406022507582215e-01
7.700000000000000000e+01 2.076276774405590997e-01
7.900000000000000000e+01 2.078033876750277065e-01
8.100000000000000000e+01 2.079694374298537429e-01
8.300000000000000000e+01 2.081269895858194330e-01
8.500000000000000000e+01 2.082768542097008790e-01
8.700000000000000000e+01 2.084200769232043005e-01
8.900000000000000000e+01 2.085575570704701898e-01
9.100000000000000000e+01 2.086893493211778861e-01
9.300000000000000000e+01 2.088163434727201562e-01
9.500000000000000000e+01 2.089399010063910378e-01
9.700000000000000000e+01 2.090601186346415785e-01
9.900000000000000000e+01 2.091763036812427368e-01
1.010000000000000000e+02 2.092889570459901538e-01
1.030000000000000000e+02 2.093978831459066825e-01
1.050000000000000000e+02 2.095036626326634011e-01
1.070000000000000000e+02 2.096069556927164790e-01
1.090000000000000000e+02 2.097074150119949687e-01
1.110000000000000000e+02 2.098058417117888430e-01
1.130000000000000000e+02 2.099019926608762798e-01
1.150000000000000000e+02 2.099968044911828535e-01
1.170000000000000000e+02 2.100906259771202489e-01
1.190000000000000000e+02 2.101844929711773613e-01
1.210000000000000000e+02 2.102784586254474730e-01
1.230000000000000000e+02 2.103724231456614024e-01
1.250000000000000000e+02 2.104670550959466535e-01
1.270000000000000000e+02 2.105623912478142845e-01
1.290000000000000000e+02 2.106599388203245216e-01
1.310000000000000000e+02 2.107604643735114802e-01
1.330000000000000000e+02 2.108641980273169292e-01
1.350000000000000000e+02 2.109712385158603043e-01
1.370000000000000000e+02 2.110823839002184954e-01
1.390000000000000000e+02 2.111981894132985982e-01
1.410000000000000000e+02 2.113183601962259628e-01
1.430000000000000000e+02 2.114434311672477307e-01
1.450000000000000000e+02 2.115748765715563806e-01
1.470000000000000000e+02 2.117126746040697283e-01
1.490000000000000000e+02 2.118578122836711763e-01
