1.000000000000000000e+00 1.981068458253203435e-01
3.000000000000000000e+00 2.579298193001440254e-01
5.000000000000000000e+00 2.853391836856085106e-01
7.000000000000000000e+00 2.986277323394722627e-01
9.000000000000000000e+00 3.062546484791421886e-01
1.100000000000000000e+01 3.113156296237772347e-01
1.300000000000000000e+01 3.150612056722096321e-01
1.500000000000000000e+01 3.180685118568948866e-01
1.700000000000000000e+01 3.206090538501833453e-01
1.900000000000000000e+01 3.228388409706572926e-01
2.100000000000000000e+01 3.248409659464529531e-01
2.300000000000000000e+01 3.266820452894495519e-01
2.500000000000000000e+01 3.283984305926974656e-01
2.700000000000000000e+01 3.300181264175799933e-01
2.900000000000000000e+01 3.315598854142968177e-01
3.100000000000000000e+01 3.330381938443781609e-01
3.300000000000000000e+01 3.344589113009254211e-01
3.500000000000000000e+01 3.358275366825758113e-01
3.700000000000000000e+01 3.371471669091099521e-01
3.900000000000000000e+01 3.384219105212692424e-01
4.100000000000000000e+01 3.396502631907565295e-01
4.300000000000000000e+01 3.408380122403928958e-01
4.500000000000000000e+01 3.419906140298678565e-01
4.700000000000000000e+01 3.431107517265394868e-01
4.900000000000000000e+01 3.442015397482380834e-01
5.100000000000000000e+01 3.452639728282941300e-01
5.300000000000000000e+01 3.463004775949978242e-01
5.500000000000000000e+01 3.473119532127963982e-01
5.700000000000000000e+01 3.482969964598089385e-01
5.900000000000000000e+01 3.492569705246638678e-01
6.100000000000000000e+01 3.501928701926276810e-01
6.300000000000000000e+01 3.511067027848948641e-01
6.500000000000000000e+01 3.520002165296811647e-01
6.700000000000000000e+01 3.528731299102499941e-01
6.900000000000000000e+01 3.537263457888655260e-01
7.100000000000000000e+01 3.545562365559968843e-01
7.300000000000000000e+01 3.553638475209125458e-01
7.500000000000000000e+01 3.561512495272515233e-01
7.700000000000000000e+01 3.569203593173758682e-01
7.900000000000000000e+01 3.576719825646366147e-01
8.100000000000000000e+01 3.584059485003582290e-01
8.300000000000000000e+01 3.591205635795436946e-01
8.500000000000000000e+01 3.598157527872537509e-01
8.700000000000000000e+01 3.604918290968717187e-01
8.900000000000000000e+01 3.611493442957620648e-01
9.100000000000000000e+01 3.617878429636377513e-01
9.300000000000000000e+01 3.624062466434776475e-01
9.500000000000000000e+01 3.630044934711007532e-01
9.700000000000000000e+01 3.635818162032536938e-01
9.900000000000000000e+01 3.641374026992625357e-01
1.010000000000000000e+02 3.646708352156943223e-01
1.030000000000000000e+02 3.651823735178459929e-01
1.050000000000000000e+02 3.656723215462984733e-01
1.070000000000000000e+02 3.661409569304638900e-01
1.090000000000000000e+02 3.665878665189550301e-01
1.110000000000000000e+02 3.670142188144086548e-01
1.130000000000000000e+02 3.674217887140261984e-01
1.150000000000000000e+02 3.678121015962579898e-01
1.170000000000000000e+02 3.681862467354601876e-01
1.190000000000000000e+02 3.685455830995556514e-01
1.210000000000000000e+02 3.688914065437270962e-01
1.230000000000000000e+02 3.692246241697502152e-01
1.250000000000000000e+02 3.695442475959468398e-01
1.270000000000000000e+02 3.698513058518866359e-01
1.290000000000000000e+02 3.701472255434132830e-01
1.310000000000000000e+02 3.704332114086829053e-01
1.330000000000000000e+02 3.707108324117215359e-01
1.350000000000000000e+02 3.709806484418238792e-01
1.370000000000000000e+02 3.712441234079129071e-01
1.390000000000000000e+02 3.715009407681718612e-01
1.410000000000000000e+02 3.717523179306161385e-01
1.430000000000000000e+02 3.719993410699490299e-01
1.450000000000000000e+02 3.722406482524996951e-01
1.470000000000000000e+02 3.724773491104893530e-01
1.490000000000000000e+02 3.727099679257334097e-01
