1.000000000000000000e+00 2.337924839047761383e-01
3.000000000000000000e+00 2.656763478924583088e-01
5.000000000000000000e+00 2.795377432929091466e-01
7.000000000000000000e+00 2.870124772413836789e-01
9.000000000000000000e+00 2.922603364972897744e-01
1.100000000000000000e+01 2.966433540275590364e-01
1.300000000000000000e+01 3.005936968040108237e-01
1.500000000000000000e+01 3.043184674562117165e-01
1.700000000000000000e+01 3.079008649281004262e-01
1.900000000000000000e+01 3.113624052840130441e-01
2.100000000000000000e+01 3.147540425301175171e-01
2.300000000000000000e+01 3.181180018252264263e-01
2.500000000000000000e+01 3.214724610495034440e-01
2.700000000000000000e+01 3.248010889193987394e-01
2.900000000000000000e+01 3.280984031466465112e-01
3.100000000000000000e+01 3.313611251881900532e-01
3.300000000000000000e+01 3.345932497598969046e-01
3.500000000000000000e+01 3.377934631836677637e-01
3.700000000000000000e+01 3.409618678545054404e-01
3.900000000000000000e+01 3.441045735750033474e-01
4.100000000000000000e+01 3.472210572966587527e-01
4.300000000000000000e+01 3.503103716286994906e-01
4.500000000000000000e+01 3.533717177908598517e-01
4.700000000000000000e+01 3.564039515660661905e-01
4.900000000000000000e+01 3.594058202696931437e-01
5.100000000000000000e+01 3.623747638637911939e-01
5.300000000000000000e+01 3.653134744785307975e-01
5.500000000000000000e+01 3.682273396250074216e-01
5.700000000000000000e+01 3.711150697631686590e-01
5.900000000000000000e+01 3.739765393196826659e-01
6.100000000000000000e+01 3.768123464078000362e-01
6.300000000000000000e+01 3.796203968638450776e-01
6.500000000000000000e+01 3.824003867154703862e-01
6.700000000000000000e+01 3.851520384346317494e-01
6.900000000000000000e+01 3.878739795411019209e-01
7.100000000000000000e+01 3.905626644204808207e-01
7.300000000000000000e+01 3.932164469287013908e-01
7.500000000000000000e+01 3.958326487258830850e-01
7.700000000000000000e+01 3.984066811814751530e-01
7.900000000000000000e+01 4.009384071776795899e-01
8.100000000000000000e+01 4.034270351530715448e-01
8.300000000000000000e+01 4.058722780202700386e-01
8.500000000000000000e+01 4.082724470594054633e-01
8.700000000000000000e+01 4.106266856408478105e-01
8.900000000000000000e+01 4.129355916918642233e-01
9.100000000000000000e+01 4.152001216034770792e-01
9.300000000000000000e+01 4.174185144655998547e-01
9.500000000000000000e+01 4.195919834307495488e-01
9.700000000000000000e+01 4.217259584984840437e-01
9.900000000000000000e+01 4.238210599754106411e-01
1.010000000000000000e+02 4.258787518088265056e-01
1.030000000000000000e+02 4.279019012729391447e-01
1.050000000000000000e+02 4.298927931882566833e-01
1.070000000000000000e+02 4.318534169538784662e-01
1.090000000000000000e+02 4.337850688578249736e-01
1.110000000000000000e+02 4.356905721085224670e-01
1.130000000000000000e+02 4.375735433024154908e-01
1.150000000000000000e+02 4.394366800625745251e-01
1.170000000000000000e+02 4.412810971411625927e-01
1.190000000000000000e+02 4.431084546571621985e-01
1.210000000000000000e+02 4.449208276909285553e-01
1.230000000000000000e+02 4.467193846030685922e-01
1.250000000000000000e+02 4.485061471713106540e-01
1.270000000000000000e+02 4.502836133952988762e-01
1.290000000000000000e+02 4.520529552341683299e-01
1.310000000000000000e+02 4.538155222681742318e-01
1.330000000000000000e+02 4.555706396843820505e-01
1.350000000000000000e+02 4.573197220142222186e-01
1.370000000000000000e+02 4.590639985576062676e-01
1.390000000000000000e+02 4.608076317822754620e-01
1.410000000000000000e+02 4.625510847513689683e-01
1.430000000000000000e+02 4.642945742958120015e-01
1.450000000000000000e+02 4.660382770043791645e-01
1.470000000000000000e+02 4.677824415002700409e-01
1.490000000000000000e+02 4.695272062831528093e-01
