0.000000000000000000e+00 3.591734212701970819e+01 3.517298025243720616e+01 1.000000000000000000e+00 nan nan
1.000000000000000000e+00 3.591734212701970819e+01 3.517434388880098339e+01 nan nan nan
2.000000000000000000e+00 3.591734212701970819e+01 3.517570752516476773e+01 nan nan nan
3.000000000000000000e+00 3.591734212701970819e+01 3.517707116152854496e+01 nan nan nan
4.000000000000000000e+00 3.591734212701970108e+01 3.517843479789232930e+01 nan 1.000000000000000000e+00 nan
5.000000000000000000e+00 3.591734212701970819e+01 3.517979843425610653e+01 nan 1.000000000000000000e+00 nan
6.000000000000000000e+00 3.591734212701970819e+01 3.518116207061988376e+01 nan 1.000000000000000000e+00 nan
7.000000000000000000e+00 3.591734212701970108e+01 3.518252570698367521e+01 nan 1.000000000000000000e+00 nan
8.000000000000000000e+00 3.591734212701970819e+01 3.518388934334744533e+01 nan 1.000000000000000000e+00 nan
9.000000000000000000e+00 3.591734212701970108e+01 3.518525297971123678e+01 nan 1.000000000000000000e+00 nan
1.000000000000000000e+01 3.591734212701970819e+01 3.518661661607500690e+01 nan 1.000000000000000000e+00 nan
1.100000000000000000e+01 3.591734212701970108e+01 3.518798025243879124e+01 nan 1.000000000000000000e+00 nan
1.200000000000000000e+01 3.591734212701970819e+01 3.518934388880257558e+01 nan 1.000000000000000000e+00 nan
1.300000000000000000e+01 3.591734212701970819e+01 3.519070752516635281e+01 nan 1.000000000000000000e+00 nan
1.400000000000000000e+01 3.591734212701970108e+01 3.519207116153013715e+01 nan 1.000000000000000000e+00 nan
1.500000000000000000e+01 3.591734212701970819e+01 3.519343479789391438e+01 nan 1.000000000000000000e+00 nan
1.600000000000000000e+01 3.591734212701970819e+01 3.519479843425769872e+01 nan 1.000000000000000000e+00 nan
1.700000000000000000e+01 3.591734212701970819e+01 3.519616207062148305e+01 nan 1.000000000000000000e+00 nan
1.800000000000000000e+01 3.591734212701970819e+01 3.519752570698526029e+01 nan nan nan
1.900000000000000000e+01 3.591734212701970108e+01 3.519888934334903752e+01 nan nan nan
2.000000000000000000e+01 3.591734212701970819e+01 3.520025297971282185e+01 nan nan nan
2.100000000000000000e+01 3.591734212701970819e+01 3.520161661607659909e+01 nan nan nan
2.200000000000000000e+01 3.591734212701970819e+01 3.520298025244038342e+01 nan nan nan
2.300000000000000000e+01 3.591734212701970819e+01 3.520434388880416776e+01 nan nan nan
2.400000000000000000e+01 3.591734212701970819e+01 3.520570752516794499e+01 nan nan nan
2.500000000000000000e+01 3.591734212701970819e+01 3.520707116153173644e+01 nan nan nan
2.600000000000000000e+01 3.591734212701970819e+01 3.520843479789550656e+01 nan nan nan
2.700000000000000000e+01 3.591870576338335042e+01 3.517298025243720616e+01 1.000000000000000000e+00 nan nan
2.800000000000000000e+01 3.591870576338335042e+01 3.517434388880098339e+01 1.000000000000000000e+00 nan nan
2.900000000000000000e+01 3.591870576338334331e+01 3.517570752516476773e+01 1.000000000000000000e+00 nan nan
3.000000000000000000e+01 3.591870576338335042e+01 3.517707116152855207e+01 nan nan nan
3.100000000000000000e+01 3.591870576338335042e+01 3.517843479789232930e+01 nan 1.000000000000000000e+00 nan
3.200000000000000000e+01 3.591870576338334331e+01 3.517979843425610653e+01 nan 1.000000000000000000e+00 nan
3.300000000000000000e+01 3.591870576338334331e+01 3.518116207061988376e+01 nan 1.000000000000000000e+00 nan
3.400000000000000000e+01 3.591870576338334331e+01 3.518252570698366100e+01 nan 1.000000000000000000e+00 nan
3.500000000000000000e+01 3.591870576338334331e+01 3.518388934334745954e+01 nan 1.000000000000000000e+00 nan
3.600000000000000000e+01 3.591870576338334331e+01 3.518525297971122967e+01 nan 1.000000000000000000e+00 nan
3.700000000000000000e+01 3.591870576338334331e+01 3.518661661607500690e+01 nan 1.000000000000000000e+00 nan
3.800000000000000000e+01 3.591870576338335042e+01 3.518798025243879835e+01 nan 1.000000000000000000e+00 nan
3.900000000000000000e+01 3.591870576338335042e+01 3.518934388880257558e+01 nan 1.000000000000000000e+00 nan
4.000000000000000000e+01 3.591870576338334331e+01 3.519070752516634570e+01 nan 1.000000000000000000e+00 nan
4.100000000000000000e+01 3.591870576338335042e+01 3.519207116153013715e+01 nan 1.000000000000000000e+00 nan
4.200000000000000000e+01 3.591870576338334331e+01 3.519343479789391438e+01 nan 1.000000000000000000e+00 nan
4.300000000000000000e+01 3.591870576338334331e+01 3.519479843425769872e+01 nan 1.000000000000000000e+00 nan
4.400000000000000000e+01 3.591870576338334331e+01 3.519616207062147595e+01 nan 1.000000000000000000e+00 nan
4.500000000000000000e+01 3.591870576338334331e+01 3.519752570698526029e+01 nan nan nan
4.600000000000000000e+01 3.591870576338334331e+01 3.519888934334903752e+01 nan nan nan
4.700000000000000000e+01 3.591870576338335042e+01 3.520025297971282185e+01 nan nan nan
4.800000000000000000e+01 3.591870576338334331e+01 3.520161661607660619e+01 nan nan nan
4.900000000000000000e+01 3.591870576338334331e+01 3.520298025244038342e+01 nan nan nan
5.000000000000000000e+01 3.591870576338335042e+01 3.520434388880416776e+01 nan nan nan
5.100000000000000000e+01 3.591870576338335042e+01 3.520570752516794499e+01 nan nan nan
5.200000000000000000e+01 3.591870576338334331e+01 3.520707116153173644e+01 nan nan nan
5.300000000000000000e+01 3.591870576338335042e+01 3.520843479789550656e+01 nan nan nan
5.400000000000000000e+01 3.592006939974698554e+01 3.517298025243720616e+01 1.000000000000000000e+00 nan nan
5.500000000000000000e+01 3.592006939974698554e+01 3.517434388880097629e+01 1.000000000000000000e+00 nan nan
5.600000000000000000e+01 3.592006939974697843e+01 3.517570752516476773e+01 1.000000000000000000e+00 nan nan
5.700000000000000000e+01 3.592006939974698554e+01 3.517707116152855207e+01 1.000000000000000000e+00 nan nan
5.800000000000000000e+01 3.592006939974698554e+01 3.517843479789233641e+01 nan 1.000000000000000000e+00 nan
5.900000000000000000e+01 3.592006939974697843e+01 3.517979843425610653e+01 nan 1.000000000000000000e+00 nan
6.000000000000000000e+01 3.592006939974698554e+01 3.518116207061988376e+01 nan 1.000000000000000000e+00 nan
6.100000000000000000e+01 3.592006939974698554e+01 3.518252570698367521e+01 nan 1.000000000000000000e+00 nan
6.200000000000000000e+01 3.592006939974698554e+01 3.518388934334745954e+01 nan 1.000000000000000000e+00 nan
6.300000000000000000e+01 3.592006939974697843e+01 3.518525297971123678e+01 nan 1.000000000000000000e+00 nan
6.400000000000000000e+01 3.592006939974698554e+01 3.518661661607500690e+01 nan 1.000000000000000000e+00 nan
6.500000000000000000e+01 3.592006939974697843e+01 3.518798025243879835e+01 nan 1.000000000000000000e+00 nan
6.600000000000000000e+01 3.592006939974698554e+01 3.518934388880257558e+01 nan 1.000000000000000000e+00 nan
6.700000000000000000e+01 3.592006939974698554e+01 3.519070752516634570e+01 nan 1.000000000000000000e+00 nan
6.800000000000000000e+01 3.592006939974697843e+01 3.519207116153013004e+01 nan 1.000000000000000000e+00 nan
6.900000000000000000e+01 3.592006939974698554e+01 3.519343479789392148e+01 nan 1.000000000000000000e+00 nan
7.000000000000000000e+01 3.592006939974698554e+01 3.519479843425769872e+01 nan 1.000000000000000000e+00 nan
7.100000000000000000e+01 3.592006939974698554e+01 3.519616207062147595e+01 nan 1.000000000000000000e+00 nan
7.200000000000000000e+01 3.592006939974698554e+01 3.519752570698526029e+01 nan nan nan
7.300000000000000000e+01 3.592006939974698554e+01 3.519888934334903752e+01 nan nan nan
7.400000000000000000e+01 3.592006939974697843e+01 3.520025297971282185e+01 nan nan nan
7.500000000000000000e+01 3.592006939974698554e+01 3.520161661607659909e+01 nan nan nan
7.600000000000000000e+01 3.592006939974697843e+01 3.520298025244037632e+01 nan nan nan
7.700000000000000000e+01 3.592006939974698554e+01 3.520434388880416066e+01 nan nan nan
7.800000000000000000e+01 3.592006939974698554e+01 3.520570752516794499e+01 nan nan nan
7.900000000000000000e+01 3.592006939974698554e+01 3.520707116153172933e+01 nan nan nan
8.000000000000000000e+01 3.592006939974697843e+01 3.520843479789550656e+01 nan nan nan
8.100000000000000000e+01 3.592143303611062777e+01 3.517298025243720616e+01 nan nan nan
8.200000000000000000e+01 3.592143303611062066e+01 3.517434388880098339e+01 1.000000000000000000e+00 nan nan
8.300000000000000000e+01 3.592143303611062777e+01 3.517570752516476773e+01 1.000000000000000000e+00 nan nan
8.400000000000000000e+01 3.592143303611061356e+01 3.517707116152855207e+01 1.000000000000000000e+00 nan nan
8.500000000000000000e+01 3.592143303611062777e+01 3.517843479789232930e+01 1.000000000000000000e+00 1.000000000000000000e+00 1.000000000000000000e+00
8.600000000000000000e+01 3.592143303611062066e+01 3.517979843425610653e+01 nan 1.000000000000000000e+00 nan
8.700000000000000000e+01 3.592143303611062066e+01 3.518116207061988376e+01 nan 1.000000000000000000e+00 nan
8.800000000000000000e+01 3.592143303611062066e+01 3.518252570698366100e+01 nan 1.000000000000000000e+00 nan
8.900000000000000000e+01 3.592143303611062066e+01 3.518388934334745954e+01 nan 1.000000000000000000e+00 nan
9.000000000000000000e+01 3.592143303611062066e+01 3.518525297971122967e+01 nan 1.000000000000000000e+00 nan
9.100000000000000000e+01 3.592143303611062777e+01 3.518661661607500690e+01 nan 1.000000000000000000e+00 nan
9.200000000000000000e+01 3.592143303611061356e+01 3.518798025243879835e+01 nan 1.000000000000000000e+00 nan
9.300000000000000000e+01 3.592143303611062066e+01 3.518934388880257558e+01 nan 1.000000000000000000e+00 nan
9.400000000000000000e+01 3.592143303611061356e+01 3.519070752516634570e+01 nan 1.000000000000000000e+00 nan
9.500000000000000000e+01 3.592143303611062777e+01 3.519207116153013715e+01 nan 1.000000000000000000e+00 nan
9.600000000000000000e+01 3.592143303611061356e+01 3.519343479789391438e+01 nan 1.000000000000000000e+00 nan
9.700000000000000000e+01 3.592143303611062777e+01 3.519479843425769872e+01 nan 1.000000000000000000e+00 nan
9.800000000000000000e+01 3.592143303611062777e+01 3.519616207062147595e+01 nan 1.000000000000000000e+00 nan
9.900000000000000000e+01 3.592143303611062777e+01 3.519752570698526029e+01 nan nan nan
1.000000000000000000e+02 3.592143303611062066e+01 3.519888934334903752e+01 nan nan nan
1.010000000000000000e+02 3.592143303611062066e+01 3.520025297971282185e+01 nan nan nan
1.020000000000000000e+02 3.592143303611062777e+01 3.520161661607660619e+01 nan nan nan
1.030000000000000000e+02 3.592143303611062066e+01 3.520298025244038342e+01 nan nan nan
1.040000000000000000e+02 3.592143303611061356e+01 3.520434388880416776e+01 nan nan nan
1.050000000000000000e+02 3.592143303611062777e+01 3.520570752516794499e+01 nan nan nan
1.060000000000000000e+02 3.592143303611062066e+01 3.520707116153173644e+01 nan nan nan
1.070000000000000000e+02 3.592143303611062777e+01 3.520843479789550656e+01 nan nan nan
1.080000000000000000e+02 3.592279667247425579e+01 3.517298025243720616e+01 nan nan nan
1.090000000000000000e+02 3.592279667247426289e+01 3.517434388880098339e+01 1.000000000000000000e+00 nan nan
1.100000000000000000e+02 3.592279667247425579e+01 3.517570752516476063e+01 1.000000000000000000e+00 nan nan
1.110000000000000000e+02 3.592279667247425579e+01 3.517707116152855207e+01 1.000000000000000000e+00 nan nan
1.120000000000000000e+02 3.592279667247426289e+01 3.517843479789232219e+01 1.000000000000000000e+00 1.000000000000000000e+00 1.000000000000000000e+00
1.130000000000000000e+02 3.592279667247426289e+01 3.517979843425610653e+01 1.000000000000000000e+00 1.000000000000000000e+00 1.000000000000000000e+00
1.140000000000000000e+02 3.592279667247426289e+01 3.518116207061988376e+01 1.000000000000000000e+00 1.000000000000000000e+00 1.000000000000000000e+00
1.150000000000000000e+02 3.592279667247424868e+01 3.518252570698367521e+01 nan 1.000000000000000000e+00 nan
1.160000000000000000e+02 3.592279667247426289e+01 3.518388934334745244e+01 nan 1.000000000000000000e+00 nan
1.170000000000000000e+02 3.592279667247425579e+01 3.518525297971123678e+01 nan 1.000000000000000000e+00 nan
1.180000000000000000e+02 3.592279667247426289e+01 3.518661661607500690e+01 nan 1.000000000000000000e+00 nan
1.190000000000000000e+02 3.592279667247426289e+01 3.518798025243879835e+01 nan 1.000000000000000000e+00 nan
1.200000000000000000e+02 3.592279667247426289e+01 3.518934388880257558e+01 nan 1.000000000000000000e+00 nan
1.210000000000000000e+02 3.592279667247425579e+01 3.519070752516635281e+01 nan 1.000000000000000000e+00 nan
1.220000000000000000e+02 3.592279667247426289e+01 3.519207116153013004e+01 nan 1.000000000000000000e+00 nan
1.230000000000000000e+02 3.592279667247425579e+01 3.519343479789391438e+01 1.000000000000000000e+00 nan nan
1.240000000000000000e+02 3.592279667247426289e+01 3.519479843425769872e+01 nan nan nan
1.250000000000000000e+02 3.592279667247425579e+01 3.519616207062147595e+01 nan nan nan
1.260000000000000000e+02 3.592279667247425579e+01 3.519752570698524607e+01 nan nan nan
1.270000000000000000e+02 3.592279667247425579e+01 3.519888934334903752e+01 nan nan nan
1.280000000000000000e+02 3.592279667247426289e+01 3.520025297971282185e+01 nan nan nan
1.290000000000000000e+02 3.592279667247426289e+01 3.520161661607660619e+01 nan nan nan
1.300000000000000000e+02 3.592279667247426289e+01 3.520298025244037632e+01 nan nan nan
1.310000000000000000e+02 3.592279667247425579e+01 3.520434388880416776e+01 nan nan nan
1.320000000000000000e+02 3.592279667247426289e+01 3.520570752516794499e+01 nan nan nan
1.330000000000000000e+02 3.592279667247426289e+01 3.520707116153172933e+01 nan nan nan
1.340000000000000000e+02 3.592279667247425579e+01 3.520843479789550656e+01 nan nan nan
1.350000000000000000e+02 3.592416030883789801e+01 3.517298025243720616e+01 nan nan nan
1.360000000000000000e+02 3.592416030883789091e+01 3.517434388880098339e+01 1.000000000000000000e+00 nan nan
1.370000000000000000e+02 3.592416030883789801e+01 3.517570752516476773e+01 1.000000000000000000e+00 nan nan
1.380000000000000000e+02 3.592416030883789091e+01 3.517707116152855207e+01 1.000000000000000000e+00 nan nan
1.390000000000000000e+02 3.592416030883789801e+01 3.517843479789232930e+01 1.000000000000000000e+00 1.000000000000000000e+00 1.000000000000000000e+00
1.400000000000000000e+02 3.592416030883789801e+01 3.517979843425610653e+01 1.000000000000000000e+00 1.000000000000000000e+00 1.000000000000000000e+00
1.410000000000000000e+02 3.592416030883789801e+01 3.518116207061988376e+01 1.000000000000000000e+00 1.000000000000000000e+00 1.000000000000000000e+00
1.420000000000000000e+02 3.592416030883788380e+01 3.518252570698366100e+01 1.000000000000000000e+00 1.000000000000000000e+00 1.000000000000000000e+00
1.430000000000000000e+02 3.592416030883789091e+01 3.518388934334745954e+01 nan 1.000000000000000000e+00 nan
1.440000000000000000e+02 3.592416030883789091e+01 3.518525297971122967e+01 nan 1.000000000000000000e+00 nan
1.450000000000000000e+02 3.592416030883789801e+01 3.518661661607500690e+01 nan 1.000000000000000000e+00 nan
1.460000000000000000e+02 3.592416030883789801e+01 3.518798025243879835e+01 nan 1.000000000000000000e+00 nan
1.470000000000000000e+02 3.592416030883789801e+01 3.518934388880257558e+01 nan 1.000000000000000000e+00 nan
1.480000000000000000e+02 3.592416030883789801e+01 3.519070752516634570e+01 nan 1.000000000000000000e+00 nan
1.490000000000000000e+02 3.592416030883789091e+01 3.519207116153013715e+01 nan 1.000000000000000000e+00 nan
1.500000000000000000e+02 3.592416030883789801e+01 3.519343479789391438e+01 nan nan nan
1.510000000000000000e+02 3.592416030883789091e+01 3.519479843425769872e+01 nan nan nan
1.520000000000000000e+02 3.592416030883789091e+01 3.519616207062147595e+01 nan nan nan
1.530000000000000000e+02 3.592416030883789801e+01 3.519752570698526029e+01 nan nan nan
1.540000000000000000e+02 3.592416030883789091e+01 3.519888934334903752e+01 nan nan nan
1.550000000000000000e+02 3.592416030883789801e+01 3.520025297971282185e+01 nan nan nan
1.560000000000000000e+02 3.592416030883789801e+01 3.520161661607660619e+01 nan nan nan
1.570000000000000000e+02 3.592416030883789801e+01 3.520298025244038342e+01 nan nan nan
1.580000000000000000e+02 3.592416030883788380e+01 3.520434388880416776e+01 nan nan nan
1.590000000000000000e+02 3.592416030883789801e+01 3.520570752516794499e+01 nan nan nan
1.600000000000000000e+02 3.592416030883789801e+01 3.520707116153173644e+01 nan 1.000000000000000000e+00 nan
1.610000000000000000e+02 3.592416030883789091e+01 3.520843479789550656e+01 nan 1.000000000000000000e+00 nan
1.620000000000000000e+02 3.592552394520153314e+01 3.517298025243720616e+01 nan nan nan
1.630000000000000000e+02 3.592552394520151893e+01 3.517434388880098339e+01 nan nan nan
1.640000000000000000e+02 3.592552394520152603e+01 3.517570752516476773e+01 nan nan nan
1.650000000000000000e+02 3.592552394520153314e+01 3.517707116152855207e+01 1.000000000000000000e+00 nan nan
1.660000000000000000e+02 3.592552394520152603e+01 3.517843479789232930e+01 1.000000000000000000e+00 1.000000000000000000e+00 1.000000000000000000e+00
1.670000000000000000e+02 3.592552394520153314e+01 3.517979843425610653e+01 1.000000000000000000e+00 1.000000000000000000e+00 1.000000000000000000e+00
1.680000000000000000e+02 3.592552394520153314e+01 3.518116207061988376e+01 1.000000000000000000e+00 1.000000000000000000e+00 1.000000000000000000e+00
1.690000000000000000e+02 3.592552394520153314e+01 3.518252570698366100e+01 nan 1.000000000000000000e+00 nan
1.700000000000000000e+02 3.592552394520152603e+01 3.518388934334745954e+01 1.000000000000000000e+00 1.000000000000000000e+00 1.000000000000000000e+00
1.710000000000000000e+02 3.592552394520152603e+01 3.518525297971122967e+01 nan 1.000000000000000000e+00 nan
1.720000000000000000e+02 3.592552394520151893e+01 3.518661661607500690e+01 1.000000000000000000e+00 1.000000000000000000e+00 1.000000000000000000e+00
1.730000000000000000e+02 3.592552394520152603e+01 3.518798025243879835e+01 nan 1.000000000000000000e+00 nan
1.740000000000000000e+02 3.592552394520152603e+01 3.518934388880257558e+01 1.000000000000000000e+00 1.000000000000000000e+00 1.000000000000000000e+00
1.750000000000000000e+02 3.592552394520152603e+01 3.519070752516634570e+01 1.000000000000000000e+00 nan nan
1.760000000000000000e+02 3.592552394520153314e+01 3.519207116153013715e+01 nan nan nan
1.770000000000000000e+02 3.592552394520152603e+01 3.519343479789391438e+01 1.000000000000000000e+00 nan nan
1.780000000000000000e+02 3.592552394520153314e+01 3.519479843425769872e+01 1.000000000000000000e+00 nan nan
1.790000000000000000e+02 3.592552394520153314e+01 3.519616207062147595e+01 1.000000000000000000e+00 nan nan
1.800000000000000000e+02 3.592552394520153314e+01 3.519752570698526029e+01 nan nan nan
1.810000000000000000e+02 3.592552394520153314e+01 3.519888934334903752e+01 1.000000000000000000e+00 nan nan
1.820000000000000000e+02 3.592552394520153314e+01 3.520025297971282185e+01 nan nan nan
1.830000000000000000e+02 3.592552394520152603e+01 3.520161661607660619e+01 nan nan nan
1.840000000000000000e+02 3.592552394520152603e+01 3.520298025244038342e+01 nan nan nan
1.850000000000000000e+02 3.592552394520153314e+01 3.520434388880416776e+01 nan nan nan
1.860000000000000000e+02 3.592552394520154024e+01 3.520570752516794499e+01 nan nan nan
1.870000000000000000e+02 3.592552394520153314e+01 3.520707116153173644e+01 nan 1.000000000000000000e+00 nan
1.880000000000000000e+02 3.592552394520153314e+01 3.520843479789550656e+01 nan 1.000000000000000000e+00 nan
1.890000000000000000e+02 3.592688758156516116e+01 3.517298025243720616e+01 nan nan nan
1.900000000000000000e+02 3.592688758156516116e+01 3.517434388880098339e+01 nan nan nan
1.910000000000000000e+02 3.592688758156516116e+01 3.517570752516476063e+01 1.000000000000000000e+00 nan nan
1.920000000000000000e+02 3.592688758156516116e+01 3.517707116152855207e+01 1.000000000000000000e+00 nan nan
1.930000000000000000e+02 3.592688758156516116e+01 3.517843479789232219e+01 1.000000000000000000e+00 1.000000000000000000e+00 1.000000000000000000e+00
1.940000000000000000e+02 3.592688758156516116e+01 3.517979843425610653e+01 1.000000000000000000e+00 1.000000000000000000e+00 1.000000000000000000e+00
1.950000000000000000e+02 3.592688758156516116e+01 3.518116207061988376e+01 1.000000000000000000e+00 1.000000000000000000e+00 1.000000000000000000e+00
1.960000000000000000e+02 3.592688758156516116e+01 3.518252570698367521e+01 1.000000000000000000e+00 1.000000000000000000e+00 1.000000000000000000e+00
1.970000000000000000e+02 3.592688758156515405e+01 3.518388934334745244e+01 1.000000000000000000e+00 1.000000000000000000e+00 1.000000000000000000e+00
1.980000000000000000e+02 3.592688758156516826e+01 3.518525297971123678e+01 1.000000000000000000e+00 1.000000000000000000e+00 1.000000000000000000e+00
1.990000000000000000e+02 3.592688758156516116e+01 3.518661661607500690e+01 1.000000000000000000e+00 1.000000000000000000e+00 1.000000000000000000e+00
2.000000000000000000e+02 3.592688758156516116e+01 3.518798025243879835e+01 1.000000000000000000e+00 1.000000000000000000e+00 1.000000000000000000e+00
2.010000000000000000e+02 3.592688758156516116e+01 3.518934388880257558e+01 nan 1.000000000000000000e+00 nan
2.020000000000000000e+02 3.592688758156516116e+01 3.519070752516635281e+01 1.000000000000000000e+00 1.000000000000000000e+00 1.000000000000000000e+00
2.030000000000000000e+02 3.592688758156516116e+01 3.519207116153013004e+01 nan 1.000000000000000000e+00 nan
2.040000000000000000e+02 3.592688758156515405e+01 3.519343479789391438e+01 1.000000000000000000e+00 1.000000000000000000e+00 1.000000000000000000e+00
2.050000000000000000e+02 3.592688758156516116e+01 3.519479843425769872e+01 1.000000000000000000e+00 1.000000000000000000e+00 1.000000000000000000e+00
2.060000000000000000e+02 3.592688758156516116e+01 3.519616207062147595e+01 nan 1.000000000000000000e+00 nan
2.070000000000000000e+02 3.592688758156516116e+01 3.519752570698524607e+01 1.000000000000000000e+00 nan nan
2.080000000000000000e+02 3.592688758156516116e+01 3.519888934334903752e+01 nan nan nan
2.090000000000000000e+02 3.592688758156516116e+01 3.520025297971282185e+01 nan nan nan
2.100000000000000000e+02 3.592688758156516116e+01 3.520161661607660619e+01 nan nan nan
2.110000000000000000e+02 3.592688758156516116e+01 3.520298025244037632e+01 nan 1.000000000000000000e+00 nan
2.120000000000000000e+02 3.592688758156516116e+01 3.520434388880416776e+01 nan 1.000000000000000000e+00 nan
2.130000000000000000e+02 3.592688758156515405e+01 3.520570752516794499e+01 nan 1.000000000000000000e+00 nan
2.140000000000000000e+02 3.592688758156516826e+01 3.520707116153172933e+01 nan 1.000000000000000000e+00 nan
2.150000000000000000e+02 3.592688758156516116e+01 3.520843479789550656e+01 nan 1.000000000000000000e+00 nan
2.160000000000000000e+02 3.592825121792880338e+01 3.517298025243720616e+01 nan nan nan
2.170000000000000000e+02 3.592825121792879628e+01 3.517434388880098339e+01 nan nan nan
2.180000000000000000e+02 3.592825121792880338e+01 3.517570752516476063e+01 1.000000000000000000e+00 nan nan
2.190000000000000000e+02 3.592825121792880338e+01 3.517707116152855207e+01 nan nan nan
2.200000000000000000e+02 3.592825121792880338e+01 3.517843479789232219e+01 1.000000000000000000e+00 1.000000000000000000e+00 1.000000000000000000e+00
2.210000000000000000e+02 3.592825121792880338e+01 3.517979843425610653e+01 1.000000000000000000e+00 1.000000000000000000e+00 1.000000000000000000e+00
2.220000000000000000e+02 3.592825121792880338e+01 3.518116207061988376e+01 1.000000000000000000e+00 1.000000000000000000e+00 1.000000000000000000e+00
2.230000000000000000e+02 3.592825121792880338e+01 3.518252570698367521e+01 1.000000000000000000e+00 1.000000000000000000e+00 1.000000000000000000e+00
2.240000000000000000e+02 3.592825121792880338e+01 3.518388934334745244e+01 1.000000000000000000e+00 1.000000000000000000e+00 1.000000000000000000e+00
2.250000000000000000e+02 3.592825121792880338e+01 3.518525297971123678e+01 1.000000000000000000e+00 1.000000000000000000e+00 1.000000000000000000e+00
2.260000000000000000e+02 3.592825121792880338e+01 3.518661661607500690e+01 1.000000000000000000e+00 1.000000000000000000e+00 1.000000000000000000e+00
2.270000000000000000e+02 3.592825121792880338e+01 3.518798025243879835e+01 1.000000000000000000e+00 1.000000000000000000e+00 1.000000000000000000e+00
2.280000000000000000e+02 3.592825121792880338e+01 3.518934388880257558e+01 1.000000000000000000e+00 1.000000000000000000e+00 1.000000000000000000e+00
2.290000000000000000e+02 3.592825121792880338e+01 3.519070752516635281e+01 1.000000000000000000e+00 1.000000000000000000e+00 1.000000000000000000e+00
2.300000000000000000e+02 3.592825121792880338e+01 3.519207116153013004e+01 1.000000000000000000e+00 1.000000000000000000e+00 1.000000000000000000e+00
2.310000000000000000e+02 3.592825121792879628e+01 3.519343479789391438e+01 nan 1.000000000000000000e+00 nan
2.320000000000000000e+02 3.592825121792880338e+01 3.519479843425769872e+01 nan 1.000000000000000000e+00 nan
2.330000000000000000e+02 3.592825121792880338e+01 3.519616207062147595e+01 nan 1.000000000000000000e+00 nan
2.340000000000000000e+02 3.592825121792880338e+01 3.519752570698524607e+01 nan nan nan
2.350000000000000000e+02 3.592825121792880338e+01 3.519888934334903752e+01 1.000000000000000000e+00 nan nan
2.360000000000000000e+02 3.592825121792879628e+01 3.520025297971282185e+01 nan nan nan
2.370000000000000000e+02 3.592825121792880338e+01 3.520161661607660619e+01 nan nan nan
2.380000000000000000e+02 3.592825121792879628e+01 3.520298025244037632e+01 nan 1.000000000000000000e+00 nan
2.390000000000000000e+02 3.592825121792880338e+01 3.520434388880416776e+01 nan 1.000000000000000000e+00 nan
2.400000000000000000e+02 3.592825121792880338e+01 3.520570752516794499e+01 nan 1.000000000000000000e+00 nan
2.410000000000000000e+02 3.592825121792880338e+01 3.520707116153172933e+01 nan 1.000000000000000000e+00 nan
2.420000000000000000e+02 3.592825121792879628e+01 3.520843479789550656e+01 nan 1.000000000000000000e+00 nan
2.430000000000000000e+02 3.592961485429243140e+01 3.517298025243720616e+01 nan nan nan
2.440000000000000000e+02 3.592961485429243851e+01 3.517434388880098339e+01 nan nan nan
2.450000000000000000e+02 3.592961485429243851e+01 3.517570752516476773e+01 nan nan nan
2.460000000000000000e+02 3.592961485429243851e+01 3.517707116152855207e+01 nan nan nan
2.470000000000000000e+02 3.592961485429243851e+01 3.517843479789232930e+01 1.000000000000000000e+00 1.000000000000000000e+00 1.000000000000000000e+00
2.480000000000000000e+02 3.592961485429243851e+01 3.517979843425610653e+01 1.000000000000000000e+00 1.000000000000000000e+00 1.000000000000000000e+00
2.490000000000000000e+02 3.592961485429243851e+01 3.518116207061988376e+01 1.000000000000000000e+00 1.000000000000000000e+00 1.000000000000000000e+00
2.500000000000000000e+02 3.592961485429243851e+01 3.518252570698366100e+01 1.000000000000000000e+00 1.000000000000000000e+00 1.000000000000000000e+00
2.510000000000000000e+02 3.592961485429243851e+01 3.518388934334745954e+01 1.000000000000000000e+00 1.000000000000000000e+00 1.000000000000000000e+00
2.520000000000000000e+02 3.592961485429243851e+01 3.518525297971122967e+01 1.000000000000000000e+00 1.000000000000000000e+00 1.000000000000000000e+00
2.530000000000000000e+02 3.592961485429243140e+01 3.518661661607500690e+01 1.000000000000000000e+00 1.000000000000000000e+00 1.000000000000000000e+00
2.540000000000000000e+02 3.592961485429243851e+01 3.518798025243879835e+01 1.000000000000000000e+00 1.000000000000000000e+00 1.000000000000000000e+00
2.550000000000000000e+02 3.592961485429243851e+01 3.518934388880257558e+01 1.000000000000000000e+00 1.000000000000000000e+00 1.000000000000000000e+00
2.560000000000000000e+02 3.592961485429243851e+01 3.519070752516634570e+01 1.000000000000000000e+00 1.000000000000000000e+00 1.000000000000000000e+00
2.570000000000000000e+02 3.592961485429243851e+01 3.519207116153013715e+01 1.000000000000000000e+00 1.000000000000000000e+00 1.000000000000000000e+00
2.580000000000000000e+02 3.592961485429243851e+01 3.519343479789391438e+01 1.000000000000000000e+00 1.000000000000000000e+00 1.000000000000000000e+00
2.590000000000000000e+02 3.592961485429243851e+01 3.519479843425769872e+01 1.000000000000000000e+00 1.000000000000000000e+00 1.000000000000000000e+00
2.600000000000000000e+02 3.592961485429243851e+01 3.519616207062147595e+01 1.000000000000000000e+00 1.000000000000000000e+00 1.000000000000000000e+00
2.610000000000000000e+02 3.592961485429243851e+01 3.519752570698526029e+01 1.000000000000000000e+00 1.000000000000000000e+00 1.000000000000000000e+00
2.620000000000000000e+02 3.592961485429243851e+01 3.519888934334903752e+01 1.000000000000000000e+00 1.000000000000000000e+00 1.000000000000000000e+00
2.630000000000000000e+02 3.592961485429243851e+01 3.520025297971282185e+01 1.000000000000000000e+00 1.000000000000000000e+00 1.000000000000000000e+00
2.640000000000000000e+02 3.592961485429243851e+01 3.520161661607660619e+01 nan 1.000000000000000000e+00 nan
2.650000000000000000e+02 3.592961485429243851e+01 3.520298025244038342e+01 nan 1.000000000000000000e+00 nan
2.660000000000000000e+02 3.592961485429243851e+01 3.520434388880416776e+01 nan 1.000000000000000000e+00 nan
2.670000000000000000e+02 3.592961485429243851e+01 3.520570752516794499e+01 1.000000000000000000e+00 1.000000000000000000e+00 1.000000000000000000e+00
2.680000000000000000e+02 3.592961485429243851e+01 3.520707116153173644e+01 nan 1.000000000000000000e+00 nan
2.690000000000000000e+02 3.592961485429243851e+01 3.520843479789550656e+01 nan 1.000000000000000000e+00 nan
2.700000000000000000e+02 3.593097849065607363e+01 3.517298025243720616e+01 nan nan nan
2.710000000000000000e+02 3.593097849065607363e+01 3.517434388880098339e+01 nan nan nan
2.720000000000000000e+02 3.593097849065607363e+01 3.517570752516476063e+01 nan nan nan
2.730000000000000000e+02 3.593097849065608074e+01 3.517707116152855207e+01 1.000000000000000000e+00 nan nan
2.740000000000000000e+02 3.593097849065607363e+01 3.517843479789232219e+01 1.000000000000000000e+00 nan nan
2.750000000000000000e+02 3.593097849065607363e+01 3.517979843425610653e+01 nan nan nan
2.760000000000000000e+02 3.593097849065607363e+01 3.518116207061988376e+01 1.000000000000000000e+00 1.000000000000000000e+00 1.000000000000000000e+00
2.770000000000000000e+02 3.593097849065607363e+01 3.518252570698367521e+01 1.000000000000000000e+00 1.000000000000000000e+00 1.000000000000000000e+00
2.780000000000000000e+02 3.593097849065608074e+01 3.518388934334745244e+01 1.000000000000000000e+00 1.000000000000000000e+00 1.000000000000000000e+00
2.790000000000000000e+02 3.593097849065607363e+01 3.518525297971123678e+01 1.000000000000000000e+00 1.000000000000000000e+00 1.000000000000000000e+00
2.800000000000000000e+02 3.593097849065607363e+01 3.518661661607500690e+01 1.000000000000000000e+00 1.000000000000000000e+00 1.000000000000000000e+00
2.810000000000000000e+02 3.593097849065607363e+01 3.518798025243879835e+01 1.000000000000000000e+00 1.000000000000000000e+00 1.000000000000000000e+00
2.820000000000000000e+02 3.593097849065607363e+01 3.518934388880257558e+01 1.000000000000000000e+00 1.000000000000000000e+00 1.000000000000000000e+00
2.830000000000000000e+02 3.593097849065607363e+01 3.519070752516635281e+01 1.000000000000000000e+00 1.000000000000000000e+00 1.000000000000000000e+00
2.840000000000000000e+02 3.593097849065607363e+01 3.519207116153013004e+01 1.000000000000000000e+00 1.000000000000000000e+00 1.000000000000000000e+00
2.850000000000000000e+02 3.593097849065607363e+01 3.519343479789391438e+01 1.000000000000000000e+00 1.000000000000000000e+00 1.000000000000000000e+00
2.860000000000000000e+02 3.593097849065607363e+01 3.519479843425769872e+01 1.000000000000000000e+00 1.000000000000000000e+00 1.000000000000000000e+00
2.870000000000000000e+02 3.593097849065607363e+01 3.519616207062147595e+01 1.000000000000000000e+00 1.000000000000000000e+00 1.000000000000000000e+00
2.880000000000000000e+02 3.593097849065608074e+01 3.519752570698524607e+01 1.000000000000000000e+00 1.000000000000000000e+00 1.000000000000000000e+00
2.890000000000000000e+02 3.593097849065607363e+01 3.519888934334903752e+01 nan 1.000000000000000000e+00 nan
2.900000000000000000e+02 3.593097849065607363e+01 3.520025297971282185e+01 1.000000000000000000e+00 1.000000000000000000e+00 1.000000000000000000e+00
2.910000000000000000e+02 3.593097849065607363e+01 3.520161661607660619e+01 1.000000000000000000e+00 1.000000000000000000e+00 1.000000000000000000e+00
2.920000000000000000e+02 3.593097849065607363e+01 3.520298025244037632e+01 nan 1.000000000000000000e+00 nan
2.930000000000000000e+02 3.593097849065607363e+01 3.520434388880416776e+01 1.000000000000000000e+00 1.000000000000000000e+00 1.000000000000000000e+00
2.940000000000000000e+02 3.593097849065607363e+01 3.520570752516794499e+01 nan 1.000000000000000000e+00 nan
2.950000000000000000e+02 3.593097849065607363e+01 3.520707116153172933e+01 nan 1.000000000000000000e+00 nan
2.960000000000000000e+02 3.593097849065607363e+01 3.520843479789550656e+01 nan 1.000000000000000000e+00 nan
2.970000000000000000e+02 3.593234212701970876e+01 3.517298025243720616e+01 nan nan nan
2.980000000000000000e+02 3.593234212701971586e+01 3.517434388880098339e+01 nan nan nan
2.990000000000000000e+02 3.593234212701970876e+01 3.517570752516476773e+01 nan nan nan
3.000000000000000000e+02 3.593234212701970876e+01 3.517707116152855207e+01 nan nan nan
3.010000000000000000e+02 3.593234212701970876e+01 3.517843479789232930e+01 1.000000000000000000e+00 nan nan
3.020000000000000000e+02 3.593234212701970876e+01 3.517979843425610653e+01 1.000000000000000000e+00 nan nan
3.030000000000000000e+02 3.593234212701970876e+01 3.518116207061988376e+01 nan 1.000000000000000000e+00 nan
3.040000000000000000e+02 3.593234212701970876e+01 3.518252570698366100e+01 nan 1.000000000000000000e+00 nan
3.050000000000000000e+02 3.593234212701971586e+01 3.518388934334745954e+01 1.000000000000000000e+00 1.000000000000000000e+00 1.000000000000000000e+00
3.060000000000000000e+02 3.593234212701970876e+01 3.518525297971122967e+01 1.000000000000000000e+00 1.000000000000000000e+00 1.000000000000000000e+00
3.070000000000000000e+02 3.593234212701970876e+01 3.518661661607500690e+01 1.000000000000000000e+00 1.000000000000000000e+00 1.000000000000000000e+00
3.080000000000000000e+02 3.593234212701970876e+01 3.518798025243879835e+01 1.000000000000000000e+00 1.000000000000000000e+00 1.000000000000000000e+00
3.090000000000000000e+02 3.593234212701971586e+01 3.518934388880257558e+01 1.000000000000000000e+00 1.000000000000000000e+00 1.000000000000000000e+00
3.100000000000000000e+02 3.593234212701971586e+01 3.519070752516634570e+01 1.000000000000000000e+00 1.000000000000000000e+00 1.000000000000000000e+00
3.110000000000000000e+02 3.593234212701970876e+01 3.519207116153013715e+01 1.000000000000000000e+00 1.000000000000000000e+00 1.000000000000000000e+00
3.120000000000000000e+02 3.593234212701970876e+01 3.519343479789391438e+01 1.000000000000000000e+00 1.000000000000000000e+00 1.000000000000000000e+00
3.130000000000000000e+02 3.593234212701970876e+01 3.519479843425769872e+01 1.000000000000000000e+00 1.000000000000000000e+00 1.000000000000000000e+00
3.140000000000000000e+02 3.593234212701970876e+01 3.519616207062147595e+01 1.000000000000000000e+00 1.000000000000000000e+00 1.000000000000000000e+00
3.150000000000000000e+02 3.593234212701970876e+01 3.519752570698526029e+01 1.000000000000000000e+00 1.000000000000000000e+00 1.000000000000000000e+00
3.160000000000000000e+02 3.593234212701971586e+01 3.519888934334903752e+01 1.000000000000000000e+00 1.000000000000000000e+00 1.000000000000000000e+00
3.170000000000000000e+02 3.593234212701970876e+01 3.520025297971282185e+01 1.000000000000000000e+00 1.000000000000000000e+00 1.000000000000000000e+00
3.180000000000000000e+02 3.593234212701970876e+01 3.520161661607660619e+01 1.000000000000000000e+00 1.000000000000000000e+00 1.000000000000000000e+00
3.190000000000000000e+02 3.593234212701970876e+01 3.520298025244038342e+01 1.000000000000000000e+00 1.000000000000000000e+00 1.000000000000000000e+00
3.200000000000000000e+02 3.593234212701970876e+01 3.520434388880416776e+01 1.000000000000000000e+00 1.000000000000000000e+00 1.000000000000000000e+00
3.210000000000000000e+02 3.593234212701970876e+01 3.520570752516794499e+01 nan 1.000000000000000000e+00 nan
3.220000000000000000e+02 3.593234212701970876e+01 3.520707116153173644e+01 1.000000000000000000e+00 1.000000000000000000e+00 1.000000000000000000e+00
3.230000000000000000e+02 3.593234212701970876e+01 3.520843479789550656e+01 nan 1.000000000000000000e+00 nan
3.240000000000000000e+02 3.593370576338335098e+01 3.517298025243720616e+01 nan nan nan
3.250000000000000000e+02 3.593370576338335098e+01 3.517434388880098339e+01 nan nan nan
3.260000000000000000e+02 3.593370576338333677e+01 3.517570752516476063e+01 nan nan nan
3.270000000000000000e+02 3.593370576338335098e+01 3.517707116152855207e+01 nan nan nan
3.280000000000000000e+02 3.593370576338334388e+01 3.517843479789232219e+01 nan nan nan
3.290000000000000000e+02 3.593370576338335098e+01 3.517979843425610653e+01 nan nan nan
3.300000000000000000e+02 3.593370576338335098e+01 3.518116207061988376e+01 nan nan nan
3.310000000000000000e+02 3.593370576338333677e+01 3.518252570698367521e+01 nan 1.000000000000000000e+00 nan
3.320000000000000000e+02 3.593370576338335098e+01 3.518388934334745244e+01 1.000000000000000000e+00 1.000000000000000000e+00 1.000000000000000000e+00
3.330000000000000000e+02 3.593370576338334388e+01 3.518525297971123678e+01 1.000000000000000000e+00 1.000000000000000000e+00 1.000000000000000000e+00
3.340000000000000000e+02 3.593370576338334388e+01 3.518661661607500690e+01 1.000000000000000000e+00 1.000000000000000000e+00 1.000000000000000000e+00
3.350000000000000000e+02 3.593370576338335098e+01 3.518798025243879835e+01 1.000000000000000000e+00 1.000000000000000000e+00 1.000000000000000000e+00
3.360000000000000000e+02 3.593370576338335098e+01 3.518934388880257558e+01 1.000000000000000000e+00 1.000000000000000000e+00 1.000000000000000000e+00
3.370000000000000000e+02 3.593370576338335098e+01 3.519070752516635281e+01 nan 1.000000000000000000e+00 nan
3.380000000000000000e+02 3.593370576338335098e+01 3.519207116153013004e+01 1.000000000000000000e+00 1.000000000000000000e+00 1.000000000000000000e+00
3.390000000000000000e+02 3.593370576338335098e+01 3.519343479789391438e+01 1.000000000000000000e+00 1.000000000000000000e+00 1.000000000000000000e+00
3.400000000000000000e+02 3.593370576338334388e+01 3.519479843425769872e+01 1.000000000000000000e+00 1.000000000000000000e+00 1.000000000000000000e+00
3.410000000000000000e+02 3.593370576338335098e+01 3.519616207062147595e+01 1.000000000000000000e+00 1.000000000000000000e+00 1.000000000000000000e+00
3.420000000000000000e+02 3.593370576338335098e+01 3.519752570698524607e+01 1.000000000000000000e+00 1.000000000000000000e+00 1.000000000000000000e+00
3.430000000000000000e+02 3.593370576338335098e+01 3.519888934334903752e+01 1.000000000000000000e+00 1.000000000000000000e+00 1.000000000000000000e+00
3.440000000000000000e+02 3.593370576338335098e+01 3.520025297971282185e+01 1.000000000000000000e+00 1.000000000000000000e+00 1.000000000000000000e+00
3.450000000000000000e+02 3.593370576338335098e+01 3.520161661607660619e+01 1.000000000000000000e+00 1.000000000000000000e+00 1.000000000000000000e+00
3.460000000000000000e+02 3.593370576338335098e+01 3.520298025244037632e+01 1.000000000000000000e+00 1.000000000000000000e+00 1.000000000000000000e+00
3.470000000000000000e+02 3.593370576338335098e+01 3.520434388880416776e+01 nan 1.000000000000000000e+00 nan
3.480000000000000000e+02 3.593370576338334388e+01 3.520570752516794499e+01 1.000000000000000000e+00 1.000000000000000000e+00 1.000000000000000000e+00
3.490000000000000000e+02 3.593370576338335098e+01 3.520707116153172933e+01 nan 1.000000000000000000e+00 nan
3.500000000000000000e+02 3.593370576338335098e+01 3.520843479789550656e+01 1.000000000000000000e+00 1.000000000000000000e+00 1.000000000000000000e+00
3.510000000000000000e+02 3.593506939974697900e+01 3.517298025243720616e+01 nan nan nan
3.520000000000000000e+02 3.593506939974699321e+01 3.517434388880098339e+01 nan nan nan
3.530000000000000000e+02 3.593506939974698611e+01 3.517570752516476773e+01 nan nan nan
3.540000000000000000e+02 3.593506939974698611e+01 3.517707116152855207e+01 nan nan nan
3.550000000000000000e+02 3.593506939974698611e+01 3.517843479789232930e+01 nan nan nan
3.560000000000000000e+02 3.593506939974697900e+01 3.517979843425610653e+01 nan nan nan
3.570000000000000000e+02 3.593506939974698611e+01 3.518116207061988376e+01 nan nan nan
3.580000000000000000e+02 3.593506939974697900e+01 3.518252570698366100e+01 nan 1.000000000000000000e+00 nan
3.590000000000000000e+02 3.593506939974697900e+01 3.518388934334745954e+01 nan 1.000000000000000000e+00 nan
3.600000000000000000e+02 3.593506939974698611e+01 3.518525297971122967e+01 nan 1.000000000000000000e+00 nan
3.610000000000000000e+02 3.593506939974697900e+01 3.518661661607500690e+01 nan 1.000000000000000000e+00 nan
3.620000000000000000e+02 3.593506939974698611e+01 3.518798025243879835e+01 nan 1.000000000000000000e+00 nan
3.630000000000000000e+02 3.593506939974697900e+01 3.518934388880257558e+01 1.000000000000000000e+00 1.000000000000000000e+00 1.000000000000000000e+00
3.640000000000000000e+02 3.593506939974698611e+01 3.519070752516634570e+01 1.000000000000000000e+00 1.000000000000000000e+00 1.000000000000000000e+00
3.650000000000000000e+02 3.593506939974698611e+01 3.519207116153013715e+01 1.000000000000000000e+00 1.000000000000000000e+00 1.000000000000000000e+00
3.660000000000000000e+02 3.593506939974699321e+01 3.519343479789391438e+01 1.000000000000000000e+00 1.000000000000000000e+00 1.000000000000000000e+00
3.670000000000000000e+02 3.593506939974698611e+01 3.519479843425769872e+01 1.000000000000000000e+00 1.000000000000000000e+00 1.000000000000000000e+00
3.680000000000000000e+02 3.593506939974697900e+01 3.519616207062147595e+01 1.000000000000000000e+00 1.000000000000000000e+00 1.000000000000000000e+00
3.690000000000000000e+02 3.593506939974699321e+01 3.519752570698526029e+01 1.000000000000000000e+00 1.000000000000000000e+00 1.000000000000000000e+00
3.700000000000000000e+02 3.593506939974698611e+01 3.519888934334903752e+01 1.000000000000000000e+00 1.000000000000000000e+00 1.000000000000000000e+00
3.710000000000000000e+02 3.593506939974698611e+01 3.520025297971282185e+01 1.000000000000000000e+00 1.000000000000000000e+00 1.000000000000000000e+00
3.720000000000000000e+02 3.593506939974698611e+01 3.520161661607660619e+01 1.000000000000000000e+00 1.000000000000000000e+00 1.000000000000000000e+00
3.730000000000000000e+02 3.593506939974698611e+01 3.520298025244038342e+01 1.000000000000000000e+00 1.000000000000000000e+00 1.000000000000000000e+00
3.740000000000000000e+02 3.593506939974697900e+01 3.520434388880416776e+01 1.000000000000000000e+00 1.000000000000000000e+00 1.000000000000000000e+00
3.750000000000000000e+02 3.593506939974697900e+01 3.520570752516794499e+01 nan 1.000000000000000000e+00 nan
3.760000000000000000e+02 3.593506939974698611e+01 3.520707116153173644e+01 nan 1.000000000000000000e+00 nan
3.770000000000000000e+02 3.593506939974698611e+01 3.520843479789550656e+01 nan 1.000000000000000000e+00 nan
3.780000000000000000e+02 3.593643303611062123e+01 3.517298025243720616e+01 nan nan nan
3.790000000000000000e+02 3.593643303611062123e+01 3.517434388880098339e+01 nan nan nan
3.800000000000000000e+02 3.593643303611062123e+01 3.517570752516476063e+01 nan nan nan
3.810000000000000000e+02 3.593643303611062123e+01 3.517707116152855207e+01 nan nan nan
3.820000000000000000e+02 3.593643303611062123e+01 3.517843479789232219e+01 nan nan nan
3.830000000000000000e+02 3.593643303611062123e+01 3.517979843425610653e+01 nan nan nan
3.840000000000000000e+02 3.593643303611061413e+01 3.518116207061988376e+01 nan nan nan
3.850000000000000000e+02 3.593643303611061413e+01 3.518252570698367521e+01 nan 1.000000000000000000e+00 nan
3.860000000000000000e+02 3.593643303611062123e+01 3.518388934334745244e+01 nan 1.000000000000000000e+00 nan
3.870000000000000000e+02 3.593643303611062123e+01 3.518525297971123678e+01 1.000000000000000000e+00 1.000000000000000000e+00 1.000000000000000000e+00
3.880000000000000000e+02 3.593643303611062123e+01 3.518661661607500690e+01 nan 1.000000000000000000e+00 nan
3.890000000000000000e+02 3.593643303611060702e+01 3.518798025243879835e+01 1.000000000000000000e+00 1.000000000000000000e+00 1.000000000000000000e+00
3.900000000000000000e+02 3.593643303611061413e+01 3.518934388880257558e+01 nan 1.000000000000000000e+00 nan
3.910000000000000000e+02 3.593643303611062123e+01 3.519070752516635281e+01 nan 1.000000000000000000e+00 nan
3.920000000000000000e+02 3.593643303611062123e+01 3.519207116153013004e+01 1.000000000000000000e+00 1.000000000000000000e+00 1.000000000000000000e+00
3.930000000000000000e+02 3.593643303611062123e+01 3.519343479789391438e+01 1.000000000000000000e+00 1.000000000000000000e+00 1.000000000000000000e+00
3.940000000000000000e+02 3.593643303611062123e+01 3.519479843425769872e+01 1.000000000000000000e+00 1.000000000000000000e+00 1.000000000000000000e+00
3.950000000000000000e+02 3.593643303611061413e+01 3.519616207062147595e+01 1.000000000000000000e+00 1.000000000000000000e+00 1.000000000000000000e+00
3.960000000000000000e+02 3.593643303611061413e+01 3.519752570698524607e+01 nan 1.000000000000000000e+00 nan
3.970000000000000000e+02 3.593643303611062123e+01 3.519888934334903752e+01 1.000000000000000000e+00 1.000000000000000000e+00 1.000000000000000000e+00
3.980000000000000000e+02 3.593643303611061413e+01 3.520025297971282185e+01 1.000000000000000000e+00 1.000000000000000000e+00 1.000000000000000000e+00
3.990000000000000000e+02 3.593643303611062123e+01 3.520161661607660619e+01 1.000000000000000000e+00 1.000000000000000000e+00 1.000000000000000000e+00
4.000000000000000000e+02 3.593643303611062123e+01 3.520298025244037632e+01 1.000000000000000000e+00 1.000000000000000000e+00 1.000000000000000000e+00
4.010000000000000000e+02 3.593643303611062123e+01 3.520434388880416776e+01 nan 1.000000000000000000e+00 nan
4.020000000000000000e+02 3.593643303611062123e+01 3.520570752516794499e+01 1.000000000000000000e+00 1.000000000000000000e+00 1.000000000000000000e+00
4.030000000000000000e+02 3.593643303611061413e+01 3.520707116153172933e+01 nan 1.000000000000000000e+00 nan
4.040000000000000000e+02 3.593643303611061413e+01 3.520843479789550656e+01 nan 1.000000000000000000e+00 nan
4.050000000000000000e+02 3.593779667247425635e+01 3.517298025243720616e+01 nan nan nan
4.060000000000000000e+02 3.593779667247425635e+01 3.517434388880098339e+01 nan nan nan
4.070000000000000000e+02 3.593779667247425635e+01 3.517570752516476773e+01 nan nan nan
4.080000000000000000e+02 3.593779667247425635e+01 3.517707116152854496e+01 nan nan nan
4.090000000000000000e+02 3.593779667247425635e+01 3.517843479789232930e+01 nan nan nan
4.100000000000000000e+02 3.593779667247425635e+01 3.517979843425610653e+01 nan nan nan
4.110000000000000000e+02 3.593779667247425635e+01 3.518116207061988376e+01 nan nan nan
4.120000000000000000e+02 3.593779667247425635e+01 3.518252570698367521e+01 nan 1.000000000000000000e+00 nan
4.130000000000000000e+02 3.593779667247425635e+01 3.518388934334744533e+01 nan 1.000000000000000000e+00 nan
4.140000000000000000e+02 3.593779667247425635e+01 3.518525297971123678e+01 nan 1.000000000000000000e+00 nan
4.150000000000000000e+02 3.593779667247425635e+01 3.518661661607500690e+01 nan 1.000000000000000000e+00 nan
4.160000000000000000e+02 3.593779667247425635e+01 3.518798025243879124e+01 nan 1.000000000000000000e+00 nan
4.170000000000000000e+02 3.593779667247425635e+01 3.518934388880257558e+01 1.000000000000000000e+00 1.000000000000000000e+00 1.000000000000000000e+00
4.180000000000000000e+02 3.593779667247425635e+01 3.519070752516635281e+01 1.000000000000000000e+00 1.000000000000000000e+00 1.000000000000000000e+00
4.190000000000000000e+02 3.593779667247425635e+01 3.519207116153013715e+01 1.000000000000000000e+00 1.000000000000000000e+00 1.000000000000000000e+00
4.200000000000000000e+02 3.593779667247425635e+01 3.519343479789391438e+01 1.000000000000000000e+00 1.000000000000000000e+00 1.000000000000000000e+00
4.210000000000000000e+02 3.593779667247425635e+01 3.519479843425769872e+01 1.000000000000000000e+00 1.000000000000000000e+00 1.000000000000000000e+00
4.220000000000000000e+02 3.593779667247425635e+01 3.519616207062148305e+01 1.000000000000000000e+00 1.000000000000000000e+00 1.000000000000000000e+00
4.230000000000000000e+02 3.593779667247425635e+01 3.519752570698526029e+01 1.000000000000000000e+00 1.000000000000000000e+00 1.000000000000000000e+00
4.240000000000000000e+02 3.593779667247425635e+01 3.519888934334903752e+01 1.000000000000000000e+00 1.000000000000000000e+00 1.000000000000000000e+00
4.250000000000000000e+02 3.593779667247425635e+01 3.520025297971282185e+01 1.000000000000000000e+00 1.000000000000000000e+00 1.000000000000000000e+00
4.260000000000000000e+02 3.593779667247425635e+01 3.520161661607659909e+01 1.000000000000000000e+00 1.000000000000000000e+00 1.000000000000000000e+00
4.270000000000000000e+02 3.593779667247425635e+01 3.520298025244038342e+01 1.000000000000000000e+00 1.000000000000000000e+00 1.000000000000000000e+00
4.280000000000000000e+02 3.593779667247425635e+01 3.520434388880416776e+01 nan 1.000000000000000000e+00 nan
4.290000000000000000e+02 3.593779667247425635e+01 3.520570752516794499e+01 nan 1.000000000000000000e+00 nan
4.300000000000000000e+02 3.593779667247425635e+01 3.520707116153173644e+01 nan 1.000000000000000000e+00 nan
4.310000000000000000e+02 3.593779667247425635e+01 3.520843479789550656e+01 1.000000000000000000e+00 1.000000000000000000e+00 1.000000000000000000e+00
4.320000000000000000e+02 3.593916030883789858e+01 3.517298025243720616e+01 nan nan nan
4.330000000000000000e+02 3.593916030883789148e+01 3.517434388880098339e+01 nan nan nan
4.340000000000000000e+02 3.593916030883789858e+01 3.517570752516476773e+01 nan nan nan
4.350000000000000000e+02 3.593916030883789858e+01 3.517707116152855207e+01 nan nan nan
4.360000000000000000e+02 3.593916030883789148e+01 3.517843479789232930e+01 nan nan nan
4.370000000000000000e+02 3.593916030883789858e+01 3.517979843425610653e+01 nan nan nan
4.380000000000000000e+02 3.593916030883789148e+01 3.518116207061988376e+01 nan nan nan
4.390000000000000000e+02 3.593916030883789148e+01 3.518252570698366100e+01 nan nan nan
4.400000000000000000e+02 3.593916030883789858e+01 3.518388934334745954e+01 nan nan nan
4.410000000000000000e+02 3.593916030883789858e+01 3.518525297971122967e+01 nan nan nan
4.420000000000000000e+02 3.593916030883789148e+01 3.518661661607500690e+01 nan 1.000000000000000000e+00 nan
4.430000000000000000e+02 3.593916030883789858e+01 3.518798025243879835e+01 nan 1.000000000000000000e+00 nan
4.440000000000000000e+02 3.593916030883789148e+01 3.518934388880257558e+01 nan 1.000000000000000000e+00 nan
4.450000000000000000e+02 3.593916030883789858e+01 3.519070752516634570e+01 1.000000000000000000e+00 1.000000000000000000e+00 1.000000000000000000e+00
4.460000000000000000e+02 3.593916030883789148e+01 3.519207116153013715e+01 nan 1.000000000000000000e+00 nan
4.470000000000000000e+02 3.593916030883789148e+01 3.519343479789391438e+01 1.000000000000000000e+00 1.000000000000000000e+00 1.000000000000000000e+00
4.480000000000000000e+02 3.593916030883789148e+01 3.519479843425769872e+01 1.000000000000000000e+00 1.000000000000000000e+00 1.000000000000000000e+00
4.490000000000000000e+02 3.593916030883789148e+01 3.519616207062147595e+01 1.000000000000000000e+00 1.000000000000000000e+00 1.000000000000000000e+00
4.500000000000000000e+02 3.593916030883789858e+01 3.519752570698526029e+01 1.000000000000000000e+00 1.000000000000000000e+00 1.000000000000000000e+00
4.510000000000000000e+02 3.593916030883789858e+01 3.519888934334903752e+01 1.000000000000000000e+00 1.000000000000000000e+00 1.000000000000000000e+00
4.520000000000000000e+02 3.593916030883789858e+01 3.520025297971282185e+01 nan 1.000000000000000000e+00 nan
4.530000000000000000e+02 3.593916030883788437e+01 3.520161661607660619e+01 1.000000000000000000e+00 1.000000000000000000e+00 1.000000000000000000e+00
4.540000000000000000e+02 3.593916030883789858e+01 3.520298025244038342e+01 nan 1.000000000000000000e+00 nan
4.550000000000000000e+02 3.593916030883789148e+01 3.520434388880416776e+01 1.000000000000000000e+00 1.000000000000000000e+00 1.000000000000000000e+00
4.560000000000000000e+02 3.593916030883789148e+01 3.520570752516794499e+01 1.000000000000000000e+00 1.000000000000000000e+00 1.000000000000000000e+00
4.570000000000000000e+02 3.593916030883788437e+01 3.520707116153173644e+01 nan 1.000000000000000000e+00 nan
4.580000000000000000e+02 3.593916030883789858e+01 3.520843479789550656e+01 nan 1.000000000000000000e+00 nan
4.590000000000000000e+02 3.594052394520152660e+01 3.517298025243720616e+01 nan nan nan
4.600000000000000000e+02 3.594052394520152660e+01 3.517434388880098339e+01 nan nan nan
4.610000000000000000e+02 3.594052394520152660e+01 3.517570752516476773e+01 nan nan nan
4.620000000000000000e+02 3.594052394520152660e+01 3.517707116152854496e+01 nan nan nan
4.630000000000000000e+02 3.594052394520152660e+01 3.517843479789232930e+01 nan nan nan
4.640000000000000000e+02 3.594052394520152660e+01 3.517979843425610653e+01 nan nan nan
4.650000000000000000e+02 3.594052394520152660e+01 3.518116207061988376e+01 nan nan nan
4.660000000000000000e+02 3.594052394520152660e+01 3.518252570698367521e+01 nan nan nan
4.670000000000000000e+02 3.594052394520151950e+01 3.518388934334744533e+01 nan nan nan
4.680000000000000000e+02 3.594052394520152660e+01 3.518525297971123678e+01 nan nan nan
4.690000000000000000e+02 3.594052394520152660e+01 3.518661661607500690e+01 nan 1.000000000000000000e+00 nan
4.700000000000000000e+02 3.594052394520152660e+01 3.518798025243879124e+01 nan 1.000000000000000000e+00 nan
4.710000000000000000e+02 3.594052394520152660e+01 3.518934388880257558e+01 nan 1.000000000000000000e+00 nan
4.720000000000000000e+02 3.594052394520152660e+01 3.519070752516635281e+01 1.000000000000000000e+00 1.000000000000000000e+00 1.000000000000000000e+00
4.730000000000000000e+02 3.594052394520152660e+01 3.519207116153013715e+01 nan 1.000000000000000000e+00 nan
4.740000000000000000e+02 3.594052394520152660e+01 3.519343479789391438e+01 nan 1.000000000000000000e+00 nan
4.750000000000000000e+02 3.594052394520152660e+01 3.519479843425769872e+01 1.000000000000000000e+00 1.000000000000000000e+00 1.000000000000000000e+00
4.760000000000000000e+02 3.594052394520152660e+01 3.519616207062148305e+01 1.000000000000000000e+00 1.000000000000000000e+00 1.000000000000000000e+00
4.770000000000000000e+02 3.594052394520152660e+01 3.519752570698526029e+01 1.000000000000000000e+00 1.000000000000000000e+00 1.000000000000000000e+00
4.780000000000000000e+02 3.594052394520152660e+01 3.519888934334903752e+01 nan 1.000000000000000000e+00 nan
4.790000000000000000e+02 3.594052394520151950e+01 3.520025297971282185e+01 1.000000000000000000e+00 1.000000000000000000e+00 1.000000000000000000e+00
4.800000000000000000e+02 3.594052394520152660e+01 3.520161661607659909e+01 1.000000000000000000e+00 1.000000000000000000e+00 1.000000000000000000e+00
4.810000000000000000e+02 3.594052394520152660e+01 3.520298025244038342e+01 1.000000000000000000e+00 1.000000000000000000e+00 1.000000000000000000e+00
4.820000000000000000e+02 3.594052394520152660e+01 3.520434388880416776e+01 nan 1.000000000000000000e+00 nan
4.830000000000000000e+02 3.594052394520152660e+01 3.520570752516794499e+01 nan 1.000000000000000000e+00 nan
4.840000000000000000e+02 3.594052394520151950e+01 3.520707116153173644e+01 nan 1.000000000000000000e+00 nan
4.850000000000000000e+02 3.594052394520152660e+01 3.520843479789550656e+01 nan 1.000000000000000000e+00 nan
4.860000000000000000e+02 3.594188758156516172e+01 3.517298025243720616e+01 nan nan nan
4.870000000000000000e+02 3.594188758156516172e+01 3.517434388880098339e+01 nan nan nan
4.880000000000000000e+02 3.594188758156516172e+01 3.517570752516476773e+01 nan nan nan
4.890000000000000000e+02 3.594188758156516172e+01 3.517707116152854496e+01 nan nan nan
4.900000000000000000e+02 3.594188758156516172e+01 3.517843479789232930e+01 nan nan nan
4.910000000000000000e+02 3.594188758156516172e+01 3.517979843425610653e+01 nan nan nan
4.920000000000000000e+02 3.594188758156516172e+01 3.518116207061988376e+01 nan nan nan
4.930000000000000000e+02 3.594188758156516172e+01 3.518252570698367521e+01 nan nan nan
4.940000000000000000e+02 3.594188758156516172e+01 3.518388934334744533e+01 nan nan nan
4.950000000000000000e+02 3.594188758156516172e+01 3.518525297971123678e+01 nan nan nan
4.960000000000000000e+02 3.594188758156516172e+01 3.518661661607500690e+01 nan nan nan
4.970000000000000000e+02 3.594188758156516172e+01 3.518798025243879124e+01 nan nan nan
4.980000000000000000e+02 3.594188758156516172e+01 3.518934388880257558e+01 nan 1.000000000000000000e+00 nan
4.990000000000000000e+02 3.594188758156516172e+01 3.519070752516635281e+01 nan 1.000000000000000000e+00 nan
5.000000000000000000e+02 3.594188758156516172e+01 3.519207116153013715e+01 nan 1.000000000000000000e+00 nan
5.010000000000000000e+02 3.594188758156516172e+01 3.519343479789391438e+01 1.000000000000000000e+00 1.000000000000000000e+00 1.000000000000000000e+00
5.020000000000000000e+02 3.594188758156516172e+01 3.519479843425769872e+01 nan 1.000000000000000000e+00 nan
5.030000000000000000e+02 3.594188758156516172e+01 3.519616207062148305e+01 1.000000000000000000e+00 1.000000000000000000e+00 1.000000000000000000e+00
5.040000000000000000e+02 3.594188758156516172e+01 3.519752570698526029e+01 1.000000000000000000e+00 1.000000000000000000e+00 1.000000000000000000e+00
5.050000000000000000e+02 3.594188758156516172e+01 3.519888934334903752e+01 nan 1.000000000000000000e+00 nan
5.060000000000000000e+02 3.594188758156516172e+01 3.520025297971282185e+01 nan 1.000000000000000000e+00 nan
5.070000000000000000e+02 3.594188758156516172e+01 3.520161661607659909e+01 nan 1.000000000000000000e+00 nan
5.080000000000000000e+02 3.594188758156516172e+01 3.520298025244038342e+01 nan 1.000000000000000000e+00 nan
5.090000000000000000e+02 3.594188758156516172e+01 3.520434388880416776e+01 nan 1.000000000000000000e+00 nan
5.100000000000000000e+02 3.594188758156516172e+01 3.520570752516794499e+01 nan 1.000000000000000000e+00 nan
5.110000000000000000e+02 3.594188758156516172e+01 3.520707116153173644e+01 nan 1.000000000000000000e+00 nan
5.120000000000000000e+02 3.594188758156516172e+01 3.520843479789550656e+01 nan 1.000000000000000000e+00 nan
5.130000000000000000e+02 3.594325121792879685e+01 3.517298025243720616e+01 nan nan nan
5.140000000000000000e+02 3.594325121792880395e+01 3.517434388880098339e+01 nan nan nan
5.150000000000000000e+02 3.594325121792879685e+01 3.517570752516476773e+01 nan nan nan
5.160000000000000000e+02 3.594325121792879685e+01 3.517707116152854496e+01 nan nan nan
5.170000000000000000e+02 3.594325121792880395e+01 3.517843479789232930e+01 nan nan nan
5.180000000000000000e+02 3.594325121792880395e+01 3.517979843425610653e+01 nan nan nan
5.190000000000000000e+02 3.594325121792879685e+01 3.518116207061988376e+01 nan nan nan
5.200000000000000000e+02 3.594325121792880395e+01 3.518252570698367521e+01 nan nan nan
5.210000000000000000e+02 3.594325121792879685e+01 3.518388934334744533e+01 nan nan nan
5.220000000000000000e+02 3.594325121792879685e+01 3.518525297971123678e+01 nan nan nan
5.230000000000000000e+02 3.594325121792879685e+01 3.518661661607500690e+01 nan nan nan
5.240000000000000000e+02 3.594325121792879685e+01 3.518798025243879124e+01 nan nan nan
5.250000000000000000e+02 3.594325121792880395e+01 3.518934388880257558e+01 nan 1.000000000000000000e+00 nan
5.260000000000000000e+02 3.594325121792879685e+01 3.519070752516635281e+01 nan 1.000000000000000000e+00 nan
5.270000000000000000e+02 3.594325121792880395e+01 3.519207116153013715e+01 nan 1.000000000000000000e+00 nan
5.280000000000000000e+02 3.594325121792879685e+01 3.519343479789391438e+01 nan 1.000000000000000000e+00 nan
5.290000000000000000e+02 3.594325121792879685e+01 3.519479843425769872e+01 nan 1.000000000000000000e+00 nan
5.300000000000000000e+02 3.594325121792879685e+01 3.519616207062148305e+01 1.000000000000000000e+00 1.000000000000000000e+00 1.000000000000000000e+00
5.310000000000000000e+02 3.594325121792879685e+01 3.519752570698526029e+01 nan 1.000000000000000000e+00 nan
5.320000000000000000e+02 3.594325121792879685e+01 3.519888934334903752e+01 nan 1.000000000000000000e+00 nan
5.330000000000000000e+02 3.594325121792880395e+01 3.520025297971282185e+01 nan 1.000000000000000000e+00 nan
5.340000000000000000e+02 3.594325121792879685e+01 3.520161661607659909e+01 1.000000000000000000e+00 1.000000000000000000e+00 1.000000000000000000e+00
5.350000000000000000e+02 3.594325121792879685e+01 3.520298025244038342e+01 nan 1.000000000000000000e+00 nan
5.360000000000000000e+02 3.594325121792879685e+01 3.520434388880416776e+01 1.000000000000000000e+00 1.000000000000000000e+00 1.000000000000000000e+00
5.370000000000000000e+02 3.594325121792879685e+01 3.520570752516794499e+01 1.000000000000000000e+00 1.000000000000000000e+00 1.000000000000000000e+00
5.380000000000000000e+02 3.594325121792879685e+01 3.520707116153173644e+01 nan 1.000000000000000000e+00 nan
5.390000000000000000e+02 3.594325121792879685e+01 3.520843479789550656e+01 nan 1.000000000000000000e+00 nan
5.400000000000000000e+02 3.594461485429244618e+01 3.517298025243720616e+01 nan nan nan
5.410000000000000000e+02 3.594461485429244618e+01 3.517434388880097629e+01 nan nan nan
5.420000000000000000e+02 3.594461485429244618e+01 3.517570752516476773e+01 nan nan nan
5.430000000000000000e+02 3.594461485429244618e+01 3.517707116152855207e+01 nan nan nan
5.440000000000000000e+02 3.594461485429244618e+01 3.517843479789233641e+01 nan nan nan
5.450000000000000000e+02 3.594461485429244618e+01 3.517979843425610653e+01 nan nan nan
5.460000000000000000e+02 3.594461485429243908e+01 3.518116207061988376e+01 nan nan nan
5.470000000000000000e+02 3.594461485429244618e+01 3.518252570698367521e+01 nan nan nan
5.480000000000000000e+02 3.594461485429243908e+01 3.518388934334745954e+01 nan nan nan
5.490000000000000000e+02 3.594461485429244618e+01 3.518525297971123678e+01 nan nan nan
5.500000000000000000e+02 3.594461485429244618e+01 3.518661661607500690e+01 nan nan nan
5.510000000000000000e+02 3.594461485429243908e+01 3.518798025243879835e+01 nan nan nan
5.520000000000000000e+02 3.594461485429244618e+01 3.518934388880257558e+01 nan nan nan
5.530000000000000000e+02 3.594461485429243908e+01 3.519070752516634570e+01 nan nan nan
5.540000000000000000e+02 3.594461485429244618e+01 3.519207116153013004e+01 nan nan nan
5.550000000000000000e+02 3.594461485429244618e+01 3.519343479789392148e+01 nan 1.000000000000000000e+00 nan
5.560000000000000000e+02 3.594461485429244618e+01 3.519479843425769872e+01 nan 1.000000000000000000e+00 nan
5.570000000000000000e+02 3.594461485429243908e+01 3.519616207062147595e+01 nan 1.000000000000000000e+00 nan
5.580000000000000000e+02 3.594461485429243908e+01 3.519752570698526029e+01 1.000000000000000000e+00 1.000000000000000000e+00 1.000000000000000000e+00
5.590000000000000000e+02 3.594461485429244618e+01 3.519888934334903752e+01 nan 1.000000000000000000e+00 nan
5.600000000000000000e+02 3.594461485429244618e+01 3.520025297971282185e+01 nan 1.000000000000000000e+00 nan
5.610000000000000000e+02 3.594461485429244618e+01 3.520161661607659909e+01 nan 1.000000000000000000e+00 nan
5.620000000000000000e+02 3.594461485429244618e+01 3.520298025244037632e+01 1.000000000000000000e+00 1.000000000000000000e+00 1.000000000000000000e+00
5.630000000000000000e+02 3.594461485429243908e+01 3.520434388880416066e+01 nan 1.000000000000000000e+00 nan
5.640000000000000000e+02 3.594461485429244618e+01 3.520570752516794499e+01 nan 1.000000000000000000e+00 nan
5.650000000000000000e+02 3.594461485429244618e+01 3.520707116153172933e+01 nan 1.000000000000000000e+00 nan
5.660000000000000000e+02 3.594461485429243908e+01 3.520843479789550656e+01 nan 1.000000000000000000e+00 nan
5.670000000000000000e+02 3.594597849065607420e+01 3.517298025243720616e+01 nan nan nan
5.680000000000000000e+02 3.594597849065606709e+01 3.517434388880098339e+01 nan nan nan
5.690000000000000000e+02 3.594597849065606709e+01 3.517570752516476773e+01 nan nan nan
5.700000000000000000e+02 3.594597849065606709e+01 3.517707116152855207e+01 nan nan nan
5.710000000000000000e+02 3.594597849065607420e+01 3.517843479789232930e+01 nan nan nan
5.720000000000000000e+02 3.594597849065606709e+01 3.517979843425610653e+01 nan nan nan
5.730000000000000000e+02 3.594597849065606709e+01 3.518116207061988376e+01 nan nan nan
5.740000000000000000e+02 3.594597849065606709e+01 3.518252570698366100e+01 nan nan nan
5.750000000000000000e+02 3.594597849065606709e+01 3.518388934334745954e+01 nan nan nan
5.760000000000000000e+02 3.594597849065606709e+01 3.518525297971122967e+01 nan nan nan
5.770000000000000000e+02 3.594597849065606709e+01 3.518661661607500690e+01 nan nan nan
5.780000000000000000e+02 3.594597849065608131e+01 3.518798025243879835e+01 nan nan nan
5.790000000000000000e+02 3.594597849065607420e+01 3.518934388880257558e+01 nan nan nan
5.800000000000000000e+02 3.594597849065606709e+01 3.519070752516634570e+01 1.000000000000000000e+00 nan nan
5.810000000000000000e+02 3.594597849065606709e+01 3.519207116153013715e+01 nan nan nan
5.820000000000000000e+02 3.594597849065608131e+01 3.519343479789391438e+01 nan 1.000000000000000000e+00 nan
5.830000000000000000e+02 3.594597849065606709e+01 3.519479843425769872e+01 nan 1.000000000000000000e+00 nan
5.840000000000000000e+02 3.594597849065607420e+01 3.519616207062147595e+01 nan 1.000000000000000000e+00 nan
5.850000000000000000e+02 3.594597849065606709e+01 3.519752570698526029e+01 nan 1.000000000000000000e+00 nan
5.860000000000000000e+02 3.594597849065607420e+01 3.519888934334903752e+01 nan 1.000000000000000000e+00 nan
5.870000000000000000e+02 3.594597849065607420e+01 3.520025297971282185e+01 nan 1.000000000000000000e+00 nan
5.880000000000000000e+02 3.594597849065607420e+01 3.520161661607660619e+01 1.000000000000000000e+00 1.000000000000000000e+00 1.000000000000000000e+00
5.890000000000000000e+02 3.594597849065607420e+01 3.520298025244038342e+01 nan 1.000000000000000000e+00 nan
5.900000000000000000e+02 3.594597849065606709e+01 3.520434388880416776e+01 nan 1.000000000000000000e+00 nan
5.910000000000000000e+02 3.594597849065607420e+01 3.520570752516794499e+01 nan 1.000000000000000000e+00 nan
5.920000000000000000e+02 3.594597849065607420e+01 3.520707116153173644e+01 nan 1.000000000000000000e+00 nan
5.930000000000000000e+02 3.594597849065607420e+01 3.520843479789550656e+01 nan 1.000000000000000000e+00 nan
