1.000000000000000000e+00 5.859375000000000000e-01
3.000000000000000000e+00 6.641556200867525517e-01
5.000000000000000000e+00 7.085232164187026394e-01
7.000000000000000000e+00 7.414211440082638660e-01
9.000000000000000000e+00 7.687366617887008147e-01
1.100000000000000000e+01 7.927446949148213573e-01
1.300000000000000000e+01 8.141273512487745556e-01
1.500000000000000000e+01 8.328459452213536895e-01
1.700000000000000000e+01 8.489196676437307243e-01
1.900000000000000000e+01 8.620581943994030105e-01
2.100000000000000000e+01 8.723761445119289082e-01
2.300000000000000000e+01 8.803681440126718272e-01
2.500000000000000000e+01 8.861996037944502858e-01
2.700000000000000000e+01 8.902467972336773894e-01
2.900000000000000000e+01 8.928575940892793383e-01
3.100000000000000000e+01 8.943750140151633943e-01
3.300000000000000000e+01 8.949052889897685104e-01
3.500000000000000000e+01 8.948878252261059929e-01
3.700000000000000000e+01 8.946092553468434350e-01
3.900000000000000000e+01 8.941800842653084835e-01
4.100000000000000000e+01 8.938179637646919140e-01
4.300000000000000000e+01 8.934538999243132329e-01
4.500000000000000000e+01 8.929708941725260640e-01
4.700000000000000000e+01 8.923766134220472157e-01
4.900000000000000000e+01 8.917220668660367222e-01
5.100000000000000000e+01 8.910363508793350817e-01
5.300000000000000000e+01 8.904091914387083362e-01
5.500000000000000000e+01 8.898340160181061886e-01
5.700000000000000000e+01 8.892421057351881375e-01
5.900000000000000000e+01 8.886229182428904139e-01
6.100000000000000000e+01 8.880035892273243636e-01
6.300000000000000000e+01 8.874302593408759376e-01
6.500000000000000000e+01 8.868777605636728456e-01
6.700000000000000000e+01 8.864001918044784878e-01
6.900000000000000000e+01 8.860361153488142127e-01
7.100000000000000000e+01 8.855955691787501527e-01
7.300000000000000000e+01 8.850782678334661036e-01
7.500000000000000000e+01 8.844039323911861983e-01
7.700000000000000000e+01 8.835685037063643055e-01
7.900000000000000000e+01 8.827062292949280353e-01
8.100000000000000000e+01 8.816576281396713011e-01
8.300000000000000000e+01 8.804578582379878338e-01
8.500000000000000000e+01 8.791255523966882146e-01
8.700000000000000000e+01 8.776525816761490129e-01
8.900000000000000000e+01 8.762589110184856311e-01
9.100000000000000000e+01 8.750100174319690449e-01
9.300000000000000000e+01 8.740157964389829726e-01
9.500000000000000000e+01 8.731207893942393161e-01
9.700000000000000000e+01 8.723418201862791488e-01
9.900000000000000000e+01 8.716823890718656820e-01
1.010000000000000000e+02 8.711621143606054218e-01
1.030000000000000000e+02 8.707850017832320377e-01
1.050000000000000000e+02 8.705924887572386028e-01
1.070000000000000000e+02 8.705924887572387139e-01
1.090000000000000000e+02 8.705924887572393800e-01
1.110000000000000000e+02 8.705924887572383808e-01
1.130000000000000000e+02 8.705924887572387139e-01
1.150000000000000000e+02 8.705924887572384918e-01
1.170000000000000000e+02 8.705924887572389359e-01
1.190000000000000000e+02 8.705924887572393800e-01
1.210000000000000000e+02 8.705924887572384918e-01
1.230000000000000000e+02 8.705924887572389359e-01
1.250000000000000000e+02 8.705924887572390469e-01
1.270000000000000000e+02 8.705924887572384918e-01
1.290000000000000000e+02 8.705924887572388249e-01
1.310000000000000000e+02 8.705924887572391579e-01
1.330000000000000000e+02 8.705924887572390469e-01
1.350000000000000000e+02 8.705924887572386028e-01
1.370000000000000000e+02 8.705924887572386028e-01
1.390000000000000000e+02 8.705924887572389359e-01
1.410000000000000000e+02 8.705924887572383808e-01
1.430000000000000000e+02 8.705924887572391579e-01
1.450000000000000000e+02 8.705924887572389359e-01
1.470000000000000000e+02 8.705924887572386028e-01
1.490000000000000000e+02 8.705924887572388249e-01
