1.000000000000000000e+00 0.000000000000000000e+00
3.000000000000000000e+00 6.475246618098395857e-05
5.000000000000000000e+00 1.018887142084645703e-04
7.000000000000000000e+00 1.207275361578830086e-04
9.000000000000000000e+00 1.337939177452618367e-04
1.100000000000000000e+01 1.457126479902370875e-04
1.300000000000000000e+01 1.582026288272642134e-04
1.500000000000000000e+01 1.720363906818622723e-04
1.700000000000000000e+01 1.868232684917314756e-04
1.900000000000000000e+01 2.034418291985140570e-04
2.100000000000000000e+01 2.223594711984189232e-04
2.300000000000000000e+01 2.422449640488988365e-04
2.500000000000000000e+01 2.623265938410668241e-04
2.700000000000000000e+01 2.826844506028658444e-04
2.900000000000000000e+01 3.049038496085731964e-04
3.100000000000000000e+01 3.297917280431494902e-04
3.300000000000000000e+01 3.564919112907238841e-04
3.500000000000000000e+01 3.844469249520976462e-04
3.700000000000000000e+01 4.132443882465253182e-04
3.900000000000000000e+01 4.425477590893622803e-04
4.100000000000000000e+01 4.721876168426453191e-04
4.300000000000000000e+01 5.020921283945822822e-04
4.500000000000000000e+01 5.322195537145191224e-04
4.700000000000000000e+01 5.625462119980273457e-04
4.900000000000000000e+01 5.930527074685665312e-04
5.100000000000000000e+01 6.236993933841361581e-04
5.300000000000000000e+01 6.544562836493517111e-04
5.500000000000000000e+01 6.852756080316657616e-04
5.700000000000000000e+01 7.161359967418068351e-04
5.900000000000000000e+01 7.470480030646875491e-04
6.100000000000000000e+01 7.779896681392450830e-04
6.300000000000000000e+01 8.089543378905217352e-04
6.500000000000000000e+01 8.399410192885259363e-04
6.700000000000000000e+01 8.709790860795818546e-04
6.900000000000000000e+01 9.021310409149663201e-04
7.100000000000000000e+01 9.334912546625773189e-04
7.300000000000000000e+01 9.651199133553500786e-04
7.500000000000000000e+01 9.970437328448156222e-04
7.700000000000000000e+01 1.029271082448102170e-03
7.900000000000000000e+01 1.061796029766082228e-03
8.100000000000000000e+01 1.094587287893244998e-03
8.300000000000000000e+01 1.127615664064385292e-03
8.500000000000000000e+01 1.160865550431378068e-03
8.700000000000000000e+01 1.194345383042527686e-03
8.900000000000000000e+01 1.228060764833394103e-03
9.100000000000000000e+01 1.262016271050936389e-03
9.300000000000000000e+01 1.296201993939205543e-03
9.500000000000000000e+01 1.330589862267306245e-03
9.700000000000000000e+01 1.365163654125867154e-03
9.900000000000000000e+01 1.399912299714700659e-03
1.010000000000000000e+02 1.434825906409753493e-03
1.030000000000000000e+02 1.469794807014812577e-03
1.050000000000000000e+02 1.504638061109342395e-03
1.070000000000000000e+02 1.539555197445419132e-03
1.090000000000000000e+02 1.574412753866938353e-03
1.110000000000000000e+02 1.609392178685387087e-03
1.130000000000000000e+02 1.644481726649660303e-03
1.150000000000000000e+02 1.679882877619554016e-03
1.170000000000000000e+02 1.715595001052339086e-03
1.190000000000000000e+02 1.751607130675014723e-03
1.210000000000000000e+02 1.787910998924391315e-03
1.230000000000000000e+02 1.824512336359052078e-03
1.250000000000000000e+02 1.861431272960789585e-03
1.270000000000000000e+02 1.898679242535616929e-03
1.290000000000000000e+02 1.936275687027699810e-03
1.310000000000000000e+02 1.974221443046486613e-03
1.330000000000000000e+02 2.012535705009921294e-03
1.350000000000000000e+02 2.051232534034941324e-03
1.370000000000000000e+02 2.090335249515185012e-03
1.390000000000000000e+02 2.129866752953679665e-03
1.410000000000000000e+02 2.169841732203692253e-03
1.430000000000000000e+02 2.210251073706981373e-03
1.450000000000000000e+02 2.251111658361448775e-03
1.470000000000000000e+02 2.292435341623044742e-03
1.490000000000000000e+02 2.334233698726317918e-03
