0.000000000000000000e+00 3.590954107111151217e+01 3.516982168310092050e+01 nan 1.000000000000000000e+00 nan
1.000000000000000000e+00 3.590954107111151217e+01 3.517118531946471194e+01 1.000000000000000000e+00 1.000000000000000000e+00 1.000000000000000000e+00
2.000000000000000000e+00 3.590954107111151217e+01 3.517254895582848917e+01 nan 1.000000000000000000e+00 nan
3.000000000000000000e+00 3.590954107111151217e+01 3.517391259219227351e+01 1.000000000000000000e+00 1.000000000000000000e+00 1.000000000000000000e+00
4.000000000000000000e+00 3.590954107111150506e+01 3.517527622855605784e+01 nan 1.000000000000000000e+00 nan
5.000000000000000000e+00 3.590954107111150506e+01 3.517663986491983508e+01 1.000000000000000000e+00 1.000000000000000000e+00 1.000000000000000000e+00
6.000000000000000000e+00 3.590954107111149796e+01 3.517800350128360520e+01 nan 1.000000000000000000e+00 nan
7.000000000000000000e+00 3.590954107111150506e+01 3.517936713764739665e+01 nan 1.000000000000000000e+00 nan
8.000000000000000000e+00 3.590954107111151217e+01 3.518073077401117388e+01 nan 1.000000000000000000e+00 nan
9.000000000000000000e+00 3.590954107111151217e+01 3.518209441037496532e+01 nan 1.000000000000000000e+00 nan
1.000000000000000000e+01 3.590954107111151217e+01 3.518345804673874255e+01 nan 1.000000000000000000e+00 nan
1.100000000000000000e+01 3.590954107111151217e+01 3.518482168310252689e+01 nan 1.000000000000000000e+00 nan
1.200000000000000000e+01 3.590954107111150506e+01 3.518618531946630412e+01 nan 1.000000000000000000e+00 nan
1.300000000000000000e+01 3.590954107111150506e+01 3.518754895583007425e+01 nan 1.000000000000000000e+00 nan
1.400000000000000000e+01 3.590954107111150506e+01 3.518891259219386569e+01 nan 1.000000000000000000e+00 nan
1.500000000000000000e+01 3.590954107111150506e+01 3.519027622855765003e+01 nan 1.000000000000000000e+00 nan
1.600000000000000000e+01 3.590954107111151217e+01 3.519163986492142726e+01 nan 1.000000000000000000e+00 nan
1.700000000000000000e+01 3.590954107111150506e+01 3.519300350128521870e+01 nan 1.000000000000000000e+00 nan
1.800000000000000000e+01 3.590954107111150506e+01 3.519436713764898172e+01 nan 1.000000000000000000e+00 nan
1.900000000000000000e+01 3.590954107111149796e+01 3.519573077401275896e+01 nan 1.000000000000000000e+00 nan
2.000000000000000000e+01 3.590954107111151217e+01 3.519709441037655040e+01 nan 1.000000000000000000e+00 nan
2.100000000000000000e+01 3.590954107111150506e+01 3.519845804674032053e+01 nan 1.000000000000000000e+00 nan
2.200000000000000000e+01 3.590954107111151217e+01 3.519982168310410486e+01 nan 1.000000000000000000e+00 nan
2.300000000000000000e+01 3.590954107111150506e+01 3.520118531946789631e+01 nan 1.000000000000000000e+00 nan
2.400000000000000000e+01 3.590954107111151217e+01 3.520254895583167354e+01 nan 1.000000000000000000e+00 nan
2.500000000000000000e+01 3.591090470747514729e+01 3.516982168310092050e+01 1.000000000000000000e+00 1.000000000000000000e+00 1.000000000000000000e+00
2.600000000000000000e+01 3.591090470747514019e+01 3.517118531946471194e+01 1.000000000000000000e+00 1.000000000000000000e+00 1.000000000000000000e+00
2.700000000000000000e+01 3.591090470747514019e+01 3.517254895582848917e+01 nan 1.000000000000000000e+00 nan
2.800000000000000000e+01 3.591090470747514019e+01 3.517391259219227351e+01 1.000000000000000000e+00 1.000000000000000000e+00 1.000000000000000000e+00
2.900000000000000000e+01 3.591090470747514019e+01 3.517527622855605784e+01 1.000000000000000000e+00 1.000000000000000000e+00 1.000000000000000000e+00
3.000000000000000000e+01 3.591090470747514019e+01 3.517663986491983508e+01 1.000000000000000000e+00 1.000000000000000000e+00 1.000000000000000000e+00
3.100000000000000000e+01 3.591090470747514729e+01 3.517800350128360520e+01 nan 1.000000000000000000e+00 nan
3.200000000000000000e+01 3.591090470747514729e+01 3.517936713764739665e+01 nan 1.000000000000000000e+00 nan
3.300000000000000000e+01 3.591090470747514019e+01 3.518073077401117388e+01 nan 1.000000000000000000e+00 nan
3.400000000000000000e+01 3.591090470747514019e+01 3.518209441037496532e+01 nan 1.000000000000000000e+00 nan
3.500000000000000000e+01 3.591090470747514729e+01 3.518345804673874255e+01 nan 1.000000000000000000e+00 nan
3.600000000000000000e+01 3.591090470747514729e+01 3.518482168310252689e+01 nan 1.000000000000000000e+00 nan
3.700000000000000000e+01 3.591090470747514019e+01 3.518618531946630412e+01 nan 1.000000000000000000e+00 nan
3.800000000000000000e+01 3.591090470747514019e+01 3.518754895583007425e+01 nan 1.000000000000000000e+00 nan
3.900000000000000000e+01 3.591090470747514729e+01 3.518891259219386569e+01 nan 1.000000000000000000e+00 nan
4.000000000000000000e+01 3.591090470747513308e+01 3.519027622855765003e+01 nan 1.000000000000000000e+00 nan
4.100000000000000000e+01 3.591090470747514019e+01 3.519163986492142726e+01 nan 1.000000000000000000e+00 nan
4.200000000000000000e+01 3.591090470747514729e+01 3.519300350128521870e+01 nan 1.000000000000000000e+00 nan
4.300000000000000000e+01 3.591090470747514729e+01 3.519436713764898172e+01 nan 1.000000000000000000e+00 nan
4.400000000000000000e+01 3.591090470747514019e+01 3.519573077401275896e+01 nan 1.000000000000000000e+00 nan
4.500000000000000000e+01 3.591090470747514019e+01 3.519709441037655040e+01 nan 1.000000000000000000e+00 nan
4.600000000000000000e+01 3.591090470747514019e+01 3.519845804674032053e+01 nan 1.000000000000000000e+00 nan
4.700000000000000000e+01 3.591090470747514019e+01 3.519982168310410486e+01 nan 1.000000000000000000e+00 nan
4.800000000000000000e+01 3.591090470747514019e+01 3.520118531946789631e+01 nan 1.000000000000000000e+00 nan
4.900000000000000000e+01 3.591090470747514729e+01 3.520254895583167354e+01 nan 1.000000000000000000e+00 nan
5.000000000000000000e+01 3.591226834383877531e+01 3.516982168310093471e+01 nan 1.000000000000000000e+00 nan
5.100000000000000000e+01 3.591226834383877531e+01 3.517118531946471194e+01 1.000000000000000000e+00 1.000000000000000000e+00 1.000000000000000000e+00
5.200000000000000000e+01 3.591226834383877531e+01 3.517254895582848917e+01 1.000000000000000000e+00 1.000000000000000000e+00 1.000000000000000000e+00
5.300000000000000000e+01 3.591226834383877531e+01 3.517391259219227351e+01 1.000000000000000000e+00 1.000000000000000000e+00 1.000000000000000000e+00
5.400000000000000000e+01 3.591226834383878241e+01 3.517527622855605784e+01 1.000000000000000000e+00 1.000000000000000000e+00 1.000000000000000000e+00
5.500000000000000000e+01 3.591226834383877531e+01 3.517663986491984218e+01 1.000000000000000000e+00 1.000000000000000000e+00 1.000000000000000000e+00
5.600000000000000000e+01 3.591226834383878241e+01 3.517800350128360520e+01 1.000000000000000000e+00 1.000000000000000000e+00 1.000000000000000000e+00
5.700000000000000000e+01 3.591226834383878241e+01 3.517936713764739665e+01 nan 1.000000000000000000e+00 nan
5.800000000000000000e+01 3.591226834383877531e+01 3.518073077401117388e+01 nan 1.000000000000000000e+00 nan
5.900000000000000000e+01 3.591226834383878241e+01 3.518209441037496532e+01 nan 1.000000000000000000e+00 nan
6.000000000000000000e+01 3.591226834383877531e+01 3.518345804673874255e+01 nan 1.000000000000000000e+00 nan
6.100000000000000000e+01 3.591226834383877531e+01 3.518482168310252689e+01 nan 1.000000000000000000e+00 nan
6.200000000000000000e+01 3.591226834383878241e+01 3.518618531946629702e+01 nan 1.000000000000000000e+00 nan
6.300000000000000000e+01 3.591226834383878241e+01 3.518754895583008135e+01 nan 1.000000000000000000e+00 nan
6.400000000000000000e+01 3.591226834383877531e+01 3.518891259219386569e+01 nan 1.000000000000000000e+00 nan
6.500000000000000000e+01 3.591226834383877531e+01 3.519027622855765003e+01 nan 1.000000000000000000e+00 nan
6.600000000000000000e+01 3.591226834383877531e+01 3.519163986492142726e+01 nan 1.000000000000000000e+00 nan
6.700000000000000000e+01 3.591226834383878241e+01 3.519300350128520449e+01 nan 1.000000000000000000e+00 nan
6.800000000000000000e+01 3.591226834383878241e+01 3.519436713764898172e+01 nan 1.000000000000000000e+00 nan
6.900000000000000000e+01 3.591226834383877531e+01 3.519573077401275896e+01 nan 1.000000000000000000e+00 nan
7.000000000000000000e+01 3.591226834383877531e+01 3.519709441037655040e+01 nan 1.000000000000000000e+00 nan
7.100000000000000000e+01 3.591226834383877531e+01 3.519845804674033474e+01 nan 1.000000000000000000e+00 nan
7.200000000000000000e+01 3.591226834383878241e+01 3.519982168310411197e+01 nan 1.000000000000000000e+00 nan
7.300000000000000000e+01 3.591226834383877531e+01 3.520118531946789631e+01 nan 1.000000000000000000e+00 nan
7.400000000000000000e+01 3.591226834383878241e+01 3.520254895583167354e+01 nan 1.000000000000000000e+00 nan
7.500000000000000000e+01 3.591363198020241754e+01 3.516982168310092050e+01 1.000000000000000000e+00 1.000000000000000000e+00 1.000000000000000000e+00
7.600000000000000000e+01 3.591363198020241754e+01 3.517118531946471194e+01 1.000000000000000000e+00 1.000000000000000000e+00 1.000000000000000000e+00
7.700000000000000000e+01 3.591363198020241754e+01 3.517254895582848917e+01 1.000000000000000000e+00 1.000000000000000000e+00 1.000000000000000000e+00
7.800000000000000000e+01 3.591363198020241754e+01 3.517391259219227351e+01 1.000000000000000000e+00 1.000000000000000000e+00 1.000000000000000000e+00
7.900000000000000000e+01 3.591363198020241754e+01 3.517527622855605784e+01 1.000000000000000000e+00 1.000000000000000000e+00 1.000000000000000000e+00
8.000000000000000000e+01 3.591363198020241754e+01 3.517663986491983508e+01 1.000000000000000000e+00 1.000000000000000000e+00 1.000000000000000000e+00
8.100000000000000000e+01 3.591363198020241754e+01 3.517800350128360520e+01 nan 1.000000000000000000e+00 nan
8.200000000000000000e+01 3.591363198020241754e+01 3.517936713764739665e+01 nan 1.000000000000000000e+00 nan
8.300000000000000000e+01 3.591363198020241754e+01 3.518073077401117388e+01 nan 1.000000000000000000e+00 nan
8.400000000000000000e+01 3.591363198020241754e+01 3.518209441037496532e+01 1.000000000000000000e+00 1.000000000000000000e+00 1.000000000000000000e+00
8.500000000000000000e+01 3.591363198020241754e+01 3.518345804673874255e+01 nan 1.000000000000000000e+00 nan
8.600000000000000000e+01 3.591363198020241754e+01 3.518482168310252689e+01 nan 1.000000000000000000e+00 nan
8.700000000000000000e+01 3.591363198020241754e+01 3.518618531946630412e+01 nan 1.000000000000000000e+00 nan
8.800000000000000000e+01 3.591363198020241754e+01 3.518754895583007425e+01 nan 1.000000000000000000e+00 nan
8.900000000000000000e+01 3.591363198020241754e+01 3.518891259219386569e+01 nan 1.000000000000000000e+00 nan
9.000000000000000000e+01 3.591363198020241754e+01 3.519027622855765003e+01 nan 1.000000000000000000e+00 nan
9.100000000000000000e+01 3.591363198020241754e+01 3.519163986492142726e+01 nan 1.000000000000000000e+00 nan
9.200000000000000000e+01 3.591363198020241754e+01 3.519300350128521870e+01 nan 1.000000000000000000e+00 nan
9.300000000000000000e+01 3.591363198020241754e+01 3.519436713764898172e+01 nan 1.000000000000000000e+00 nan
9.400000000000000000e+01 3.591363198020242464e+01 3.519573077401275896e+01 nan 1.000000000000000000e+00 nan
9.500000000000000000e+01 3.591363198020241754e+01 3.519709441037655040e+01 nan 1.000000000000000000e+00 nan
9.600000000000000000e+01 3.591363198020241754e+01 3.519845804674032053e+01 nan 1.000000000000000000e+00 nan
9.700000000000000000e+01 3.591363198020241754e+01 3.519982168310410486e+01 nan 1.000000000000000000e+00 nan
9.800000000000000000e+01 3.591363198020241754e+01 3.520118531946789631e+01 nan 1.000000000000000000e+00 nan
9.900000000000000000e+01 3.591363198020241754e+01 3.520254895583167354e+01 nan 1.000000000000000000e+00 nan
1.000000000000000000e+02 3.591499561656605977e+01 3.516982168310093471e+01 1.000000000000000000e+00 1.000000000000000000e+00 1.000000000000000000e+00
1.010000000000000000e+02 3.591499561656605977e+01 3.517118531946471194e+01 1.000000000000000000e+00 1.000000000000000000e+00 1.000000000000000000e+00
1.020000000000000000e+02 3.591499561656605977e+01 3.517254895582848206e+01 1.000000000000000000e+00 1.000000000000000000e+00 1.000000000000000000e+00
1.030000000000000000e+02 3.591499561656605977e+01 3.517391259219227351e+01 1.000000000000000000e+00 1.000000000000000000e+00 1.000000000000000000e+00
1.040000000000000000e+02 3.591499561656605977e+01 3.517527622855605784e+01 1.000000000000000000e+00 1.000000000000000000e+00 1.000000000000000000e+00
1.050000000000000000e+02 3.591499561656605977e+01 3.517663986491982797e+01 1.000000000000000000e+00 1.000000000000000000e+00 1.000000000000000000e+00
1.060000000000000000e+02 3.591499561656605977e+01 3.517800350128361231e+01 1.000000000000000000e+00 1.000000000000000000e+00 1.000000000000000000e+00
1.070000000000000000e+02 3.591499561656605266e+01 3.517936713764739665e+01 nan 1.000000000000000000e+00 nan
1.080000000000000000e+02 3.591499561656605977e+01 3.518073077401118098e+01 1.000000000000000000e+00 1.000000000000000000e+00 1.000000000000000000e+00
1.090000000000000000e+02 3.591499561656605977e+01 3.518209441037496532e+01 nan 1.000000000000000000e+00 nan
1.100000000000000000e+02 3.591499561656605977e+01 3.518345804673874255e+01 nan 1.000000000000000000e+00 nan
1.110000000000000000e+02 3.591499561656605977e+01 3.518482168310251978e+01 nan 1.000000000000000000e+00 nan
1.120000000000000000e+02 3.591499561656605977e+01 3.518618531946629702e+01 nan 1.000000000000000000e+00 nan
1.130000000000000000e+02 3.591499561656605977e+01 3.518754895583008135e+01 nan 1.000000000000000000e+00 nan
1.140000000000000000e+02 3.591499561656605977e+01 3.518891259219385859e+01 nan 1.000000000000000000e+00 nan
1.150000000000000000e+02 3.591499561656605977e+01 3.519027622855765003e+01 nan 1.000000000000000000e+00 nan
1.160000000000000000e+02 3.591499561656605977e+01 3.519163986492142726e+01 nan 1.000000000000000000e+00 nan
1.170000000000000000e+02 3.591499561656605977e+01 3.519300350128520449e+01 nan 1.000000000000000000e+00 nan
1.180000000000000000e+02 3.591499561656605977e+01 3.519436713764898172e+01 nan 1.000000000000000000e+00 nan
1.190000000000000000e+02 3.591499561656605977e+01 3.519573077401275896e+01 nan 1.000000000000000000e+00 nan
1.200000000000000000e+02 3.591499561656605977e+01 3.519709441037655040e+01 nan 1.000000000000000000e+00 nan
1.210000000000000000e+02 3.591499561656605266e+01 3.519845804674032763e+01 nan 1.000000000000000000e+00 nan
1.220000000000000000e+02 3.591499561656605977e+01 3.519982168310411197e+01 nan 1.000000000000000000e+00 nan
1.230000000000000000e+02 3.591499561656605977e+01 3.520118531946789631e+01 nan 1.000000000000000000e+00 nan
1.240000000000000000e+02 3.591499561656605266e+01 3.520254895583167354e+01 nan 1.000000000000000000e+00 nan
1.250000000000000000e+02 3.591635925292969489e+01 3.516982168310092050e+01 1.000000000000000000e+00 1.000000000000000000e+00 1.000000000000000000e+00
1.260000000000000000e+02 3.591635925292968778e+01 3.517118531946471194e+01 1.000000000000000000e+00 1.000000000000000000e+00 1.000000000000000000e+00
1.270000000000000000e+02 3.591635925292968778e+01 3.517254895582848917e+01 1.000000000000000000e+00 1.000000000000000000e+00 1.000000000000000000e+00
1.280000000000000000e+02 3.591635925292969489e+01 3.517391259219227351e+01 1.000000000000000000e+00 1.000000000000000000e+00 1.000000000000000000e+00
1.290000000000000000e+02 3.591635925292968778e+01 3.517527622855605784e+01 1.000000000000000000e+00 1.000000000000000000e+00 1.000000000000000000e+00
1.300000000000000000e+02 3.591635925292968778e+01 3.517663986491983508e+01 1.000000000000000000e+00 1.000000000000000000e+00 1.000000000000000000e+00
1.310000000000000000e+02 3.591635925292968778e+01 3.517800350128360520e+01 1.000000000000000000e+00 1.000000000000000000e+00 1.000000000000000000e+00
1.320000000000000000e+02 3.591635925292969489e+01 3.517936713764739665e+01 1.000000000000000000e+00 1.000000000000000000e+00 1.000000000000000000e+00
1.330000000000000000e+02 3.591635925292968778e+01 3.518073077401117388e+01 nan 1.000000000000000000e+00 nan
1.340000000000000000e+02 3.591635925292968778e+01 3.518209441037496532e+01 1.000000000000000000e+00 1.000000000000000000e+00 1.000000000000000000e+00
1.350000000000000000e+02 3.591635925292968778e+01 3.518345804673874255e+01 nan 1.000000000000000000e+00 nan
1.360000000000000000e+02 3.591635925292969489e+01 3.518482168310252689e+01 nan 1.000000000000000000e+00 nan
1.370000000000000000e+02 3.591635925292968778e+01 3.518618531946630412e+01 nan 1.000000000000000000e+00 nan
1.380000000000000000e+02 3.591635925292968778e+01 3.518754895583007425e+01 nan 1.000000000000000000e+00 nan
1.390000000000000000e+02 3.591635925292968778e+01 3.518891259219386569e+01 nan 1.000000000000000000e+00 nan
1.400000000000000000e+02 3.591635925292968778e+01 3.519027622855765003e+01 nan 1.000000000000000000e+00 nan
1.410000000000000000e+02 3.591635925292968778e+01 3.519163986492142726e+01 nan 1.000000000000000000e+00 nan
1.420000000000000000e+02 3.591635925292968778e+01 3.519300350128521870e+01 nan 1.000000000000000000e+00 nan
1.430000000000000000e+02 3.591635925292969489e+01 3.519436713764898172e+01 nan 1.000000000000000000e+00 nan
1.440000000000000000e+02 3.591635925292969489e+01 3.519573077401275896e+01 nan 1.000000000000000000e+00 nan
1.450000000000000000e+02 3.591635925292968778e+01 3.519709441037655040e+01 nan 1.000000000000000000e+00 nan
1.460000000000000000e+02 3.591635925292968778e+01 3.519845804674032053e+01 nan 1.000000000000000000e+00 nan
1.470000000000000000e+02 3.591635925292969489e+01 3.519982168310410486e+01 nan 1.000000000000000000e+00 nan
1.480000000000000000e+02 3.591635925292969489e+01 3.520118531946789631e+01 nan 1.000000000000000000e+00 nan
1.490000000000000000e+02 3.591635925292968778e+01 3.520254895583167354e+01 nan 1.000000000000000000e+00 nan
1.500000000000000000e+02 3.591772288929332291e+01 3.516982168310092050e+01 1.000000000000000000e+00 1.000000000000000000e+00 1.000000000000000000e+00
1.510000000000000000e+02 3.591772288929331580e+01 3.517118531946471194e+01 1.000000000000000000e+00 1.000000000000000000e+00 1.000000000000000000e+00
1.520000000000000000e+02 3.591772288929332291e+01 3.517254895582848917e+01 1.000000000000000000e+00 1.000000000000000000e+00 1.000000000000000000e+00
1.530000000000000000e+02 3.591772288929332291e+01 3.517391259219227351e+01 1.000000000000000000e+00 1.000000000000000000e+00 1.000000000000000000e+00
1.540000000000000000e+02 3.591772288929331580e+01 3.517527622855605784e+01 1.000000000000000000e+00 1.000000000000000000e+00 1.000000000000000000e+00
1.550000000000000000e+02 3.591772288929332291e+01 3.517663986491983508e+01 1.000000000000000000e+00 1.000000000000000000e+00 1.000000000000000000e+00
1.560000000000000000e+02 3.591772288929332291e+01 3.517800350128360520e+01 1.000000000000000000e+00 1.000000000000000000e+00 1.000000000000000000e+00
1.570000000000000000e+02 3.591772288929331580e+01 3.517936713764739665e+01 nan 1.000000000000000000e+00 nan
1.580000000000000000e+02 3.591772288929332291e+01 3.518073077401117388e+01 1.000000000000000000e+00 1.000000000000000000e+00 1.000000000000000000e+00
1.590000000000000000e+02 3.591772288929333001e+01 3.518209441037496532e+01 1.000000000000000000e+00 1.000000000000000000e+00 1.000000000000000000e+00
1.600000000000000000e+02 3.591772288929332291e+01 3.518345804673874255e+01 nan 1.000000000000000000e+00 nan
1.610000000000000000e+02 3.591772288929332291e+01 3.518482168310252689e+01 nan 1.000000000000000000e+00 nan
1.620000000000000000e+02 3.591772288929332291e+01 3.518618531946630412e+01 nan 1.000000000000000000e+00 nan
1.630000000000000000e+02 3.591772288929333001e+01 3.518754895583007425e+01 nan 1.000000000000000000e+00 nan
1.640000000000000000e+02 3.591772288929332291e+01 3.518891259219386569e+01 nan 1.000000000000000000e+00 nan
1.650000000000000000e+02 3.591772288929331580e+01 3.519027622855765003e+01 nan 1.000000000000000000e+00 nan
1.660000000000000000e+02 3.591772288929331580e+01 3.519163986492142726e+01 nan 1.000000000000000000e+00 nan
1.670000000000000000e+02 3.591772288929333001e+01 3.519300350128521870e+01 nan 1.000000000000000000e+00 nan
1.680000000000000000e+02 3.591772288929331580e+01 3.519436713764898172e+01 nan 1.000000000000000000e+00 nan
1.690000000000000000e+02 3.591772288929332291e+01 3.519573077401275896e+01 nan 1.000000000000000000e+00 nan
1.700000000000000000e+02 3.591772288929332291e+01 3.519709441037655040e+01 nan 1.000000000000000000e+00 nan
1.710000000000000000e+02 3.591772288929333001e+01 3.519845804674032053e+01 nan 1.000000000000000000e+00 nan
1.720000000000000000e+02 3.591772288929332291e+01 3.519982168310410486e+01 nan 1.000000000000000000e+00 nan
1.730000000000000000e+02 3.591772288929332291e+01 3.520118531946789631e+01 nan 1.000000000000000000e+00 nan
1.740000000000000000e+02 3.591772288929332291e+01 3.520254895583167354e+01 nan 1.000000000000000000e+00 nan
1.750000000000000000e+02 3.591908652565696514e+01 3.516982168310093471e+01 nan nan nan
1.760000000000000000e+02 3.591908652565696514e+01 3.517118531946471194e+01 1.000000000000000000e+00 nan nan
1.770000000000000000e+02 3.591908652565695803e+01 3.517254895582848206e+01 1.000000000000000000e+00 1.000000000000000000e+00 1.000000000000000000e+00
1.780000000000000000e+02 3.591908652565696514e+01 3.517391259219227351e+01 1.000000000000000000e+00 1.000000000000000000e+00 1.000000000000000000e+00
1.790000000000000000e+02 3.591908652565696514e+01 3.517527622855605784e+01 1.000000000000000000e+00 1.000000000000000000e+00 1.000000000000000000e+00
1.800000000000000000e+02 3.591908652565695803e+01 3.517663986491982797e+01 1.000000000000000000e+00 1.000000000000000000e+00 1.000000000000000000e+00
1.810000000000000000e+02 3.591908652565695803e+01 3.517800350128361231e+01 1.000000000000000000e+00 1.000000000000000000e+00 1.000000000000000000e+00
1.820000000000000000e+02 3.591908652565696514e+01 3.517936713764739665e+01 nan 1.000000000000000000e+00 nan
1.830000000000000000e+02 3.591908652565696514e+01 3.518073077401118098e+01 1.000000000000000000e+00 1.000000000000000000e+00 1.000000000000000000e+00
1.840000000000000000e+02 3.591908652565695803e+01 3.518209441037496532e+01 1.000000000000000000e+00 1.000000000000000000e+00 1.000000000000000000e+00
1.850000000000000000e+02 3.591908652565696514e+01 3.518345804673874255e+01 nan 1.000000000000000000e+00 nan
1.860000000000000000e+02 3.591908652565695803e+01 3.518482168310251978e+01 nan 1.000000000000000000e+00 nan
1.870000000000000000e+02 3.591908652565696514e+01 3.518618531946629702e+01 nan 1.000000000000000000e+00 nan
1.880000000000000000e+02 3.591908652565695803e+01 3.518754895583008135e+01 nan 1.000000000000000000e+00 nan
1.890000000000000000e+02 3.591908652565696514e+01 3.518891259219385859e+01 nan 1.000000000000000000e+00 nan
1.900000000000000000e+02 3.591908652565696514e+01 3.519027622855765003e+01 nan 1.000000000000000000e+00 nan
1.910000000000000000e+02 3.591908652565696514e+01 3.519163986492142726e+01 nan 1.000000000000000000e+00 nan
1.920000000000000000e+02 3.591908652565695803e+01 3.519300350128520449e+01 nan 1.000000000000000000e+00 nan
1.930000000000000000e+02 3.591908652565696514e+01 3.519436713764898172e+01 nan 1.000000000000000000e+00 nan
1.940000000000000000e+02 3.591908652565695803e+01 3.519573077401275896e+01 nan 1.000000000000000000e+00 nan
1.950000000000000000e+02 3.591908652565696514e+01 3.519709441037655040e+01 nan 1.000000000000000000e+00 nan
1.960000000000000000e+02 3.591908652565695803e+01 3.519845804674032763e+01 nan 1.000000000000000000e+00 nan
1.970000000000000000e+02 3.591908652565696514e+01 3.519982168310411197e+01 nan 1.000000000000000000e+00 nan
1.980000000000000000e+02 3.591908652565695803e+01 3.520118531946789631e+01 nan 1.000000000000000000e+00 nan
1.990000000000000000e+02 3.591908652565696514e+01 3.520254895583167354e+01 nan 1.000000000000000000e+00 nan
2.000000000000000000e+02 3.592045016202059315e+01 3.516982168310093471e+01 nan nan nan
2.010000000000000000e+02 3.592045016202060026e+01 3.517118531946471194e+01 1.000000000000000000e+00 nan nan
2.020000000000000000e+02 3.592045016202060026e+01 3.517254895582848917e+01 1.000000000000000000e+00 1.000000000000000000e+00 1.000000000000000000e+00
2.030000000000000000e+02 3.592045016202060026e+01 3.517391259219228061e+01 1.000000000000000000e+00 1.000000000000000000e+00 1.000000000000000000e+00
2.040000000000000000e+02 3.592045016202060737e+01 3.517527622855605784e+01 1.000000000000000000e+00 1.000000000000000000e+00 1.000000000000000000e+00
2.050000000000000000e+02 3.592045016202059315e+01 3.517663986491982797e+01 1.000000000000000000e+00 1.000000000000000000e+00 1.000000000000000000e+00
2.060000000000000000e+02 3.592045016202060026e+01 3.517800350128360520e+01 1.000000000000000000e+00 1.000000000000000000e+00 1.000000000000000000e+00
2.070000000000000000e+02 3.592045016202060026e+01 3.517936713764739665e+01 1.000000000000000000e+00 1.000000000000000000e+00 1.000000000000000000e+00
2.080000000000000000e+02 3.592045016202060026e+01 3.518073077401117388e+01 1.000000000000000000e+00 1.000000000000000000e+00 1.000000000000000000e+00
2.090000000000000000e+02 3.592045016202059315e+01 3.518209441037496532e+01 nan 1.000000000000000000e+00 nan
2.100000000000000000e+02 3.592045016202059315e+01 3.518345804673874255e+01 nan 1.000000000000000000e+00 nan
2.110000000000000000e+02 3.592045016202060026e+01 3.518482168310252689e+01 nan 1.000000000000000000e+00 nan
2.120000000000000000e+02 3.592045016202059315e+01 3.518618531946630412e+01 nan 1.000000000000000000e+00 nan
2.130000000000000000e+02 3.592045016202059315e+01 3.518754895583007425e+01 1.000000000000000000e+00 1.000000000000000000e+00 1.000000000000000000e+00
2.140000000000000000e+02 3.592045016202059315e+01 3.518891259219385859e+01 1.000000000000000000e+00 1.000000000000000000e+00 1.000000000000000000e+00
2.150000000000000000e+02 3.592045016202060737e+01 3.519027622855765003e+01 nan 1.000000000000000000e+00 nan
2.160000000000000000e+02 3.592045016202059315e+01 3.519163986492142726e+01 nan 1.000000000000000000e+00 nan
2.170000000000000000e+02 3.592045016202060026e+01 3.519300350128521870e+01 nan 1.000000000000000000e+00 nan
2.180000000000000000e+02 3.592045016202059315e+01 3.519436713764899594e+01 nan 1.000000000000000000e+00 nan
2.190000000000000000e+02 3.592045016202060737e+01 3.519573077401275896e+01 nan 1.000000000000000000e+00 nan
2.200000000000000000e+02 3.592045016202059315e+01 3.519709441037655040e+01 nan 1.000000000000000000e+00 nan
2.210000000000000000e+02 3.592045016202059315e+01 3.519845804674032053e+01 nan 1.000000000000000000e+00 nan
2.220000000000000000e+02 3.592045016202060026e+01 3.519982168310410486e+01 nan 1.000000000000000000e+00 nan
2.230000000000000000e+02 3.592045016202059315e+01 3.520118531946788920e+01 nan 1.000000000000000000e+00 nan
2.240000000000000000e+02 3.592045016202060026e+01 3.520254895583167354e+01 nan 1.000000000000000000e+00 nan
2.250000000000000000e+02 3.592181379838423538e+01 3.516982168310093471e+01 1.000000000000000000e+00 nan nan
2.260000000000000000e+02 3.592181379838423538e+01 3.517118531946471194e+01 1.000000000000000000e+00 nan nan
2.270000000000000000e+02 3.592181379838424249e+01 3.517254895582848206e+01 1.000000000000000000e+00 nan nan
2.280000000000000000e+02 3.592181379838423538e+01 3.517391259219227351e+01 1.000000000000000000e+00 1.000000000000000000e+00 1.000000000000000000e+00
2.290000000000000000e+02 3.592181379838424249e+01 3.517527622855605784e+01 1.000000000000000000e+00 1.000000000000000000e+00 1.000000000000000000e+00
2.300000000000000000e+02 3.592181379838422828e+01 3.517663986491982797e+01 1.000000000000000000e+00 1.000000000000000000e+00 1.000000000000000000e+00
2.310000000000000000e+02 3.592181379838424249e+01 3.517800350128361231e+01 1.000000000000000000e+00 1.000000000000000000e+00 1.000000000000000000e+00
2.320000000000000000e+02 3.592181379838423538e+01 3.517936713764739665e+01 1.000000000000000000e+00 1.000000000000000000e+00 1.000000000000000000e+00
2.330000000000000000e+02 3.592181379838423538e+01 3.518073077401118098e+01 1.000000000000000000e+00 1.000000000000000000e+00 1.000000000000000000e+00
2.340000000000000000e+02 3.592181379838424249e+01 3.518209441037496532e+01 1.000000000000000000e+00 1.000000000000000000e+00 1.000000000000000000e+00
2.350000000000000000e+02 3.592181379838423538e+01 3.518345804673874255e+01 nan 1.000000000000000000e+00 nan
2.360000000000000000e+02 3.592181379838424249e+01 3.518482168310251978e+01 nan 1.000000000000000000e+00 nan
2.370000000000000000e+02 3.592181379838423538e+01 3.518618531946629702e+01 1.000000000000000000e+00 1.000000000000000000e+00 1.000000000000000000e+00
2.380000000000000000e+02 3.592181379838424249e+01 3.518754895583008135e+01 nan 1.000000000000000000e+00 nan
2.390000000000000000e+02 3.592181379838423538e+01 3.518891259219385859e+01 nan 1.000000000000000000e+00 nan
2.400000000000000000e+02 3.592181379838423538e+01 3.519027622855765003e+01 nan 1.000000000000000000e+00 nan
2.410000000000000000e+02 3.592181379838423538e+01 3.519163986492142726e+01 nan 1.000000000000000000e+00 nan
2.420000000000000000e+02 3.592181379838424249e+01 3.519300350128520449e+01 nan 1.000000000000000000e+00 nan
2.430000000000000000e+02 3.592181379838422828e+01 3.519436713764898172e+01 nan 1.000000000000000000e+00 nan
2.440000000000000000e+02 3.592181379838423538e+01 3.519573077401275896e+01 nan 1.000000000000000000e+00 nan
2.450000000000000000e+02 3.592181379838423538e+01 3.519709441037655040e+01 nan 1.000000000000000000e+00 nan
2.460000000000000000e+02 3.592181379838423538e+01 3.519845804674032763e+01 nan 1.000000000000000000e+00 nan
2.470000000000000000e+02 3.592181379838423538e+01 3.519982168310411197e+01 nan 1.000000000000000000e+00 nan
2.480000000000000000e+02 3.592181379838424249e+01 3.520118531946789631e+01 nan 1.000000000000000000e+00 nan
2.490000000000000000e+02 3.592181379838423538e+01 3.520254895583167354e+01 nan 1.000000000000000000e+00 nan
2.500000000000000000e+02 3.592317743474787761e+01 3.516982168310092050e+01 nan nan nan
2.510000000000000000e+02 3.592317743474787051e+01 3.517118531946471194e+01 nan nan nan
2.520000000000000000e+02 3.592317743474787051e+01 3.517254895582848917e+01 1.000000000000000000e+00 nan nan
2.530000000000000000e+02 3.592317743474787051e+01 3.517391259219227351e+01 1.000000000000000000e+00 1.000000000000000000e+00 1.000000000000000000e+00
2.540000000000000000e+02 3.592317743474787051e+01 3.517527622855605784e+01 1.000000000000000000e+00 1.000000000000000000e+00 1.000000000000000000e+00
2.550000000000000000e+02 3.592317743474787761e+01 3.517663986491983508e+01 1.000000000000000000e+00 1.000000000000000000e+00 1.000000000000000000e+00
2.560000000000000000e+02 3.592317743474787761e+01 3.517800350128360520e+01 1.000000000000000000e+00 1.000000000000000000e+00 1.000000000000000000e+00
2.570000000000000000e+02 3.592317743474787761e+01 3.517936713764739665e+01 1.000000000000000000e+00 1.000000000000000000e+00 1.000000000000000000e+00
2.580000000000000000e+02 3.592317743474787761e+01 3.518073077401117388e+01 1.000000000000000000e+00 1.000000000000000000e+00 1.000000000000000000e+00
2.590000000000000000e+02 3.592317743474787051e+01 3.518209441037496532e+01 1.000000000000000000e+00 1.000000000000000000e+00 1.000000000000000000e+00
2.600000000000000000e+02 3.592317743474786340e+01 3.518345804673874255e+01 1.000000000000000000e+00 1.000000000000000000e+00 1.000000000000000000e+00
2.610000000000000000e+02 3.592317743474787761e+01 3.518482168310252689e+01 1.000000000000000000e+00 1.000000000000000000e+00 1.000000000000000000e+00
2.620000000000000000e+02 3.592317743474787051e+01 3.518618531946630412e+01 1.000000000000000000e+00 1.000000000000000000e+00 1.000000000000000000e+00
2.630000000000000000e+02 3.592317743474787761e+01 3.518754895583007425e+01 1.000000000000000000e+00 1.000000000000000000e+00 1.000000000000000000e+00
2.640000000000000000e+02 3.592317743474787051e+01 3.518891259219386569e+01 nan 1.000000000000000000e+00 nan
2.650000000000000000e+02 3.592317743474787761e+01 3.519027622855765003e+01 1.000000000000000000e+00 1.000000000000000000e+00 1.000000000000000000e+00
2.660000000000000000e+02 3.592317743474787051e+01 3.519163986492142726e+01 nan 1.000000000000000000e+00 nan
2.670000000000000000e+02 3.592317743474787761e+01 3.519300350128521870e+01 nan 1.000000000000000000e+00 nan
2.680000000000000000e+02 3.592317743474786340e+01 3.519436713764898172e+01 nan 1.000000000000000000e+00 nan
2.690000000000000000e+02 3.592317743474786340e+01 3.519573077401275896e+01 nan 1.000000000000000000e+00 nan
2.700000000000000000e+02 3.592317743474787761e+01 3.519709441037655040e+01 nan 1.000000000000000000e+00 nan
2.710000000000000000e+02 3.592317743474787761e+01 3.519845804674032053e+01 nan 1.000000000000000000e+00 nan
2.720000000000000000e+02 3.592317743474786340e+01 3.519982168310410486e+01 nan 1.000000000000000000e+00 nan
2.730000000000000000e+02 3.592317743474787051e+01 3.520118531946789631e+01 nan 1.000000000000000000e+00 nan
2.740000000000000000e+02 3.592317743474787761e+01 3.520254895583167354e+01 nan 1.000000000000000000e+00 nan
2.750000000000000000e+02 3.592454107111150563e+01 3.516982168310093471e+01 nan nan nan
2.760000000000000000e+02 3.592454107111150563e+01 3.517118531946471194e+01 1.000000000000000000e+00 nan nan
2.770000000000000000e+02 3.592454107111151274e+01 3.517254895582848917e+01 1.000000000000000000e+00 nan nan
2.780000000000000000e+02 3.592454107111150563e+01 3.517391259219228061e+01 1.000000000000000000e+00 1.000000000000000000e+00 1.000000000000000000e+00
2.790000000000000000e+02 3.592454107111150563e+01 3.517527622855605784e+01 1.000000000000000000e+00 1.000000000000000000e+00 1.000000000000000000e+00
2.800000000000000000e+02 3.592454107111150563e+01 3.517663986491982797e+01 1.000000000000000000e+00 1.000000000000000000e+00 1.000000000000000000e+00
2.810000000000000000e+02 3.592454107111150563e+01 3.517800350128360520e+01 1.000000000000000000e+00 1.000000000000000000e+00 1.000000000000000000e+00
2.820000000000000000e+02 3.592454107111150563e+01 3.517936713764739665e+01 1.000000000000000000e+00 1.000000000000000000e+00 1.000000000000000000e+00
2.830000000000000000e+02 3.592454107111150563e+01 3.518073077401117388e+01 1.000000000000000000e+00 1.000000000000000000e+00 1.000000000000000000e+00
2.840000000000000000e+02 3.592454107111150563e+01 3.518209441037496532e+01 1.000000000000000000e+00 1.000000000000000000e+00 1.000000000000000000e+00
2.850000000000000000e+02 3.592454107111150563e+01 3.518345804673874255e+01 1.000000000000000000e+00 1.000000000000000000e+00 1.000000000000000000e+00
2.860000000000000000e+02 3.592454107111151274e+01 3.518482168310252689e+01 1.000000000000000000e+00 1.000000000000000000e+00 1.000000000000000000e+00
2.870000000000000000e+02 3.592454107111149852e+01 3.518618531946630412e+01 1.000000000000000000e+00 1.000000000000000000e+00 1.000000000000000000e+00
2.880000000000000000e+02 3.592454107111150563e+01 3.518754895583007425e+01 1.000000000000000000e+00 1.000000000000000000e+00 1.000000000000000000e+00
2.890000000000000000e+02 3.592454107111150563e+01 3.518891259219385859e+01 nan 1.000000000000000000e+00 nan
2.900000000000000000e+02 3.592454107111150563e+01 3.519027622855765003e+01 nan 1.000000000000000000e+00 nan
2.910000000000000000e+02 3.592454107111150563e+01 3.519163986492142726e+01 nan 1.000000000000000000e+00 nan
2.920000000000000000e+02 3.592454107111150563e+01 3.519300350128521870e+01 1.000000000000000000e+00 1.000000000000000000e+00 1.000000000000000000e+00
2.930000000000000000e+02 3.592454107111150563e+01 3.519436713764899594e+01 1.000000000000000000e+00 1.000000000000000000e+00 1.000000000000000000e+00
2.940000000000000000e+02 3.592454107111150563e+01 3.519573077401275896e+01 nan 1.000000000000000000e+00 nan
2.950000000000000000e+02 3.592454107111150563e+01 3.519709441037655040e+01 nan 1.000000000000000000e+00 nan
2.960000000000000000e+02 3.592454107111150563e+01 3.519845804674032053e+01 nan 1.000000000000000000e+00 nan
2.970000000000000000e+02 3.592454107111150563e+01 3.519982168310410486e+01 nan 1.000000000000000000e+00 nan
2.980000000000000000e+02 3.592454107111150563e+01 3.520118531946788920e+01 nan 1.000000000000000000e+00 nan
2.990000000000000000e+02 3.592454107111150563e+01 3.520254895583167354e+01 nan 1.000000000000000000e+00 nan
3.000000000000000000e+02 3.592590470747514075e+01 3.516982168310093471e+01 nan nan nan
3.010000000000000000e+02 3.592590470747514075e+01 3.517118531946471194e+01 nan nan nan
3.020000000000000000e+02 3.592590470747514786e+01 3.517254895582848917e+01 1.000000000000000000e+00 nan nan
3.030000000000000000e+02 3.592590470747514786e+01 3.517391259219228061e+01 nan 1.000000000000000000e+00 nan
3.040000000000000000e+02 3.592590470747514075e+01 3.517527622855605784e+01 1.000000000000000000e+00 1.000000000000000000e+00 1.000000000000000000e+00
3.050000000000000000e+02 3.592590470747514075e+01 3.517663986491982797e+01 1.000000000000000000e+00 1.000000000000000000e+00 1.000000000000000000e+00
3.060000000000000000e+02 3.592590470747514075e+01 3.517800350128360520e+01 1.000000000000000000e+00 1.000000000000000000e+00 1.000000000000000000e+00
3.070000000000000000e+02 3.592590470747514075e+01 3.517936713764739665e+01 1.000000000000000000e+00 1.000000000000000000e+00 1.000000000000000000e+00
3.080000000000000000e+02 3.592590470747514786e+01 3.518073077401117388e+01 1.000000000000000000e+00 1.000000000000000000e+00 1.000000000000000000e+00
3.090000000000000000e+02 3.592590470747514786e+01 3.518209441037496532e+01 1.000000000000000000e+00 1.000000000000000000e+00 1.000000000000000000e+00
3.100000000000000000e+02 3.592590470747514075e+01 3.518345804673874255e+01 1.000000000000000000e+00 1.000000000000000000e+00 1.000000000000000000e+00
3.110000000000000000e+02 3.592590470747514075e+01 3.518482168310252689e+01 1.000000000000000000e+00 1.000000000000000000e+00 1.000000000000000000e+00
3.120000000000000000e+02 3.592590470747514075e+01 3.518618531946630412e+01 1.000000000000000000e+00 1.000000000000000000e+00 1.000000000000000000e+00
3.130000000000000000e+02 3.592590470747514075e+01 3.518754895583007425e+01 1.000000000000000000e+00 1.000000000000000000e+00 1.000000000000000000e+00
3.140000000000000000e+02 3.592590470747514075e+01 3.518891259219385859e+01 1.000000000000000000e+00 1.000000000000000000e+00 1.000000000000000000e+00
3.150000000000000000e+02 3.592590470747514075e+01 3.519027622855765003e+01 1.000000000000000000e+00 1.000000000000000000e+00 1.000000000000000000e+00
3.160000000000000000e+02 3.592590470747514786e+01 3.519163986492142726e+01 nan 1.000000000000000000e+00 nan
3.170000000000000000e+02 3.592590470747514075e+01 3.519300350128521870e+01 nan 1.000000000000000000e+00 nan
3.180000000000000000e+02 3.592590470747514786e+01 3.519436713764899594e+01 nan 1.000000000000000000e+00 nan
3.190000000000000000e+02 3.592590470747514075e+01 3.519573077401275896e+01 nan 1.000000000000000000e+00 nan
3.200000000000000000e+02 3.592590470747514075e+01 3.519709441037655040e+01 nan 1.000000000000000000e+00 nan
3.210000000000000000e+02 3.592590470747514075e+01 3.519845804674032053e+01 nan 1.000000000000000000e+00 nan
3.220000000000000000e+02 3.592590470747514786e+01 3.519982168310410486e+01 nan 1.000000000000000000e+00 nan
3.230000000000000000e+02 3.592590470747514075e+01 3.520118531946788920e+01 nan 1.000000000000000000e+00 nan
3.240000000000000000e+02 3.592590470747514786e+01 3.520254895583167354e+01 nan 1.000000000000000000e+00 nan
3.250000000000000000e+02 3.592726834383876877e+01 3.516982168310092050e+01 nan nan nan
3.260000000000000000e+02 3.592726834383877588e+01 3.517118531946471194e+01 1.000000000000000000e+00 nan nan
3.270000000000000000e+02 3.592726834383877588e+01 3.517254895582848917e+01 nan nan nan
3.280000000000000000e+02 3.592726834383877588e+01 3.517391259219227351e+01 1.000000000000000000e+00 nan nan
3.290000000000000000e+02 3.592726834383877588e+01 3.517527622855605784e+01 1.000000000000000000e+00 nan nan
3.300000000000000000e+02 3.592726834383877588e+01 3.517663986491983508e+01 1.000000000000000000e+00 1.000000000000000000e+00 1.000000000000000000e+00
3.310000000000000000e+02 3.592726834383877588e+01 3.517800350128360520e+01 nan 1.000000000000000000e+00 nan
3.320000000000000000e+02 3.592726834383876877e+01 3.517936713764739665e+01 1.000000000000000000e+00 1.000000000000000000e+00 1.000000000000000000e+00
3.330000000000000000e+02 3.592726834383876877e+01 3.518073077401117388e+01 1.000000000000000000e+00 1.000000000000000000e+00 1.000000000000000000e+00
3.340000000000000000e+02 3.592726834383876877e+01 3.518209441037496532e+01 1.000000000000000000e+00 1.000000000000000000e+00 1.000000000000000000e+00
3.350000000000000000e+02 3.592726834383876877e+01 3.518345804673874255e+01 1.000000000000000000e+00 1.000000000000000000e+00 1.000000000000000000e+00
3.360000000000000000e+02 3.592726834383876877e+01 3.518482168310252689e+01 1.000000000000000000e+00 1.000000000000000000e+00 1.000000000000000000e+00
3.370000000000000000e+02 3.592726834383876877e+01 3.518618531946630412e+01 1.000000000000000000e+00 1.000000000000000000e+00 1.000000000000000000e+00
3.380000000000000000e+02 3.592726834383876877e+01 3.518754895583007425e+01 1.000000000000000000e+00 1.000000000000000000e+00 1.000000000000000000e+00
3.390000000000000000e+02 3.592726834383876877e+01 3.518891259219386569e+01 1.000000000000000000e+00 1.000000000000000000e+00 1.000000000000000000e+00
3.400000000000000000e+02 3.592726834383876877e+01 3.519027622855765003e+01 1.000000000000000000e+00 1.000000000000000000e+00 1.000000000000000000e+00
3.410000000000000000e+02 3.592726834383876877e+01 3.519163986492142726e+01 nan 1.000000000000000000e+00 nan
3.420000000000000000e+02 3.592726834383876877e+01 3.519300350128521870e+01 nan 1.000000000000000000e+00 nan
3.430000000000000000e+02 3.592726834383876877e+01 3.519436713764898172e+01 nan 1.000000000000000000e+00 nan
3.440000000000000000e+02 3.592726834383877588e+01 3.519573077401275896e+01 nan 1.000000000000000000e+00 nan
3.450000000000000000e+02 3.592726834383877588e+01 3.519709441037655040e+01 nan 1.000000000000000000e+00 nan
3.460000000000000000e+02 3.592726834383876877e+01 3.519845804674032053e+01 nan 1.000000000000000000e+00 nan
3.470000000000000000e+02 3.592726834383876877e+01 3.519982168310410486e+01 nan 1.000000000000000000e+00 nan
3.480000000000000000e+02 3.592726834383876877e+01 3.520118531946789631e+01 nan 1.000000000000000000e+00 nan
3.490000000000000000e+02 3.592726834383877588e+01 3.520254895583167354e+01 nan 1.000000000000000000e+00 nan
3.500000000000000000e+02 3.592863198020241100e+01 3.516982168310093471e+01 nan nan nan
3.510000000000000000e+02 3.592863198020241100e+01 3.517118531946471194e+01 1.000000000000000000e+00 nan nan
3.520000000000000000e+02 3.592863198020241100e+01 3.517254895582848206e+01 nan nan nan
3.530000000000000000e+02 3.592863198020241100e+01 3.517391259219227351e+01 1.000000000000000000e+00 nan nan
3.540000000000000000e+02 3.592863198020241100e+01 3.517527622855605784e+01 1.000000000000000000e+00 nan nan
3.550000000000000000e+02 3.592863198020241100e+01 3.517663986491982797e+01 1.000000000000000000e+00 1.000000000000000000e+00 1.000000000000000000e+00
3.560000000000000000e+02 3.592863198020241100e+01 3.517800350128361231e+01 1.000000000000000000e+00 1.000000000000000000e+00 1.000000000000000000e+00
3.570000000000000000e+02 3.592863198020241100e+01 3.517936713764739665e+01 1.000000000000000000e+00 1.000000000000000000e+00 1.000000000000000000e+00
3.580000000000000000e+02 3.592863198020241100e+01 3.518073077401118098e+01 1.000000000000000000e+00 1.000000000000000000e+00 1.000000000000000000e+00
3.590000000000000000e+02 3.592863198020241100e+01 3.518209441037496532e+01 1.000000000000000000e+00 1.000000000000000000e+00 1.000000000000000000e+00
3.600000000000000000e+02 3.592863198020241811e+01 3.518345804673874255e+01 1.000000000000000000e+00 1.000000000000000000e+00 1.000000000000000000e+00
3.610000000000000000e+02 3.592863198020241811e+01 3.518482168310251978e+01 1.000000000000000000e+00 1.000000000000000000e+00 1.000000000000000000e+00
3.620000000000000000e+02 3.592863198020241100e+01 3.518618531946629702e+01 1.000000000000000000e+00 1.000000000000000000e+00 1.000000000000000000e+00
3.630000000000000000e+02 3.592863198020241100e+01 3.518754895583008135e+01 1.000000000000000000e+00 1.000000000000000000e+00 1.000000000000000000e+00
3.640000000000000000e+02 3.592863198020241100e+01 3.518891259219385859e+01 1.000000000000000000e+00 1.000000000000000000e+00 1.000000000000000000e+00
3.650000000000000000e+02 3.592863198020241811e+01 3.519027622855765003e+01 1.000000000000000000e+00 1.000000000000000000e+00 1.000000000000000000e+00
3.660000000000000000e+02 3.592863198020241100e+01 3.519163986492142726e+01 1.000000000000000000e+00 1.000000000000000000e+00 1.000000000000000000e+00
3.670000000000000000e+02 3.592863198020240389e+01 3.519300350128520449e+01 1.000000000000000000e+00 1.000000000000000000e+00 1.000000000000000000e+00
3.680000000000000000e+02 3.592863198020241811e+01 3.519436713764898172e+01 nan 1.000000000000000000e+00 nan
3.690000000000000000e+02 3.592863198020241100e+01 3.519573077401275896e+01 1.000000000000000000e+00 1.000000000000000000e+00 1.000000000000000000e+00
3.700000000000000000e+02 3.592863198020241100e+01 3.519709441037655040e+01 nan 1.000000000000000000e+00 nan
3.710000000000000000e+02 3.592863198020241100e+01 3.519845804674032763e+01 nan 1.000000000000000000e+00 nan
3.720000000000000000e+02 3.592863198020241100e+01 3.519982168310411197e+01 1.000000000000000000e+00 1.000000000000000000e+00 1.000000000000000000e+00
3.730000000000000000e+02 3.592863198020241811e+01 3.520118531946789631e+01 1.000000000000000000e+00 1.000000000000000000e+00 1.000000000000000000e+00
3.740000000000000000e+02 3.592863198020241100e+01 3.520254895583167354e+01 nan 1.000000000000000000e+00 nan
3.750000000000000000e+02 3.592999561656604612e+01 3.516982168310093471e+01 nan nan nan
3.760000000000000000e+02 3.592999561656604612e+01 3.517118531946471194e+01 nan nan nan
3.770000000000000000e+02 3.592999561656605323e+01 3.517254895582848206e+01 nan nan nan
3.780000000000000000e+02 3.592999561656605323e+01 3.517391259219227351e+01 1.000000000000000000e+00 nan nan
3.790000000000000000e+02 3.592999561656605323e+01 3.517527622855605784e+01 1.000000000000000000e+00 nan nan
3.800000000000000000e+02 3.592999561656605323e+01 3.517663986491982797e+01 1.000000000000000000e+00 nan nan
3.810000000000000000e+02 3.592999561656605323e+01 3.517800350128361231e+01 1.000000000000000000e+00 1.000000000000000000e+00 1.000000000000000000e+00
3.820000000000000000e+02 3.592999561656604612e+01 3.517936713764739665e+01 1.000000000000000000e+00 1.000000000000000000e+00 1.000000000000000000e+00
3.830000000000000000e+02 3.592999561656605323e+01 3.518073077401118098e+01 1.000000000000000000e+00 1.000000000000000000e+00 1.000000000000000000e+00
3.840000000000000000e+02 3.592999561656605323e+01 3.518209441037496532e+01 1.000000000000000000e+00 1.000000000000000000e+00 1.000000000000000000e+00
3.850000000000000000e+02 3.592999561656605323e+01 3.518345804673874255e+01 1.000000000000000000e+00 1.000000000000000000e+00 1.000000000000000000e+00
3.860000000000000000e+02 3.592999561656605323e+01 3.518482168310251978e+01 1.000000000000000000e+00 1.000000000000000000e+00 1.000000000000000000e+00
3.870000000000000000e+02 3.592999561656605323e+01 3.518618531946629702e+01 1.000000000000000000e+00 1.000000000000000000e+00 1.000000000000000000e+00
3.880000000000000000e+02 3.592999561656605323e+01 3.518754895583008135e+01 1.000000000000000000e+00 1.000000000000000000e+00 1.000000000000000000e+00
3.890000000000000000e+02 3.592999561656605323e+01 3.518891259219385859e+01 1.000000000000000000e+00 1.000000000000000000e+00 1.000000000000000000e+00
3.900000000000000000e+02 3.592999561656605323e+01 3.519027622855765003e+01 1.000000000000000000e+00 1.000000000000000000e+00 1.000000000000000000e+00
3.910000000000000000e+02 3.592999561656604612e+01 3.519163986492142726e+01 1.000000000000000000e+00 1.000000000000000000e+00 1.000000000000000000e+00
3.920000000000000000e+02 3.592999561656604612e+01 3.519300350128520449e+01 1.000000000000000000e+00 1.000000000000000000e+00 1.000000000000000000e+00
3.930000000000000000e+02 3.592999561656605323e+01 3.519436713764898172e+01 nan 1.000000000000000000e+00 nan
3.940000000000000000e+02 3.592999561656605323e+01 3.519573077401275896e+01 nan 1.000000000000000000e+00 nan
3.950000000000000000e+02 3.592999561656605323e+01 3.519709441037655040e+01 nan 1.000000000000000000e+00 nan
3.960000000000000000e+02 3.592999561656605323e+01 3.519845804674032763e+01 nan 1.000000000000000000e+00 nan
3.970000000000000000e+02 3.592999561656605323e+01 3.519982168310411197e+01 nan 1.000000000000000000e+00 nan
3.980000000000000000e+02 3.592999561656605323e+01 3.520118531946789631e+01 nan 1.000000000000000000e+00 nan
3.990000000000000000e+02 3.592999561656605323e+01 3.520254895583167354e+01 nan 1.000000000000000000e+00 nan
4.000000000000000000e+02 3.593135925292968835e+01 3.516982168310092050e+01 nan nan nan
4.010000000000000000e+02 3.593135925292968125e+01 3.517118531946471194e+01 nan nan nan
4.020000000000000000e+02 3.593135925292968835e+01 3.517254895582848917e+01 nan nan nan
4.030000000000000000e+02 3.593135925292969546e+01 3.517391259219227351e+01 1.000000000000000000e+00 nan nan
4.040000000000000000e+02 3.593135925292968125e+01 3.517527622855605784e+01 1.000000000000000000e+00 nan nan
4.050000000000000000e+02 3.593135925292968835e+01 3.517663986491983508e+01 1.000000000000000000e+00 nan nan
4.060000000000000000e+02 3.593135925292968125e+01 3.517800350128360520e+01 1.000000000000000000e+00 1.000000000000000000e+00 1.000000000000000000e+00
4.070000000000000000e+02 3.593135925292969546e+01 3.517936713764739665e+01 1.000000000000000000e+00 1.000000000000000000e+00 1.000000000000000000e+00
4.080000000000000000e+02 3.593135925292968835e+01 3.518073077401117388e+01 1.000000000000000000e+00 1.000000000000000000e+00 1.000000000000000000e+00
4.090000000000000000e+02 3.593135925292968125e+01 3.518209441037496532e+01 1.000000000000000000e+00 1.000000000000000000e+00 1.000000000000000000e+00
4.100000000000000000e+02 3.593135925292968835e+01 3.518345804673874255e+01 1.000000000000000000e+00 1.000000000000000000e+00 1.000000000000000000e+00
4.110000000000000000e+02 3.593135925292968835e+01 3.518482168310252689e+01 1.000000000000000000e+00 1.000000000000000000e+00 1.000000000000000000e+00
4.120000000000000000e+02 3.593135925292968125e+01 3.518618531946630412e+01 1.000000000000000000e+00 1.000000000000000000e+00 1.000000000000000000e+00
4.130000000000000000e+02 3.593135925292968835e+01 3.518754895583007425e+01 1.000000000000000000e+00 1.000000000000000000e+00 1.000000000000000000e+00
4.140000000000000000e+02 3.593135925292968125e+01 3.518891259219386569e+01 1.000000000000000000e+00 1.000000000000000000e+00 1.000000000000000000e+00
4.150000000000000000e+02 3.593135925292968835e+01 3.519027622855765003e+01 1.000000000000000000e+00 1.000000000000000000e+00 1.000000000000000000e+00
4.160000000000000000e+02 3.593135925292968125e+01 3.519163986492142726e+01 nan 1.000000000000000000e+00 nan
4.170000000000000000e+02 3.593135925292968835e+01 3.519300350128521870e+01 1.000000000000000000e+00 1.000000000000000000e+00 1.000000000000000000e+00
4.180000000000000000e+02 3.593135925292969546e+01 3.519436713764898172e+01 nan 1.000000000000000000e+00 nan
4.190000000000000000e+02 3.593135925292968835e+01 3.519573077401275896e+01 1.000000000000000000e+00 1.000000000000000000e+00 1.000000000000000000e+00
4.200000000000000000e+02 3.593135925292968125e+01 3.519709441037655040e+01 1.000000000000000000e+00 1.000000000000000000e+00 1.000000000000000000e+00
4.210000000000000000e+02 3.593135925292968125e+01 3.519845804674032053e+01 nan 1.000000000000000000e+00 nan
4.220000000000000000e+02 3.593135925292969546e+01 3.519982168310410486e+01 1.000000000000000000e+00 1.000000000000000000e+00 1.000000000000000000e+00
4.230000000000000000e+02 3.593135925292968835e+01 3.520118531946789631e+01 nan 1.000000000000000000e+00 nan
4.240000000000000000e+02 3.593135925292968835e+01 3.520254895583167354e+01 nan 1.000000000000000000e+00 nan
4.250000000000000000e+02 3.593272288929333058e+01 3.516982168310093471e+01 nan nan nan
4.260000000000000000e+02 3.593272288929333058e+01 3.517118531946471194e+01 nan nan nan
4.270000000000000000e+02 3.593272288929333058e+01 3.517254895582848206e+01 1.000000000000000000e+00 nan nan
4.280000000000000000e+02 3.593272288929333058e+01 3.517391259219227351e+01 1.000000000000000000e+00 nan nan
4.290000000000000000e+02 3.593272288929333058e+01 3.517527622855605784e+01 1.000000000000000000e+00 nan nan
4.300000000000000000e+02 3.593272288929333058e+01 3.517663986491982797e+01 1.000000000000000000e+00 nan nan
4.310000000000000000e+02 3.593272288929332348e+01 3.517800350128361231e+01 1.000000000000000000e+00 nan nan
4.320000000000000000e+02 3.593272288929333058e+01 3.517936713764739665e+01 1.000000000000000000e+00 nan nan
4.330000000000000000e+02 3.593272288929333058e+01 3.518073077401118098e+01 1.000000000000000000e+00 1.000000000000000000e+00 1.000000000000000000e+00
4.340000000000000000e+02 3.593272288929332348e+01 3.518209441037496532e+01 1.000000000000000000e+00 1.000000000000000000e+00 1.000000000000000000e+00
4.350000000000000000e+02 3.593272288929333058e+01 3.518345804673874255e+01 1.000000000000000000e+00 1.000000000000000000e+00 1.000000000000000000e+00
4.360000000000000000e+02 3.593272288929333058e+01 3.518482168310251978e+01 1.000000000000000000e+00 1.000000000000000000e+00 1.000000000000000000e+00
4.370000000000000000e+02 3.593272288929332348e+01 3.518618531946629702e+01 1.000000000000000000e+00 1.000000000000000000e+00 1.000000000000000000e+00
4.380000000000000000e+02 3.593272288929333058e+01 3.518754895583008135e+01 1.000000000000000000e+00 1.000000000000000000e+00 1.000000000000000000e+00
4.390000000000000000e+02 3.593272288929333058e+01 3.518891259219385859e+01 1.000000000000000000e+00 1.000000000000000000e+00 1.000000000000000000e+00
4.400000000000000000e+02 3.593272288929332348e+01 3.519027622855765003e+01 1.000000000000000000e+00 1.000000000000000000e+00 1.000000000000000000e+00
4.410000000000000000e+02 3.593272288929333058e+01 3.519163986492142726e+01 1.000000000000000000e+00 1.000000000000000000e+00 1.000000000000000000e+00
4.420000000000000000e+02 3.593272288929333058e+01 3.519300350128520449e+01 1.000000000000000000e+00 1.000000000000000000e+00 1.000000000000000000e+00
4.430000000000000000e+02 3.593272288929333058e+01 3.519436713764898172e+01 1.000000000000000000e+00 1.000000000000000000e+00 1.000000000000000000e+00
4.440000000000000000e+02 3.593272288929333058e+01 3.519573077401275896e+01 nan 1.000000000000000000e+00 nan
4.450000000000000000e+02 3.593272288929332348e+01 3.519709441037655040e+01 nan 1.000000000000000000e+00 nan
4.460000000000000000e+02 3.593272288929333058e+01 3.519845804674032763e+01 nan 1.000000000000000000e+00 nan
4.470000000000000000e+02 3.593272288929332348e+01 3.519982168310411197e+01 1.000000000000000000e+00 1.000000000000000000e+00 1.000000000000000000e+00
4.480000000000000000e+02 3.593272288929332348e+01 3.520118531946789631e+01 nan 1.000000000000000000e+00 nan
4.490000000000000000e+02 3.593272288929333058e+01 3.520254895583167354e+01 nan 1.000000000000000000e+00 nan
4.500000000000000000e+02 3.593408652565696570e+01 3.516982168310092050e+01 nan nan nan
4.510000000000000000e+02 3.593408652565695860e+01 3.517118531946471194e+01 nan nan nan
4.520000000000000000e+02 3.593408652565696570e+01 3.517254895582848917e+01 1.000000000000000000e+00 nan nan
4.530000000000000000e+02 3.593408652565696570e+01 3.517391259219227351e+01 nan nan nan
4.540000000000000000e+02 3.593408652565695860e+01 3.517527622855605784e+01 1.000000000000000000e+00 nan nan
4.550000000000000000e+02 3.593408652565695149e+01 3.517663986491983508e+01 1.000000000000000000e+00 nan nan
4.560000000000000000e+02 3.593408652565696570e+01 3.517800350128360520e+01 1.000000000000000000e+00 nan nan
4.570000000000000000e+02 3.593408652565695149e+01 3.517936713764739665e+01 1.000000000000000000e+00 nan nan
4.580000000000000000e+02 3.593408652565696570e+01 3.518073077401117388e+01 1.000000000000000000e+00 1.000000000000000000e+00 1.000000000000000000e+00
4.590000000000000000e+02 3.593408652565695149e+01 3.518209441037496532e+01 1.000000000000000000e+00 1.000000000000000000e+00 1.000000000000000000e+00
4.600000000000000000e+02 3.593408652565695860e+01 3.518345804673874255e+01 1.000000000000000000e+00 1.000000000000000000e+00 1.000000000000000000e+00
4.610000000000000000e+02 3.593408652565695860e+01 3.518482168310252689e+01 1.000000000000000000e+00 1.000000000000000000e+00 1.000000000000000000e+00
4.620000000000000000e+02 3.593408652565696570e+01 3.518618531946630412e+01 1.000000000000000000e+00 1.000000000000000000e+00 1.000000000000000000e+00
4.630000000000000000e+02 3.593408652565695860e+01 3.518754895583007425e+01 1.000000000000000000e+00 1.000000000000000000e+00 1.000000000000000000e+00
4.640000000000000000e+02 3.593408652565696570e+01 3.518891259219386569e+01 1.000000000000000000e+00 1.000000000000000000e+00 1.000000000000000000e+00
4.650000000000000000e+02 3.593408652565695149e+01 3.519027622855765003e+01 1.000000000000000000e+00 1.000000000000000000e+00 1.000000000000000000e+00
4.660000000000000000e+02 3.593408652565695860e+01 3.519163986492142726e+01 1.000000000000000000e+00 1.000000000000000000e+00 1.000000000000000000e+00
4.670000000000000000e+02 3.593408652565696570e+01 3.519300350128521870e+01 nan 1.000000000000000000e+00 nan
4.680000000000000000e+02 3.593408652565695860e+01 3.519436713764898172e+01 nan 1.000000000000000000e+00 nan
4.690000000000000000e+02 3.593408652565695860e+01 3.519573077401275896e+01 1.000000000000000000e+00 1.000000000000000000e+00 1.000000000000000000e+00
4.700000000000000000e+02 3.593408652565695860e+01 3.519709441037655040e+01 1.000000000000000000e+00 1.000000000000000000e+00 1.000000000000000000e+00
4.710000000000000000e+02 3.593408652565695860e+01 3.519845804674032053e+01 nan 1.000000000000000000e+00 nan
4.720000000000000000e+02 3.593408652565695149e+01 3.519982168310410486e+01 1.000000000000000000e+00 1.000000000000000000e+00 1.000000000000000000e+00
4.730000000000000000e+02 3.593408652565696570e+01 3.520118531946789631e+01 1.000000000000000000e+00 1.000000000000000000e+00 1.000000000000000000e+00
4.740000000000000000e+02 3.593408652565695149e+01 3.520254895583167354e+01 1.000000000000000000e+00 1.000000000000000000e+00 1.000000000000000000e+00
4.750000000000000000e+02 3.593545016202060083e+01 3.516982168310092050e+01 nan nan nan
4.760000000000000000e+02 3.593545016202058662e+01 3.517118531946471194e+01 nan nan nan
4.770000000000000000e+02 3.593545016202058662e+01 3.517254895582848917e+01 nan nan nan
4.780000000000000000e+02 3.593545016202059372e+01 3.517391259219227351e+01 1.000000000000000000e+00 nan nan
4.790000000000000000e+02 3.593545016202059372e+01 3.517527622855605784e+01 1.000000000000000000e+00 nan nan
4.800000000000000000e+02 3.593545016202060083e+01 3.517663986491983508e+01 1.000000000000000000e+00 nan nan
4.810000000000000000e+02 3.593545016202059372e+01 3.517800350128360520e+01 1.000000000000000000e+00 nan nan
4.820000000000000000e+02 3.593545016202060083e+01 3.517936713764739665e+01 1.000000000000000000e+00 nan nan
4.830000000000000000e+02 3.593545016202060083e+01 3.518073077401117388e+01 1.000000000000000000e+00 nan nan
4.840000000000000000e+02 3.593545016202059372e+01 3.518209441037496532e+01 1.000000000000000000e+00 nan nan
4.850000000000000000e+02 3.593545016202059372e+01 3.518345804673874255e+01 1.000000000000000000e+00 1.000000000000000000e+00 1.000000000000000000e+00
4.860000000000000000e+02 3.593545016202058662e+01 3.518482168310252689e+01 1.000000000000000000e+00 1.000000000000000000e+00 1.000000000000000000e+00
4.870000000000000000e+02 3.593545016202060083e+01 3.518618531946630412e+01 1.000000000000000000e+00 1.000000000000000000e+00 1.000000000000000000e+00
4.880000000000000000e+02 3.593545016202059372e+01 3.518754895583007425e+01 1.000000000000000000e+00 1.000000000000000000e+00 1.000000000000000000e+00
4.890000000000000000e+02 3.593545016202060083e+01 3.518891259219386569e+01 1.000000000000000000e+00 1.000000000000000000e+00 1.000000000000000000e+00
4.900000000000000000e+02 3.593545016202059372e+01 3.519027622855765003e+01 1.000000000000000000e+00 1.000000000000000000e+00 1.000000000000000000e+00
4.910000000000000000e+02 3.593545016202060083e+01 3.519163986492142726e+01 1.000000000000000000e+00 1.000000000000000000e+00 1.000000000000000000e+00
4.920000000000000000e+02 3.593545016202059372e+01 3.519300350128521870e+01 1.000000000000000000e+00 1.000000000000000000e+00 1.000000000000000000e+00
4.930000000000000000e+02 3.593545016202060083e+01 3.519436713764898172e+01 nan 1.000000000000000000e+00 nan
4.940000000000000000e+02 3.593545016202059372e+01 3.519573077401275896e+01 nan 1.000000000000000000e+00 nan
4.950000000000000000e+02 3.593545016202059372e+01 3.519709441037655040e+01 1.000000000000000000e+00 1.000000000000000000e+00 1.000000000000000000e+00
4.960000000000000000e+02 3.593545016202059372e+01 3.519845804674032053e+01 1.000000000000000000e+00 1.000000000000000000e+00 1.000000000000000000e+00
4.970000000000000000e+02 3.593545016202059372e+01 3.519982168310410486e+01 1.000000000000000000e+00 1.000000000000000000e+00 1.000000000000000000e+00
4.980000000000000000e+02 3.593545016202060083e+01 3.520118531946789631e+01 nan 1.000000000000000000e+00 nan
4.990000000000000000e+02 3.593545016202059372e+01 3.520254895583167354e+01 nan 1.000000000000000000e+00 nan
5.000000000000000000e+02 3.593681379838422885e+01 3.516982168310092050e+01 nan nan nan
5.010000000000000000e+02 3.593681379838422885e+01 3.517118531946471194e+01 nan nan nan
5.020000000000000000e+02 3.593681379838422885e+01 3.517254895582848917e+01 nan nan nan
5.030000000000000000e+02 3.593681379838423595e+01 3.517391259219228061e+01 1.000000000000000000e+00 nan nan
5.040000000000000000e+02 3.593681379838422885e+01 3.517527622855605784e+01 1.000000000000000000e+00 nan nan
5.050000000000000000e+02 3.593681379838422885e+01 3.517663986491983508e+01 1.000000000000000000e+00 nan nan
5.060000000000000000e+02 3.593681379838423595e+01 3.517800350128360520e+01 1.000000000000000000e+00 nan nan
5.070000000000000000e+02 3.593681379838422885e+01 3.517936713764739665e+01 1.000000000000000000e+00 nan nan
5.080000000000000000e+02 3.593681379838422885e+01 3.518073077401117388e+01 1.000000000000000000e+00 nan nan
5.090000000000000000e+02 3.593681379838423595e+01 3.518209441037496532e+01 1.000000000000000000e+00 nan nan
5.100000000000000000e+02 3.593681379838423595e+01 3.518345804673874255e+01 1.000000000000000000e+00 1.000000000000000000e+00 1.000000000000000000e+00
5.110000000000000000e+02 3.593681379838423595e+01 3.518482168310251978e+01 1.000000000000000000e+00 1.000000000000000000e+00 1.000000000000000000e+00
5.120000000000000000e+02 3.593681379838422885e+01 3.518618531946630412e+01 1.000000000000000000e+00 1.000000000000000000e+00 1.000000000000000000e+00
5.130000000000000000e+02 3.593681379838422885e+01 3.518754895583007425e+01 1.000000000000000000e+00 1.000000000000000000e+00 1.000000000000000000e+00
5.140000000000000000e+02 3.593681379838422885e+01 3.518891259219386569e+01 1.000000000000000000e+00 1.000000000000000000e+00 1.000000000000000000e+00
5.150000000000000000e+02 3.593681379838422885e+01 3.519027622855765003e+01 1.000000000000000000e+00 1.000000000000000000e+00 1.000000000000000000e+00
5.160000000000000000e+02 3.593681379838422885e+01 3.519163986492142726e+01 1.000000000000000000e+00 1.000000000000000000e+00 1.000000000000000000e+00
5.170000000000000000e+02 3.593681379838422885e+01 3.519300350128521870e+01 1.000000000000000000e+00 1.000000000000000000e+00 1.000000000000000000e+00
5.180000000000000000e+02 3.593681379838422885e+01 3.519436713764898172e+01 1.000000000000000000e+00 1.000000000000000000e+00 1.000000000000000000e+00
5.190000000000000000e+02 3.593681379838422885e+01 3.519573077401275896e+01 1.000000000000000000e+00 1.000000000000000000e+00 1.000000000000000000e+00
5.200000000000000000e+02 3.593681379838422885e+01 3.519709441037655040e+01 nan 1.000000000000000000e+00 nan
5.210000000000000000e+02 3.593681379838422885e+01 3.519845804674032763e+01 nan 1.000000000000000000e+00 nan
5.220000000000000000e+02 3.593681379838423595e+01 3.519982168310410486e+01 nan 1.000000000000000000e+00 nan
5.230000000000000000e+02 3.593681379838422885e+01 3.520118531946789631e+01 nan 1.000000000000000000e+00 nan
5.240000000000000000e+02 3.593681379838422885e+01 3.520254895583167354e+01 nan 1.000000000000000000e+00 nan
5.250000000000000000e+02 3.593817743474787108e+01 3.516982168310093471e+01 nan nan nan
5.260000000000000000e+02 3.593817743474786397e+01 3.517118531946471194e+01 nan nan nan
5.270000000000000000e+02 3.593817743474787108e+01 3.517254895582848917e+01 1.000000000000000000e+00 nan nan
5.280000000000000000e+02 3.593817743474787108e+01 3.517391259219228061e+01 nan nan nan
5.290000000000000000e+02 3.593817743474787108e+01 3.517527622855605784e+01 nan nan nan
5.300000000000000000e+02 3.593817743474787108e+01 3.517663986491982797e+01 1.000000000000000000e+00 nan nan
5.310000000000000000e+02 3.593817743474787108e+01 3.517800350128360520e+01 1.000000000000000000e+00 nan nan
5.320000000000000000e+02 3.593817743474787108e+01 3.517936713764739665e+01 1.000000000000000000e+00 nan nan
5.330000000000000000e+02 3.593817743474787108e+01 3.518073077401117388e+01 1.000000000000000000e+00 nan nan
5.340000000000000000e+02 3.593817743474786397e+01 3.518209441037496532e+01 1.000000000000000000e+00 nan nan
5.350000000000000000e+02 3.593817743474787108e+01 3.518345804673874255e+01 1.000000000000000000e+00 nan nan
5.360000000000000000e+02 3.593817743474787108e+01 3.518482168310252689e+01 1.000000000000000000e+00 1.000000000000000000e+00 1.000000000000000000e+00
5.370000000000000000e+02 3.593817743474787108e+01 3.518618531946630412e+01 1.000000000000000000e+00 1.000000000000000000e+00 1.000000000000000000e+00
5.380000000000000000e+02 3.593817743474787108e+01 3.518754895583007425e+01 1.000000000000000000e+00 1.000000000000000000e+00 1.000000000000000000e+00
5.390000000000000000e+02 3.593817743474787108e+01 3.518891259219385859e+01 1.000000000000000000e+00 1.000000000000000000e+00 1.000000000000000000e+00
5.400000000000000000e+02 3.593817743474787108e+01 3.519027622855765003e+01 1.000000000000000000e+00 1.000000000000000000e+00 1.000000000000000000e+00
5.410000000000000000e+02 3.593817743474786397e+01 3.519163986492142726e+01 1.000000000000000000e+00 1.000000000000000000e+00 1.000000000000000000e+00
5.420000000000000000e+02 3.593817743474786397e+01 3.519300350128521870e+01 1.000000000000000000e+00 1.000000000000000000e+00 1.000000000000000000e+00
5.430000000000000000e+02 3.593817743474787818e+01 3.519436713764899594e+01 1.000000000000000000e+00 1.000000000000000000e+00 1.000000000000000000e+00
5.440000000000000000e+02 3.593817743474787108e+01 3.519573077401275896e+01 1.000000000000000000e+00 1.000000000000000000e+00 1.000000000000000000e+00
5.450000000000000000e+02 3.593817743474786397e+01 3.519709441037655040e+01 1.000000000000000000e+00 1.000000000000000000e+00 1.000000000000000000e+00
5.460000000000000000e+02 3.593817743474787108e+01 3.519845804674032053e+01 1.000000000000000000e+00 1.000000000000000000e+00 1.000000000000000000e+00
5.470000000000000000e+02 3.593817743474787108e+01 3.519982168310410486e+01 nan 1.000000000000000000e+00 nan
5.480000000000000000e+02 3.593817743474787108e+01 3.520118531946788920e+01 1.000000000000000000e+00 1.000000000000000000e+00 1.000000000000000000e+00
5.490000000000000000e+02 3.593817743474787108e+01 3.520254895583167354e+01 nan 1.000000000000000000e+00 nan
5.500000000000000000e+02 3.593954107111152041e+01 3.516982168310093471e+01 nan nan nan
5.510000000000000000e+02 3.593954107111150620e+01 3.517118531946471194e+01 nan nan nan
5.520000000000000000e+02 3.593954107111151330e+01 3.517254895582848917e+01 1.000000000000000000e+00 nan nan
5.530000000000000000e+02 3.593954107111152041e+01 3.517391259219228061e+01 1.000000000000000000e+00 nan nan
5.540000000000000000e+02 3.593954107111151330e+01 3.517527622855605784e+01 1.000000000000000000e+00 nan nan
5.550000000000000000e+02 3.593954107111150620e+01 3.517663986491982797e+01 nan nan nan
5.560000000000000000e+02 3.593954107111150620e+01 3.517800350128360520e+01 1.000000000000000000e+00 nan nan
5.570000000000000000e+02 3.593954107111152041e+01 3.517936713764739665e+01 1.000000000000000000e+00 nan nan
5.580000000000000000e+02 3.593954107111151330e+01 3.518073077401117388e+01 1.000000000000000000e+00 nan nan
5.590000000000000000e+02 3.593954107111151330e+01 3.518209441037496532e+01 1.000000000000000000e+00 nan nan
5.600000000000000000e+02 3.593954107111151330e+01 3.518345804673874255e+01 1.000000000000000000e+00 nan nan
5.610000000000000000e+02 3.593954107111151330e+01 3.518482168310252689e+01 1.000000000000000000e+00 1.000000000000000000e+00 1.000000000000000000e+00
5.620000000000000000e+02 3.593954107111151330e+01 3.518618531946630412e+01 1.000000000000000000e+00 1.000000000000000000e+00 1.000000000000000000e+00
5.630000000000000000e+02 3.593954107111150620e+01 3.518754895583007425e+01 1.000000000000000000e+00 1.000000000000000000e+00 1.000000000000000000e+00
5.640000000000000000e+02 3.593954107111152041e+01 3.518891259219385859e+01 1.000000000000000000e+00 1.000000000000000000e+00 1.000000000000000000e+00
5.650000000000000000e+02 3.593954107111151330e+01 3.519027622855765003e+01 1.000000000000000000e+00 1.000000000000000000e+00 1.000000000000000000e+00
5.660000000000000000e+02 3.593954107111151330e+01 3.519163986492142726e+01 1.000000000000000000e+00 1.000000000000000000e+00 1.000000000000000000e+00
5.670000000000000000e+02 3.593954107111151330e+01 3.519300350128521870e+01 1.000000000000000000e+00 1.000000000000000000e+00 1.000000000000000000e+00
5.680000000000000000e+02 3.593954107111152041e+01 3.519436713764899594e+01 1.000000000000000000e+00 1.000000000000000000e+00 1.000000000000000000e+00
5.690000000000000000e+02 3.593954107111151330e+01 3.519573077401275896e+01 1.000000000000000000e+00 1.000000000000000000e+00 1.000000000000000000e+00
5.700000000000000000e+02 3.593954107111150620e+01 3.519709441037655040e+01 nan 1.000000000000000000e+00 nan
5.710000000000000000e+02 3.593954107111151330e+01 3.519845804674032053e+01 nan 1.000000000000000000e+00 nan
5.720000000000000000e+02 3.593954107111151330e+01 3.519982168310410486e+01 nan 1.000000000000000000e+00 nan
5.730000000000000000e+02 3.593954107111150620e+01 3.520118531946788920e+01 nan 1.000000000000000000e+00 nan
5.740000000000000000e+02 3.593954107111151330e+01 3.520254895583167354e+01 nan 1.000000000000000000e+00 nan
5.750000000000000000e+02 3.594090470747514132e+01 3.516982168310093471e+01 nan nan nan
5.760000000000000000e+02 3.594090470747514132e+01 3.517118531946471194e+01 nan nan nan
5.770000000000000000e+02 3.594090470747514132e+01 3.517254895582848917e+01 nan nan nan
5.780000000000000000e+02 3.594090470747514843e+01 3.517391259219228061e+01 nan nan nan
5.790000000000000000e+02 3.594090470747514132e+01 3.517527622855605784e+01 1.000000000000000000e+00 nan nan
5.800000000000000000e+02 3.594090470747514132e+01 3.517663986491982797e+01 1.000000000000000000e+00 nan nan
5.810000000000000000e+02 3.594090470747514132e+01 3.517800350128360520e+01 nan nan nan
5.820000000000000000e+02 3.594090470747514132e+01 3.517936713764739665e+01 1.000000000000000000e+00 nan nan
5.830000000000000000e+02 3.594090470747514132e+01 3.518073077401117388e+01 1.000000000000000000e+00 nan nan
5.840000000000000000e+02 3.594090470747514132e+01 3.518209441037496532e+01 1.000000000000000000e+00 nan nan
5.850000000000000000e+02 3.594090470747514132e+01 3.518345804673874255e+01 1.000000000000000000e+00 nan nan
5.860000000000000000e+02 3.594090470747514132e+01 3.518482168310252689e+01 1.000000000000000000e+00 nan nan
5.870000000000000000e+02 3.594090470747514843e+01 3.518618531946630412e+01 1.000000000000000000e+00 nan nan
5.880000000000000000e+02 3.594090470747514132e+01 3.518754895583007425e+01 1.000000000000000000e+00 nan nan
5.890000000000000000e+02 3.594090470747514843e+01 3.518891259219385859e+01 1.000000000000000000e+00 nan nan
5.900000000000000000e+02 3.594090470747514132e+01 3.519027622855765003e+01 1.000000000000000000e+00 nan nan
5.910000000000000000e+02 3.594090470747514132e+01 3.519163986492142726e+01 1.000000000000000000e+00 1.000000000000000000e+00 1.000000000000000000e+00
5.920000000000000000e+02 3.594090470747514132e+01 3.519300350128521870e+01 1.000000000000000000e+00 1.000000000000000000e+00 1.000000000000000000e+00
5.930000000000000000e+02 3.594090470747514843e+01 3.519436713764899594e+01 1.000000000000000000e+00 1.000000000000000000e+00 1.000000000000000000e+00
5.940000000000000000e+02 3.594090470747514132e+01 3.519573077401275896e+01 1.000000000000000000e+00 1.000000000000000000e+00 1.000000000000000000e+00
5.950000000000000000e+02 3.594090470747514132e+01 3.519709441037655040e+01 1.000000000000000000e+00 1.000000000000000000e+00 1.000000000000000000e+00
5.960000000000000000e+02 3.594090470747514132e+01 3.519845804674032053e+01 nan 1.000000000000000000e+00 nan
5.970000000000000000e+02 3.594090470747514132e+01 3.519982168310410486e+01 nan 1.000000000000000000e+00 nan
5.980000000000000000e+02 3.594090470747514132e+01 3.520118531946788920e+01 1.000000000000000000e+00 1.000000000000000000e+00 1.000000000000000000e+00
5.990000000000000000e+02 3.594090470747514843e+01 3.520254895583167354e+01 nan 1.000000000000000000e+00 nan
6.000000000000000000e+02 3.594226834383878355e+01 3.516982168310092050e+01 nan nan nan
6.010000000000000000e+02 3.594226834383877645e+01 3.517118531946471194e+01 nan nan nan
6.020000000000000000e+02 3.594226834383878355e+01 3.517254895582848917e+01 nan nan nan
6.030000000000000000e+02 3.594226834383877645e+01 3.517391259219227351e+01 1.000000000000000000e+00 nan nan
6.040000000000000000e+02 3.594226834383877645e+01 3.517527622855605784e+01 1.000000000000000000e+00 nan nan
6.050000000000000000e+02 3.594226834383877645e+01 3.517663986491983508e+01 1.000000000000000000e+00 nan nan
6.060000000000000000e+02 3.594226834383877645e+01 3.517800350128360520e+01 1.000000000000000000e+00 nan nan
6.070000000000000000e+02 3.594226834383877645e+01 3.517936713764739665e+01 1.000000000000000000e+00 nan nan
6.080000000000000000e+02 3.594226834383878355e+01 3.518073077401117388e+01 1.000000000000000000e+00 nan nan
6.090000000000000000e+02 3.594226834383878355e+01 3.518209441037496532e+01 1.000000000000000000e+00 nan nan
6.100000000000000000e+02 3.594226834383877645e+01 3.518345804673874255e+01 1.000000000000000000e+00 nan nan
6.110000000000000000e+02 3.594226834383877645e+01 3.518482168310252689e+01 1.000000000000000000e+00 nan nan
6.120000000000000000e+02 3.594226834383878355e+01 3.518618531946630412e+01 1.000000000000000000e+00 nan nan
6.130000000000000000e+02 3.594226834383878355e+01 3.518754895583007425e+01 nan nan nan
6.140000000000000000e+02 3.594226834383877645e+01 3.518891259219386569e+01 1.000000000000000000e+00 nan nan
6.150000000000000000e+02 3.594226834383877645e+01 3.519027622855765003e+01 nan nan nan
6.160000000000000000e+02 3.594226834383877645e+01 3.519163986492142726e+01 1.000000000000000000e+00 1.000000000000000000e+00 1.000000000000000000e+00
6.170000000000000000e+02 3.594226834383877645e+01 3.519300350128521870e+01 1.000000000000000000e+00 1.000000000000000000e+00 1.000000000000000000e+00
6.180000000000000000e+02 3.594226834383876934e+01 3.519436713764898172e+01 1.000000000000000000e+00 1.000000000000000000e+00 1.000000000000000000e+00
6.190000000000000000e+02 3.594226834383877645e+01 3.519573077401275896e+01 1.000000000000000000e+00 1.000000000000000000e+00 1.000000000000000000e+00
6.200000000000000000e+02 3.594226834383877645e+01 3.519709441037655040e+01 1.000000000000000000e+00 1.000000000000000000e+00 1.000000000000000000e+00
6.210000000000000000e+02 3.594226834383877645e+01 3.519845804674032053e+01 nan 1.000000000000000000e+00 nan
6.220000000000000000e+02 3.594226834383877645e+01 3.519982168310410486e+01 nan 1.000000000000000000e+00 nan
6.230000000000000000e+02 3.594226834383877645e+01 3.520118531946789631e+01 nan 1.000000000000000000e+00 nan
6.240000000000000000e+02 3.594226834383877645e+01 3.520254895583167354e+01 nan 1.000000000000000000e+00 nan
6.250000000000000000e+02 3.594363198020241867e+01 3.516982168310092050e+01 nan nan nan
6.260000000000000000e+02 3.594363198020241867e+01 3.517118531946471194e+01 nan nan nan
6.270000000000000000e+02 3.594363198020241867e+01 3.517254895582848917e+01 nan nan nan
6.280000000000000000e+02 3.594363198020241867e+01 3.517391259219228061e+01 nan nan nan
6.290000000000000000e+02 3.594363198020241867e+01 3.517527622855605784e+01 nan nan nan
6.300000000000000000e+02 3.594363198020241867e+01 3.517663986491983508e+01 nan nan nan
6.310000000000000000e+02 3.594363198020241867e+01 3.517800350128360520e+01 nan nan nan
6.320000000000000000e+02 3.594363198020241867e+01 3.517936713764739665e+01 1.000000000000000000e+00 nan nan
6.330000000000000000e+02 3.594363198020241867e+01 3.518073077401117388e+01 1.000000000000000000e+00 nan nan
6.340000000000000000e+02 3.594363198020241867e+01 3.518209441037496532e+01 1.000000000000000000e+00 nan nan
6.350000000000000000e+02 3.594363198020241867e+01 3.518345804673874255e+01 1.000000000000000000e+00 nan nan
6.360000000000000000e+02 3.594363198020241867e+01 3.518482168310251978e+01 1.000000000000000000e+00 nan nan
6.370000000000000000e+02 3.594363198020241867e+01 3.518618531946630412e+01 1.000000000000000000e+00 nan nan
6.380000000000000000e+02 3.594363198020241867e+01 3.518754895583007425e+01 1.000000000000000000e+00 nan nan
6.390000000000000000e+02 3.594363198020241867e+01 3.518891259219386569e+01 1.000000000000000000e+00 nan nan
6.400000000000000000e+02 3.594363198020241867e+01 3.519027622855765003e+01 1.000000000000000000e+00 nan nan
6.410000000000000000e+02 3.594363198020242578e+01 3.519163986492142726e+01 1.000000000000000000e+00 nan nan
6.420000000000000000e+02 3.594363198020241867e+01 3.519300350128521870e+01 nan nan nan
6.430000000000000000e+02 3.594363198020241867e+01 3.519436713764898172e+01 nan nan nan
6.440000000000000000e+02 3.594363198020241867e+01 3.519573077401275896e+01 1.000000000000000000e+00 1.000000000000000000e+00 1.000000000000000000e+00
6.450000000000000000e+02 3.594363198020241867e+01 3.519709441037655040e+01 nan 1.000000000000000000e+00 nan
6.460000000000000000e+02 3.594363198020241867e+01 3.519845804674032763e+01 1.000000000000000000e+00 1.000000000000000000e+00 1.000000000000000000e+00
6.470000000000000000e+02 3.594363198020241867e+01 3.519982168310410486e+01 nan 1.000000000000000000e+00 nan
6.480000000000000000e+02 3.594363198020241867e+01 3.520118531946789631e+01 nan 1.000000000000000000e+00 nan
6.490000000000000000e+02 3.594363198020241867e+01 3.520254895583167354e+01 nan 1.000000000000000000e+00 nan
6.500000000000000000e+02 3.594499561656604669e+01 3.516982168310092050e+01 nan nan nan
6.510000000000000000e+02 3.594499561656605380e+01 3.517118531946471194e+01 nan nan nan
6.520000000000000000e+02 3.594499561656604669e+01 3.517254895582848917e+01 nan nan nan
6.530000000000000000e+02 3.594499561656604669e+01 3.517391259219227351e+01 1.000000000000000000e+00 nan nan
6.540000000000000000e+02 3.594499561656604669e+01 3.517527622855605784e+01 nan nan nan
6.550000000000000000e+02 3.594499561656604669e+01 3.517663986491983508e+01 1.000000000000000000e+00 nan nan
6.560000000000000000e+02 3.594499561656605380e+01 3.517800350128360520e+01 nan nan nan
6.570000000000000000e+02 3.594499561656604669e+01 3.517936713764739665e+01 nan nan nan
6.580000000000000000e+02 3.594499561656606090e+01 3.518073077401117388e+01 1.000000000000000000e+00 nan nan
6.590000000000000000e+02 3.594499561656606090e+01 3.518209441037496532e+01 1.000000000000000000e+00 nan nan
6.600000000000000000e+02 3.594499561656604669e+01 3.518345804673874255e+01 1.000000000000000000e+00 nan nan
6.610000000000000000e+02 3.594499561656604669e+01 3.518482168310252689e+01 1.000000000000000000e+00 nan nan
6.620000000000000000e+02 3.594499561656604669e+01 3.518618531946630412e+01 1.000000000000000000e+00 nan nan
6.630000000000000000e+02 3.594499561656605380e+01 3.518754895583007425e+01 nan nan nan
6.640000000000000000e+02 3.594499561656605380e+01 3.518891259219386569e+01 nan nan nan
6.650000000000000000e+02 3.594499561656604669e+01 3.519027622855765003e+01 1.000000000000000000e+00 nan nan
6.660000000000000000e+02 3.594499561656605380e+01 3.519163986492142726e+01 nan nan nan
6.670000000000000000e+02 3.594499561656604669e+01 3.519300350128521870e+01 nan nan nan
6.680000000000000000e+02 3.594499561656605380e+01 3.519436713764898172e+01 nan nan nan
6.690000000000000000e+02 3.594499561656605380e+01 3.519573077401275896e+01 nan 1.000000000000000000e+00 nan
6.700000000000000000e+02 3.594499561656605380e+01 3.519709441037655040e+01 1.000000000000000000e+00 1.000000000000000000e+00 1.000000000000000000e+00
6.710000000000000000e+02 3.594499561656604669e+01 3.519845804674032053e+01 nan 1.000000000000000000e+00 nan
6.720000000000000000e+02 3.594499561656604669e+01 3.519982168310410486e+01 nan 1.000000000000000000e+00 nan
6.730000000000000000e+02 3.594499561656604669e+01 3.520118531946789631e+01 nan 1.000000000000000000e+00 nan
6.740000000000000000e+02 3.594499561656604669e+01 3.520254895583167354e+01 nan 1.000000000000000000e+00 nan
6.750000000000000000e+02 3.594635925292968892e+01 3.516982168310092050e+01 nan nan nan
6.760000000000000000e+02 3.594635925292968182e+01 3.517118531946471194e+01 1.000000000000000000e+00 nan nan
6.770000000000000000e+02 3.594635925292968892e+01 3.517254895582848917e+01 nan nan nan
6.780000000000000000e+02 3.594635925292968182e+01 3.517391259219227351e+01 nan nan nan
6.790000000000000000e+02 3.594635925292968182e+01 3.517527622855605784e+01 1.000000000000000000e+00 nan nan
6.800000000000000000e+02 3.594635925292968182e+01 3.517663986491983508e+01 nan nan nan
6.810000000000000000e+02 3.594635925292968182e+01 3.517800350128360520e+01 nan nan nan
6.820000000000000000e+02 3.594635925292968182e+01 3.517936713764739665e+01 nan nan nan
6.830000000000000000e+02 3.594635925292968892e+01 3.518073077401117388e+01 nan nan nan
6.840000000000000000e+02 3.594635925292968182e+01 3.518209441037496532e+01 nan nan nan
6.850000000000000000e+02 3.594635925292968182e+01 3.518345804673874255e+01 nan nan nan
6.860000000000000000e+02 3.594635925292968182e+01 3.518482168310252689e+01 1.000000000000000000e+00 nan nan
6.870000000000000000e+02 3.594635925292968182e+01 3.518618531946630412e+01 nan nan nan
6.880000000000000000e+02 3.594635925292968892e+01 3.518754895583007425e+01 1.000000000000000000e+00 nan nan
6.890000000000000000e+02 3.594635925292968182e+01 3.518891259219386569e+01 1.000000000000000000e+00 nan nan
6.900000000000000000e+02 3.594635925292968892e+01 3.519027622855765003e+01 nan nan nan
6.910000000000000000e+02 3.594635925292968892e+01 3.519163986492142726e+01 nan nan nan
6.920000000000000000e+02 3.594635925292968892e+01 3.519300350128521870e+01 nan nan nan
6.930000000000000000e+02 3.594635925292968892e+01 3.519436713764898172e+01 nan nan nan
6.940000000000000000e+02 3.594635925292968892e+01 3.519573077401275896e+01 nan nan nan
6.950000000000000000e+02 3.594635925292968182e+01 3.519709441037655040e+01 nan nan nan
6.960000000000000000e+02 3.594635925292968892e+01 3.519845804674032053e+01 nan nan nan
6.970000000000000000e+02 3.594635925292968892e+01 3.519982168310410486e+01 nan nan nan
6.980000000000000000e+02 3.594635925292968892e+01 3.520118531946789631e+01 nan 1.000000000000000000e+00 nan
6.990000000000000000e+02 3.594635925292968892e+01 3.520254895583167354e+01 nan 1.000000000000000000e+00 nan
7.000000000000000000e+02 3.594772288929333115e+01 3.516982168310093471e+01 nan nan nan
7.010000000000000000e+02 3.594772288929332404e+01 3.517118531946471194e+01 nan nan nan
7.020000000000000000e+02 3.594772288929332404e+01 3.517254895582848206e+01 nan nan nan
7.030000000000000000e+02 3.594772288929332404e+01 3.517391259219227351e+01 nan nan nan
7.040000000000000000e+02 3.594772288929332404e+01 3.517527622855605784e+01 nan nan nan
7.050000000000000000e+02 3.594772288929332404e+01 3.517663986491982797e+01 nan nan nan
7.060000000000000000e+02 3.594772288929332404e+01 3.517800350128361231e+01 nan nan nan
7.070000000000000000e+02 3.594772288929332404e+01 3.517936713764739665e+01 nan nan nan
7.080000000000000000e+02 3.594772288929332404e+01 3.518073077401118098e+01 nan nan nan
7.090000000000000000e+02 3.594772288929332404e+01 3.518209441037496532e+01 nan nan nan
7.100000000000000000e+02 3.594772288929332404e+01 3.518345804673874255e+01 1.000000000000000000e+00 nan nan
7.110000000000000000e+02 3.594772288929332404e+01 3.518482168310251978e+01 nan nan nan
7.120000000000000000e+02 3.594772288929332404e+01 3.518618531946629702e+01 nan nan nan
7.130000000000000000e+02 3.594772288929332404e+01 3.518754895583008135e+01 nan nan nan
7.140000000000000000e+02 3.594772288929332404e+01 3.518891259219385859e+01 nan nan nan
7.150000000000000000e+02 3.594772288929332404e+01 3.519027622855765003e+01 nan nan nan
7.160000000000000000e+02 3.594772288929332404e+01 3.519163986492142726e+01 nan nan nan
7.170000000000000000e+02 3.594772288929332404e+01 3.519300350128520449e+01 nan nan nan
7.180000000000000000e+02 3.594772288929332404e+01 3.519436713764898172e+01 nan nan nan
7.190000000000000000e+02 3.594772288929332404e+01 3.519573077401275896e+01 nan nan nan
7.200000000000000000e+02 3.594772288929332404e+01 3.519709441037655040e+01 nan nan nan
7.210000000000000000e+02 3.594772288929332404e+01 3.519845804674032763e+01 nan nan nan
7.220000000000000000e+02 3.594772288929332404e+01 3.519982168310411197e+01 nan nan nan
7.230000000000000000e+02 3.594772288929332404e+01 3.520118531946789631e+01 nan 1.000000000000000000e+00 nan
7.240000000000000000e+02 3.594772288929332404e+01 3.520254895583167354e+01 nan 1.000000000000000000e+00 nan
7.250000000000000000e+02 3.594908652565695206e+01 3.516982168310092050e+01 nan nan nan
7.260000000000000000e+02 3.594908652565695917e+01 3.517118531946471194e+01 nan nan nan
7.270000000000000000e+02 3.594908652565695206e+01 3.517254895582848917e+01 nan nan nan
7.280000000000000000e+02 3.594908652565695206e+01 3.517391259219227351e+01 nan nan nan
7.290000000000000000e+02 3.594908652565695206e+01 3.517527622855605784e+01 nan nan nan
7.300000000000000000e+02 3.594908652565695917e+01 3.517663986491983508e+01 nan nan nan
7.310000000000000000e+02 3.594908652565695917e+01 3.517800350128360520e+01 nan nan nan
7.320000000000000000e+02 3.594908652565695206e+01 3.517936713764739665e+01 nan nan nan
7.330000000000000000e+02 3.594908652565696627e+01 3.518073077401117388e+01 nan nan nan
7.340000000000000000e+02 3.594908652565695206e+01 3.518209441037496532e+01 1.000000000000000000e+00 nan nan
7.350000000000000000e+02 3.594908652565696627e+01 3.518345804673874255e+01 nan nan nan
7.360000000000000000e+02 3.594908652565695206e+01 3.518482168310252689e+01 nan nan nan
7.370000000000000000e+02 3.594908652565696627e+01 3.518618531946630412e+01 nan nan nan
7.380000000000000000e+02 3.594908652565696627e+01 3.518754895583007425e+01 nan nan nan
7.390000000000000000e+02 3.594908652565695206e+01 3.518891259219386569e+01 nan nan nan
7.400000000000000000e+02 3.594908652565695206e+01 3.519027622855765003e+01 nan nan nan
7.410000000000000000e+02 3.594908652565695917e+01 3.519163986492142726e+01 nan nan nan
7.420000000000000000e+02 3.594908652565696627e+01 3.519300350128521870e+01 nan nan nan
7.430000000000000000e+02 3.594908652565695917e+01 3.519436713764898172e+01 nan nan nan
7.440000000000000000e+02 3.594908652565695917e+01 3.519573077401275896e+01 nan nan nan
7.450000000000000000e+02 3.594908652565696627e+01 3.519709441037655040e+01 nan nan nan
7.460000000000000000e+02 3.594908652565696627e+01 3.519845804674032053e+01 nan nan nan
7.470000000000000000e+02 3.594908652565696627e+01 3.519982168310410486e+01 nan nan nan
7.480000000000000000e+02 3.594908652565696627e+01 3.520118531946789631e+01 nan nan nan
7.490000000000000000e+02 3.594908652565695917e+01 3.520254895583167354e+01 nan nan nan
