1.000000000000000000e+00 5.709651257096513000e-01
3.000000000000000000e+00 6.172855792274036801e-01
5.000000000000000000e+00 6.379386273693292697e-01
7.000000000000000000e+00 6.515099702299798068e-01
9.000000000000000000e+00 6.638957924113568776e-01
1.100000000000000000e+01 6.757682194578706891e-01
1.300000000000000000e+01 6.872640354795682693e-01
1.500000000000000000e+01 6.987235715689521509e-01
1.700000000000000000e+01 7.103558230532541762e-01
1.900000000000000000e+01 7.218831844536806042e-01
2.100000000000000000e+01 7.333703946677065932e-01
2.300000000000000000e+01 7.449468845006097517e-01
2.500000000000000000e+01 7.566497353719919827e-01
2.700000000000000000e+01 7.683839912635508362e-01
2.900000000000000000e+01 7.801149704999352785e-01
3.100000000000000000e+01 7.917293075750353459e-01
3.300000000000000000e+01 8.030096395364054729e-01
3.500000000000000000e+01 8.138725543399549789e-01
3.700000000000000000e+01 8.242249061938864418e-01
3.900000000000000000e+01 8.339223108832096720e-01
4.100000000000000000e+01 8.429274031950514390e-01
4.300000000000000000e+01 8.512839296510168463e-01
4.500000000000000000e+01 8.591000950785347978e-01
4.700000000000000000e+01 8.664602282192815919e-01
4.900000000000000000e+01 8.734233251269604148e-01
5.100000000000000000e+01 8.800294286769370089e-01
5.300000000000000000e+01 8.861404753631995090e-01
5.500000000000000000e+01 8.917898405956592445e-01
5.700000000000000000e+01 8.969928399395828977e-01
5.900000000000000000e+01 9.017689678703857403e-01
6.100000000000000000e+01 9.061146907129138395e-01
6.300000000000000000e+01 9.100576182646880063e-01
6.500000000000000000e+01 9.135549886273699460e-01
6.700000000000000000e+01 9.166279407693506132e-01
6.900000000000000000e+01 9.193006455951201472e-01
7.100000000000000000e+01 9.216155517831566835e-01
7.300000000000000000e+01 9.235848391325061080e-01
7.500000000000000000e+01 9.252591127716299768e-01
7.700000000000000000e+01 9.266988359929554386e-01
7.900000000000000000e+01 9.279589061551918316e-01
8.100000000000000000e+01 9.290911960832485272e-01
8.300000000000000000e+01 9.302222258712401493e-01
8.500000000000000000e+01 9.314208778506988251e-01
8.700000000000000000e+01 9.325269845998058749e-01
8.900000000000000000e+01 9.335221921042210491e-01
9.100000000000000000e+01 9.344153719531095303e-01
9.300000000000000000e+01 9.352186487372712298e-01
9.500000000000000000e+01 9.359382012365744519e-01
9.700000000000000000e+01 9.365794805462041017e-01
9.900000000000000000e+01 9.371342726364266795e-01
1.010000000000000000e+02 9.376080541619252751e-01
1.030000000000000000e+02 9.380056852734475203e-01
1.050000000000000000e+02 9.383437958982743243e-01
1.070000000000000000e+02 9.386260688259300267e-01
1.090000000000000000e+02 9.388347630314470837e-01
1.110000000000000000e+02 9.389742820660857969e-01
1.130000000000000000e+02 9.390485467260457630e-01
1.150000000000000000e+02 9.390816535887370753e-01
1.170000000000000000e+02 9.390793279433713447e-01
1.190000000000000000e+02 9.390443407372053297e-01
1.210000000000000000e+02 9.389556235867967393e-01
1.230000000000000000e+02 9.388168000262132606e-01
1.250000000000000000e+02 9.386343803675443187e-01
1.270000000000000000e+02 9.384126382593086513e-01
1.290000000000000000e+02 9.381544652425032327e-01
1.310000000000000000e+02 9.378728230266101251e-01
1.330000000000000000e+02 9.375700967861625434e-01
1.350000000000000000e+02 9.372656471021023616e-01
1.370000000000000000e+02 9.369619790863575881e-01
1.390000000000000000e+02 9.366635386846330347e-01
1.410000000000000000e+02 9.363791261984942826e-01
1.430000000000000000e+02 9.361159355577217678e-01
1.450000000000000000e+02 9.358973021074106224e-01
1.470000000000000000e+02 9.357263950984985312e-01
1.490000000000000000e+02 9.356082704426551544e-01
