1.000000000000000000e+00 4.696073157611618809e-01
3.000000000000000000e+00 5.042817694398779027e-01
5.000000000000000000e+00 5.208126378194700701e-01
7.000000000000000000e+00 5.321569973583610835e-01
9.000000000000000000e+00 5.415837832141856545e-01
1.100000000000000000e+01 5.501948376375433991e-01
1.300000000000000000e+01 5.582839938647569111e-01
1.500000000000000000e+01 5.661802806818378997e-01
1.700000000000000000e+01 5.740717868043108130e-01
1.900000000000000000e+01 5.819963786764341673e-01
2.100000000000000000e+01 5.899968008151412757e-01
2.300000000000000000e+01 5.981037096224389726e-01
2.500000000000000000e+01 6.063190391447865757e-01
2.700000000000000000e+01 6.146477072143252673e-01
2.900000000000000000e+01 6.231199671519350725e-01
3.100000000000000000e+01 6.317411977284541624e-01
3.300000000000000000e+01 6.404833621761298890e-01
3.500000000000000000e+01 6.493636127248278989e-01
3.700000000000000000e+01 6.583891393949273807e-01
3.900000000000000000e+01 6.675403182262819035e-01
4.100000000000000000e+01 6.767817310765018579e-01
4.300000000000000000e+01 6.860696339941274591e-01
4.500000000000000000e+01 6.953785105822990475e-01
4.700000000000000000e+01 7.046898471724674096e-01
4.900000000000000000e+01 7.139721792197293304e-01
5.100000000000000000e+01 7.232045012621783897e-01
5.300000000000000000e+01 7.323722487335456721e-01
5.500000000000000000e+01 7.414497964154468379e-01
5.700000000000000000e+01 7.504288953755844371e-01
5.900000000000000000e+01 7.592992243312769451e-01
6.100000000000000000e+01 7.680110544104147285e-01
6.300000000000000000e+01 7.765234786299544112e-01
6.500000000000000000e+01 7.848382067502964743e-01
6.700000000000000000e+01 7.929080727582547006e-01
6.900000000000000000e+01 8.007243632912788289e-01
7.100000000000000000e+01 8.082970183049071888e-01
7.300000000000000000e+01 8.156161252911542370e-01
7.500000000000000000e+01 8.226942590961502377e-01
7.700000000000000000e+01 8.295282665706503744e-01
7.900000000000000000e+01 8.361174495850798305e-01
8.100000000000000000e+01 8.424750813161142604e-01
8.300000000000000000e+01 8.485879299147938148e-01
8.500000000000000000e+01 8.544511432374535254e-01
8.700000000000000000e+01 8.600834919622389885e-01
8.900000000000000000e+01 8.654831612564135579e-01
9.100000000000000000e+01 8.706555431132821932e-01
9.300000000000000000e+01 8.756072519719336755e-01
9.500000000000000000e+01 8.803385050530424527e-01
9.700000000000000000e+01 8.848618297860928461e-01
9.900000000000000000e+01 8.891861943372234567e-01
1.010000000000000000e+02 8.933038633026477715e-01
1.030000000000000000e+02 8.972232809192677294e-01
1.050000000000000000e+02 9.009538823280021091e-01
1.070000000000000000e+02 9.044952794305609611e-01
1.090000000000000000e+02 9.078612104152216089e-01
1.110000000000000000e+02 9.110624144995431717e-01
1.130000000000000000e+02 9.140999960919394818e-01
1.150000000000000000e+02 9.169872858080154732e-01
1.170000000000000000e+02 9.197329993622802569e-01
1.190000000000000000e+02 9.223570269293600576e-01
1.210000000000000000e+02 9.248647288420528412e-01
1.230000000000000000e+02 9.272443386388329323e-01
1.250000000000000000e+02 9.295056443320709461e-01
1.270000000000000000e+02 9.316558193015038736e-01
1.290000000000000000e+02 9.337095663843721915e-01
1.310000000000000000e+02 9.356794720603619497e-01
1.330000000000000000e+02 9.375767813772846182e-01
1.350000000000000000e+02 9.394328335012668285e-01
1.370000000000000000e+02 9.412537219219740958e-01
1.390000000000000000e+02 9.430458981572182875e-01
1.410000000000000000e+02 9.448191218413324322e-01
1.430000000000000000e+02 9.465786485318052890e-01
1.450000000000000000e+02 9.483298379506609477e-01
1.470000000000000000e+02 9.500541278954147684e-01
1.490000000000000000e+02 9.517559780370338229e-01
