1.000000000000000000e+00 2.823312789300058689e-02
3.000000000000000000e+00 2.935205679593422268e-02
5.000000000000000000e+00 2.992615444256918611e-02
7.000000000000000000e+00 3.024828978946614289e-02
9.000000000000000000e+00 3.047867798146663976e-02
1.100000000000000000e+01 3.063574432696436478e-02
1.300000000000000000e+01 3.073256816377345491e-02
1.500000000000000000e+01 3.078945570179103530e-02
1.700000000000000000e+01 3.081190594382710035e-02
1.900000000000000000e+01 3.080094783614584220e-02
2.100000000000000000e+01 3.075829087667003581e-02
2.300000000000000000e+01 3.068170468481434821e-02
2.500000000000000000e+01 3.057402386482721557e-02
2.700000000000000000e+01 3.044440136388537610e-02
2.900000000000000000e+01 3.029593108437778071e-02
3.100000000000000000e+01 3.013283616843409618e-02
3.300000000000000000e+01 2.995851383772718535e-02
3.500000000000000000e+01 2.977448592457843102e-02
3.700000000000000000e+01 2.957965912576543399e-02
3.900000000000000000e+01 2.937493817791814177e-02
4.100000000000000000e+01 2.916156621272902871e-02
4.300000000000000000e+01 2.893936048042355935e-02
4.500000000000000000e+01 2.870857425966888421e-02
4.700000000000000000e+01 2.847131523379875517e-02
4.900000000000000000e+01 2.822997157921780520e-02
5.100000000000000000e+01 2.798863721573208174e-02
5.300000000000000000e+01 2.774867177003448315e-02
5.500000000000000000e+01 2.751009914163426995e-02
5.700000000000000000e+01 2.727179651934197313e-02
5.900000000000000000e+01 2.703459359847915078e-02
6.100000000000000000e+01 2.680061969699620850e-02
6.300000000000000000e+01 2.657176403139838161e-02
6.500000000000000000e+01 2.634776248610026794e-02
6.700000000000000000e+01 2.612846285040615335e-02
6.900000000000000000e+01 2.591188729764815069e-02
7.100000000000000000e+01 2.569837607023417458e-02
7.300000000000000000e+01 2.548900669008924424e-02
7.500000000000000000e+01 2.528201970764065720e-02
7.700000000000000000e+01 2.507824425568927484e-02
7.900000000000000000e+01 2.487754610042625103e-02
8.100000000000000000e+01 2.467961486569747454e-02
8.300000000000000000e+01 2.448500365247407995e-02
8.500000000000000000e+01 2.429405439959086976e-02
8.700000000000000000e+01 2.410386644886863827e-02
8.900000000000000000e+01 2.391466631092242778e-02
9.100000000000000000e+01 2.372664702080429233e-02
9.300000000000000000e+01 2.353994782836243971e-02
9.500000000000000000e+01 2.335546832554857843e-02
9.700000000000000000e+01 2.317325072457265822e-02
9.900000000000000000e+01 2.299419723942275340e-02
1.010000000000000000e+02 2.281769969737812431e-02
1.030000000000000000e+02 2.264488296041744508e-02
1.050000000000000000e+02 2.247567725692378726e-02
1.070000000000000000e+02 2.231048717620531807e-02
1.090000000000000000e+02 2.214980975031621835e-02
1.110000000000000000e+02 2.199358053444444572e-02
1.130000000000000000e+02 2.184242702983929529e-02
1.150000000000000000e+02 2.169570339570692230e-02
1.170000000000000000e+02 2.155234204335121362e-02
1.190000000000000000e+02 2.141216206049789683e-02
1.210000000000000000e+02 2.127668199502474877e-02
1.230000000000000000e+02 2.114558269079835906e-02
1.250000000000000000e+02 2.101868488787184130e-02
1.270000000000000000e+02 2.089372256076793555e-02
1.290000000000000000e+02 2.077012651565457446e-02
1.310000000000000000e+02 2.064740735429837493e-02
1.330000000000000000e+02 2.052735793251847518e-02
1.350000000000000000e+02 2.041043380719764766e-02
1.370000000000000000e+02 2.029573087430791567e-02
1.390000000000000000e+02 2.018389073983384296e-02
1.410000000000000000e+02 2.007397646535513669e-02
1.430000000000000000e+02 1.996592666011520745e-02
1.450000000000000000e+02 1.985994703427418351e-02
1.470000000000000000e+02 1.975604270968933651e-02
1.490000000000000000e+02 1.965411775291348029e-02
