1.000000000000000000e+00 1.665901789811840006e-01
3.000000000000000000e+00 1.894983530891189982e-01
5.000000000000000000e+00 1.989523127478673992e-01
7.000000000000000000e+00 2.038557408859159592e-01
9.000000000000000000e+00 2.069851496110335365e-01
1.100000000000000000e+01 2.093920868606627961e-01
1.300000000000000000e+01 2.115086269724719692e-01
1.500000000000000000e+01 2.134732043737939122e-01
1.700000000000000000e+01 2.153607626577856982e-01
1.900000000000000000e+01 2.172264958661384027e-01
2.100000000000000000e+01 2.191004873429275301e-01
2.300000000000000000e+01 2.209702132480553249e-01
2.500000000000000000e+01 2.228319449495331783e-01
2.700000000000000000e+01 2.246904720469868888e-01
2.900000000000000000e+01 2.265606278642431359e-01
3.100000000000000000e+01 2.284508431958623964e-01
3.300000000000000000e+01 2.303638789793384101e-01
3.500000000000000000e+01 2.323053495548288438e-01
3.700000000000000000e+01 2.342775266188489303e-01
3.900000000000000000e+01 2.362905072781406046e-01
4.100000000000000000e+01 2.383512600931690928e-01
4.300000000000000000e+01 2.404667882360786990e-01
4.500000000000000000e+01 2.426386363575880889e-01
4.700000000000000000e+01 2.448682546382561220e-01
4.900000000000000000e+01 2.471559289346624277e-01
5.100000000000000000e+01 2.495052742856117556e-01
5.300000000000000000e+01 2.519156442126544437e-01
5.500000000000000000e+01 2.543847401050290946e-01
5.700000000000000000e+01 2.569122482929239171e-01
5.900000000000000000e+01 2.594953968394865251e-01
6.100000000000000000e+01 2.621285664571550988e-01
6.300000000000000000e+01 2.648113845074115957e-01
6.500000000000000000e+01 2.675474063037769357e-01
6.700000000000000000e+01 2.703384361325892327e-01
6.900000000000000000e+01 2.731807136974276906e-01
7.100000000000000000e+01 2.760734227262144902e-01
7.300000000000000000e+01 2.790138866971146880e-01
7.500000000000000000e+01 2.820004429251780076e-01
7.700000000000000000e+01 2.850319572926069966e-01
7.900000000000000000e+01 2.881044713223334108e-01
8.100000000000000000e+01 2.912179434208649331e-01
8.300000000000000000e+01 2.943738861392430906e-01
8.500000000000000000e+01 2.975743786678499703e-01
8.700000000000000000e+01 3.008194168733087093e-01
8.900000000000000000e+01 3.041091570064953231e-01
9.100000000000000000e+01 3.074449807154907566e-01
9.300000000000000000e+01 3.108276865802285238e-01
9.500000000000000000e+01 3.142577538506854395e-01
9.700000000000000000e+01 3.177355437291283780e-01
9.900000000000000000e+01 3.212611901718419594e-01
1.010000000000000000e+02 3.248294791636644474e-01
1.030000000000000000e+02 3.284413239445331811e-01
1.050000000000000000e+02 3.320951585410240048e-01
1.070000000000000000e+02 3.357914497307095125e-01
1.090000000000000000e+02 3.395313501417243085e-01
1.110000000000000000e+02 3.433131633665450488e-01
1.130000000000000000e+02 3.471330082074218781e-01
1.150000000000000000e+02 3.509911291799210353e-01
1.170000000000000000e+02 3.548872020163246210e-01
1.190000000000000000e+02 3.588229614506888154e-01
1.210000000000000000e+02 3.627969560948616223e-01
1.230000000000000000e+02 3.668073088528875925e-01
1.250000000000000000e+02 3.708480431051621728e-01
1.270000000000000000e+02 3.749191008273484726e-01
1.290000000000000000e+02 3.790199833371132865e-01
1.310000000000000000e+02 3.831416660339752589e-01
1.330000000000000000e+02 3.872830921047332176e-01
1.350000000000000000e+02 3.914419524841374898e-01
1.370000000000000000e+02 3.956130772154338171e-01
1.390000000000000000e+02 3.997945212342607357e-01
1.410000000000000000e+02 4.039838850524681835e-01
1.430000000000000000e+02 4.081788156877947937e-01
1.450000000000000000e+02 4.123746684789680872e-01
1.470000000000000000e+02 4.165689027996372085e-01
1.490000000000000000e+02 4.207611364429617584e-01
