1.000000000000000000e+00 1.403609281008311171e-02
3.000000000000000000e+00 1.497755818594359578e-02
5.000000000000000000e+00 1.548422895237011598e-02
7.000000000000000000e+00 1.587317918966657526e-02
9.000000000000000000e+00 1.619226930337624992e-02
1.100000000000000000e+01 1.643001489070117227e-02
1.300000000000000000e+01 1.662754692393109135e-02
1.500000000000000000e+01 1.682019731941108986e-02
1.700000000000000000e+01 1.701739474595687085e-02
1.900000000000000000e+01 1.722733452386171482e-02
2.100000000000000000e+01 1.745521118696680141e-02
2.300000000000000000e+01 1.769554818468388468e-02
2.500000000000000000e+01 1.793975485568710670e-02
2.700000000000000000e+01 1.818035500004888672e-02
2.900000000000000000e+01 1.841265998728869313e-02
3.100000000000000000e+01 1.863635329204260671e-02
3.300000000000000000e+01 1.885089996190014716e-02
3.500000000000000000e+01 1.905600309093058442e-02
3.700000000000000000e+01 1.925275046257790557e-02
3.900000000000000000e+01 1.944115677047020263e-02
4.100000000000000000e+01 1.962123221559708419e-02
4.300000000000000000e+01 1.979534343702271659e-02
4.500000000000000000e+01 1.996603226418436350e-02
4.700000000000000000e+01 2.013649466559075396e-02
4.900000000000000000e+01 2.030702380528937034e-02
5.100000000000000000e+01 2.047803531817360412e-02
5.300000000000000000e+01 2.064972824909550031e-02
5.500000000000000000e+01 2.082167404326595861e-02
5.700000000000000000e+01 2.099344951589732222e-02
5.900000000000000000e+01 2.116474419337299739e-02
6.100000000000000000e+01 2.133452848856942641e-02
6.300000000000000000e+01 2.149986216023025420e-02
6.500000000000000000e+01 2.166071058032636998e-02
6.700000000000000000e+01 2.181709147758292833e-02
6.900000000000000000e+01 2.196576204006350785e-02
7.100000000000000000e+01 2.210630678450042907e-02
7.300000000000000000e+01 2.223929880197927922e-02
7.500000000000000000e+01 2.236462213591827730e-02
7.700000000000000000e+01 2.248408166955495613e-02
7.900000000000000000e+01 2.259791226442320333e-02
8.100000000000000000e+01 2.270560616407102383e-02
8.300000000000000000e+01 2.280802575189533332e-02
8.500000000000000000e+01 2.290567409968313761e-02
8.700000000000000000e+01 2.300166998343444735e-02
8.900000000000000000e+01 2.309662045112215178e-02
9.100000000000000000e+01 2.319023598407798925e-02
9.300000000000000000e+01 2.328230079702331423e-02
9.500000000000000000e+01 2.337177367841591913e-02
9.700000000000000000e+01 2.345864558558730106e-02
9.900000000000000000e+01 2.354145716777289454e-02
1.010000000000000000e+02 2.362138328684804112e-02
1.030000000000000000e+02 2.369950631993245072e-02
1.050000000000000000e+02 2.377628622682825821e-02
1.070000000000000000e+02 2.385287247491008067e-02
1.090000000000000000e+02 2.392805049598822897e-02
1.110000000000000000e+02 2.399989701123139696e-02
1.130000000000000000e+02 2.406887326516149450e-02
1.150000000000000000e+02 2.413826808429009319e-02
1.170000000000000000e+02 2.420812499154745279e-02
1.190000000000000000e+02 2.427910370345742752e-02
1.210000000000000000e+02 2.434979330172293288e-02
1.230000000000000000e+02 2.441970842974572342e-02
1.250000000000000000e+02 2.448913677008179857e-02
1.270000000000000000e+02 2.455972678962181632e-02
1.290000000000000000e+02 2.463223625720345478e-02
1.310000000000000000e+02 2.470672514890892568e-02
1.330000000000000000e+02 2.478213858109568068e-02
1.350000000000000000e+02 2.485854883411209304e-02
1.370000000000000000e+02 2.493615853371033975e-02
1.390000000000000000e+02 2.501279858712379678e-02
1.410000000000000000e+02 2.508874996491161635e-02
1.430000000000000000e+02 2.516434325326810661e-02
1.450000000000000000e+02 2.523992277467135281e-02
1.470000000000000000e+02 2.531563746236986656e-02
1.490000000000000000e+02 2.539163794257892626e-02
