1.000000000000000000e+00 8.828522920203729640e-02
3.000000000000000000e+00 9.550599336696041775e-02
5.000000000000000000e+00 9.923898110353268631e-02
7.000000000000000000e+00 1.018194976580240052e-01
9.000000000000000000e+00 1.035831040854243712e-01
1.100000000000000000e+01 1.049518107172673353e-01
1.300000000000000000e+01 1.060812742968567646e-01
1.500000000000000000e+01 1.069773926570907197e-01
1.700000000000000000e+01 1.076623294434446709e-01
1.900000000000000000e+01 1.081853343775486254e-01
2.100000000000000000e+01 1.085806701108265049e-01
2.300000000000000000e+01 1.088920997587772277e-01
2.500000000000000000e+01 1.091333737145967486e-01
2.700000000000000000e+01 1.093185158657365985e-01
2.900000000000000000e+01 1.094673855096393034e-01
3.100000000000000000e+01 1.095855122544489024e-01
3.300000000000000000e+01 1.096713622515973485e-01
3.500000000000000000e+01 1.097180424536938759e-01
3.700000000000000000e+01 1.097435281400934715e-01
3.900000000000000000e+01 1.097595035410635633e-01
4.100000000000000000e+01 1.097624918267823269e-01
4.300000000000000000e+01 1.097524035860342195e-01
4.500000000000000000e+01 1.097328888695302540e-01
4.700000000000000000e+01 1.097056197522772170e-01
4.900000000000000000e+01 1.096802937672800571e-01
5.100000000000000000e+01 1.096532599190638280e-01
5.300000000000000000e+01 1.096180318349452287e-01
5.500000000000000000e+01 1.095735290469921352e-01
5.700000000000000000e+01 1.095250610092108889e-01
5.900000000000000000e+01 1.094577145348135661e-01
6.100000000000000000e+01 1.093884782415882606e-01
6.300000000000000000e+01 1.093123547171696019e-01
6.500000000000000000e+01 1.092271045834005694e-01
6.700000000000000000e+01 1.091177945734419508e-01
6.900000000000000000e+01 1.089923223827615750e-01
7.100000000000000000e+01 1.088541985258401068e-01
7.300000000000000000e+01 1.087053746213526573e-01
7.500000000000000000e+01 1.085620757880778608e-01
7.700000000000000000e+01 1.084142757366970411e-01
7.900000000000000000e+01 1.082726357800624095e-01
8.100000000000000000e+01 1.081269163979627912e-01
8.300000000000000000e+01 1.079785450212195075e-01
8.500000000000000000e+01 1.078299528148537467e-01
8.700000000000000000e+01 1.076820270414974301e-01
8.900000000000000000e+01 1.075315747011891254e-01
9.100000000000000000e+01 1.073889148134113958e-01
9.300000000000000000e+01 1.072536613407227835e-01
9.500000000000000000e+01 1.071186360061564535e-01
9.700000000000000000e+01 1.069850190144666646e-01
9.900000000000000000e+01 1.068579553584390052e-01
1.010000000000000000e+02 1.067384342779335027e-01
1.030000000000000000e+02 1.066314446153719953e-01
1.050000000000000000e+02 1.065366885570051547e-01
1.070000000000000000e+02 1.064385188161831586e-01
1.090000000000000000e+02 1.063376736755299312e-01
1.110000000000000000e+02 1.062367135751567382e-01
1.130000000000000000e+02 1.061394693270559797e-01
1.150000000000000000e+02 1.060428768951322542e-01
1.170000000000000000e+02 1.059470665604022033e-01
1.190000000000000000e+02 1.058524100242423938e-01
1.210000000000000000e+02 1.057588442569973308e-01
1.230000000000000000e+02 1.056763197981039903e-01
1.250000000000000000e+02 1.056048853402221654e-01
1.270000000000000000e+02 1.055165618127211768e-01
1.290000000000000000e+02 1.054114367352095849e-01
1.310000000000000000e+02 1.052864014880373622e-01
1.330000000000000000e+02 1.051660949694481761e-01
1.350000000000000000e+02 1.050465271999055927e-01
1.370000000000000000e+02 1.049275209355817751e-01
1.390000000000000000e+02 1.048112669346029646e-01
1.410000000000000000e+02 1.046831602356786961e-01
1.430000000000000000e+02 1.045431532491480908e-01
1.450000000000000000e+02 1.044007513390491360e-01
1.470000000000000000e+02 1.042621361777770206e-01
1.490000000000000000e+02 1.041278710408896080e-01
