1.000000000000000000e+00 3.269247056830693055e-02
3.000000000000000000e+00 3.541811463007926708e-02
5.000000000000000000e+00 3.642283401793255937e-02
7.000000000000000000e+00 3.707287542295378824e-02
9.000000000000000000e+00 3.759967170109212997e-02
1.100000000000000000e+01 3.805100317585852210e-02
1.300000000000000000e+01 3.849691309516112270e-02
1.500000000000000000e+01 3.896047125157564572e-02
1.700000000000000000e+01 3.944914661033727121e-02
1.900000000000000000e+01 3.995637232886695145e-02
2.100000000000000000e+01 4.048179425992459723e-02
2.300000000000000000e+01 4.102191599602023064e-02
2.500000000000000000e+01 4.157886478780570272e-02
2.700000000000000000e+01 4.215143858859859982e-02
2.900000000000000000e+01 4.273767901793557034e-02
3.100000000000000000e+01 4.333142804315492924e-02
3.300000000000000000e+01 4.393176229758832818e-02
3.500000000000000000e+01 4.454045389107985642e-02
3.700000000000000000e+01 4.515625357636365855e-02
3.900000000000000000e+01 4.577748968309769406e-02
4.100000000000000000e+01 4.640195500493571323e-02
4.300000000000000000e+01 4.703083467076607516e-02
4.500000000000000000e+01 4.766517988524254790e-02
4.700000000000000000e+01 4.830563388172637307e-02
4.900000000000000000e+01 4.895317384679254147e-02
5.100000000000000000e+01 4.960872424639140021e-02
5.300000000000000000e+01 5.027348414272947430e-02
5.500000000000000000e+01 5.094718437039913450e-02
5.700000000000000000e+01 5.162982652456127308e-02
5.900000000000000000e+01 5.232057054389349648e-02
6.100000000000000000e+01 5.301839389110929446e-02
6.300000000000000000e+01 5.372261337650774404e-02
6.500000000000000000e+01 5.443207155367946193e-02
6.700000000000000000e+01 5.514546648117024663e-02
6.900000000000000000e+01 5.586181666599476792e-02
7.100000000000000000e+01 5.658064270384977057e-02
7.300000000000000000e+01 5.730124099925593129e-02
7.500000000000000000e+01 5.802243596381573276e-02
7.700000000000000000e+01 5.874334544604753461e-02
7.900000000000000000e+01 5.946318421140228683e-02
8.100000000000000000e+01 6.018156490954662541e-02
8.300000000000000000e+01 6.089794098687018042e-02
8.500000000000000000e+01 6.161192533861081788e-02
8.700000000000000000e+01 6.232321474051194521e-02
8.900000000000000000e+01 6.303172181113902983e-02
9.100000000000000000e+01 6.373717662142885931e-02
9.300000000000000000e+01 6.443965059782053029e-02
9.500000000000000000e+01 6.513919370832821354e-02
9.700000000000000000e+01 6.583583344352439415e-02
9.900000000000000000e+01 6.652991294388932442e-02
1.010000000000000000e+02 6.722195256119090079e-02
1.030000000000000000e+02 6.791248142555927902e-02
1.050000000000000000e+02 6.860201776607377511e-02
1.070000000000000000e+02 6.929111713092195313e-02
1.090000000000000000e+02 6.998007047386112234e-02
1.110000000000000000e+02 7.066921400866621461e-02
1.130000000000000000e+02 7.135881837457092036e-02
1.150000000000000000e+02 7.204934008367291920e-02
1.170000000000000000e+02 7.274099346798468257e-02
1.190000000000000000e+02 7.343407203341001388e-02
1.210000000000000000e+02 7.412844510388016950e-02
1.230000000000000000e+02 7.482464313018422075e-02
1.250000000000000000e+02 7.552288013902674901e-02
1.270000000000000000e+02 7.622367511821159791e-02
1.290000000000000000e+02 7.692742412020026066e-02
1.310000000000000000e+02 7.763490156738572789e-02
1.330000000000000000e+02 7.834626058860882925e-02
1.350000000000000000e+02 7.906195675753879826e-02
1.370000000000000000e+02 7.978211794519562972e-02
1.390000000000000000e+02 8.050643698827908423e-02
1.410000000000000000e+02 8.123469449439779666e-02
1.430000000000000000e+02 8.196765253189897127e-02
1.450000000000000000e+02 8.270569127212590299e-02
1.470000000000000000e+02 8.344896711069194062e-02
1.490000000000000000e+02 8.419827750154107449e-02
