1.000000000000000000e+00 0.000000000000000000e+00
3.000000000000000000e+00 2.992704132631640590e-05
5.000000000000000000e+00 6.104556448904840948e-05
7.000000000000000000e+00 7.872912076700711026e-05
9.000000000000000000e+00 9.837336795059936634e-05
1.100000000000000000e+01 1.252991942394254821e-04
1.300000000000000000e+01 1.609208668938988396e-04
1.500000000000000000e+01 2.041201466750353077e-04
1.700000000000000000e+01 2.544565226921813306e-04
1.900000000000000000e+01 3.139543888484030987e-04
2.100000000000000000e+01 3.856308322569557134e-04
2.300000000000000000e+01 4.689720152533105590e-04
2.500000000000000000e+01 5.599533466814632376e-04
2.700000000000000000e+01 6.559556918572795325e-04
2.900000000000000000e+01 7.567812878224167150e-04
3.100000000000000000e+01 8.634017481995437393e-04
3.300000000000000000e+01 9.755031277289827329e-04
3.500000000000000000e+01 1.093544240195476469e-03
3.700000000000000000e+01 1.217932545054312143e-03
3.900000000000000000e+01 1.349373994324776227e-03
4.100000000000000000e+01 1.487494756984397704e-03
4.300000000000000000e+01 1.632609605720203305e-03
4.500000000000000000e+01 1.784970319176459874e-03
4.700000000000000000e+01 1.943990928692351794e-03
4.900000000000000000e+01 2.107925651895770081e-03
5.100000000000000000e+01 2.275274141456784527e-03
5.300000000000000000e+01 2.444135014794790450e-03
5.500000000000000000e+01 2.614996126082402839e-03
5.700000000000000000e+01 2.789693206540433401e-03
5.900000000000000000e+01 2.969704464336420102e-03
6.100000000000000000e+01 3.156595866964373442e-03
6.300000000000000000e+01 3.351379585863734079e-03
6.500000000000000000e+01 3.555636276468043810e-03
6.700000000000000000e+01 3.771082343144938065e-03
6.900000000000000000e+01 4.000460651147119684e-03
7.100000000000000000e+01 4.245970193132331261e-03
7.300000000000000000e+01 4.510117782563272115e-03
7.500000000000000000e+01 4.795166113601756486e-03
7.700000000000000000e+01 5.104347247950169475e-03
7.900000000000000000e+01 5.440672421086478749e-03
8.100000000000000000e+01 5.807093148208708477e-03
8.300000000000000000e+01 6.206588463290252378e-03
8.500000000000000000e+01 6.642142192521793831e-03
8.700000000000000000e+01 7.116498903113277485e-03
8.900000000000000000e+01 7.631955146315538840e-03
9.100000000000000000e+01 8.190749467115399085e-03
9.300000000000000000e+01 8.794657802652650069e-03
9.500000000000000000e+01 9.445978907392516000e-03
9.700000000000000000e+01 1.014602613691339972e-02
9.900000000000000000e+01 1.089452869164575510e-02
1.010000000000000000e+02 1.169150230328785955e-02
1.030000000000000000e+02 1.253673372469232827e-02
1.050000000000000000e+02 1.342957795842192326e-02
1.070000000000000000e+02 1.436895894133738416e-02
1.090000000000000000e+02 1.535279049188975620e-02
1.110000000000000000e+02 1.637832398121330524e-02
1.130000000000000000e+02 1.744260703582900529e-02
1.150000000000000000e+02 1.854169383632509049e-02
1.170000000000000000e+02 1.967226936286370353e-02
1.190000000000000000e+02 2.083105454792055777e-02
1.210000000000000000e+02 2.201475375676331669e-02
1.230000000000000000e+02 2.321956106708344958e-02
1.250000000000000000e+02 2.444167388163764887e-02
1.270000000000000000e+02 2.567652006099008233e-02
1.290000000000000000e+02 2.691945589511834935e-02
1.310000000000000000e+02 2.816545777108780957e-02
1.330000000000000000e+02 2.941007973305365120e-02
1.350000000000000000e+02 3.064941902581941324e-02
1.370000000000000000e+02 3.187911309197488663e-02
1.390000000000000000e+02 3.309551194389726003e-02
1.410000000000000000e+02 3.429587054772809118e-02
1.430000000000000000e+02 3.547763901496525651e-02
1.450000000000000000e+02 3.663853183197873786e-02
1.470000000000000000e+02 3.777625629371039739e-02
1.490000000000000000e+02 3.888895997782093605e-02
