1.000000000000000000e+00 7.306269692679556726e-04
3.000000000000000000e+00 7.604919725847647527e-04
5.000000000000000000e+00 7.772684424039999485e-04
7.000000000000000000e+00 7.911820438087913132e-04
9.000000000000000000e+00 8.044384716462404938e-04
1.100000000000000000e+01 8.149740412328743133e-04
1.300000000000000000e+01 8.271689958587735703e-04
1.500000000000000000e+01 8.425524502344572397e-04
1.700000000000000000e+01 8.589529895433045681e-04
1.900000000000000000e+01 8.757385303495013318e-04
2.100000000000000000e+01 8.927165804896164403e-04
2.300000000000000000e+01 9.097784587228652242e-04
2.500000000000000000e+01 9.268146733565352235e-04
2.700000000000000000e+01 9.430787545124941218e-04
2.900000000000000000e+01 9.575797906997696174e-04
3.100000000000000000e+01 9.694505723888413584e-04
3.300000000000000000e+01 9.787657108070169087e-04
3.500000000000000000e+01 9.860678367727970794e-04
3.700000000000000000e+01 9.917052105604673429e-04
3.900000000000000000e+01 9.959769903548076897e-04
4.100000000000000000e+01 9.992885060298162259e-04
4.300000000000000000e+01 1.001680226631718185e-03
4.500000000000000000e+01 1.002922338820599890e-03
4.700000000000000000e+01 1.003106998990532794e-03
4.900000000000000000e+01 1.002380938221247852e-03
5.100000000000000000e+01 1.001065569177783665e-03
5.300000000000000000e+01 9.993405776764774373e-04
5.500000000000000000e+01 9.973496872357490162e-04
5.700000000000000000e+01 9.952753383349888239e-04
5.900000000000000000e+01 9.932336034226274535e-04
6.100000000000000000e+01 9.912892362762271148e-04
6.300000000000000000e+01 9.894519221499420425e-04
6.500000000000000000e+01 9.876800430030918676e-04
6.700000000000000000e+01 9.859309935068560904e-04
6.900000000000000000e+01 9.842147074137219676e-04
7.100000000000000000e+01 9.825627669532988051e-04
7.300000000000000000e+01 9.810014469637806656e-04
7.500000000000000000e+01 9.795681778262954609e-04
7.700000000000000000e+01 9.783130265871298192e-04
7.900000000000000000e+01 9.772413046276184900e-04
8.100000000000000000e+01 9.763477928718122811e-04
8.300000000000000000e+01 9.756392332663788025e-04
8.500000000000000000e+01 9.751252956400335847e-04
8.700000000000000000e+01 9.748168846790417064e-04
8.900000000000000000e+01 9.747350271428478763e-04
9.100000000000000000e+01 9.749033775602322649e-04
9.300000000000000000e+01 9.753331477663218507e-04
9.500000000000000000e+01 9.760527584684597358e-04
9.700000000000000000e+01 9.770810270485208449e-04
9.900000000000000000e+01 9.784404900067267263e-04
1.010000000000000000e+02 9.801266074666026284e-04
1.030000000000000000e+02 9.821568679713177374e-04
1.050000000000000000e+02 9.845235811605235199e-04
1.070000000000000000e+02 9.872109341646506664e-04
1.090000000000000000e+02 9.902035736290004664e-04
1.110000000000000000e+02 9.934858164752924381e-04
1.130000000000000000e+02 9.970407752870613649e-04
1.150000000000000000e+02 1.000874635374904287e-03
1.170000000000000000e+02 1.004939768081358764e-03
1.190000000000000000e+02 1.009227822539648933e-03
1.210000000000000000e+02 1.013716453855284527e-03
1.230000000000000000e+02 1.018386091560130602e-03
1.250000000000000000e+02 1.023227337950238791e-03
1.270000000000000000e+02 1.028246713604019646e-03
1.290000000000000000e+02 1.033444327576571453e-03
1.310000000000000000e+02 1.038829723862488841e-03
1.330000000000000000e+02 1.044376075031605566e-03
1.350000000000000000e+02 1.050054017201151879e-03
1.370000000000000000e+02 1.055865124445887204e-03
1.390000000000000000e+02 1.061793073133587839e-03
1.410000000000000000e+02 1.067819338591680101e-03
1.430000000000000000e+02 1.073919505998555124e-03
1.450000000000000000e+02 1.080088476513529905e-03
1.470000000000000000e+02 1.086333879131928803e-03
1.490000000000000000e+02 1.092667189786178383e-03
