1.000000000000000000e+00 3.639143730886850170e-01
3.000000000000000000e+00 4.184588012898922127e-01
5.000000000000000000e+00 4.495808040189932520e-01
7.000000000000000000e+00 4.747682520714530119e-01
9.000000000000000000e+00 5.000605920393077497e-01
1.100000000000000000e+01 5.263119922133170370e-01
1.300000000000000000e+01 5.535534980587110132e-01
1.500000000000000000e+01 5.822865843991149593e-01
1.700000000000000000e+01 6.117290475179371079e-01
1.900000000000000000e+01 6.406072431900390329e-01
2.100000000000000000e+01 6.685868889117432268e-01
2.300000000000000000e+01 6.954645427124570567e-01
2.500000000000000000e+01 7.205851289066868004e-01
2.700000000000000000e+01 7.438955044971011787e-01
2.900000000000000000e+01 7.654545068824212262e-01
3.100000000000000000e+01 7.844618456156225994e-01
3.300000000000000000e+01 8.012217030252760663e-01
3.500000000000000000e+01 8.158485068827836528e-01
3.700000000000000000e+01 8.286266291310203647e-01
3.900000000000000000e+01 8.399701158070942419e-01
4.100000000000000000e+01 8.500127463023207097e-01
4.300000000000000000e+01 8.589915346036920418e-01
4.500000000000000000e+01 8.670084134010688226e-01
4.700000000000000000e+01 8.741618224126863623e-01
4.900000000000000000e+01 8.804886419829202060e-01
5.100000000000000000e+01 8.861677454446524882e-01
5.300000000000000000e+01 8.913991285248374918e-01
5.500000000000000000e+01 8.959908990047650290e-01
5.700000000000000000e+01 9.000501886565959175e-01
5.900000000000000000e+01 9.037032166248603060e-01
6.100000000000000000e+01 9.067497886824926745e-01
6.300000000000000000e+01 9.093090726617498731e-01
6.500000000000000000e+01 9.114781827120718161e-01
6.700000000000000000e+01 9.132067533487860933e-01
6.900000000000000000e+01 9.145585086404535158e-01
7.100000000000000000e+01 9.155138218243317194e-01
7.300000000000000000e+01 9.160189673879669536e-01
7.500000000000000000e+01 9.161169536670790148e-01
7.700000000000000000e+01 9.158129010504592049e-01
7.900000000000000000e+01 9.151990831996423825e-01
8.100000000000000000e+01 9.143548507018230964e-01
8.300000000000000000e+01 9.136147825743979878e-01
8.500000000000000000e+01 9.130065232896520389e-01
8.700000000000000000e+01 9.126056972438225667e-01
8.900000000000000000e+01 9.124299503347739204e-01
9.100000000000000000e+01 9.123662019690772507e-01
9.300000000000000000e+01 9.123662019690773617e-01
9.500000000000000000e+01 9.123662019690779168e-01
9.700000000000000000e+01 9.123662019690778058e-01
9.900000000000000000e+01 9.123662019690773617e-01
1.010000000000000000e+02 9.123662019690779168e-01
1.030000000000000000e+02 9.123662019690773617e-01
1.050000000000000000e+02 9.123662019690779168e-01
1.070000000000000000e+02 9.123662019690779168e-01
1.090000000000000000e+02 9.123662019690781388e-01
1.110000000000000000e+02 9.123662019690775837e-01
1.130000000000000000e+02 9.123662019690778058e-01
1.150000000000000000e+02 9.123662019690778058e-01
1.170000000000000000e+02 9.123662019690776948e-01
1.190000000000000000e+02 9.123662019690783609e-01
1.210000000000000000e+02 9.123662019690779168e-01
1.230000000000000000e+02 9.123662019690776948e-01
1.250000000000000000e+02 9.123662019690775837e-01
1.270000000000000000e+02 9.123662019690781388e-01
1.290000000000000000e+02 9.123662019690771396e-01
1.310000000000000000e+02 9.123662019690778058e-01
1.330000000000000000e+02 9.123662019690773617e-01
1.350000000000000000e+02 9.123662019690783609e-01
1.370000000000000000e+02 9.123662019690773617e-01
1.390000000000000000e+02 9.123662019690775837e-01
1.410000000000000000e+02 9.123662019690774727e-01
1.430000000000000000e+02 9.123662019690776948e-01
1.450000000000000000e+02 9.123662019690781388e-01
1.470000000000000000e+02 9.123662019690776948e-01
1.490000000000000000e+02 9.123662019690779168e-01
