1.000000000000000000e+00 2.350030921459492772e-01
3.000000000000000000e+00 2.670141242762164024e-01
5.000000000000000000e+00 2.821423905720743530e-01
7.000000000000000000e+00 2.908257532166135251e-01
9.000000000000000000e+00 2.969307825120508504e-01
1.100000000000000000e+01 3.016047179119252242e-01
1.300000000000000000e+01 3.055525091028941098e-01
1.500000000000000000e+01 3.089418262765762924e-01
1.700000000000000000e+01 3.118329109850297431e-01
1.900000000000000000e+01 3.143189114236976112e-01
2.100000000000000000e+01 3.164612952190437589e-01
2.300000000000000000e+01 3.183121803283088802e-01
2.500000000000000000e+01 3.199052139299779496e-01
2.700000000000000000e+01 3.212680682028713486e-01
2.900000000000000000e+01 3.224094543026008175e-01
3.100000000000000000e+01 3.233676440270621955e-01
3.300000000000000000e+01 3.241802352765811301e-01
3.500000000000000000e+01 3.248713279423600664e-01
3.700000000000000000e+01 3.254571649059913030e-01
3.900000000000000000e+01 3.259683339454365614e-01
4.100000000000000000e+01 3.264503017810429508e-01
4.300000000000000000e+01 3.269304342857465295e-01
4.500000000000000000e+01 3.274300582250094793e-01
4.700000000000000000e+01 3.279658792074453544e-01
4.900000000000000000e+01 3.285568754507687261e-01
5.100000000000000000e+01 3.292212755299687155e-01
5.300000000000000000e+01 3.299327145645595261e-01
5.500000000000000000e+01 3.307073662190526120e-01
5.700000000000000000e+01 3.315351315412010669e-01
5.900000000000000000e+01 3.324567080014725340e-01
6.100000000000000000e+01 3.334787874059179646e-01
6.300000000000000000e+01 3.345970304706371579e-01
6.500000000000000000e+01 3.358127431053270495e-01
6.700000000000000000e+01 3.371139996009309137e-01
6.900000000000000000e+01 3.384949423697447557e-01
7.100000000000000000e+01 3.399526345733087096e-01
7.300000000000000000e+01 3.414817171598829582e-01
7.500000000000000000e+01 3.430783629888476405e-01
7.700000000000000000e+01 3.447500753160154252e-01
7.900000000000000000e+01 3.464932138702642161e-01
8.100000000000000000e+01 3.483003840662034500e-01
8.300000000000000000e+01 3.501841575991463396e-01
8.500000000000000000e+01 3.521397661129302969e-01
8.700000000000000000e+01 3.541547385952031890e-01
8.900000000000000000e+01 3.562284896416731961e-01
9.100000000000000000e+01 3.583898052213909668e-01
9.300000000000000000e+01 3.606415193676955067e-01
9.500000000000000000e+01 3.629996899179623870e-01
9.700000000000000000e+01 3.654464311608002225e-01
9.900000000000000000e+01 3.679893787432727548e-01
1.010000000000000000e+02 3.706278449432448552e-01
1.030000000000000000e+02 3.733643761032466868e-01
1.050000000000000000e+02 3.762057601445865096e-01
1.070000000000000000e+02 3.791613042487813612e-01
1.090000000000000000e+02 3.822288928225471283e-01
1.110000000000000000e+02 3.854034008692130975e-01
1.130000000000000000e+02 3.886828739633632068e-01
1.150000000000000000e+02 3.920565889318777808e-01
1.170000000000000000e+02 3.955199963164505172e-01
1.190000000000000000e+02 3.990697382829501150e-01
1.210000000000000000e+02 4.027057227981327703e-01
1.230000000000000000e+02 4.064229493596011045e-01
1.250000000000000000e+02 4.102180983848535689e-01
1.270000000000000000e+02 4.140730805707386608e-01
1.290000000000000000e+02 4.179743468741387025e-01
1.310000000000000000e+02 4.219157699687270391e-01
1.330000000000000000e+02 4.259046718444436941e-01
1.350000000000000000e+02 4.299353200480486858e-01
1.370000000000000000e+02 4.340047466918693919e-01
1.390000000000000000e+02 4.380984014335420618e-01
1.410000000000000000e+02 4.422121110790059317e-01
1.430000000000000000e+02 4.463446898622936976e-01
1.450000000000000000e+02 4.504977276874065906e-01
1.470000000000000000e+02 4.546665498053675813e-01
1.490000000000000000e+02 4.588482186599652790e-01
