1.000000000000000000e+00 9.071685345739055606e-02
3.000000000000000000e+00 9.809443886691238124e-02
5.000000000000000000e+00 1.024206464990389254e-01
7.000000000000000000e+00 1.054780140642681552e-01
9.000000000000000000e+00 1.080797942501060538e-01
1.100000000000000000e+01 1.102902433425931861e-01
1.300000000000000000e+01 1.122079248771477022e-01
1.500000000000000000e+01 1.140265398196088631e-01
1.700000000000000000e+01 1.157159087699662914e-01
1.900000000000000000e+01 1.173499722158860559e-01
2.100000000000000000e+01 1.188695755439191926e-01
2.300000000000000000e+01 1.201859439979194866e-01
2.500000000000000000e+01 1.212776407276791035e-01
2.700000000000000000e+01 1.221400518889159681e-01
2.900000000000000000e+01 1.228168334342893964e-01
3.100000000000000000e+01 1.233412147256530700e-01
3.300000000000000000e+01 1.237110789767171815e-01
3.500000000000000000e+01 1.239404065579259306e-01
3.700000000000000000e+01 1.240419166237557436e-01
3.900000000000000000e+01 1.240647275363370161e-01
4.100000000000000000e+01 1.240272002078116609e-01
4.300000000000000000e+01 1.239252424829792032e-01
4.500000000000000000e+01 1.237780117310717243e-01
4.700000000000000000e+01 1.235873899494158712e-01
4.900000000000000000e+01 1.233765899057234217e-01
5.100000000000000000e+01 1.231529725595473801e-01
5.300000000000000000e+01 1.229083391492471478e-01
5.500000000000000000e+01 1.226559805730987884e-01
5.700000000000000000e+01 1.223965925500969387e-01
5.900000000000000000e+01 1.220901374497433967e-01
6.100000000000000000e+01 1.217409059971581442e-01
6.300000000000000000e+01 1.213498794590426311e-01
6.500000000000000000e+01 1.209344815542360285e-01
6.700000000000000000e+01 1.204967771365689222e-01
6.900000000000000000e+01 1.200624043551531406e-01
7.100000000000000000e+01 1.196434952613233405e-01
7.300000000000000000e+01 1.192413875480117236e-01
7.500000000000000000e+01 1.188512256085042518e-01
7.700000000000000000e+01 1.184695921364308235e-01
7.900000000000000000e+01 1.180885900801366128e-01
8.100000000000000000e+01 1.176904570676680084e-01
8.300000000000000000e+01 1.172832230579167190e-01
8.500000000000000000e+01 1.168661861875264218e-01
8.700000000000000000e+01 1.164579253281616822e-01
8.900000000000000000e+01 1.160484231782465958e-01
9.100000000000000000e+01 1.156372662847219290e-01
9.300000000000000000e+01 1.152242815192693337e-01
9.500000000000000000e+01 1.148012848039924316e-01
9.700000000000000000e+01 1.143693341015077358e-01
9.900000000000000000e+01 1.139307077860367556e-01
1.010000000000000000e+02 1.135007271073703583e-01
1.030000000000000000e+02 1.130717447308065005e-01
1.050000000000000000e+02 1.126441647017941694e-01
1.070000000000000000e+02 1.122219780933569888e-01
1.090000000000000000e+02 1.118052814614999280e-01
1.110000000000000000e+02 1.114004647501629641e-01
1.130000000000000000e+02 1.110075113516367784e-01
1.150000000000000000e+02 1.106230277909592274e-01
1.170000000000000000e+02 1.102484626083087838e-01
1.190000000000000000e+02 1.098862021766839892e-01
1.210000000000000000e+02 1.095415407919538842e-01
1.230000000000000000e+02 1.092106622611678235e-01
1.250000000000000000e+02 1.088938334051758883e-01
1.270000000000000000e+02 1.085909463222259896e-01
1.290000000000000000e+02 1.083040269536162947e-01
1.310000000000000000e+02 1.080338646221667975e-01
1.330000000000000000e+02 1.077822457018781099e-01
1.350000000000000000e+02 1.075498109251167289e-01
1.370000000000000000e+02 1.073259459124300541e-01
1.390000000000000000e+02 1.071112188262524079e-01
1.410000000000000000e+02 1.069053923940085360e-01
1.430000000000000000e+02 1.067183967861377036e-01
1.450000000000000000e+02 1.065483008914979157e-01
1.470000000000000000e+02 1.063946845193274315e-01
1.490000000000000000e+02 1.062626947923434040e-01
