1.000000000000000000e+00 6.561501597444089340e-01
3.000000000000000000e+00 6.889810678096361940e-01
5.000000000000000000e+00 7.038717946082411192e-01
7.000000000000000000e+00 7.133496869561197773e-01
9.000000000000000000e+00 7.208362745783654102e-01
1.100000000000000000e+01 7.273727044438780265e-01
1.300000000000000000e+01 7.333687102644148581e-01
1.500000000000000000e+01 7.390411744545488659e-01
1.700000000000000000e+01 7.444727297272483169e-01
1.900000000000000000e+01 7.497185679928710655e-01
2.100000000000000000e+01 7.548190392192305476e-01
2.300000000000000000e+01 7.598100369866963577e-01
2.500000000000000000e+01 7.647291824982997976e-01
2.700000000000000000e+01 7.696092973553977368e-01
2.900000000000000000e+01 7.744772962065810118e-01
3.100000000000000000e+01 7.793442142293547370e-01
3.300000000000000000e+01 7.842142363143351780e-01
3.500000000000000000e+01 7.890819805406311671e-01
3.700000000000000000e+01 7.939409834437480828e-01
3.900000000000000000e+01 7.987833722950143933e-01
4.100000000000000000e+01 8.035999525632080420e-01
4.300000000000000000e+01 8.083786757598647732e-01
4.500000000000000000e+01 8.131074796153812123e-01
4.700000000000000000e+01 8.177770485170440251e-01
4.900000000000000000e+01 8.223796831813674491e-01
5.100000000000000000e+01 8.269069262280555055e-01
5.300000000000000000e+01 8.313530128510093764e-01
5.500000000000000000e+01 8.357133308388343673e-01
5.700000000000000000e+01 8.399820482471511696e-01
5.900000000000000000e+01 8.441538367253123010e-01
6.100000000000000000e+01 8.482239093102379446e-01
6.300000000000000000e+01 8.521882868708949843e-01
6.500000000000000000e+01 8.560448526647324030e-01
6.700000000000000000e+01 8.597929525789476113e-01
6.900000000000000000e+01 8.634328404698236037e-01
7.100000000000000000e+01 8.669678722269108517e-01
7.300000000000000000e+01 8.704004496636521537e-01
7.500000000000000000e+01 8.737317926165979465e-01
7.700000000000000000e+01 8.769638179942803591e-01
7.900000000000000000e+01 8.800981107398265779e-01
8.100000000000000000e+01 8.831371147073127092e-01
8.300000000000000000e+01 8.860832904047952763e-01
8.500000000000000000e+01 8.889396321646855226e-01
8.700000000000000000e+01 8.917082746243504277e-01
8.900000000000000000e+01 8.943918123306322521e-01
9.100000000000000000e+01 8.969925062308377051e-01
9.300000000000000000e+01 8.995125274805579885e-01
9.500000000000000000e+01 9.019546551337438434e-01
9.700000000000000000e+01 9.043213381097854331e-01
9.900000000000000000e+01 9.066155757901123158e-01
1.010000000000000000e+02 9.088392284937922838e-01
1.030000000000000000e+02 9.109940886197345211e-01
1.050000000000000000e+02 9.130817330428708800e-01
1.070000000000000000e+02 9.151029365621300427e-01
1.090000000000000000e+02 9.170589144350083100e-01
1.110000000000000000e+02 9.189480442786694958e-01
1.130000000000000000e+02 9.207723269310958969e-01
1.150000000000000000e+02 9.225346378024856797e-01
1.170000000000000000e+02 9.242368299675268739e-01
1.190000000000000000e+02 9.258795092189844311e-01
1.210000000000000000e+02 9.274652530099107839e-01
1.230000000000000000e+02 9.289931376449288569e-01
1.250000000000000000e+02 9.304655977736205896e-01
1.270000000000000000e+02 9.318813316804860358e-01
1.290000000000000000e+02 9.332427536984257976e-01
1.310000000000000000e+02 9.345492184528854107e-01
1.330000000000000000e+02 9.358036596496351889e-01
1.350000000000000000e+02 9.370056762590979194e-01
1.370000000000000000e+02 9.381566004181023377e-01
1.390000000000000000e+02 9.392601132939057962e-01
1.410000000000000000e+02 9.403194444417257714e-01
1.430000000000000000e+02 9.413365887948658139e-01
1.450000000000000000e+02 9.423130758041649013e-01
1.470000000000000000e+02 9.432519689461537071e-01
1.490000000000000000e+02 9.441535065152073525e-01
