1.000000000000000000e+00 1.532682193839218776e-01
3.000000000000000000e+00 1.900306321358953277e-01
5.000000000000000000e+00 2.120314376887301178e-01
7.000000000000000000e+00 2.324725159147522646e-01
9.000000000000000000e+00 2.559184541474742725e-01
1.100000000000000000e+01 2.819391946001649218e-01
1.300000000000000000e+01 3.097896980716593474e-01
1.500000000000000000e+01 3.397933312012151319e-01
1.700000000000000000e+01 3.713155203145793726e-01
1.900000000000000000e+01 4.039488647653654008e-01
2.100000000000000000e+01 4.371839344285831652e-01
2.300000000000000000e+01 4.705783463327367633e-01
2.500000000000000000e+01 5.040301093915855457e-01
2.700000000000000000e+01 5.369656979581103329e-01
2.900000000000000000e+01 5.689654442719275229e-01
3.100000000000000000e+01 5.991224604204893334e-01
3.300000000000000000e+01 6.273390759104016112e-01
3.500000000000000000e+01 6.539034007820763161e-01
3.700000000000000000e+01 6.787265278510361544e-01
3.900000000000000000e+01 7.017968308136678379e-01
4.100000000000000000e+01 7.232906961550567004e-01
4.300000000000000000e+01 7.431311906283891711e-01
4.500000000000000000e+01 7.615647853307160320e-01
4.700000000000000000e+01 7.788684933776688357e-01
4.900000000000000000e+01 7.953679081506894732e-01
5.100000000000000000e+01 8.110521890801407618e-01
5.300000000000000000e+01 8.261259805691845148e-01
5.500000000000000000e+01 8.402953791717595600e-01
5.700000000000000000e+01 8.537211255676018240e-01
5.900000000000000000e+01 8.663923095186992773e-01
6.100000000000000000e+01 8.781150737522032124e-01
6.300000000000000000e+01 8.890717717918570351e-01
6.500000000000000000e+01 8.993837017093361252e-01
6.700000000000000000e+01 9.088739217289600880e-01
6.900000000000000000e+01 9.176370686183333847e-01
7.100000000000000000e+01 9.257605871670226971e-01
7.300000000000000000e+01 9.332966863269498425e-01
7.500000000000000000e+01 9.402817958427451828e-01
7.700000000000000000e+01 9.466955442655221598e-01
7.900000000000000000e+01 9.523506563469423813e-01
8.100000000000000000e+01 9.571315861538268743e-01
8.300000000000000000e+01 9.610977828355616870e-01
8.500000000000000000e+01 9.643253976174532838e-01
8.700000000000000000e+01 9.668428207121877449e-01
8.900000000000000000e+01 9.686264065321551486e-01
9.100000000000000000e+01 9.698494077220350951e-01
9.300000000000000000e+01 9.705924958249574352e-01
9.500000000000000000e+01 9.711806276131724758e-01
9.700000000000000000e+01 9.716459805981203512e-01
9.900000000000000000e+01 9.720683118027263481e-01
1.010000000000000000e+02 9.724583569201938893e-01
1.030000000000000000e+02 9.728176234439787073e-01
1.050000000000000000e+02 9.731167234942676991e-01
1.070000000000000000e+02 9.733660572308605596e-01
1.090000000000000000e+02 9.735715899510294369e-01
1.110000000000000000e+02 9.737424663293337002e-01
1.130000000000000000e+02 9.738491614336529656e-01
1.150000000000000000e+02 9.739161211452976863e-01
1.170000000000000000e+02 9.739460559368392500e-01
1.190000000000000000e+02 9.739268069242255077e-01
1.210000000000000000e+02 9.739171128208270467e-01
1.230000000000000000e+02 9.739171128208272687e-01
1.250000000000000000e+02 9.739171128208266026e-01
1.270000000000000000e+02 9.739171128208270467e-01
1.290000000000000000e+02 9.739171128208270467e-01
1.310000000000000000e+02 9.739171128208272687e-01
1.330000000000000000e+02 9.739171128208268247e-01
1.350000000000000000e+02 9.739171128208271577e-01
1.370000000000000000e+02 9.739171128208273798e-01
1.390000000000000000e+02 9.739171128208268247e-01
1.410000000000000000e+02 9.739171128208273798e-01
1.430000000000000000e+02 9.739171128208274908e-01
1.450000000000000000e+02 9.739171128208269357e-01
1.470000000000000000e+02 9.739171128208268247e-01
1.490000000000000000e+02 9.739171128208271577e-01
