1.000000000000000000e+00 4.696790617328847617e-01
3.000000000000000000e+00 5.298717372453494168e-01
5.000000000000000000e+00 5.574308811429913302e-01
7.000000000000000000e+00 5.746240053570530470e-01
9.000000000000000000e+00 5.880086948395915059e-01
1.100000000000000000e+01 5.998644854129704385e-01
1.300000000000000000e+01 6.110823751173425356e-01
1.500000000000000000e+01 6.220353375830315334e-01
1.700000000000000000e+01 6.327635100636436194e-01
1.900000000000000000e+01 6.433826933954163163e-01
2.100000000000000000e+01 6.540047934466519663e-01
2.300000000000000000e+01 6.646332765638203188e-01
2.500000000000000000e+01 6.753612717469947846e-01
2.700000000000000000e+01 6.861380746301266598e-01
2.900000000000000000e+01 6.969284615672062255e-01
3.100000000000000000e+01 7.076901477483183989e-01
3.300000000000000000e+01 7.183697775234012539e-01
3.500000000000000000e+01 7.289270741998963299e-01
3.700000000000000000e+01 7.393062882888628007e-01
3.900000000000000000e+01 7.494506396771281054e-01
4.100000000000000000e+01 7.593398170026735006e-01
4.300000000000000000e+01 7.689107921757948327e-01
4.500000000000000000e+01 7.781589709891869600e-01
4.700000000000000000e+01 7.870699544887472809e-01
4.900000000000000000e+01 7.956146637254517540e-01
5.100000000000000000e+01 8.037882161863897368e-01
5.300000000000000000e+01 8.115728292602718552e-01
5.500000000000000000e+01 8.189070006757538378e-01
5.700000000000000000e+01 8.258178994944298523e-01
5.900000000000000000e+01 8.323133406051583805e-01
6.100000000000000000e+01 8.383543073882515628e-01
6.300000000000000000e+01 8.439610362542371291e-01
6.500000000000000000e+01 8.490947311112979623e-01
6.700000000000000000e+01 8.537962625980168863e-01
6.900000000000000000e+01 8.581203280443692183e-01
7.100000000000000000e+01 8.620473424964263387e-01
7.300000000000000000e+01 8.656177446055290936e-01
7.500000000000000000e+01 8.688757248428699009e-01
7.700000000000000000e+01 8.718501829336927633e-01
7.900000000000000000e+01 8.745678291161208540e-01
8.100000000000000000e+01 8.770099513552860326e-01
8.300000000000000000e+01 8.792057799238290894e-01
8.500000000000000000e+01 8.811716675295753198e-01
8.700000000000000000e+01 8.829362875430373236e-01
8.900000000000000000e+01 8.845423730109053251e-01
9.100000000000000000e+01 8.859901878984844936e-01
9.300000000000000000e+01 8.872945957520514959e-01
9.500000000000000000e+01 8.884560630836658701e-01
9.700000000000000000e+01 8.894920149536933440e-01
9.900000000000000000e+01 8.904050935303920999e-01
1.010000000000000000e+02 8.912059255672457603e-01
1.030000000000000000e+02 8.918986755313970116e-01
1.050000000000000000e+02 8.924905500201223418e-01
1.070000000000000000e+02 8.929779405736881781e-01
1.090000000000000000e+02 8.933815173830880196e-01
1.110000000000000000e+02 8.937077701072214664e-01
1.130000000000000000e+02 8.939465328153707313e-01
1.150000000000000000e+02 8.941042003617393208e-01
1.170000000000000000e+02 8.942154020074987164e-01
1.190000000000000000e+02 8.942718196845025336e-01
1.210000000000000000e+02 8.942762438576928874e-01
1.230000000000000000e+02 8.942400958758695007e-01
1.250000000000000000e+02 8.941653125730090190e-01
1.270000000000000000e+02 8.940641491940262142e-01
1.290000000000000000e+02 8.939428513796897624e-01
1.310000000000000000e+02 8.938146694950395155e-01
1.330000000000000000e+02 8.936810498426820404e-01
1.350000000000000000e+02 8.935359473010386910e-01
1.370000000000000000e+02 8.933952837960839055e-01
1.390000000000000000e+02 8.932564593295059252e-01
1.410000000000000000e+02 8.931196424419636237e-01
1.430000000000000000e+02 8.929837459836166280e-01
1.450000000000000000e+02 8.928445180178217200e-01
1.470000000000000000e+02 8.927019632342065858e-01
1.490000000000000000e+02 8.925630127201265029e-01
