1.000000000000000000e+00 0.000000000000000000e+00
3.000000000000000000e+00 0.000000000000000000e+00
5.000000000000000000e+00 0.000000000000000000e+00
7.000000000000000000e+00 0.000000000000000000e+00
9.000000000000000000e+00 2.393129004474303656e-05
1.100000000000000000e+01 4.911787541050927075e-05
1.300000000000000000e+01 7.043441665410821173e-05
1.500000000000000000e+01 8.822372672523393078e-05
1.700000000000000000e+01 1.033587252619039276e-04
1.900000000000000000e+01 1.165946787881066982e-04
2.100000000000000000e+01 1.283212642707587392e-04
2.300000000000000000e+01 1.390660545749211607e-04
2.500000000000000000e+01 1.490339022700570837e-04
2.700000000000000000e+01 1.586472689246720691e-04
2.900000000000000000e+01 1.686287579141243498e-04
3.100000000000000000e+01 1.802042138994153220e-04
3.300000000000000000e+01 1.940952804968532064e-04
3.500000000000000000e+01 2.087308304258295166e-04
3.700000000000000000e+01 2.237532886593118775e-04
3.900000000000000000e+01 2.395318522929734684e-04
4.100000000000000000e+01 2.571688668863147953e-04
4.300000000000000000e+01 2.772210233530358892e-04
4.500000000000000000e+01 2.999488942950767623e-04
4.700000000000000000e+01 3.246038787245719703e-04
4.900000000000000000e+01 3.506996216955382550e-04
5.100000000000000000e+01 3.785712976751565151e-04
5.300000000000000000e+01 4.080432023105817763e-04
5.500000000000000000e+01 4.388027077431022605e-04
5.700000000000000000e+01 4.705401856577307029e-04
5.900000000000000000e+01 5.030315201883794884e-04
6.100000000000000000e+01 5.360745019886703489e-04
6.300000000000000000e+01 5.693898659351326330e-04
6.500000000000000000e+01 6.028547982962484397e-04
6.700000000000000000e+01 6.363779634872557267e-04
6.900000000000000000e+01 6.697797442095643206e-04
7.100000000000000000e+01 7.028581379600051804e-04
7.300000000000000000e+01 7.354164410339203428e-04
7.500000000000000000e+01 7.674247595607086581e-04
7.700000000000000000e+01 7.989055805068812077e-04
7.900000000000000000e+01 8.299711264728726334e-04
8.100000000000000000e+01 8.606944338525046589e-04
8.300000000000000000e+01 8.911124356031363547e-04
8.500000000000000000e+01 9.212866138291753160e-04
8.700000000000000000e+01 9.512431339451232759e-04
8.900000000000000000e+01 9.810292246377194658e-04
9.100000000000000000e+01 1.010676369331608981e-03
9.300000000000000000e+01 1.040207882626598135e-03
9.500000000000000000e+01 1.069667573701860164e-03
9.700000000000000000e+01 1.099112165000692976e-03
9.900000000000000000e+01 1.128591675720880261e-03
1.010000000000000000e+02 1.158129008475339283e-03
1.030000000000000000e+02 1.187721078930947805e-03
1.050000000000000000e+02 1.217345357583665688e-03
1.070000000000000000e+02 1.247005989121419134e-03
1.090000000000000000e+02 1.276798001032197760e-03
1.110000000000000000e+02 1.306795514279368575e-03
1.130000000000000000e+02 1.337104837194069695e-03
1.150000000000000000e+02 1.367887006268442285e-03
1.170000000000000000e+02 1.399257105790030487e-03
1.190000000000000000e+02 1.431310003684238552e-03
1.210000000000000000e+02 1.464161050525047969e-03
1.230000000000000000e+02 1.497877354350918289e-03
1.250000000000000000e+02 1.532481129607576875e-03
1.270000000000000000e+02 1.567397558273064817e-03
1.290000000000000000e+02 1.602765186932697539e-03
1.310000000000000000e+02 1.638676750939538351e-03
1.330000000000000000e+02 1.676048535569019116e-03
1.350000000000000000e+02 1.714945743651608012e-03
1.370000000000000000e+02 1.755438576937606854e-03
1.390000000000000000e+02 1.797575342177615276e-03
1.410000000000000000e+02 1.841456006850705762e-03
1.430000000000000000e+02 1.887199777932391243e-03
1.450000000000000000e+02 1.934901074149286693e-03
1.470000000000000000e+02 1.984708191057893423e-03
1.490000000000000000e+02 2.036783914213580182e-03
