1.000000000000000000e+00 5.451625853071055960e-01
3.000000000000000000e+00 6.221007990306464119e-01
5.000000000000000000e+00 6.578496114414973395e-01
7.000000000000000000e+00 6.802834356269558125e-01
9.000000000000000000e+00 6.979320298414753987e-01
1.100000000000000000e+01 7.121731936903334947e-01
1.300000000000000000e+01 7.235071698117245820e-01
1.500000000000000000e+01 7.324563606228124968e-01
1.700000000000000000e+01 7.393661661789453499e-01
1.900000000000000000e+01 7.444344330722498793e-01
2.100000000000000000e+01 7.478594874829808115e-01
2.300000000000000000e+01 7.501532067454663721e-01
2.500000000000000000e+01 7.513740990473971593e-01
2.700000000000000000e+01 7.516732771487599774e-01
2.900000000000000000e+01 7.512788181442271451e-01
3.100000000000000000e+01 7.504242410918378070e-01
3.300000000000000000e+01 7.491828859324688450e-01
3.500000000000000000e+01 7.474758066543529811e-01
3.700000000000000000e+01 7.453955683875288507e-01
3.900000000000000000e+01 7.435926185953563028e-01
4.100000000000000000e+01 7.420444763409735911e-01
4.300000000000000000e+01 7.407174460701839713e-01
4.500000000000000000e+01 7.393027393839675110e-01
4.700000000000000000e+01 7.378568059556863679e-01
4.900000000000000000e+01 7.366014539969294450e-01
5.100000000000000000e+01 7.356324957364348549e-01
5.300000000000000000e+01 7.348205748093343814e-01
5.500000000000000000e+01 7.341351705353954538e-01
5.700000000000000000e+01 7.335251177999485561e-01
5.900000000000000000e+01 7.329081804620770635e-01
6.100000000000000000e+01 7.323565978595938386e-01
6.300000000000000000e+01 7.318364285006235814e-01
6.500000000000000000e+01 7.315314220899755693e-01
6.700000000000000000e+01 7.311885808031347578e-01
6.900000000000000000e+01 7.308330941091811805e-01
7.100000000000000000e+01 7.304282429496997686e-01
7.300000000000000000e+01 7.299484982962978208e-01
7.500000000000000000e+01 7.294740811425648452e-01
7.700000000000000000e+01 7.289688676208867513e-01
7.900000000000000000e+01 7.284286073594057331e-01
8.100000000000000000e+01 7.278020195152563598e-01
8.300000000000000000e+01 7.270490751086640113e-01
8.500000000000000000e+01 7.261967481551727666e-01
8.700000000000000000e+01 7.253412799626210994e-01
8.900000000000000000e+01 7.245518225320434214e-01
9.100000000000000000e+01 7.238258983223282428e-01
9.300000000000000000e+01 7.231870658430725740e-01
9.500000000000000000e+01 7.225706194501947399e-01
9.700000000000000000e+01 7.221013593415218645e-01
9.900000000000000000e+01 7.217189210176728764e-01
1.010000000000000000e+02 7.214470069449768763e-01
1.030000000000000000e+02 7.211759979443861379e-01
1.050000000000000000e+02 7.209038660230729922e-01
1.070000000000000000e+02 7.206200684125466660e-01
1.090000000000000000e+02 7.203591716631867481e-01
1.110000000000000000e+02 7.201374752978240146e-01
1.130000000000000000e+02 7.200249033070333926e-01
1.150000000000000000e+02 7.200249033070342808e-01
1.170000000000000000e+02 7.200249033070337257e-01
1.190000000000000000e+02 7.200249033070337257e-01
1.210000000000000000e+02 7.200249033070338367e-01
1.230000000000000000e+02 7.200249033070336147e-01
1.250000000000000000e+02 7.200249033070349469e-01
1.270000000000000000e+02 7.200249033070341698e-01
1.290000000000000000e+02 7.200249033070338367e-01
1.310000000000000000e+02 7.200249033070336147e-01
1.330000000000000000e+02 7.200249033070337257e-01
1.350000000000000000e+02 7.200249033070337257e-01
1.370000000000000000e+02 7.200249033070336147e-01
1.390000000000000000e+02 7.200249033070342808e-01
1.410000000000000000e+02 7.200249033070335036e-01
1.430000000000000000e+02 7.200249033070340587e-01
1.450000000000000000e+02 7.200249033070339477e-01
1.470000000000000000e+02 7.200249033070342808e-01
1.490000000000000000e+02 7.200249033070340587e-01
