1.000000000000000000e+00 2.071388377716609774e-02
3.000000000000000000e+00 2.126831773726101105e-02
5.000000000000000000e+00 2.159117638807661610e-02
7.000000000000000000e+00 2.185565903297037593e-02
9.000000000000000000e+00 2.208913705443982245e-02
1.100000000000000000e+01 2.229950106728784132e-02
1.300000000000000000e+01 2.248749195268529011e-02
1.500000000000000000e+01 2.264885731514398870e-02
1.700000000000000000e+01 2.278652782141976640e-02
1.900000000000000000e+01 2.290974193749961696e-02
2.100000000000000000e+01 2.302540821588261455e-02
2.300000000000000000e+01 2.313463772972379484e-02
2.500000000000000000e+01 2.323893810925115044e-02
2.700000000000000000e+01 2.333951669427170028e-02
2.900000000000000000e+01 2.343586102041939068e-02
3.100000000000000000e+01 2.352809826614843391e-02
3.300000000000000000e+01 2.361637841423813722e-02
3.500000000000000000e+01 2.370088802938263850e-02
3.700000000000000000e+01 2.378072718519019801e-02
3.900000000000000000e+01 2.385578300543067520e-02
4.100000000000000000e+01 2.392560651977204689e-02
4.300000000000000000e+01 2.398974997924718799e-02
4.500000000000000000e+01 2.404866956629270192e-02
4.700000000000000000e+01 2.410233009909468205e-02
4.900000000000000000e+01 2.415053881817641468e-02
5.100000000000000000e+01 2.419274885550271037e-02
5.300000000000000000e+01 2.422861293713340913e-02
5.500000000000000000e+01 2.425810804186911973e-02
5.700000000000000000e+01 2.428092674849158250e-02
5.900000000000000000e+01 2.429679826015596067e-02
6.100000000000000000e+01 2.430568992355308655e-02
6.300000000000000000e+01 2.430730838820227557e-02
6.500000000000000000e+01 2.430162310273187298e-02
6.700000000000000000e+01 2.428847236867703874e-02
6.900000000000000000e+01 2.426642555439162408e-02
7.100000000000000000e+01 2.423567515511915182e-02
7.300000000000000000e+01 2.419741486640747397e-02
7.500000000000000000e+01 2.414986529074170107e-02
7.700000000000000000e+01 2.409306554722412397e-02
7.900000000000000000e+01 2.402624592732327535e-02
8.100000000000000000e+01 2.395000789200951719e-02
8.300000000000000000e+01 2.386648901940624512e-02
8.500000000000000000e+01 2.377525384223844185e-02
8.700000000000000000e+01 2.367837058662403127e-02
8.900000000000000000e+01 2.357497177029610480e-02
9.100000000000000000e+01 2.346648804893458617e-02
9.300000000000000000e+01 2.335374942402457243e-02
9.500000000000000000e+01 2.323722544675466128e-02
9.700000000000000000e+01 2.311744103790924765e-02
9.900000000000000000e+01 2.299456211853290188e-02
1.010000000000000000e+02 2.286894592565213991e-02
1.030000000000000000e+02 2.274114942054994426e-02
1.050000000000000000e+02 2.261208191465213790e-02
1.070000000000000000e+02 2.248203833694828457e-02
1.090000000000000000e+02 2.235064335062764140e-02
1.110000000000000000e+02 2.221831703190035867e-02
1.130000000000000000e+02 2.208552729768975542e-02
1.150000000000000000e+02 2.195261390517633249e-02
1.170000000000000000e+02 2.182016333124725538e-02
1.190000000000000000e+02 2.168738464274144739e-02
1.210000000000000000e+02 2.155522848715152318e-02
1.230000000000000000e+02 2.142387319226268794e-02
1.250000000000000000e+02 2.129417542513434292e-02
1.270000000000000000e+02 2.116611796514522581e-02
1.290000000000000000e+02 2.103955734303220027e-02
1.310000000000000000e+02 2.091398671015187727e-02
1.330000000000000000e+02 2.078951474650347908e-02
1.350000000000000000e+02 2.066754691810512856e-02
1.370000000000000000e+02 2.054808532980423319e-02
1.390000000000000000e+02 2.043030709716298077e-02
1.410000000000000000e+02 2.031319336741099768e-02
1.430000000000000000e+02 2.019681878865964286e-02
1.450000000000000000e+02 2.008110175988331303e-02
1.470000000000000000e+02 1.996570197496549959e-02
1.490000000000000000e+02 1.985067771997139907e-02
