1.000000000000000000e+00 2.624539029413173186e-01
3.000000000000000000e+00 3.114717022838819904e-01
5.000000000000000000e+00 3.325261087692560347e-01
7.000000000000000000e+00 3.426147542927759915e-01
9.000000000000000000e+00 3.485435862494277170e-01
1.100000000000000000e+01 3.526255264567947911e-01
1.300000000000000000e+01 3.557691006625985919e-01
1.500000000000000000e+01 3.583641449126562240e-01
1.700000000000000000e+01 3.606200233045737669e-01
1.900000000000000000e+01 3.626628948936831964e-01
2.100000000000000000e+01 3.645593008199908835e-01
2.300000000000000000e+01 3.663557256401229756e-01
2.500000000000000000e+01 3.680836910492245595e-01
2.700000000000000000e+01 3.697627563968278741e-01
2.900000000000000000e+01 3.714019248647870697e-01
3.100000000000000000e+01 3.730097389700300914e-01
3.300000000000000000e+01 3.745898166442319654e-01
3.500000000000000000e+01 3.761468486755789042e-01
3.700000000000000000e+01 3.776845688914717281e-01
3.900000000000000000e+01 3.792071903258931176e-01
4.100000000000000000e+01 3.807187922439465577e-01
4.300000000000000000e+01 3.822231727516669508e-01
4.500000000000000000e+01 3.837233705740071832e-01
4.700000000000000000e+01 3.852225592365997597e-01
4.900000000000000000e+01 3.867227141454283590e-01
5.100000000000000000e+01 3.882249308157669221e-01
5.300000000000000000e+01 3.897308566356044723e-01
5.500000000000000000e+01 3.912412908943219136e-01
5.700000000000000000e+01 3.927565931540341060e-01
5.900000000000000000e+01 3.942773890209733123e-01
6.100000000000000000e+01 3.958043938663293737e-01
6.300000000000000000e+01 3.973373656436031132e-01
6.500000000000000000e+01 3.988760474701722458e-01
6.700000000000000000e+01 4.004199456628654286e-01
6.900000000000000000e+01 4.019686905914728881e-01
7.100000000000000000e+01 4.035217723549365809e-01
7.300000000000000000e+01 4.050788980627553215e-01
7.500000000000000000e+01 4.066397512604140729e-01
7.700000000000000000e+01 4.082039297321575777e-01
7.900000000000000000e+01 4.097715370321941553e-01
8.100000000000000000e+01 4.113428176263304037e-01
8.300000000000000000e+01 4.129177466691420495e-01
8.500000000000000000e+01 4.144963485723592855e-01
8.700000000000000000e+01 4.160786593803947886e-01
8.900000000000000000e+01 4.176646483918881048e-01
9.100000000000000000e+01 4.192541468805941474e-01
9.300000000000000000e+01 4.208474174762690811e-01
9.500000000000000000e+01 4.224445430930110490e-01
9.700000000000000000e+01 4.240457521994197565e-01
9.900000000000000000e+01 4.256511721015219241e-01
1.010000000000000000e+02 4.272606153545700503e-01
1.030000000000000000e+02 4.288739194394999288e-01
1.050000000000000000e+02 4.304908453918718791e-01
1.070000000000000000e+02 4.321111549743675839e-01
1.090000000000000000e+02 4.337344796884219367e-01
1.110000000000000000e+02 4.353602864709380516e-01
1.130000000000000000e+02 4.369882022473571270e-01
1.150000000000000000e+02 4.386178365273548652e-01
1.170000000000000000e+02 4.402487285812395346e-01
1.190000000000000000e+02 4.418804887071235976e-01
1.210000000000000000e+02 4.435127556479723232e-01
1.230000000000000000e+02 4.451449588025996329e-01
1.250000000000000000e+02 4.467767121247827600e-01
1.270000000000000000e+02 4.484077809111716162e-01
1.290000000000000000e+02 4.500377217240438821e-01
1.310000000000000000e+02 4.516661984792982310e-01
1.330000000000000000e+02 4.532929693936014193e-01
1.350000000000000000e+02 4.549177857744415299e-01
1.370000000000000000e+02 4.565403723162586580e-01
1.390000000000000000e+02 4.581605085395472621e-01
1.410000000000000000e+02 4.597780605882352267e-01
1.430000000000000000e+02 4.613927455954791590e-01
1.450000000000000000e+02 4.630042646012194618e-01
1.470000000000000000e+02 4.646124425467169639e-01
1.490000000000000000e+02 4.662172630696510556e-01
