1.000000000000000000e+00 1.816283578874100524e-02
3.000000000000000000e+00 1.868955200511202008e-02
5.000000000000000000e+00 1.899486505429037742e-02
7.000000000000000000e+00 1.922551457599031011e-02
9.000000000000000000e+00 1.941249799648347985e-02
1.100000000000000000e+01 1.956362184068971555e-02
1.300000000000000000e+01 1.967751759665303801e-02
1.500000000000000000e+01 1.976028704755927734e-02
1.700000000000000000e+01 1.982675170983827506e-02
1.900000000000000000e+01 1.988315221979009007e-02
2.100000000000000000e+01 1.993128998384119388e-02
2.300000000000000000e+01 1.997011780905266765e-02
2.500000000000000000e+01 2.000047842405039411e-02
2.700000000000000000e+01 2.002512452787363895e-02
2.900000000000000000e+01 2.004555409707520219e-02
3.100000000000000000e+01 2.006143059064446899e-02
3.300000000000000000e+01 2.007186227379131882e-02
3.500000000000000000e+01 2.007628080353984767e-02
3.700000000000000000e+01 2.007493064125720483e-02
3.900000000000000000e+01 2.006719986889538010e-02
4.100000000000000000e+01 2.005313777805561859e-02
4.300000000000000000e+01 2.003274975263402702e-02
4.500000000000000000e+01 2.000650127916381305e-02
4.700000000000000000e+01 1.997464375718716045e-02
4.900000000000000000e+01 1.993782266509513956e-02
5.100000000000000000e+01 1.989669449494713138e-02
5.300000000000000000e+01 1.985073004402870822e-02
5.500000000000000000e+01 1.980040526932902445e-02
5.700000000000000000e+01 1.974593105860777964e-02
5.900000000000000000e+01 1.968825628974513187e-02
6.100000000000000000e+01 1.962762954083629996e-02
6.300000000000000000e+01 1.956414572369125082e-02
6.500000000000000000e+01 1.949719648714998144e-02
6.700000000000000000e+01 1.942523376359051035e-02
6.900000000000000000e+01 1.934827782636405757e-02
7.100000000000000000e+01 1.926690271017394984e-02
7.300000000000000000e+01 1.918003465527562401e-02
7.500000000000000000e+01 1.908820469275729348e-02
7.700000000000000000e+01 1.899160887009787579e-02
7.900000000000000000e+01 1.889054351082197769e-02
8.100000000000000000e+01 1.878493533084646394e-02
8.300000000000000000e+01 1.867556063957742651e-02
8.500000000000000000e+01 1.856279343973332718e-02
8.700000000000000000e+01 1.844783342495737166e-02
8.900000000000000000e+01 1.833033031668562796e-02
9.100000000000000000e+01 1.821165061466190060e-02
9.300000000000000000e+01 1.809095854096487432e-02
9.500000000000000000e+01 1.796803443398198308e-02
9.700000000000000000e+01 1.784319706876569267e-02
9.900000000000000000e+01 1.771584835531336832e-02
1.010000000000000000e+02 1.758647648562372545e-02
1.030000000000000000e+02 1.745517453319167522e-02
1.050000000000000000e+02 1.732233890034473589e-02
1.070000000000000000e+02 1.718876625769616417e-02
1.090000000000000000e+02 1.705505853808075845e-02
1.110000000000000000e+02 1.692147325431703209e-02
1.130000000000000000e+02 1.678770368812898539e-02
1.150000000000000000e+02 1.665451937980366726e-02
1.170000000000000000e+02 1.652331227292502813e-02
1.190000000000000000e+02 1.639420938062818855e-02
1.210000000000000000e+02 1.626650705579901768e-02
1.230000000000000000e+02 1.613850459033439044e-02
1.250000000000000000e+02 1.601163385333714828e-02
1.270000000000000000e+02 1.588620586693667569e-02
1.290000000000000000e+02 1.576233158546902491e-02
1.310000000000000000e+02 1.563985713750271067e-02
1.330000000000000000e+02 1.551830693523914562e-02
1.350000000000000000e+02 1.539771718359994601e-02
1.370000000000000000e+02 1.527879017545996643e-02
1.390000000000000000e+02 1.516182777254448943e-02
1.410000000000000000e+02 1.504626880869952554e-02
1.430000000000000000e+02 1.493346708909371046e-02
1.450000000000000000e+02 1.482215268531061891e-02
1.470000000000000000e+02 1.471210027010583232e-02
1.490000000000000000e+02 1.460332073507752959e-02
