1.000000000000000000e+00 9.301555776233039197e-02
3.000000000000000000e+00 1.119966402456097354e-01
5.000000000000000000e+00 1.222069987064527963e-01
7.000000000000000000e+00 1.276069322899034963e-01
9.000000000000000000e+00 1.313400108241182807e-01
1.100000000000000000e+01 1.348459413421000397e-01
1.300000000000000000e+01 1.384634017521244598e-01
1.500000000000000000e+01 1.423428649027286275e-01
1.700000000000000000e+01 1.465448935712870826e-01
1.900000000000000000e+01 1.509430830948397251e-01
2.100000000000000000e+01 1.554365049101007479e-01
2.300000000000000000e+01 1.600030809082024774e-01
2.500000000000000000e+01 1.646229415417836961e-01
2.700000000000000000e+01 1.692813885406446728e-01
2.900000000000000000e+01 1.739856189663281372e-01
3.100000000000000000e+01 1.787276935400078370e-01
3.300000000000000000e+01 1.834871481067690269e-01
3.500000000000000000e+01 1.882684395415419321e-01
3.700000000000000000e+01 1.930580300569836316e-01
3.900000000000000000e+01 1.978377644542349545e-01
4.100000000000000000e+01 2.026034637639980707e-01
4.300000000000000000e+01 2.073583681808961465e-01
4.500000000000000000e+01 2.121060827147733807e-01
4.700000000000000000e+01 2.168444013633251677e-01
4.900000000000000000e+01 2.215769161301555101e-01
5.100000000000000000e+01 2.263040025854408110e-01
5.300000000000000000e+01 2.310230446309819996e-01
5.500000000000000000e+01 2.357409772847894880e-01
5.700000000000000000e+01 2.404559701356144830e-01
5.900000000000000000e+01 2.451686496620815170e-01
6.100000000000000000e+01 2.498815985025175657e-01
6.300000000000000000e+01 2.545940443960300614e-01
6.500000000000000000e+01 2.593039596418440507e-01
6.700000000000000000e+01 2.640072140248892474e-01
6.900000000000000000e+01 2.686944442139319600e-01
7.100000000000000000e+01 2.733608821354619467e-01
7.300000000000000000e+01 2.780078489724688851e-01
7.500000000000000000e+01 2.826332280351685489e-01
7.700000000000000000e+01 2.872315049929882180e-01
7.900000000000000000e+01 2.917973075262176863e-01
8.100000000000000000e+01 2.963249676288275403e-01
8.300000000000000000e+01 3.008098292188117195e-01
8.500000000000000000e+01 3.052464235370747625e-01
8.700000000000000000e+01 3.096303347513962301e-01
8.900000000000000000e+01 3.139582465516789211e-01
9.100000000000000000e+01 3.182306453917449485e-01
9.300000000000000000e+01 3.224460165022199343e-01
9.500000000000000000e+01 3.266002759397664823e-01
9.700000000000000000e+01 3.306926606295256255e-01
9.900000000000000000e+01 3.347245887288008426e-01
1.010000000000000000e+02 3.386924566945840320e-01
1.030000000000000000e+02 3.425973595312763464e-01
1.050000000000000000e+02 3.464382438049193880e-01
1.070000000000000000e+02 3.502185925386316345e-01
1.090000000000000000e+02 3.539411664807707858e-01
1.110000000000000000e+02 3.576080243420310945e-01
1.130000000000000000e+02 3.612182923891650299e-01
1.150000000000000000e+02 3.647695290929061640e-01
1.170000000000000000e+02 3.682618383732016998e-01
1.190000000000000000e+02 3.716972256946340369e-01
1.210000000000000000e+02 3.750811112150356230e-01
1.230000000000000000e+02 3.784176812103191567e-01
1.250000000000000000e+02 3.817113965016308841e-01
1.270000000000000000e+02 3.849657968798022578e-01
1.290000000000000000e+02 3.881798740167637929e-01
1.310000000000000000e+02 3.913576546982233673e-01
1.330000000000000000e+02 3.944960824621682738e-01
1.350000000000000000e+02 3.975988107199514010e-01
1.370000000000000000e+02 4.006664165571919289e-01
1.390000000000000000e+02 4.037067244333120142e-01
1.410000000000000000e+02 4.067222799675928036e-01
1.430000000000000000e+02 4.097044329262670148e-01
1.450000000000000000e+02 4.126562714714152591e-01
1.470000000000000000e+02 4.155756954100742195e-01
1.490000000000000000e+02 4.184591104171705434e-01
