1.000000000000000000e+00 2.563063651810221222e-01
3.000000000000000000e+00 3.070505817354649558e-01
5.000000000000000000e+00 3.290666156770830630e-01
7.000000000000000000e+00 3.400589642999589657e-01
9.000000000000000000e+00 3.471273910197951729e-01
1.100000000000000000e+01 3.524738845431666379e-01
1.300000000000000000e+01 3.569619272600456084e-01
1.500000000000000000e+01 3.609650792692964405e-01
1.700000000000000000e+01 3.646753329176203318e-01
1.900000000000000000e+01 3.682221383013057903e-01
2.100000000000000000e+01 3.716703563979500968e-01
2.300000000000000000e+01 3.750697809585725739e-01
2.500000000000000000e+01 3.784366368088203370e-01
2.700000000000000000e+01 3.817822313118729438e-01
2.900000000000000000e+01 3.851109904063502176e-01
3.100000000000000000e+01 3.884186713997120899e-01
3.300000000000000000e+01 3.917101186173947980e-01
3.500000000000000000e+01 3.949791429993891878e-01
3.700000000000000000e+01 3.982176259887900693e-01
3.900000000000000000e+01 4.014206031733368318e-01
4.100000000000000000e+01 4.045804855721961690e-01
4.300000000000000000e+01 4.076925646882599841e-01
4.500000000000000000e+01 4.107543180812902595e-01
4.700000000000000000e+01 4.137660913023732956e-01
4.900000000000000000e+01 4.167298142275658313e-01
5.100000000000000000e+01 4.196468899787250129e-01
5.300000000000000000e+01 4.225142528212950666e-01
5.500000000000000000e+01 4.253331499391493908e-01
5.700000000000000000e+01 4.281069169457520918e-01
5.900000000000000000e+01 4.308359898836728874e-01
6.100000000000000000e+01 4.335183471186431214e-01
6.300000000000000000e+01 4.361537604843376270e-01
6.500000000000000000e+01 4.387440806244865543e-01
6.700000000000000000e+01 4.412807733645194297e-01
6.900000000000000000e+01 4.437688090805549379e-01
7.100000000000000000e+01 4.462136607739124461e-01
7.300000000000000000e+01 4.486179241995311706e-01
7.500000000000000000e+01 4.509835127609824745e-01
7.700000000000000000e+01 4.533069592888285815e-01
7.900000000000000000e+01 4.555904033435601574e-01
8.100000000000000000e+01 4.578359720956117762e-01
8.300000000000000000e+01 4.600449189121189608e-01
8.500000000000000000e+01 4.622191095487611090e-01
8.700000000000000000e+01 4.643631076190229967e-01
8.900000000000000000e+01 4.664773461645419506e-01
9.100000000000000000e+01 4.685630234731054111e-01
9.300000000000000000e+01 4.706225208478962418e-01
9.500000000000000000e+01 4.726584757950869076e-01
9.700000000000000000e+01 4.746728256730774476e-01
9.900000000000000000e+01 4.766662928709360925e-01
1.010000000000000000e+02 4.786412845463118293e-01
1.030000000000000000e+02 4.806014940557606918e-01
1.050000000000000000e+02 4.825497431231530188e-01
1.070000000000000000e+02 4.844877479681661825e-01
1.090000000000000000e+02 4.864172936791023583e-01
1.110000000000000000e+02 4.883413118306830780e-01
1.130000000000000000e+02 4.902623664735010767e-01
1.150000000000000000e+02 4.921830500899437855e-01
1.170000000000000000e+02 4.941010617282453055e-01
1.190000000000000000e+02 4.960224381662475812e-01
1.210000000000000000e+02 4.979493452995945590e-01
1.230000000000000000e+02 4.998831938150851695e-01
1.250000000000000000e+02 5.018258528452231859e-01
1.270000000000000000e+02 5.037820457716980505e-01
1.290000000000000000e+02 5.057530004090655673e-01
1.310000000000000000e+02 5.077394872632943201e-01
1.330000000000000000e+02 5.097436795709868740e-01
1.350000000000000000e+02 5.117672786724181133e-01
1.370000000000000000e+02 5.138104603857523989e-01
1.390000000000000000e+02 5.158725659240785966e-01
1.410000000000000000e+02 5.179510215328716471e-01
1.430000000000000000e+02 5.200485532119356602e-01
1.450000000000000000e+02 5.221663942012009230e-01
1.470000000000000000e+02 5.243018292968293359e-01
1.490000000000000000e+02 5.264546377406624789e-01
