1.000000000000000000e+00 0.000000000000000000e+00
3.000000000000000000e+00 0.000000000000000000e+00
5.000000000000000000e+00 0.000000000000000000e+00
7.000000000000000000e+00 0.000000000000000000e+00
9.000000000000000000e+00 0.000000000000000000e+00
1.100000000000000000e+01 0.000000000000000000e+00
1.300000000000000000e+01 0.000000000000000000e+00
1.500000000000000000e+01 0.000000000000000000e+00
1.700000000000000000e+01 8.002705041976199141e-07
1.900000000000000000e+01 3.408756038991711534e-06
2.100000000000000000e+01 7.842893932963335146e-06
2.300000000000000000e+01 1.558495479681010210e-05
2.500000000000000000e+01 2.698432841219400302e-05
2.700000000000000000e+01 4.175686292318125936e-05
2.900000000000000000e+01 5.952099041939273860e-05
3.100000000000000000e+01 7.895244489153352418e-05
3.300000000000000000e+01 9.919882573483640442e-05
3.500000000000000000e+01 1.198567057428823190e-04
3.700000000000000000e+01 1.403258145369346011e-04
3.900000000000000000e+01 1.603621832584334328e-04
4.100000000000000000e+01 1.800136372686056419e-04
4.300000000000000000e+01 1.994194133900784038e-04
4.500000000000000000e+01 2.188477332537575037e-04
4.700000000000000000e+01 2.387810242592269816e-04
4.900000000000000000e+01 2.594879541908401421e-04
5.100000000000000000e+01 2.813624355222366091e-04
5.300000000000000000e+01 3.042685798653188556e-04
5.500000000000000000e+01 3.280279602120295124e-04
5.700000000000000000e+01 3.525010245732929093e-04
5.900000000000000000e+01 3.774835162274614575e-04
6.100000000000000000e+01 4.028079082382118870e-04
6.300000000000000000e+01 4.282108706049614355e-04
6.500000000000000000e+01 4.534080682233598836e-04
6.700000000000000000e+01 4.781938732808521664e-04
6.900000000000000000e+01 5.023933033788674507e-04
7.100000000000000000e+01 5.258603226101499217e-04
7.300000000000000000e+01 5.485107373672803988e-04
7.500000000000000000e+01 5.702774081779438120e-04
7.700000000000000000e+01 5.909735562210638449e-04
7.900000000000000000e+01 6.104990382113095748e-04
8.100000000000000000e+01 6.288700534644586781e-04
8.300000000000000000e+01 6.462237029427608803e-04
8.500000000000000000e+01 6.626521873975832477e-04
8.700000000000000000e+01 6.782083045021591872e-04
8.900000000000000000e+01 6.929148749142965968e-04
9.100000000000000000e+01 7.068218401875547841e-04
9.300000000000000000e+01 7.199720773343187830e-04
9.500000000000000000e+01 7.321942924463087365e-04
9.700000000000000000e+01 7.435182068609158534e-04
9.900000000000000000e+01 7.539425108074038206e-04
1.010000000000000000e+02 7.634652826492560607e-04
1.030000000000000000e+02 7.720930030308270631e-04
1.050000000000000000e+02 7.798555699994880186e-04
1.070000000000000000e+02 7.867720152480162099e-04
1.090000000000000000e+02 7.929395725524424066e-04
1.110000000000000000e+02 7.983799218399534325e-04
1.130000000000000000e+02 8.031227795781692436e-04
1.150000000000000000e+02 8.072086613747364581e-04
1.170000000000000000e+02 8.106409998502872583e-04
1.190000000000000000e+02 8.134613557697623065e-04
1.210000000000000000e+02 8.157203441657712162e-04
1.230000000000000000e+02 8.174982966802080142e-04
1.250000000000000000e+02 8.188333358749577684e-04
1.270000000000000000e+02 8.197732803111312805e-04
1.290000000000000000e+02 8.203780968104590343e-04
1.310000000000000000e+02 8.207472218512146256e-04
1.330000000000000000e+02 8.208994765852573039e-04
1.350000000000000000e+02 8.208748133240462153e-04
1.370000000000000000e+02 8.206918481477032401e-04
1.390000000000000000e+02 8.203766814725010903e-04
1.410000000000000000e+02 8.199518324503163313e-04
1.430000000000000000e+02 8.194689610983019179e-04
1.450000000000000000e+02 8.189583230039376716e-04
1.470000000000000000e+02 8.184241615430964956e-04
1.490000000000000000e+02 8.177797277120202324e-04
