1.000000000000000000e+00 1.025108674495556205e-02
3.000000000000000000e+00 1.037156327058241789e-02
5.000000000000000000e+00 1.044036858086350161e-02
7.000000000000000000e+00 1.045237594245818080e-02
9.000000000000000000e+00 1.043625243810342162e-02
1.100000000000000000e+01 1.040771248295535578e-02
1.300000000000000000e+01 1.037090856938749361e-02
1.500000000000000000e+01 1.033181941947747262e-02
1.700000000000000000e+01 1.029373004296241234e-02
1.900000000000000000e+01 1.025561802969465752e-02
2.100000000000000000e+01 1.021476287053046939e-02
2.300000000000000000e+01 1.017257610294486359e-02
2.500000000000000000e+01 1.012865754156855314e-02
2.700000000000000000e+01 1.008650413642731003e-02
2.900000000000000000e+01 1.004582336375448026e-02
3.100000000000000000e+01 1.000647438532009659e-02
3.300000000000000000e+01 9.967988903050284399e-03
3.500000000000000000e+01 9.928338483380705348e-03
3.700000000000000000e+01 9.887452076247082999e-03
3.900000000000000000e+01 9.845862894853563141e-03
4.100000000000000000e+01 9.804046822002310257e-03
4.300000000000000000e+01 9.761071944591082072e-03
4.500000000000000000e+01 9.716695858623558557e-03
4.700000000000000000e+01 9.671466066274003737e-03
4.900000000000000000e+01 9.625336681530649585e-03
5.100000000000000000e+01 9.578469509876619270e-03
5.300000000000000000e+01 9.530368875412253971e-03
5.500000000000000000e+01 9.480617457609530341e-03
5.700000000000000000e+01 9.429453109090712992e-03
5.900000000000000000e+01 9.377313932791730977e-03
6.100000000000000000e+01 9.324312323203520769e-03
6.300000000000000000e+01 9.270777436097277224e-03
6.500000000000000000e+01 9.217040637168549821e-03
6.700000000000000000e+01 9.163334517768961796e-03
6.900000000000000000e+01 9.109436552765970418e-03
7.100000000000000000e+01 9.056059001877447834e-03
7.300000000000000000e+01 9.002965925799522040e-03
7.500000000000000000e+01 8.950337569790578485e-03
7.700000000000000000e+01 8.898347392156114033e-03
7.900000000000000000e+01 8.847144635203196827e-03
8.100000000000000000e+01 8.797138195160703056e-03
8.300000000000000000e+01 8.748584623749056099e-03
8.500000000000000000e+01 8.701538998847402340e-03
8.700000000000000000e+01 8.656062383571416774e-03
8.900000000000000000e+01 8.612208859900549740e-03
9.100000000000000000e+01 8.570004331647784745e-03
9.300000000000000000e+01 8.528271665351749853e-03
9.500000000000000000e+01 8.488279149914013111e-03
9.700000000000000000e+01 8.449229138533298489e-03
9.900000000000000000e+01 8.410791552169949448e-03
1.010000000000000000e+02 8.373028364550227920e-03
1.030000000000000000e+02 8.336494544992967271e-03
1.050000000000000000e+02 8.300603969264352955e-03
1.070000000000000000e+02 8.265369297191016429e-03
1.090000000000000000e+02 8.230380830304917517e-03
1.110000000000000000e+02 8.196722651175880614e-03
1.130000000000000000e+02 8.164354856440181329e-03
1.150000000000000000e+02 8.133285311569760090e-03
1.170000000000000000e+02 8.102543630438052702e-03
1.190000000000000000e+02 8.072242039120824941e-03
1.210000000000000000e+02 8.043210681140999796e-03
1.230000000000000000e+02 8.014845374358037233e-03
1.250000000000000000e+02 7.986631441711744550e-03
1.270000000000000000e+02 7.959241997463450957e-03
1.290000000000000000e+02 7.932600545216050847e-03
1.310000000000000000e+02 7.906393481608375851e-03
1.330000000000000000e+02 7.880544584312421108e-03
1.350000000000000000e+02 7.855321066099318905e-03
1.370000000000000000e+02 7.830484003669591075e-03
1.390000000000000000e+02 7.806580627871873013e-03
1.410000000000000000e+02 7.783218880847764254e-03
1.430000000000000000e+02 7.759405613659953183e-03
1.450000000000000000e+02 7.735121804487543606e-03
1.470000000000000000e+02 7.711738434974746426e-03
1.490000000000000000e+02 7.689174293321054954e-03
