1.000000000000000000e+00 4.436065210158590677e-02
3.000000000000000000e+00 4.924419650890776712e-02
5.000000000000000000e+00 5.294497105361550826e-02
7.000000000000000000e+00 5.621684790486991545e-02
9.000000000000000000e+00 5.892492519432745990e-02
1.100000000000000000e+01 6.105861612785823400e-02
1.300000000000000000e+01 6.272496139737238074e-02
1.500000000000000000e+01 6.415343837187925669e-02
1.700000000000000000e+01 6.551278601500420962e-02
1.900000000000000000e+01 6.686444296728466519e-02
2.100000000000000000e+01 6.821931046827101053e-02
2.300000000000000000e+01 6.956538014684365834e-02
2.500000000000000000e+01 7.088163730523588946e-02
2.700000000000000000e+01 7.214124673165811519e-02
2.900000000000000000e+01 7.334561431105512952e-02
3.100000000000000000e+01 7.450004286074574100e-02
3.300000000000000000e+01 7.564850274087031590e-02
3.500000000000000000e+01 7.679622472306646408e-02
3.700000000000000000e+01 7.794933089130018367e-02
3.900000000000000000e+01 7.911893527301749884e-02
4.100000000000000000e+01 8.030438477831736144e-02
4.300000000000000000e+01 8.149736285352837672e-02
4.500000000000000000e+01 8.269572981476780438e-02
4.700000000000000000e+01 8.389406674338439895e-02
4.900000000000000000e+01 8.508251868267791007e-02
5.100000000000000000e+01 8.625610602434830021e-02
5.300000000000000000e+01 8.739896400910829311e-02
5.500000000000000000e+01 8.849992773147952185e-02
5.700000000000000000e+01 8.955837782658815360e-02
5.900000000000000000e+01 9.058084921859810290e-02
6.100000000000000000e+01 9.157808861004257395e-02
6.300000000000000000e+01 9.258101454304545896e-02
6.500000000000000000e+01 9.360029532537206265e-02
6.700000000000000000e+01 9.464166983984345638e-02
6.900000000000000000e+01 9.570923743783044113e-02
7.100000000000000000e+01 9.680613031868479101e-02
7.300000000000000000e+01 9.793417821594885275e-02
7.500000000000000000e+01 9.909428110954687785e-02
7.700000000000000000e+01 1.002878876875458181e-01
7.900000000000000000e+01 1.015041425869894764e-01
8.100000000000000000e+01 1.027360886587164179e-01
8.300000000000000000e+01 1.039859406424979982e-01
8.500000000000000000e+01 1.052519881260968182e-01
8.700000000000000000e+01 1.065438292021682054e-01
8.900000000000000000e+01 1.078582242916297229e-01
9.100000000000000000e+01 1.091952722670543885e-01
9.300000000000000000e+01 1.105550906342152029e-01
9.500000000000000000e+01 1.119355288025370987e-01
9.700000000000000000e+01 1.133350447285941254e-01
9.900000000000000000e+01 1.147533778958051975e-01
1.010000000000000000e+02 1.161906337625756569e-01
1.030000000000000000e+02 1.176494527517877309e-01
1.050000000000000000e+02 1.191321970090902793e-01
1.070000000000000000e+02 1.206217649318978014e-01
1.090000000000000000e+02 1.221146092479555856e-01
1.110000000000000000e+02 1.236118169286007928e-01
1.130000000000000000e+02 1.251147341750211694e-01
1.150000000000000000e+02 1.266485498462293080e-01
1.170000000000000000e+02 1.282137382024897132e-01
1.190000000000000000e+02 1.298109238394933307e-01
1.210000000000000000e+02 1.314289582218072239e-01
1.230000000000000000e+02 1.330688664255743614e-01
1.250000000000000000e+02 1.347311373396835599e-01
1.270000000000000000e+02 1.364163987267765776e-01
1.290000000000000000e+02 1.381191693348894356e-01
1.310000000000000000e+02 1.398388455381819329e-01
1.330000000000000000e+02 1.415746815338181364e-01
1.350000000000000000e+02 1.433116819354897098e-01
1.370000000000000000e+02 1.450509004177711336e-01
1.390000000000000000e+02 1.467866445953658339e-01
1.410000000000000000e+02 1.485175127044358057e-01
1.430000000000000000e+02 1.502225306863926857e-01
1.450000000000000000e+02 1.519092156351020684e-01
1.470000000000000000e+02 1.536078685423536427e-01
1.490000000000000000e+02 1.553190885295357981e-01
