1.000000000000000000e+00 0.000000000000000000e+00
3.000000000000000000e+00 1.746504411115346045e-05
5.000000000000000000e+00 3.901165879949264337e-05
7.000000000000000000e+00 7.177159314697423298e-05
9.000000000000000000e+00 1.000373483401872932e-04
1.100000000000000000e+01 1.261434130275240761e-04
1.300000000000000000e+01 1.520548819087252923e-04
1.500000000000000000e+01 1.785443436431721764e-04
1.700000000000000000e+01 2.067381462841355599e-04
1.900000000000000000e+01 2.374420921680275853e-04
2.100000000000000000e+01 2.702936533737210212e-04
2.300000000000000000e+01 3.056226537614392669e-04
2.500000000000000000e+01 3.440789898055962581e-04
2.700000000000000000e+01 3.855807197371552419e-04
2.900000000000000000e+01 4.293510618894602615e-04
3.100000000000000000e+01 4.744843790034369846e-04
3.300000000000000000e+01 5.206410705068664768e-04
3.500000000000000000e+01 5.680895938082741736e-04
3.700000000000000000e+01 6.170693649281133730e-04
3.900000000000000000e+01 6.679149835786546419e-04
4.100000000000000000e+01 7.206411115788791122e-04
4.300000000000000000e+01 7.752796557386476550e-04
4.500000000000000000e+01 8.319116170865115123e-04
4.700000000000000000e+01 8.905708181465854523e-04
4.900000000000000000e+01 9.513699091917571238e-04
5.100000000000000000e+01 1.014192957930704075e-03
5.300000000000000000e+01 1.078932433150603387e-03
5.500000000000000000e+01 1.145824149024310401e-03
5.700000000000000000e+01 1.215201966839662973e-03
5.900000000000000000e+01 1.287484844368469439e-03
6.100000000000000000e+01 1.363235309086663349e-03
6.300000000000000000e+01 1.443065709297752797e-03
6.500000000000000000e+01 1.527622180449661471e-03
6.700000000000000000e+01 1.617587515270746401e-03
6.900000000000000000e+01 1.713612621489724042e-03
7.100000000000000000e+01 1.816338956263874316e-03
7.300000000000000000e+01 1.926380539055583263e-03
7.500000000000000000e+01 2.044339465552380553e-03
7.700000000000000000e+01 2.170701476380543227e-03
7.900000000000000000e+01 2.305844761721687064e-03
8.100000000000000000e+01 2.450102726381020446e-03
8.300000000000000000e+01 2.603742024903876739e-03
8.500000000000000000e+01 2.767014272482493098e-03
8.700000000000000000e+01 2.940135903634399916e-03
8.900000000000000000e+01 3.123154481607604005e-03
9.100000000000000000e+01 3.316206896069928689e-03
9.300000000000000000e+01 3.519368428298808027e-03
9.500000000000000000e+01 3.732622317748401919e-03
9.700000000000000000e+01 3.955879113650584422e-03
9.900000000000000000e+01 4.189124005520850069e-03
1.010000000000000000e+02 4.432246324951649719e-03
1.030000000000000000e+02 4.685136133741218956e-03
1.050000000000000000e+02 4.947671596291502993e-03
1.070000000000000000e+02 5.219807609708415619e-03
1.090000000000000000e+02 5.501475920283049881e-03
1.110000000000000000e+02 5.792657076150065087e-03
1.130000000000000000e+02 6.093340797841628742e-03
1.150000000000000000e+02 6.403454419759535554e-03
1.170000000000000000e+02 6.722978782382371676e-03
1.190000000000000000e+02 7.051912083859024349e-03
1.210000000000000000e+02 7.390231881149622595e-03
1.230000000000000000e+02 7.737952078110232890e-03
1.250000000000000000e+02 8.095014973487968390e-03
1.270000000000000000e+02 8.461409181369394794e-03
1.290000000000000000e+02 8.837120070436355057e-03
1.310000000000000000e+02 9.222223219359393376e-03
1.330000000000000000e+02 9.616770872085123045e-03
1.350000000000000000e+02 1.002086161933635200e-02
1.370000000000000000e+02 1.043465742475058189e-02
1.390000000000000000e+02 1.085831768072553771e-02
1.410000000000000000e+02 1.129198070633241624e-02
1.430000000000000000e+02 1.173578451291745761e-02
1.450000000000000000e+02 1.218984619341534348e-02
1.470000000000000000e+02 1.265420958825791420e-02
1.490000000000000000e+02 1.312895164944305471e-02
