1.000000000000000000e+00 2.464815519208825023e-01
3.000000000000000000e+00 2.732850870245201458e-01
5.000000000000000000e+00 2.845012972930694994e-01
7.000000000000000000e+00 2.900958985531802981e-01
9.000000000000000000e+00 2.936942868249955430e-01
1.100000000000000000e+01 2.963947310099960264e-01
1.300000000000000000e+01 2.985232032331693874e-01
1.500000000000000000e+01 3.003133933567521119e-01
1.700000000000000000e+01 3.018735860708848806e-01
1.900000000000000000e+01 3.032471440920906369e-01
2.100000000000000000e+01 3.045142878132647279e-01
2.300000000000000000e+01 3.057400241567481691e-01
2.500000000000000000e+01 3.069768497117507655e-01
2.700000000000000000e+01 3.082306882947624116e-01
2.900000000000000000e+01 3.095170106056820414e-01
3.100000000000000000e+01 3.108747299362440986e-01
3.300000000000000000e+01 3.123335688192540038e-01
3.500000000000000000e+01 3.139091376342789674e-01
3.700000000000000000e+01 3.155965062556027600e-01
3.900000000000000000e+01 3.174036247312161940e-01
4.100000000000000000e+01 3.193441956624636369e-01
4.300000000000000000e+01 3.214240056908476140e-01
4.500000000000000000e+01 3.236130377013322068e-01
4.700000000000000000e+01 3.259142944397401820e-01
4.900000000000000000e+01 3.283281580232689789e-01
5.100000000000000000e+01 3.308560705433636340e-01
5.300000000000000000e+01 3.335025702322671481e-01
5.500000000000000000e+01 3.362692673179131786e-01
5.700000000000000000e+01 3.391584219557886026e-01
5.900000000000000000e+01 3.421937854903424059e-01
6.100000000000000000e+01 3.453598225367584540e-01
6.300000000000000000e+01 3.486432254860249991e-01
6.500000000000000000e+01 3.520488181640663017e-01
6.700000000000000000e+01 3.555746636788759130e-01
6.900000000000000000e+01 3.592153800536139752e-01
7.100000000000000000e+01 3.629684129643657720e-01
7.300000000000000000e+01 3.668250888870073778e-01
7.500000000000000000e+01 3.707963706654464620e-01
7.700000000000000000e+01 3.748784137170524389e-01
7.900000000000000000e+01 3.790593410327851576e-01
8.100000000000000000e+01 3.833335323424286178e-01
8.300000000000000000e+01 3.876928563344679279e-01
8.500000000000000000e+01 3.921280927493013824e-01
8.700000000000000000e+01 3.966376806124000121e-01
8.900000000000000000e+01 4.012183762338508153e-01
9.100000000000000000e+01 4.058740506144021820e-01
9.300000000000000000e+01 4.106093050513988096e-01
9.500000000000000000e+01 4.154288889692284714e-01
9.700000000000000000e+01 4.203170319586131409e-01
9.900000000000000000e+01 4.252730590167072000e-01
1.010000000000000000e+02 4.302922513014549866e-01
1.030000000000000000e+02 4.353736698033289221e-01
1.050000000000000000e+02 4.405229224579114700e-01
1.070000000000000000e+02 4.457348247537565866e-01
1.090000000000000000e+02 4.510183962402849467e-01
1.110000000000000000e+02 4.563646626852118082e-01
1.130000000000000000e+02 4.617738591088190736e-01
1.150000000000000000e+02 4.672401244422703659e-01
1.170000000000000000e+02 4.727377895780503492e-01
1.190000000000000000e+02 4.782606413263467138e-01
1.210000000000000000e+02 4.838011387559195686e-01
1.230000000000000000e+02 4.893562940999997002e-01
1.250000000000000000e+02 4.949127471503590447e-01
1.270000000000000000e+02 5.004753070521061886e-01
1.290000000000000000e+02 5.060362285766932811e-01
1.310000000000000000e+02 5.115814996146499372e-01
1.330000000000000000e+02 5.171029123696957441e-01
1.350000000000000000e+02 5.225884115643151251e-01
1.370000000000000000e+02 5.280283028237808818e-01
1.390000000000000000e+02 5.334051280499758629e-01
1.410000000000000000e+02 5.387231474129126063e-01
1.430000000000000000e+02 5.439836790202892125e-01
1.450000000000000000e+02 5.491832998279999600e-01
1.470000000000000000e+02 5.543226402355372340e-01
1.490000000000000000e+02 5.594002497365437865e-01
