1.000000000000000000e+00 2.772093023255813860e-01
3.000000000000000000e+00 3.126504366664878409e-01
5.000000000000000000e+00 3.290778880257888561e-01
7.000000000000000000e+00 3.381726928114194841e-01
9.000000000000000000e+00 3.443794051718245264e-01
1.100000000000000000e+01 3.493902193994835592e-01
1.300000000000000000e+01 3.537505525053787903e-01
1.500000000000000000e+01 3.577167277075785634e-01
1.700000000000000000e+01 3.613968160750707925e-01
1.900000000000000000e+01 3.648893551223905130e-01
2.100000000000000000e+01 3.682366974480445476e-01
2.300000000000000000e+01 3.714226977233111571e-01
2.500000000000000000e+01 3.744537803002230270e-01
2.700000000000000000e+01 3.773658146398756186e-01
2.900000000000000000e+01 3.801758205087962805e-01
3.100000000000000000e+01 3.829086621019118786e-01
3.300000000000000000e+01 3.855888849506099447e-01
3.500000000000000000e+01 3.882223348028785992e-01
3.700000000000000000e+01 3.908138443769741954e-01
3.900000000000000000e+01 3.933662975805573003e-01
4.100000000000000000e+01 3.958912040584062764e-01
4.300000000000000000e+01 3.984016255259007488e-01
4.500000000000000000e+01 4.009072111791406323e-01
4.700000000000000000e+01 4.034048982429442320e-01
4.900000000000000000e+01 4.058989156557284428e-01
5.100000000000000000e+01 4.083950556674421639e-01
5.300000000000000000e+01 4.108917382020604858e-01
5.500000000000000000e+01 4.133944172114734084e-01
5.700000000000000000e+01 4.159077701455607956e-01
5.900000000000000000e+01 4.184358049172676175e-01
6.100000000000000000e+01 4.209769963617439048e-01
6.300000000000000000e+01 4.235367135354159984e-01
6.500000000000000000e+01 4.261191630457391577e-01
6.700000000000000000e+01 4.287248361276119191e-01
6.900000000000000000e+01 4.313470097678347992e-01
7.100000000000000000e+01 4.339858868111420298e-01
7.300000000000000000e+01 4.366381168076005626e-01
7.500000000000000000e+01 4.393048115390135733e-01
7.700000000000000000e+01 4.419888956335571439e-01
7.900000000000000000e+01 4.446924345068619111e-01
8.100000000000000000e+01 4.474104911862435419e-01
8.300000000000000000e+01 4.501412532764506036e-01
8.500000000000000000e+01 4.528852299387017277e-01
8.700000000000000000e+01 4.556371186013256080e-01
8.900000000000000000e+01 4.583867073487495336e-01
9.100000000000000000e+01 4.611322143163625320e-01
9.300000000000000000e+01 4.638784140312119941e-01
9.500000000000000000e+01 4.666206002367544459e-01
9.700000000000000000e+01 4.693508068757966667e-01
9.900000000000000000e+01 4.720697380286127398e-01
1.010000000000000000e+02 4.747789445901779981e-01
1.030000000000000000e+02 4.774812159602508377e-01
1.050000000000000000e+02 4.801755859187305520e-01
1.070000000000000000e+02 4.828544551603841661e-01
1.090000000000000000e+02 4.855253720671137696e-01
1.110000000000000000e+02 4.881871740722422137e-01
1.130000000000000000e+02 4.908357287356627241e-01
1.150000000000000000e+02 4.934681523203273690e-01
1.170000000000000000e+02 4.960776333424068429e-01
1.190000000000000000e+02 4.986496293405228153e-01
1.210000000000000000e+02 5.011824552896000373e-01
1.230000000000000000e+02 5.036887377704988289e-01
1.250000000000000000e+02 5.061674615484099693e-01
1.270000000000000000e+02 5.086096091360945426e-01
1.290000000000000000e+02 5.110145783250177320e-01
1.310000000000000000e+02 5.133908495022301288e-01
1.330000000000000000e+02 5.157350659240396151e-01
1.350000000000000000e+02 5.180429079795109137e-01
1.370000000000000000e+02 5.203111563321056732e-01
1.390000000000000000e+02 5.225358025716952959e-01
1.410000000000000000e+02 5.247184896319261327e-01
1.430000000000000000e+02 5.268589844755902085e-01
1.450000000000000000e+02 5.289456787181842090e-01
1.470000000000000000e+02 5.309782252538151059e-01
1.490000000000000000e+02 5.329587960052262208e-01
