1.000000000000000000e+00 4.236952213168905246e-01
3.000000000000000000e+00 4.789309687320755238e-01
5.000000000000000000e+00 5.052789811987168367e-01
7.000000000000000000e+00 5.212937414055676122e-01
9.000000000000000000e+00 5.336507093065416818e-01
1.100000000000000000e+01 5.443588126472445055e-01
1.300000000000000000e+01 5.540688753415352608e-01
1.500000000000000000e+01 5.630790361197729466e-01
1.700000000000000000e+01 5.714765094100773268e-01
1.900000000000000000e+01 5.794145669583058433e-01
2.100000000000000000e+01 5.870164130490725940e-01
2.300000000000000000e+01 5.943405198302386117e-01
2.500000000000000000e+01 6.014696465226136990e-01
2.700000000000000000e+01 6.084295810143056649e-01
2.900000000000000000e+01 6.152651144646977821e-01
3.100000000000000000e+01 6.220210420922106520e-01
3.300000000000000000e+01 6.286979517561019914e-01
3.500000000000000000e+01 6.353652740878711347e-01
3.700000000000000000e+01 6.420748142091897703e-01
3.900000000000000000e+01 6.488545262433662586e-01
4.100000000000000000e+01 6.556910468668458725e-01
4.300000000000000000e+01 6.625572614235635260e-01
4.500000000000000000e+01 6.694388876011412304e-01
4.700000000000000000e+01 6.763532283676061407e-01
4.900000000000000000e+01 6.833008108861085006e-01
5.100000000000000000e+01 6.901894636890145707e-01
5.300000000000000000e+01 6.970373547058630326e-01
5.500000000000000000e+01 7.038453706533439602e-01
5.700000000000000000e+01 7.105716106387958142e-01
5.900000000000000000e+01 7.171400962245335631e-01
6.100000000000000000e+01 7.235321943231455277e-01
6.300000000000000000e+01 7.297008651362743015e-01
6.500000000000000000e+01 7.356110846623304944e-01
6.700000000000000000e+01 7.412568400706673888e-01
6.900000000000000000e+01 7.466452960874786493e-01
7.100000000000000000e+01 7.517662600795482764e-01
7.300000000000000000e+01 7.566474735963246712e-01
7.500000000000000000e+01 7.613067526980593636e-01
7.700000000000000000e+01 7.657635670717961585e-01
7.900000000000000000e+01 7.700349742560185229e-01
8.100000000000000000e+01 7.741242051643948408e-01
8.300000000000000000e+01 7.780621943274067531e-01
8.500000000000000000e+01 7.818623099413635202e-01
8.700000000000000000e+01 7.855498224994343914e-01
8.900000000000000000e+01 7.891194717368111844e-01
9.100000000000000000e+01 7.925750266855020598e-01
9.300000000000000000e+01 7.959135352166557542e-01
9.500000000000000000e+01 7.991522901338009577e-01
9.700000000000000000e+01 8.023147656428861740e-01
9.900000000000000000e+01 8.054090397321630457e-01
1.010000000000000000e+02 8.084158022410050659e-01
1.030000000000000000e+02 8.113940644130592794e-01
1.050000000000000000e+02 8.143338906283721368e-01
1.070000000000000000e+02 8.172226429331153064e-01
1.090000000000000000e+02 8.200582666542693966e-01
1.110000000000000000e+02 8.228110511668500493e-01
1.130000000000000000e+02 8.254925128041324944e-01
1.150000000000000000e+02 8.280278548367687730e-01
1.170000000000000000e+02 8.304402158976311732e-01
1.190000000000000000e+02 8.327301509862460316e-01
1.210000000000000000e+02 8.348829401062073385e-01
1.230000000000000000e+02 8.369166107197303361e-01
1.250000000000000000e+02 8.388079725889361349e-01
1.270000000000000000e+02 8.405966282124534006e-01
1.290000000000000000e+02 8.423002879444527746e-01
1.310000000000000000e+02 8.439612835424444848e-01
1.330000000000000000e+02 8.455790508059943811e-01
1.350000000000000000e+02 8.471315389857561051e-01
1.370000000000000000e+02 8.486314733789729337e-01
1.390000000000000000e+02 8.501037833033378011e-01
1.410000000000000000e+02 8.515255819493263711e-01
1.430000000000000000e+02 8.528947447551044059e-01
1.450000000000000000e+02 8.542257379831850184e-01
1.470000000000000000e+02 8.555525857568138104e-01
1.490000000000000000e+02 8.568837074064751258e-01
