1.000000000000000000e+00 3.751599252042121524e-01
3.000000000000000000e+00 4.074629444998337791e-01
5.000000000000000000e+00 4.224065765266713512e-01
7.000000000000000000e+00 4.307986699215723414e-01
9.000000000000000000e+00 4.368516419134635953e-01
1.100000000000000000e+01 4.417842640505300622e-01
1.300000000000000000e+01 4.460087278940837452e-01
1.500000000000000000e+01 4.496747141242615209e-01
1.700000000000000000e+01 4.527970597178778700e-01
1.900000000000000000e+01 4.554358090905192835e-01
2.100000000000000000e+01 4.576601190155412668e-01
2.300000000000000000e+01 4.595463203375279582e-01
2.500000000000000000e+01 4.611598026993156685e-01
2.700000000000000000e+01 4.625118076261950373e-01
2.900000000000000000e+01 4.636651606560873162e-01
3.100000000000000000e+01 4.646746503424612484e-01
3.300000000000000000e+01 4.655868731256057602e-01
3.500000000000000000e+01 4.664513601064887993e-01
3.700000000000000000e+01 4.673055383259177020e-01
3.900000000000000000e+01 4.681784478195372134e-01
4.100000000000000000e+01 4.691011142464271977e-01
4.300000000000000000e+01 4.701018641055796365e-01
4.500000000000000000e+01 4.712014180729349189e-01
4.700000000000000000e+01 4.724178362165157852e-01
4.900000000000000000e+01 4.737559046452047840e-01
5.100000000000000000e+01 4.752199960145125912e-01
5.300000000000000000e+01 4.768010607137204149e-01
5.500000000000000000e+01 4.785002512703654398e-01
5.700000000000000000e+01 4.803205576140073818e-01
5.900000000000000000e+01 4.822641153004291192e-01
6.100000000000000000e+01 4.843242196337362859e-01
6.300000000000000000e+01 4.864910297397537775e-01
6.500000000000000000e+01 4.887571719641782275e-01
6.700000000000000000e+01 4.911169176611912546e-01
6.900000000000000000e+01 4.935617527592699449e-01
7.100000000000000000e+01 4.960887869262218253e-01
7.300000000000000000e+01 4.986841005531144067e-01
7.500000000000000000e+01 5.013420139303330636e-01
7.700000000000000000e+01 5.040494002759633441e-01
7.900000000000000000e+01 5.067860378369645202e-01
8.100000000000000000e+01 5.095459668351154381e-01
8.300000000000000000e+01 5.123177682500636987e-01
8.500000000000000000e+01 5.151061876790783423e-01
8.700000000000000000e+01 5.179069103451831024e-01
8.900000000000000000e+01 5.207142840777224668e-01
9.100000000000000000e+01 5.235274221786003768e-01
9.300000000000000000e+01 5.263500079803430376e-01
9.500000000000000000e+01 5.291768105967036284e-01
9.700000000000000000e+01 5.319807588928969766e-01
9.900000000000000000e+01 5.347616448702968706e-01
1.010000000000000000e+02 5.375200156039017241e-01
1.030000000000000000e+02 5.402565526814697705e-01
1.050000000000000000e+02 5.429636355708560291e-01
1.070000000000000000e+02 5.456430963726491834e-01
1.090000000000000000e+02 5.482958309118091123e-01
1.110000000000000000e+02 5.509106578670399657e-01
1.130000000000000000e+02 5.534929272300550540e-01
1.150000000000000000e+02 5.560434785649654987e-01
1.170000000000000000e+02 5.585739688429631755e-01
1.190000000000000000e+02 5.610835457941230064e-01
1.210000000000000000e+02 5.635734905188134469e-01
1.230000000000000000e+02 5.660268905777926518e-01
1.250000000000000000e+02 5.684345756531705707e-01
1.270000000000000000e+02 5.707950161688225554e-01
1.290000000000000000e+02 5.731090771254000460e-01
1.310000000000000000e+02 5.753791165806605434e-01
1.330000000000000000e+02 5.776037151510203804e-01
1.350000000000000000e+02 5.797874750839113744e-01
1.370000000000000000e+02 5.819315764276808967e-01
1.390000000000000000e+02 5.840374559841086111e-01
1.410000000000000000e+02 5.860869912191148945e-01
1.430000000000000000e+02 5.880915990901771639e-01
1.450000000000000000e+02 5.900443452086024942e-01
1.470000000000000000e+02 5.919309017334113410e-01
1.490000000000000000e+02 5.937458212638184740e-01
