1.000000000000000000e+00 5.200752680858777843e-02
3.000000000000000000e+00 5.570174256915949584e-02
5.000000000000000000e+00 5.788915097845892532e-02
7.000000000000000000e+00 5.985601318177136143e-02
9.000000000000000000e+00 6.178739429402113625e-02
1.100000000000000000e+01 6.367787264744373399e-02
1.300000000000000000e+01 6.551255684384971190e-02
1.500000000000000000e+01 6.730499744360829428e-02
1.700000000000000000e+01 6.907940619793928594e-02
1.900000000000000000e+01 7.087215907005728344e-02
2.100000000000000000e+01 7.269399354737182684e-02
2.300000000000000000e+01 7.453054839372619256e-02
2.500000000000000000e+01 7.636252234431539776e-02
2.700000000000000000e+01 7.817613205066020754e-02
2.900000000000000000e+01 7.996860803028016385e-02
3.100000000000000000e+01 8.174194227855280381e-02
3.300000000000000000e+01 8.350405403750971178e-02
3.500000000000000000e+01 8.524403404815950047e-02
3.700000000000000000e+01 8.694443417801700491e-02
3.900000000000000000e+01 8.859751361744783171e-02
4.100000000000000000e+01 9.020634197483834438e-02
4.300000000000000000e+01 9.177378155168780527e-02
4.500000000000000000e+01 9.330069153897901924e-02
4.700000000000000000e+01 9.478793160702947418e-02
4.900000000000000000e+01 9.623747535126669916e-02
5.100000000000000000e+01 9.765300578620661476e-02
5.300000000000000000e+01 9.903604430883183873e-02
5.500000000000000000e+01 1.003905128984433626e-01
5.700000000000000000e+01 1.017178125847528758e-01
5.900000000000000000e+01 1.030205585250537625e-01
6.100000000000000000e+01 1.042994060187237837e-01
6.300000000000000000e+01 1.055575182794274980e-01
6.500000000000000000e+01 1.067972118573753404e-01
6.700000000000000000e+01 1.080211133910510268e-01
6.900000000000000000e+01 1.092300893078628210e-01
7.100000000000000000e+01 1.104255004053440459e-01
7.300000000000000000e+01 1.116109900657654697e-01
7.500000000000000000e+01 1.127869251497803926e-01
7.700000000000000000e+01 1.139531914546395575e-01
7.900000000000000000e+01 1.151098560586010233e-01
8.100000000000000000e+01 1.162570501092100583e-01
8.300000000000000000e+01 1.173953741633103620e-01
8.500000000000000000e+01 1.185237437172146358e-01
8.700000000000000000e+01 1.196432739028667758e-01
8.900000000000000000e+01 1.207542332288543685e-01
9.100000000000000000e+01 1.218567201280686962e-01
9.300000000000000000e+01 1.229518211810914918e-01
9.500000000000000000e+01 1.240396579662064180e-01
9.700000000000000000e+01 1.251208114022591689e-01
9.900000000000000000e+01 1.261954432890851630e-01
1.010000000000000000e+02 1.272633744928328703e-01
1.030000000000000000e+02 1.283237063185401761e-01
1.050000000000000000e+02 1.293761193433878853e-01
1.070000000000000000e+02 1.304200808500918241e-01
1.090000000000000000e+02 1.314560539632235736e-01
1.110000000000000000e+02 1.324836763794182692e-01
1.130000000000000000e+02 1.335045948091795331e-01
1.150000000000000000e+02 1.345189634039350990e-01
1.170000000000000000e+02 1.355269271796766262e-01
1.190000000000000000e+02 1.365291576105271965e-01
1.210000000000000000e+02 1.375253802913735113e-01
1.230000000000000000e+02 1.385156790917980718e-01
1.250000000000000000e+02 1.394995774201981398e-01
1.270000000000000000e+02 1.404770882947318222e-01
1.290000000000000000e+02 1.414476492943731456e-01
1.310000000000000000e+02 1.424108231605902830e-01
1.330000000000000000e+02 1.433652090693059433e-01
1.350000000000000000e+02 1.443108051579197193e-01
1.370000000000000000e+02 1.452477632699391563e-01
1.390000000000000000e+02 1.461775912471883210e-01
1.410000000000000000e+02 1.471001433527944213e-01
1.430000000000000000e+02 1.480151819172870198e-01
1.450000000000000000e+02 1.489224613589479329e-01
1.470000000000000000e+02 1.498214649140598986e-01
1.490000000000000000e+02 1.507123890806697508e-01
