1.000000000000000000e+00 1.031284457224401763e-02
3.000000000000000000e+00 1.052314811609911249e-02
5.000000000000000000e+00 1.060080378529115741e-02
7.000000000000000000e+00 1.065092350452900849e-02
9.000000000000000000e+00 1.069136511788271182e-02
1.100000000000000000e+01 1.071949381441406057e-02
1.300000000000000000e+01 1.073298834929470313e-02
1.500000000000000000e+01 1.073229157683686097e-02
1.700000000000000000e+01 1.071495543846157084e-02
1.900000000000000000e+01 1.068427497985069419e-02
2.100000000000000000e+01 1.064397038649977922e-02
2.300000000000000000e+01 1.059670599373507827e-02
2.500000000000000000e+01 1.054355696240494300e-02
2.700000000000000000e+01 1.048573621562587377e-02
2.900000000000000000e+01 1.042445738806585531e-02
3.100000000000000000e+01 1.036003004620000834e-02
3.300000000000000000e+01 1.029305878615960346e-02
3.500000000000000000e+01 1.022398568418980691e-02
3.700000000000000000e+01 1.015332607291197231e-02
3.900000000000000000e+01 1.008319582486072452e-02
4.100000000000000000e+01 1.001377249576151929e-02
4.300000000000000000e+01 9.944565640288893782e-03
4.500000000000000000e+01 9.875451453212225061e-03
4.700000000000000000e+01 9.806491647073700690e-03
4.900000000000000000e+01 9.739060260155696369e-03
5.100000000000000000e+01 9.672885114479723434e-03
5.300000000000000000e+01 9.606311478217222088e-03
5.500000000000000000e+01 9.539521145760621046e-03
5.700000000000000000e+01 9.472714198866083457e-03
5.900000000000000000e+01 9.406555914127867624e-03
6.100000000000000000e+01 9.340490233109455254e-03
6.300000000000000000e+01 9.275156697849729071e-03
6.500000000000000000e+01 9.210587483661658581e-03
6.700000000000000000e+01 9.146686503948564528e-03
6.900000000000000000e+01 9.083327141592434373e-03
7.100000000000000000e+01 9.020915496007697598e-03
7.300000000000000000e+01 8.959647866618736245e-03
7.500000000000000000e+01 8.899577764480914865e-03
7.700000000000000000e+01 8.840808642350372892e-03
7.900000000000000000e+01 8.783723082061767329e-03
8.100000000000000000e+01 8.727688813935596812e-03
8.300000000000000000e+01 8.673176301190799187e-03
8.500000000000000000e+01 8.620115879024559113e-03
8.700000000000000000e+01 8.568547034156659414e-03
8.900000000000000000e+01 8.518529552724585230e-03
9.100000000000000000e+01 8.470187792383732095e-03
9.300000000000000000e+01 8.423897636081534301e-03
9.500000000000000000e+01 8.379853628981970282e-03
9.700000000000000000e+01 8.338020526638345586e-03
9.900000000000000000e+01 8.296969836863343772e-03
1.010000000000000000e+02 8.256735829587524833e-03
1.030000000000000000e+02 8.217936650731560988e-03
1.050000000000000000e+02 8.180718422930222111e-03
1.070000000000000000e+02 8.145034676726337075e-03
1.090000000000000000e+02 8.110913254367746461e-03
1.110000000000000000e+02 8.078339013220969811e-03
1.130000000000000000e+02 8.047266917277084985e-03
1.150000000000000000e+02 8.017241910124872639e-03
1.170000000000000000e+02 7.988268518851260325e-03
1.190000000000000000e+02 7.960288126577452772e-03
1.210000000000000000e+02 7.932875316954635103e-03
1.230000000000000000e+02 7.906192485005125725e-03
1.250000000000000000e+02 7.880366291524554256e-03
1.270000000000000000e+02 7.855650358568944114e-03
1.290000000000000000e+02 7.831954377537697631e-03
1.310000000000000000e+02 7.808944627957892237e-03
1.330000000000000000e+02 7.786545209607420581e-03
1.350000000000000000e+02 7.764685715595298632e-03
1.370000000000000000e+02 7.743731103092343915e-03
1.390000000000000000e+02 7.723358756397624703e-03
1.410000000000000000e+02 7.703614705972472443e-03
1.430000000000000000e+02 7.684413270705126031e-03
1.450000000000000000e+02 7.665688557968897143e-03
1.470000000000000000e+02 7.647641152844997237e-03
1.490000000000000000e+02 7.630194602697315531e-03
