1.000000000000000000e+00 1.193242615190059919e-02
3.000000000000000000e+00 1.209259366285897475e-02
5.000000000000000000e+00 1.218222567990701055e-02
7.000000000000000000e+00 1.222227847948120782e-02
9.000000000000000000e+00 1.223364076226451935e-02
1.100000000000000000e+01 1.223587736683040550e-02
1.300000000000000000e+01 1.223287088710844905e-02
1.500000000000000000e+01 1.222893665079449743e-02
1.700000000000000000e+01 1.222622397445150000e-02
1.900000000000000000e+01 1.222310192133935214e-02
2.100000000000000000e+01 1.221924636440585576e-02
2.300000000000000000e+01 1.221403361992456915e-02
2.500000000000000000e+01 1.220720177160117270e-02
2.700000000000000000e+01 1.219732279396612551e-02
2.900000000000000000e+01 1.218447305843550765e-02
3.100000000000000000e+01 1.217065963920804794e-02
3.300000000000000000e+01 1.215544212116215217e-02
3.500000000000000000e+01 1.213740417021602624e-02
3.700000000000000000e+01 1.211618204331221804e-02
3.900000000000000000e+01 1.209173158298315620e-02
4.100000000000000000e+01 1.206394744047034617e-02
4.300000000000000000e+01 1.203327395603848160e-02
4.500000000000000000e+01 1.199961196372201222e-02
4.700000000000000000e+01 1.196247948090567448e-02
4.900000000000000000e+01 1.192180945396348335e-02
5.100000000000000000e+01 1.187770538946775201e-02
5.300000000000000000e+01 1.182930577242891079e-02
5.500000000000000000e+01 1.177657133476184281e-02
5.700000000000000000e+01 1.171975670287195292e-02
5.900000000000000000e+01 1.165975160291055079e-02
6.100000000000000000e+01 1.159640883697243829e-02
6.300000000000000000e+01 1.153051282612871375e-02
6.500000000000000000e+01 1.146244342474667111e-02
6.700000000000000000e+01 1.139273279492447610e-02
6.900000000000000000e+01 1.132087172506479611e-02
7.100000000000000000e+01 1.124818172897701363e-02
7.300000000000000000e+01 1.117480827279060396e-02
7.500000000000000000e+01 1.110116241589542696e-02
7.700000000000000000e+01 1.102768277256127583e-02
7.900000000000000000e+01 1.095469555387018623e-02
8.100000000000000000e+01 1.088224846328000872e-02
8.300000000000000000e+01 1.081026804612172931e-02
8.500000000000000000e+01 1.073875306020111164e-02
8.700000000000000000e+01 1.066794432893780620e-02
8.900000000000000000e+01 1.059881727413281016e-02
9.100000000000000000e+01 1.053147548265187528e-02
9.300000000000000000e+01 1.046573132194961175e-02
9.500000000000000000e+01 1.040217145651223252e-02
9.700000000000000000e+01 1.034108875039974063e-02
9.900000000000000000e+01 1.028205087170397380e-02
1.010000000000000000e+02 1.022504142449065512e-02
1.030000000000000000e+02 1.017015436236590187e-02
1.050000000000000000e+02 1.011603851543485533e-02
1.070000000000000000e+02 1.006271161393945679e-02
1.090000000000000000e+02 1.001028917500124127e-02
1.110000000000000000e+02 9.959437257188730186e-03
1.130000000000000000e+02 9.910086054187305926e-03
1.150000000000000000e+02 9.861440720164704743e-03
1.170000000000000000e+02 9.814001723183252146e-03
1.190000000000000000e+02 9.767434130498853229e-03
1.210000000000000000e+02 9.722083520765201214e-03
1.230000000000000000e+02 9.677847054954002992e-03
1.250000000000000000e+02 9.632747765606075596e-03
1.270000000000000000e+02 9.587147803003071012e-03
1.290000000000000000e+02 9.540986908890491947e-03
1.310000000000000000e+02 9.495136494635181279e-03
1.330000000000000000e+02 9.449527927700596130e-03
1.350000000000000000e+02 9.404349211307949652e-03
1.370000000000000000e+02 9.359471689491805080e-03
1.390000000000000000e+02 9.315224102503294468e-03
1.410000000000000000e+02 9.271514180668405380e-03
1.430000000000000000e+02 9.228055361079179342e-03
1.450000000000000000e+02 9.184786390360133446e-03
1.470000000000000000e+02 9.142799911330157236e-03
1.490000000000000000e+02 9.101984001809615421e-03
