1.000000000000000000e+00 2.662916904688672481e-02
3.000000000000000000e+00 2.693326168254306374e-02
5.000000000000000000e+00 2.710724701332467568e-02
7.000000000000000000e+00 2.711847631870445419e-02
9.000000000000000000e+00 2.704104175594801429e-02
1.100000000000000000e+01 2.687032317107451718e-02
1.300000000000000000e+01 2.664092314337918044e-02
1.500000000000000000e+01 2.639583531863909371e-02
1.700000000000000000e+01 2.615043549831075342e-02
1.900000000000000000e+01 2.591067061341700839e-02
2.100000000000000000e+01 2.567850199655019594e-02
2.300000000000000000e+01 2.546183995103656894e-02
2.500000000000000000e+01 2.527147170678656352e-02
2.700000000000000000e+01 2.511522175008717994e-02
2.900000000000000000e+01 2.499671056846219930e-02
3.100000000000000000e+01 2.491627226774129067e-02
3.300000000000000000e+01 2.486883607672396579e-02
3.500000000000000000e+01 2.484945890410417135e-02
3.700000000000000000e+01 2.485307373667633435e-02
3.900000000000000000e+01 2.487627101948375330e-02
4.100000000000000000e+01 2.491117187592639670e-02
4.300000000000000000e+01 2.495376397020931947e-02
4.500000000000000000e+01 2.500337183930989582e-02
4.700000000000000000e+01 2.505783841026776315e-02
4.900000000000000000e+01 2.511439004967264133e-02
5.100000000000000000e+01 2.517128271023361119e-02
5.300000000000000000e+01 2.522707753297037669e-02
5.500000000000000000e+01 2.527746209809611511e-02
5.700000000000000000e+01 2.532483145113773038e-02
5.900000000000000000e+01 2.537133706561933710e-02
6.100000000000000000e+01 2.541588799620730921e-02
6.300000000000000000e+01 2.545785113750431705e-02
6.500000000000000000e+01 2.549722620159555753e-02
6.700000000000000000e+01 2.552969652692849145e-02
6.900000000000000000e+01 2.555525868657260169e-02
7.100000000000000000e+01 2.557702464997724245e-02
7.300000000000000000e+01 2.559049148730352385e-02
7.500000000000000000e+01 2.559622294166319367e-02
7.700000000000000000e+01 2.559934029871702155e-02
7.900000000000000000e+01 2.560006498149103304e-02
8.100000000000000000e+01 2.560047676258769833e-02
8.300000000000000000e+01 2.559980785598636732e-02
8.500000000000000000e+01 2.559804992871705931e-02
8.700000000000000000e+01 2.559533776865163812e-02
8.900000000000000000e+01 2.559285091989427219e-02
9.100000000000000000e+01 2.558701287999720630e-02
9.300000000000000000e+01 2.557822879511628678e-02
9.500000000000000000e+01 2.556747776667089855e-02
9.700000000000000000e+01 2.555527097285281712e-02
9.900000000000000000e+01 2.554377786240624726e-02
1.010000000000000000e+02 2.553327048704745472e-02
1.030000000000000000e+02 2.552289777105498647e-02
1.050000000000000000e+02 2.551252497266032204e-02
1.070000000000000000e+02 2.550144036108259460e-02
1.090000000000000000e+02 2.549139328051086562e-02
1.110000000000000000e+02 2.547973973048234253e-02
1.130000000000000000e+02 2.546819385116816381e-02
1.150000000000000000e+02 2.545819287033923572e-02
1.170000000000000000e+02 2.544939128412493368e-02
1.190000000000000000e+02 2.544195883838462624e-02
1.210000000000000000e+02 2.543538866122663222e-02
1.230000000000000000e+02 2.543053004061346378e-02
1.250000000000000000e+02 2.542794186160324266e-02
1.270000000000000000e+02 2.542781405812122308e-02
1.290000000000000000e+02 2.543121713170337639e-02
1.310000000000000000e+02 2.543826104679036693e-02
1.330000000000000000e+02 2.544889184610477084e-02
1.350000000000000000e+02 2.545996063456956726e-02
1.370000000000000000e+02 2.547037096861770600e-02
1.390000000000000000e+02 2.548044481717526288e-02
1.410000000000000000e+02 2.549099906989893416e-02
1.430000000000000000e+02 2.550359177352001794e-02
1.450000000000000000e+02 2.551877574114591596e-02
1.470000000000000000e+02 2.553662093629072150e-02
1.490000000000000000e+02 2.555782843400944415e-02
