1.000000000000000000e+00 3.533128565160158496e-01
3.000000000000000000e+00 4.356630079337840966e-01
5.000000000000000000e+00 4.695815635082097872e-01
7.000000000000000000e+00 4.849257043621081342e-01
9.000000000000000000e+00 4.935195845270416992e-01
1.100000000000000000e+01 4.992366525200551131e-01
1.300000000000000000e+01 5.034692721060654019e-01
1.500000000000000000e+01 5.068717613907622876e-01
1.700000000000000000e+01 5.096953400017177893e-01
1.900000000000000000e+01 5.121781732495378492e-01
2.100000000000000000e+01 5.144660661006534852e-01
2.300000000000000000e+01 5.166164427382309299e-01
2.500000000000000000e+01 5.186652618906819612e-01
2.700000000000000000e+01 5.206302271362179823e-01
2.900000000000000000e+01 5.225147062337478499e-01
3.100000000000000000e+01 5.243442968911160573e-01
3.300000000000000000e+01 5.261293195135026135e-01
3.500000000000000000e+01 5.278694802786239038e-01
3.700000000000000000e+01 5.295732750411394907e-01
3.900000000000000000e+01 5.312436480663569327e-01
4.100000000000000000e+01 5.328797040325591317e-01
4.300000000000000000e+01 5.344786343811512852e-01
4.500000000000000000e+01 5.360486567951152637e-01
4.700000000000000000e+01 5.375895913101630397e-01
4.900000000000000000e+01 5.390761652590890796e-01
5.100000000000000000e+01 5.405128900102219580e-01
5.300000000000000000e+01 5.419028261717433459e-01
5.500000000000000000e+01 5.432517082216680171e-01
5.700000000000000000e+01 5.445611703844861484e-01
5.900000000000000000e+01 5.458320931727406178e-01
6.100000000000000000e+01 5.470698115039598353e-01
6.300000000000000000e+01 5.482739960481325392e-01
6.500000000000000000e+01 5.494354779786787546e-01
6.700000000000000000e+01 5.505513758825314463e-01
6.900000000000000000e+01 5.516270341975222369e-01
7.100000000000000000e+01 5.526691384965859433e-01
7.300000000000000000e+01 5.536782227485361751e-01
7.500000000000000000e+01 5.546353600865431277e-01
7.700000000000000000e+01 5.555396432981698496e-01
7.900000000000000000e+01 5.563925631612707257e-01
8.100000000000000000e+01 5.571960235373430992e-01
8.300000000000000000e+01 5.579484776267025214e-01
8.500000000000000000e+01 5.586480817687400346e-01
8.700000000000000000e+01 5.592855336339593864e-01
8.900000000000000000e+01 5.598617152873540670e-01
9.100000000000000000e+01 5.603743901457971521e-01
9.300000000000000000e+01 5.608200664821436643e-01
9.500000000000000000e+01 5.612001325209281521e-01
9.700000000000000000e+01 5.615159014705650709e-01
9.900000000000000000e+01 5.617693949706074052e-01
1.010000000000000000e+02 5.619592221795211007e-01
1.030000000000000000e+02 5.620830948293231710e-01
1.050000000000000000e+02 5.621438856009558505e-01
1.070000000000000000e+02 5.621464643551837836e-01
1.090000000000000000e+02 5.620937403025805246e-01
1.110000000000000000e+02 5.619882247456942093e-01
1.130000000000000000e+02 5.618314677968647697e-01
1.150000000000000000e+02 5.616261448650434751e-01
1.170000000000000000e+02 5.613767647121225002e-01
1.190000000000000000e+02 5.610876910974922360e-01
1.210000000000000000e+02 5.607610495099344394e-01
1.230000000000000000e+02 5.604009756421550748e-01
1.250000000000000000e+02 5.600071430845283693e-01
1.270000000000000000e+02 5.595807119343845226e-01
1.290000000000000000e+02 5.591240112553694797e-01
1.310000000000000000e+02 5.586386983348461399e-01
1.330000000000000000e+02 5.581286149277302489e-01
1.350000000000000000e+02 5.575959791911766494e-01
1.370000000000000000e+02 5.570414565475685365e-01
1.390000000000000000e+02 5.564676292856101103e-01
1.410000000000000000e+02 5.558773337584710372e-01
1.430000000000000000e+02 5.552731792024090396e-01
1.450000000000000000e+02 5.546575974979579549e-01
1.470000000000000000e+02 5.540341181491561517e-01
1.490000000000000000e+02 5.534045753288203695e-01
