1.000000000000000000e+00 0.000000000000000000e+00
3.000000000000000000e+00 0.000000000000000000e+00
5.000000000000000000e+00 0.000000000000000000e+00
7.000000000000000000e+00 0.000000000000000000e+00
9.000000000000000000e+00 2.084838086280349501e-06
1.100000000000000000e+01 8.807165342239464678e-06
1.300000000000000000e+01 2.000528864853912125e-05
1.500000000000000000e+01 3.549781316780631357e-05
1.700000000000000000e+01 5.554122661366456271e-05
1.900000000000000000e+01 7.770020280917222522e-05
2.100000000000000000e+01 1.023814009063483965e-04
2.300000000000000000e+01 1.278002513719345146e-04
2.500000000000000000e+01 1.531523497336761963e-04
2.700000000000000000e+01 1.783128650698628803e-04
2.900000000000000000e+01 2.029691845799597161e-04
3.100000000000000000e+01 2.267629365352297199e-04
3.300000000000000000e+01 2.497606523464979134e-04
3.500000000000000000e+01 2.718662687968276259e-04
3.700000000000000000e+01 2.930588869388683904e-04
3.900000000000000000e+01 3.132136291751352886e-04
4.100000000000000000e+01 3.324016097692172877e-04
4.300000000000000000e+01 3.507367085772150617e-04
4.500000000000000000e+01 3.683233255876716683e-04
4.700000000000000000e+01 3.852271702028398082e-04
4.900000000000000000e+01 4.014881090496080773e-04
5.100000000000000000e+01 4.171553121609106185e-04
5.300000000000000000e+01 4.324252716098042626e-04
5.500000000000000000e+01 4.474560960454621039e-04
5.700000000000000000e+01 4.623351813419773748e-04
5.900000000000000000e+01 4.771353777652809214e-04
6.100000000000000000e+01 4.919133635978845120e-04
6.300000000000000000e+01 5.066184507566129369e-04
6.500000000000000000e+01 5.211758002298116921e-04
6.700000000000000000e+01 5.355216800563278312e-04
6.900000000000000000e+01 5.496096736219424628e-04
7.100000000000000000e+01 5.633566284815039182e-04
7.300000000000000000e+01 5.767263892040297435e-04
7.500000000000000000e+01 5.898242983392032457e-04
7.700000000000000000e+01 6.026890207048163361e-04
7.900000000000000000e+01 6.152835992123684150e-04
8.100000000000000000e+01 6.275870946431671982e-04
8.300000000000000000e+01 6.396058886060096427e-04
8.500000000000000000e+01 6.513812406988561676e-04
8.700000000000000000e+01 6.629500239397900785e-04
8.900000000000000000e+01 6.743929176874496889e-04
9.100000000000000000e+01 6.857204000898509122e-04
9.300000000000000000e+01 6.969550036232119439e-04
9.500000000000000000e+01 7.081105808766086085e-04
9.700000000000000000e+01 7.191749509827261022e-04
9.900000000000000000e+01 7.301480959310824304e-04
1.010000000000000000e+02 7.410323087300163536e-04
1.030000000000000000e+02 7.518233519860917369e-04
1.050000000000000000e+02 7.625143052680805056e-04
1.070000000000000000e+02 7.731053856089298293e-04
1.090000000000000000e+02 7.835782752877440416e-04
1.110000000000000000e+02 7.939110206579558238e-04
1.130000000000000000e+02 8.040946136211868378e-04
1.150000000000000000e+02 8.141016846328064105e-04
1.170000000000000000e+02 8.238657108216029812e-04
1.190000000000000000e+02 8.333603873946771046e-04
1.210000000000000000e+02 8.425645634577705323e-04
1.230000000000000000e+02 8.514381007881377528e-04
1.250000000000000000e+02 8.599835568153801901e-04
1.270000000000000000e+02 8.682086471754058010e-04
1.290000000000000000e+02 8.761573239219888620e-04
1.310000000000000000e+02 8.838596569872292363e-04
1.330000000000000000e+02 8.913320015060399726e-04
1.350000000000000000e+02 8.986020117431881005e-04
1.370000000000000000e+02 9.056942351728380913e-04
1.390000000000000000e+02 9.126396037353323720e-04
1.410000000000000000e+02 9.194712098982149584e-04
1.430000000000000000e+02 9.262227950038726121e-04
1.450000000000000000e+02 9.329182903854427167e-04
1.470000000000000000e+02 9.395918687602478059e-04
1.490000000000000000e+02 9.462843002630005884e-04
