1.000000000000000000e+00 1.772455089820359486e-01
3.000000000000000000e+00 1.970640851592929677e-01
5.000000000000000000e+00 2.062067982112676390e-01
7.000000000000000000e+00 2.129354061575634560e-01
9.000000000000000000e+00 2.192117930285001348e-01
1.100000000000000000e+01 2.253400843169867107e-01
1.300000000000000000e+01 2.313964872770160053e-01
1.500000000000000000e+01 2.372642342814270666e-01
1.700000000000000000e+01 2.428701526046526116e-01
1.900000000000000000e+01 2.481086456519382422e-01
2.100000000000000000e+01 2.528610287093943088e-01
2.300000000000000000e+01 2.570099529986844544e-01
2.500000000000000000e+01 2.606101992182939808e-01
2.700000000000000000e+01 2.637793535400966283e-01
2.900000000000000000e+01 2.665870195764795669e-01
3.100000000000000000e+01 2.691251650423238662e-01
3.300000000000000000e+01 2.714788703678741033e-01
3.500000000000000000e+01 2.737378289358924910e-01
3.700000000000000000e+01 2.758561230508005391e-01
3.900000000000000000e+01 2.777110024911816355e-01
4.100000000000000000e+01 2.793319096277383506e-01
4.300000000000000000e+01 2.808763818188160233e-01
4.500000000000000000e+01 2.823779147042174698e-01
4.700000000000000000e+01 2.838759520439524398e-01
4.900000000000000000e+01 2.853038523206603561e-01
5.100000000000000000e+01 2.866581337810369945e-01
5.300000000000000000e+01 2.879474679401881065e-01
5.500000000000000000e+01 2.892292055173553145e-01
5.700000000000000000e+01 2.904236839250121660e-01
5.900000000000000000e+01 2.916980459792991587e-01
6.100000000000000000e+01 2.930548006302809982e-01
6.300000000000000000e+01 2.944623183655633580e-01
6.500000000000000000e+01 2.959017775518234528e-01
6.700000000000000000e+01 2.973427705517095454e-01
6.900000000000000000e+01 2.987509782752955090e-01
7.100000000000000000e+01 3.001533294609969316e-01
7.300000000000000000e+01 3.015080946500034997e-01
7.500000000000000000e+01 3.028866481780170261e-01
7.700000000000000000e+01 3.042921305238823759e-01
7.900000000000000000e+01 3.057379804811003465e-01
8.100000000000000000e+01 3.071569404405056769e-01
8.300000000000000000e+01 3.085543255651187478e-01
8.500000000000000000e+01 3.098942913273479149e-01
8.700000000000000000e+01 3.111917931840557650e-01
8.900000000000000000e+01 3.124524330152003149e-01
9.100000000000000000e+01 3.136164327929621409e-01
9.300000000000000000e+01 3.146893198017935989e-01
9.500000000000000000e+01 3.156585473852497881e-01
9.700000000000000000e+01 3.166036403765692953e-01
9.900000000000000000e+01 3.175232937946755873e-01
1.010000000000000000e+02 3.184590883411003714e-01
1.030000000000000000e+02 3.193105465607386506e-01
1.050000000000000000e+02 3.201014260015605517e-01
1.070000000000000000e+02 3.207138077292213119e-01
1.090000000000000000e+02 3.211681886797175256e-01
1.110000000000000000e+02 3.214979008470538746e-01
1.130000000000000000e+02 3.218348967500926916e-01
1.150000000000000000e+02 3.222110169000829138e-01
1.170000000000000000e+02 3.225540762639568237e-01
1.190000000000000000e+02 3.227384977221940954e-01
1.210000000000000000e+02 3.229123758651436527e-01
1.230000000000000000e+02 3.230634913925514162e-01
1.250000000000000000e+02 3.231929434068228080e-01
1.270000000000000000e+02 3.233240855818289017e-01
1.290000000000000000e+02 3.234854670959665945e-01
1.310000000000000000e+02 3.236094015996078266e-01
1.330000000000000000e+02 3.236474482695047561e-01
1.350000000000000000e+02 3.235941595608193833e-01
1.370000000000000000e+02 3.235200684582435482e-01
1.390000000000000000e+02 3.234931065607306033e-01
1.410000000000000000e+02 3.235150169230481820e-01
1.430000000000000000e+02 3.235896151431876255e-01
1.450000000000000000e+02 3.236959057176480581e-01
1.470000000000000000e+02 3.238206694875651603e-01
1.490000000000000000e+02 3.239527015491137085e-01
