1.000000000000000000e+00 4.325621999127018391e-01
3.000000000000000000e+00 4.885814425382770665e-01
5.000000000000000000e+00 5.153788980558607902e-01
7.000000000000000000e+00 5.322593467150238400e-01
9.000000000000000000e+00 5.453064832500928993e-01
1.100000000000000000e+01 5.565644299979481957e-01
1.300000000000000000e+01 5.666026523050811115e-01
1.500000000000000000e+01 5.760617289575182820e-01
1.700000000000000000e+01 5.851851671120427145e-01
1.900000000000000000e+01 5.939700515928996172e-01
2.100000000000000000e+01 6.024080260103445994e-01
2.300000000000000000e+01 6.105262771430381985e-01
2.500000000000000000e+01 6.184047373295977756e-01
2.700000000000000000e+01 6.260917393640962336e-01
2.900000000000000000e+01 6.336540441676697943e-01
3.100000000000000000e+01 6.411447162343175687e-01
3.300000000000000000e+01 6.486176700038566167e-01
3.500000000000000000e+01 6.560360050183390301e-01
3.700000000000000000e+01 6.633971260535640457e-01
3.900000000000000000e+01 6.707052948651013313e-01
4.100000000000000000e+01 6.779599023459803586e-01
4.300000000000000000e+01 6.851548202454352809e-01
4.500000000000000000e+01 6.922614581245554177e-01
4.700000000000000000e+01 6.992746362103834379e-01
4.900000000000000000e+01 7.061835856381728505e-01
5.100000000000000000e+01 7.129940593729586773e-01
5.300000000000000000e+01 7.196753071405155300e-01
5.500000000000000000e+01 7.262580758987428053e-01
5.700000000000000000e+01 7.326936313955929592e-01
5.900000000000000000e+01 7.389622511400451010e-01
6.100000000000000000e+01 7.450363932331403038e-01
6.300000000000000000e+01 7.509010798366930750e-01
6.500000000000000000e+01 7.565257358052408510e-01
6.700000000000000000e+01 7.618936075943936181e-01
6.900000000000000000e+01 7.670204360127815812e-01
7.100000000000000000e+01 7.719052068775786868e-01
7.300000000000000000e+01 7.765274806643136518e-01
7.500000000000000000e+01 7.809410858559466817e-01
7.700000000000000000e+01 7.851603100699173776e-01
7.900000000000000000e+01 7.892046772148647582e-01
8.100000000000000000e+01 7.930517314469194279e-01
8.300000000000000000e+01 7.967414907247104550e-01
8.500000000000000000e+01 8.002868106188159025e-01
8.700000000000000000e+01 8.036954230358688278e-01
8.900000000000000000e+01 8.069815990659908733e-01
9.100000000000000000e+01 8.101617721588406651e-01
9.300000000000000000e+01 8.132470430485474466e-01
9.500000000000000000e+01 8.162465476753902882e-01
9.700000000000000000e+01 8.191953066311813414e-01
9.900000000000000000e+01 8.221087332435832451e-01
1.010000000000000000e+02 8.249548756068876276e-01
1.030000000000000000e+02 8.277518319995035290e-01
1.050000000000000000e+02 8.305332710216529746e-01
1.070000000000000000e+02 8.333007148972424449e-01
1.090000000000000000e+02 8.360187669767326080e-01
1.110000000000000000e+02 8.386303899305715959e-01
1.130000000000000000e+02 8.411499220771087026e-01
1.150000000000000000e+02 8.435746673556298036e-01
1.170000000000000000e+02 8.458584825496014981e-01
1.190000000000000000e+02 8.480560007472121020e-01
1.210000000000000000e+02 8.501549429381559664e-01
1.230000000000000000e+02 8.521338105081461833e-01
1.250000000000000000e+02 8.540023904825367884e-01
1.270000000000000000e+02 8.557860448366380046e-01
1.290000000000000000e+02 8.574353867646502536e-01
1.310000000000000000e+02 8.589644811109686806e-01
1.330000000000000000e+02 8.603408207713877376e-01
1.350000000000000000e+02 8.616122036520891259e-01
1.370000000000000000e+02 8.628023592219624671e-01
1.390000000000000000e+02 8.639494982358586483e-01
1.410000000000000000e+02 8.650505052019055174e-01
1.430000000000000000e+02 8.661173469886385146e-01
1.450000000000000000e+02 8.671694778257126313e-01
1.470000000000000000e+02 8.681968312640576668e-01
1.490000000000000000e+02 8.691872364878616697e-01
