1.000000000000000000e+00 5.116860053877569925e-04
3.000000000000000000e+00 5.249264788432794759e-04
5.000000000000000000e+00 5.291777223606075609e-04
7.000000000000000000e+00 5.269136772391158630e-04
9.000000000000000000e+00 5.176980953570664568e-04
1.100000000000000000e+01 5.075750917575838628e-04
1.300000000000000000e+01 4.992072042384609887e-04
1.500000000000000000e+01 4.941867363952301417e-04
1.700000000000000000e+01 4.917800370189961967e-04
1.900000000000000000e+01 4.909291974102281131e-04
2.100000000000000000e+01 4.906759739197186221e-04
2.300000000000000000e+01 4.908461245279882590e-04
2.500000000000000000e+01 4.913812839952846900e-04
2.700000000000000000e+01 4.919352820386135861e-04
2.900000000000000000e+01 4.923707835429169677e-04
3.100000000000000000e+01 4.927393658190615255e-04
3.300000000000000000e+01 4.929924741167157620e-04
3.500000000000000000e+01 4.929850314209227591e-04
3.700000000000000000e+01 4.926889780371146443e-04
3.900000000000000000e+01 4.921512294350227634e-04
4.100000000000000000e+01 4.914328054760330744e-04
4.300000000000000000e+01 4.905883068140326486e-04
4.500000000000000000e+01 4.896475419587931199e-04
4.700000000000000000e+01 4.886421736216561840e-04
4.900000000000000000e+01 4.876089974610309241e-04
5.100000000000000000e+01 4.865986313327130830e-04
5.300000000000000000e+01 4.856379127603505097e-04
5.500000000000000000e+01 4.847535192595842091e-04
5.700000000000000000e+01 4.839768467684857356e-04
5.900000000000000000e+01 4.833042665962627993e-04
6.100000000000000000e+01 4.827249814425282892e-04
6.300000000000000000e+01 4.822548450078567583e-04
6.500000000000000000e+01 4.819255507149122764e-04
6.700000000000000000e+01 4.817596439783411455e-04
6.900000000000000000e+01 4.817768669993505171e-04
7.100000000000000000e+01 4.819663624483494502e-04
7.300000000000000000e+01 4.823198702234021695e-04
7.500000000000000000e+01 4.828485592826003980e-04
7.700000000000000000e+01 4.835679508781165481e-04
7.900000000000000000e+01 4.845044306595047701e-04
8.100000000000000000e+01 4.856677844958801060e-04
8.300000000000000000e+01 4.870592056207545539e-04
8.500000000000000000e+01 4.886732426663265016e-04
8.700000000000000000e+01 4.905068994515149328e-04
8.900000000000000000e+01 4.925555523627167531e-04
9.100000000000000000e+01 4.948040857875035670e-04
9.300000000000000000e+01 4.972441840150887415e-04
9.500000000000000000e+01 4.998723525638792964e-04
9.700000000000000000e+01 5.026887384856904006e-04
9.900000000000000000e+01 5.056982439343160607e-04
1.010000000000000000e+02 5.089083284460782508e-04
1.030000000000000000e+02 5.123174262680052493e-04
1.050000000000000000e+02 5.159280668379784274e-04
1.070000000000000000e+02 5.197557755920456657e-04
1.090000000000000000e+02 5.238078958899050619e-04
1.110000000000000000e+02 5.280831238066996391e-04
1.130000000000000000e+02 5.325685461228246709e-04
1.150000000000000000e+02 5.372449795542078022e-04
1.170000000000000000e+02 5.420868622015850846e-04
1.190000000000000000e+02 5.470778062395265096e-04
1.210000000000000000e+02 5.522177188665988723e-04
1.230000000000000000e+02 5.575140043523330036e-04
1.250000000000000000e+02 5.629742821303684863e-04
1.270000000000000000e+02 5.686047279159778256e-04
1.290000000000000000e+02 5.744110502710064736e-04
1.310000000000000000e+02 5.803873596647024513e-04
1.330000000000000000e+02 5.865222249724633130e-04
1.350000000000000000e+02 5.927987037680493287e-04
1.370000000000000000e+02 5.991992532510259650e-04
1.390000000000000000e+02 6.057046640766117207e-04
1.410000000000000000e+02 6.123015254173580502e-04
1.430000000000000000e+02 6.188626282037645865e-04
1.450000000000000000e+02 6.253905985303953585e-04
1.470000000000000000e+02 6.318841877895886583e-04
1.490000000000000000e+02 6.383433050920483964e-04
