1.000000000000000000e+00 4.262218045112782239e-01
3.000000000000000000e+00 4.747871129772790466e-01
5.000000000000000000e+00 5.007629569742739761e-01
7.000000000000000000e+00 5.185215183411198137e-01
9.000000000000000000e+00 5.337273192772379327e-01
1.100000000000000000e+01 5.480562913391534563e-01
1.300000000000000000e+01 5.616287179669525731e-01
1.500000000000000000e+01 5.746068836059681217e-01
1.700000000000000000e+01 5.869736785576189497e-01
1.900000000000000000e+01 5.984522844527798702e-01
2.100000000000000000e+01 6.090957041371248826e-01
2.300000000000000000e+01 6.189575282525774380e-01
2.500000000000000000e+01 6.280527214949138681e-01
2.700000000000000000e+01 6.364385370336658188e-01
2.900000000000000000e+01 6.442051712532728125e-01
3.100000000000000000e+01 6.514045337907364841e-01
3.300000000000000000e+01 6.581108103593700243e-01
3.500000000000000000e+01 6.644336222782140089e-01
3.700000000000000000e+01 6.704545129562105021e-01
3.900000000000000000e+01 6.762076172893853876e-01
4.100000000000000000e+01 6.817464784117379661e-01
4.300000000000000000e+01 6.870599494049505207e-01
4.500000000000000000e+01 6.920811724362545547e-01
4.700000000000000000e+01 6.968304730786065715e-01
4.900000000000000000e+01 7.013088620651327654e-01
5.100000000000000000e+01 7.055788806117764267e-01
5.300000000000000000e+01 7.096120517624640023e-01
5.500000000000000000e+01 7.134509807279798554e-01
5.700000000000000000e+01 7.170304864135549350e-01
5.900000000000000000e+01 7.203556985952923597e-01
6.100000000000000000e+01 7.234897153186718999e-01
6.300000000000000000e+01 7.264841648449889000e-01
6.500000000000000000e+01 7.293797251144320537e-01
6.700000000000000000e+01 7.321736564306079442e-01
6.900000000000000000e+01 7.348778608899289022e-01
7.100000000000000000e+01 7.373693643215526450e-01
7.300000000000000000e+01 7.396027366135574654e-01
7.500000000000000000e+01 7.415762732386211864e-01
7.700000000000000000e+01 7.433925774122958074e-01
7.900000000000000000e+01 7.450390335065999459e-01
8.100000000000000000e+01 7.464121357413142643e-01
8.300000000000000000e+01 7.475493734538625201e-01
8.500000000000000000e+01 7.484882868437077175e-01
8.700000000000000000e+01 7.492619066281397400e-01
8.900000000000000000e+01 7.498844794508946476e-01
9.100000000000000000e+01 7.503894366586147946e-01
9.300000000000000000e+01 7.507568607169038399e-01
9.500000000000000000e+01 7.509929235446214379e-01
9.700000000000000000e+01 7.512074455820961782e-01
9.900000000000000000e+01 7.514059962978476559e-01
1.010000000000000000e+02 7.515871944816572281e-01
1.030000000000000000e+02 7.516570739135360890e-01
1.050000000000000000e+02 7.516560973591579486e-01
1.070000000000000000e+02 7.516089953017686121e-01
1.090000000000000000e+02 7.514919703652279681e-01
1.110000000000000000e+02 7.513598646316543839e-01
1.130000000000000000e+02 7.511815867070815722e-01
1.150000000000000000e+02 7.509726224422708096e-01
1.170000000000000000e+02 7.507345723220788525e-01
1.190000000000000000e+02 7.504707324874531071e-01
1.210000000000000000e+02 7.502478252355654353e-01
1.230000000000000000e+02 7.500232723891614439e-01
1.250000000000000000e+02 7.498039629906070314e-01
1.270000000000000000e+02 7.495633726775562389e-01
1.290000000000000000e+02 7.492919799511115198e-01
1.310000000000000000e+02 7.490063017629757791e-01
1.330000000000000000e+02 7.487123474194066208e-01
1.350000000000000000e+02 7.484670972322683413e-01
1.370000000000000000e+02 7.482611828150935729e-01
1.390000000000000000e+02 7.481263248205416438e-01
1.410000000000000000e+02 7.480505639794581274e-01
1.430000000000000000e+02 7.480156274240765679e-01
1.450000000000000000e+02 7.479851592836384011e-01
1.470000000000000000e+02 7.479346477406815241e-01
1.490000000000000000e+02 7.478406776806643119e-01
