1.000000000000000000e+00 1.850238831132340334e-01
3.000000000000000000e+00 2.066765013335416512e-01
5.000000000000000000e+00 2.165675987343068654e-01
7.000000000000000000e+00 2.219883202177574955e-01
9.000000000000000000e+00 2.255845193181801323e-01
1.100000000000000000e+01 2.283911051157032635e-01
1.300000000000000000e+01 2.305575921920354210e-01
1.500000000000000000e+01 2.323313202413028744e-01
1.700000000000000000e+01 2.339231833350956524e-01
1.900000000000000000e+01 2.354197547784268041e-01
2.100000000000000000e+01 2.368433037930345320e-01
2.300000000000000000e+01 2.382395998715690633e-01
2.500000000000000000e+01 2.396382155801468627e-01
2.700000000000000000e+01 2.410645219887865842e-01
2.900000000000000000e+01 2.425652378803826448e-01
3.100000000000000000e+01 2.441708813619770657e-01
3.300000000000000000e+01 2.458780224973102779e-01
3.500000000000000000e+01 2.476954421907793247e-01
3.700000000000000000e+01 2.496182035446349312e-01
3.900000000000000000e+01 2.516651209384623833e-01
4.100000000000000000e+01 2.538361251610504743e-01
4.300000000000000000e+01 2.561374878906109709e-01
4.500000000000000000e+01 2.585717379238053892e-01
4.700000000000000000e+01 2.611330779786242839e-01
4.900000000000000000e+01 2.638223901978972163e-01
5.100000000000000000e+01 2.666369757737565571e-01
5.300000000000000000e+01 2.695959908821945472e-01
5.500000000000000000e+01 2.727006350587518613e-01
5.700000000000000000e+01 2.759264579660146710e-01
5.900000000000000000e+01 2.792529368973678539e-01
6.100000000000000000e+01 2.826844423225336467e-01
6.300000000000000000e+01 2.862295712740845488e-01
6.500000000000000000e+01 2.898695808213176406e-01
6.700000000000000000e+01 2.936068699696543494e-01
6.900000000000000000e+01 2.974554353358286329e-01
7.100000000000000000e+01 3.014106658327506683e-01
7.300000000000000000e+01 3.054773076253544106e-01
7.500000000000000000e+01 3.096564474746105189e-01
7.700000000000000000e+01 3.139422839996334202e-01
7.900000000000000000e+01 3.183341251367592939e-01
8.100000000000000000e+01 3.228537024694556612e-01
8.300000000000000000e+01 3.275039296019134349e-01
8.500000000000000000e+01 3.322690970238012520e-01
8.700000000000000000e+01 3.371480656093885919e-01
8.900000000000000000e+01 3.421334990548767774e-01
9.100000000000000000e+01 3.472307739106091917e-01
9.300000000000000000e+01 3.524522024774436879e-01
9.500000000000000000e+01 3.577931503865203755e-01
9.700000000000000000e+01 3.632468119884413316e-01
9.900000000000000000e+01 3.688091147256578051e-01
1.010000000000000000e+02 3.744739706890279907e-01
1.030000000000000000e+02 3.802390499380331468e-01
1.050000000000000000e+02 3.860973804570009271e-01
1.070000000000000000e+02 3.920503372016925780e-01
1.090000000000000000e+02 3.980905020376249714e-01
1.110000000000000000e+02 4.041940596355924065e-01
1.130000000000000000e+02 4.103562396299647030e-01
1.150000000000000000e+02 4.165831151984192848e-01
1.170000000000000000e+02 4.228731005974416535e-01
1.190000000000000000e+02 4.292240172664548714e-01
1.210000000000000000e+02 4.356280710707752801e-01
1.230000000000000000e+02 4.420627188806153240e-01
1.250000000000000000e+02 4.485196315482942175e-01
1.270000000000000000e+02 4.549858044768212428e-01
1.290000000000000000e+02 4.614578092324423952e-01
1.310000000000000000e+02 4.679306806937432173e-01
1.330000000000000000e+02 4.743971106864713905e-01
1.350000000000000000e+02 4.808234086828391263e-01
1.370000000000000000e+02 4.872060031357964283e-01
1.390000000000000000e+02 4.935491990889762093e-01
1.410000000000000000e+02 4.998481625056721001e-01
1.430000000000000000e+02 5.061127593075551712e-01
1.450000000000000000e+02 5.123421869183184540e-01
1.470000000000000000e+02 5.185294289751836150e-01
1.490000000000000000e+02 5.246536108739567883e-01
