1.000000000000000000e+00 2.442639304546102563e-01
3.000000000000000000e+00 2.930072858997266882e-01
5.000000000000000000e+00 3.147241487889134159e-01
7.000000000000000000e+00 3.256267344519673257e-01
9.000000000000000000e+00 3.323771477226039606e-01
1.100000000000000000e+01 3.372659430223226007e-01
1.300000000000000000e+01 3.411575956055757919e-01
1.500000000000000000e+01 3.444518189487868476e-01
1.700000000000000000e+01 3.473651286921897174e-01
1.900000000000000000e+01 3.500088413112742991e-01
2.100000000000000000e+01 3.524423044270923455e-01
2.300000000000000000e+01 3.547146684148106965e-01
2.500000000000000000e+01 3.568653740742732117e-01
2.700000000000000000e+01 3.589248056553957511e-01
2.900000000000000000e+01 3.609171815241019043e-01
3.100000000000000000e+01 3.628568956296741588e-01
3.300000000000000000e+01 3.647481652918054262e-01
3.500000000000000000e+01 3.665963654890419532e-01
3.700000000000000000e+01 3.684069688066796688e-01
3.900000000000000000e+01 3.701853394263577846e-01
4.100000000000000000e+01 3.719362988425461980e-01
4.300000000000000000e+01 3.736647217053178371e-01
4.500000000000000000e+01 3.753749529987701061e-01
4.700000000000000000e+01 3.770705656318387167e-01
4.900000000000000000e+01 3.787547825246516675e-01
5.100000000000000000e+01 3.804303220949315500e-01
5.300000000000000000e+01 3.820982298891810736e-01
5.500000000000000000e+01 3.837582456880684889e-01
5.700000000000000000e+01 3.854098169309696509e-01
5.900000000000000000e+01 3.870531544640209987e-01
6.100000000000000000e+01 3.886890167220437009e-01
6.300000000000000000e+01 3.903180603938517512e-01
6.500000000000000000e+01 3.919411248309029316e-01
6.700000000000000000e+01 3.935579707257450544e-01
6.900000000000000000e+01 3.951682453389043781e-01
7.100000000000000000e+01 3.967714614097909154e-01
7.300000000000000000e+01 3.983679795222523357e-01
7.500000000000000000e+01 3.999573588098449539e-01
7.700000000000000000e+01 4.015390470441823068e-01
7.900000000000000000e+01 4.031130120448138676e-01
8.100000000000000000e+01 4.046797645353309436e-01
8.300000000000000000e+01 4.062396476849247096e-01
8.500000000000000000e+01 4.077928916982364038e-01
8.700000000000000000e+01 4.093394857706321721e-01
8.900000000000000000e+01 4.108794117727930795e-01
9.100000000000000000e+01 4.124125196865950915e-01
9.300000000000000000e+01 4.139391862602775918e-01
9.500000000000000000e+01 4.154600809852557752e-01
9.700000000000000000e+01 4.169758581502822636e-01
9.900000000000000000e+01 4.184869910444901642e-01
1.010000000000000000e+02 4.199937459004436935e-01
1.030000000000000000e+02 4.214965825675397459e-01
1.050000000000000000e+02 4.229961970303032226e-01
1.070000000000000000e+02 4.244932663097160663e-01
1.090000000000000000e+02 4.259882703185957631e-01
1.110000000000000000e+02 4.274813763850963122e-01
1.130000000000000000e+02 4.289727048873342996e-01
1.150000000000000000e+02 4.304622768938557442e-01
1.170000000000000000e+02 4.319503334882445200e-01
1.190000000000000000e+02 4.334369797864188190e-01
1.210000000000000000e+02 4.349221266004797970e-01
1.230000000000000000e+02 4.364055302880214260e-01
1.250000000000000000e+02 4.378872396097692743e-01
1.270000000000000000e+02 4.393674675165566423e-01
1.290000000000000000e+02 4.408461614590301059e-01
1.310000000000000000e+02 4.423232863143901072e-01
1.330000000000000000e+02 4.437989309052944309e-01
1.350000000000000000e+02 4.452728836631264508e-01
1.370000000000000000e+02 4.467450743753522691e-01
1.390000000000000000e+02 4.482156036410777089e-01
1.410000000000000000e+02 4.496847002383064229e-01
1.430000000000000000e+02 4.511522220650040493e-01
1.450000000000000000e+02 4.526179871912232588e-01
1.470000000000000000e+02 4.540818288380320533e-01
1.490000000000000000e+02 4.555438409138307110e-01
