1.000000000000000000e+00 1.072722357393884884e-02
3.000000000000000000e+00 1.085369748026943082e-02
5.000000000000000000e+00 1.088836967402584399e-02
7.000000000000000000e+00 1.087333206683793740e-02
9.000000000000000000e+00 1.083737781697147184e-02
1.100000000000000000e+01 1.079293163266248357e-02
1.300000000000000000e+01 1.074140278654966973e-02
1.500000000000000000e+01 1.068560491179437744e-02
1.700000000000000000e+01 1.062928556867837049e-02
1.900000000000000000e+01 1.057263662183616226e-02
2.100000000000000000e+01 1.051602056737577229e-02
2.300000000000000000e+01 1.046027769965629517e-02
2.500000000000000000e+01 1.040294065166680326e-02
2.700000000000000000e+01 1.034633147294383715e-02
2.900000000000000000e+01 1.028946654788054360e-02
3.100000000000000000e+01 1.023216240011892708e-02
3.300000000000000000e+01 1.017455073030393287e-02
3.500000000000000000e+01 1.011580656677646406e-02
3.700000000000000000e+01 1.005633174634157356e-02
3.900000000000000000e+01 9.996121294175375205e-03
4.100000000000000000e+01 9.935535420236174531e-03
4.300000000000000000e+01 9.875770786375803745e-03
4.500000000000000000e+01 9.816634095824117168e-03
4.700000000000000000e+01 9.756935986301118469e-03
4.900000000000000000e+01 9.697433088015405822e-03
5.100000000000000000e+01 9.638077912218712129e-03
5.300000000000000000e+01 9.578637788482113891e-03
5.500000000000000000e+01 9.518846982477291441e-03
5.700000000000000000e+01 9.458769791655274872e-03
5.900000000000000000e+01 9.399110114579944941e-03
6.100000000000000000e+01 9.339209436442397205e-03
6.300000000000000000e+01 9.277464100391763502e-03
6.500000000000000000e+01 9.214272095185105371e-03
6.700000000000000000e+01 9.150423447640609886e-03
6.900000000000000000e+01 9.088373879340916339e-03
7.100000000000000000e+01 9.027895783035422284e-03
7.300000000000000000e+01 8.968168114314778450e-03
7.500000000000000000e+01 8.909197131312218687e-03
7.700000000000000000e+01 8.851017696674179369e-03
7.900000000000000000e+01 8.794588059715335859e-03
8.100000000000000000e+01 8.739826819748941489e-03
8.300000000000000000e+01 8.686677019574262637e-03
8.500000000000000000e+01 8.635349177651296948e-03
8.700000000000000000e+01 8.585823546373605453e-03
8.900000000000000000e+01 8.535511188614730571e-03
9.100000000000000000e+01 8.484580789412499158e-03
9.300000000000000000e+01 8.435515284262451452e-03
9.500000000000000000e+01 8.387400813997247795e-03
9.700000000000000000e+01 8.340628691492879554e-03
9.900000000000000000e+01 8.295284245093181852e-03
1.010000000000000000e+02 8.251349864791701627e-03
1.030000000000000000e+02 8.209190097117069485e-03
1.050000000000000000e+02 8.169161242943978607e-03
1.070000000000000000e+02 8.131170287273170594e-03
1.090000000000000000e+02 8.094981773287490689e-03
1.110000000000000000e+02 8.060103426597464704e-03
1.130000000000000000e+02 8.026484913492004658e-03
1.150000000000000000e+02 7.994592350702212080e-03
1.170000000000000000e+02 7.964341631413129896e-03
1.190000000000000000e+02 7.935112023238377610e-03
1.210000000000000000e+02 7.906511981953356916e-03
1.230000000000000000e+02 7.878672468297764908e-03
1.250000000000000000e+02 7.851847096835951056e-03
1.270000000000000000e+02 7.825647439020699814e-03
1.290000000000000000e+02 7.800017419208660208e-03
1.310000000000000000e+02 7.774737118696251059e-03
1.330000000000000000e+02 7.749743886511395452e-03
1.350000000000000000e+02 7.725104795111792377e-03
1.370000000000000000e+02 7.700578769324506467e-03
1.390000000000000000e+02 7.676349111824243288e-03
1.410000000000000000e+02 7.652603940621949263e-03
1.430000000000000000e+02 7.629544436465685031e-03
1.450000000000000000e+02 7.607104505380823944e-03
1.470000000000000000e+02 7.584973673813610873e-03
1.490000000000000000e+02 7.563105058835950523e-03
