1.000000000000000000e+00 6.351153062788816861e-02
3.000000000000000000e+00 8.577080343914433858e-02
5.000000000000000000e+00 9.614310808848047785e-02
7.000000000000000000e+00 1.009053758234067510e-01
9.000000000000000000e+00 1.033338228258599001e-01
1.100000000000000000e+01 1.047239591105242340e-01
1.300000000000000000e+01 1.055280753045755304e-01
1.500000000000000000e+01 1.059313855052993469e-01
1.700000000000000000e+01 1.060685755454197077e-01
1.900000000000000000e+01 1.060057836030158240e-01
2.100000000000000000e+01 1.058018662291819734e-01
2.300000000000000000e+01 1.055004583015892727e-01
2.500000000000000000e+01 1.051378004085885554e-01
2.700000000000000000e+01 1.047468986207361619e-01
2.900000000000000000e+01 1.043504834291826278e-01
3.100000000000000000e+01 1.039614186334134605e-01
3.300000000000000000e+01 1.035926249349679029e-01
3.500000000000000000e+01 1.032451731853256671e-01
3.700000000000000000e+01 1.029248988883856297e-01
3.900000000000000000e+01 1.026363677848243228e-01
4.100000000000000000e+01 1.023742548188861790e-01
4.300000000000000000e+01 1.021392891622009413e-01
4.500000000000000000e+01 1.019318720372970333e-01
4.700000000000000000e+01 1.017472173449643913e-01
4.900000000000000000e+01 1.015833955699889657e-01
5.100000000000000000e+01 1.014377431826672948e-01
5.300000000000000000e+01 1.013008216348564305e-01
5.500000000000000000e+01 1.011715393501259053e-01
5.700000000000000000e+01 1.010499635153501163e-01
5.900000000000000000e+01 1.009323503467889349e-01
6.100000000000000000e+01 1.008138203801911548e-01
6.300000000000000000e+01 1.006969739982643830e-01
6.500000000000000000e+01 1.005795053297439123e-01
6.700000000000000000e+01 1.004623810583422650e-01
6.900000000000000000e+01 1.003448468671609417e-01
7.100000000000000000e+01 1.002256822865159602e-01
7.300000000000000000e+01 1.001065447897130367e-01
7.500000000000000000e+01 9.998585409734050966e-02
7.700000000000000000e+01 9.986226818884480494e-02
7.900000000000000000e+01 9.973798044074677627e-02
8.100000000000000000e+01 9.960946670326076280e-02
8.300000000000000000e+01 9.947573181666835573e-02
8.500000000000000000e+01 9.933703489135414788e-02
8.700000000000000000e+01 9.919426249674001550e-02
8.900000000000000000e+01 9.904783838274611174e-02
9.100000000000000000e+01 9.889643185228125244e-02
9.300000000000000000e+01 9.873979202336935490e-02
9.500000000000000000e+01 9.857665359881295775e-02
9.700000000000000000e+01 9.840538619355188033e-02
9.900000000000000000e+01 9.822604591907491134e-02
1.010000000000000000e+02 9.804215706040375622e-02
1.030000000000000000e+02 9.785357900423186095e-02
1.050000000000000000e+02 9.766068355609847096e-02
1.070000000000000000e+02 9.746209803644834135e-02
1.090000000000000000e+02 9.725853463786904296e-02
1.110000000000000000e+02 9.705239062939174932e-02
1.130000000000000000e+02 9.684373425482595277e-02
1.150000000000000000e+02 9.663300471448144080e-02
1.170000000000000000e+02 9.642101441233685843e-02
1.190000000000000000e+02 9.620968504550941880e-02
1.210000000000000000e+02 9.599987754096617198e-02
1.230000000000000000e+02 9.579383405124164419e-02
1.250000000000000000e+02 9.559182564039525598e-02
1.270000000000000000e+02 9.539587061132603907e-02
1.290000000000000000e+02 9.520638906079592623e-02
1.310000000000000000e+02 9.502435901076711211e-02
1.330000000000000000e+02 9.484932714140081877e-02
1.350000000000000000e+02 9.468146785586217806e-02
1.370000000000000000e+02 9.451985280894192876e-02
1.390000000000000000e+02 9.436494596951616742e-02
1.410000000000000000e+02 9.421683701937544342e-02
1.430000000000000000e+02 9.407744867432177305e-02
1.450000000000000000e+02 9.394656095382969418e-02
1.470000000000000000e+02 9.382406224516015580e-02
1.490000000000000000e+02 9.370916103581139467e-02
