1.000000000000000000e+00 1.637071753911149008e-01
3.000000000000000000e+00 1.822491991846243442e-01
5.000000000000000000e+00 1.892481386769235829e-01
7.000000000000000000e+00 1.924766074612827005e-01
9.000000000000000000e+00 1.943964588345081790e-01
1.100000000000000000e+01 1.958676840599854474e-01
1.300000000000000000e+01 1.971157231053346504e-01
1.500000000000000000e+01 1.981868711710054187e-01
1.700000000000000000e+01 1.992064851451667007e-01
1.900000000000000000e+01 2.002357084568360257e-01
2.100000000000000000e+01 2.012729156522093943e-01
2.300000000000000000e+01 2.023830829779343921e-01
2.500000000000000000e+01 2.035612367803872891e-01
2.700000000000000000e+01 2.048385191117596538e-01
2.900000000000000000e+01 2.062519733135382838e-01
3.100000000000000000e+01 2.077859253913127979e-01
3.300000000000000000e+01 2.094515971591053294e-01
3.500000000000000000e+01 2.112440924015654975e-01
3.700000000000000000e+01 2.131530155118595005e-01
3.900000000000000000e+01 2.151799879913041114e-01
4.100000000000000000e+01 2.173480684151217757e-01
4.300000000000000000e+01 2.196461481722112863e-01
4.500000000000000000e+01 2.220466551729772808e-01
4.700000000000000000e+01 2.245562232386290047e-01
4.900000000000000000e+01 2.271680012377208513e-01
5.100000000000000000e+01 2.298797133269505633e-01
5.300000000000000000e+01 2.326731641497546965e-01
5.500000000000000000e+01 2.355314398900252293e-01
5.700000000000000000e+01 2.384608601051096954e-01
5.900000000000000000e+01 2.414588889326154675e-01
6.100000000000000000e+01 2.445324398909802799e-01
6.300000000000000000e+01 2.476832365405128300e-01
6.500000000000000000e+01 2.509158640773413440e-01
6.700000000000000000e+01 2.542324034641767483e-01
6.900000000000000000e+01 2.576295449436973861e-01
7.100000000000000000e+01 2.611109037276476696e-01
7.300000000000000000e+01 2.646762232065503762e-01
7.500000000000000000e+01 2.683308650544473650e-01
7.700000000000000000e+01 2.720642057283907400e-01
7.900000000000000000e+01 2.758766045393185040e-01
8.100000000000000000e+01 2.797657304111390575e-01
8.300000000000000000e+01 2.837299617881512415e-01
8.500000000000000000e+01 2.877658796233836247e-01
8.700000000000000000e+01 2.918628045048548003e-01
8.900000000000000000e+01 2.960249106138916897e-01
9.100000000000000000e+01 3.002519220698548486e-01
9.300000000000000000e+01 3.045440054041751443e-01
9.500000000000000000e+01 3.089015489555555494e-01
9.700000000000000000e+01 3.133229313553208550e-01
9.900000000000000000e+01 3.178223312002588230e-01
1.010000000000000000e+02 3.223995352053113939e-01
1.030000000000000000e+02 3.270501801725633761e-01
1.050000000000000000e+02 3.317688114057741888e-01
1.070000000000000000e+02 3.365560568282415232e-01
1.090000000000000000e+02 3.414146364686160284e-01
1.110000000000000000e+02 3.463531115145775940e-01
1.130000000000000000e+02 3.513659302591096711e-01
1.150000000000000000e+02 3.564432469114070523e-01
1.170000000000000000e+02 3.615803182659249604e-01
1.190000000000000000e+02 3.667783429253648197e-01
1.210000000000000000e+02 3.720309594315009960e-01
1.230000000000000000e+02 3.773340257968772482e-01
1.250000000000000000e+02 3.826761395788742526e-01
1.270000000000000000e+02 3.880605898633970874e-01
1.290000000000000000e+02 3.934822904029481316e-01
1.310000000000000000e+02 3.989275895507490288e-01
1.330000000000000000e+02 4.043878387175644518e-01
1.350000000000000000e+02 4.098552011500695702e-01
1.370000000000000000e+02 4.153267795905788429e-01
1.390000000000000000e+02 4.207935300370178044e-01
1.410000000000000000e+02 4.262491847678736567e-01
1.430000000000000000e+02 4.316867424774991635e-01
1.450000000000000000e+02 4.371049234914384796e-01
1.470000000000000000e+02 4.425052121101999969e-01
1.490000000000000000e+02 4.478826634760403325e-01
