1.000000000000000000e+00 1.218787479335714519e-02
3.000000000000000000e+00 1.238214893530187322e-02
5.000000000000000000e+00 1.246390635146088499e-02
7.000000000000000000e+00 1.248651147156643049e-02
9.000000000000000000e+00 1.248529031828460312e-02
1.100000000000000000e+01 1.247066513367167673e-02
1.300000000000000000e+01 1.243670454223722022e-02
1.500000000000000000e+01 1.238318299869678452e-02
1.700000000000000000e+01 1.231377689654777896e-02
1.900000000000000000e+01 1.222938587683519707e-02
2.100000000000000000e+01 1.213139415631969698e-02
2.300000000000000000e+01 1.202150673077528875e-02
2.500000000000000000e+01 1.190143330810378153e-02
2.700000000000000000e+01 1.177691965483740333e-02
2.900000000000000000e+01 1.164968326875548410e-02
3.100000000000000000e+01 1.152047086232677042e-02
3.300000000000000000e+01 1.139065075695000484e-02
3.500000000000000000e+01 1.125976029173025861e-02
3.700000000000000000e+01 1.112901920562658908e-02
3.900000000000000000e+01 1.100054531722993723e-02
4.100000000000000000e+01 1.087363404659291710e-02
4.300000000000000000e+01 1.074895366893335868e-02
4.500000000000000000e+01 1.062682570461004339e-02
4.700000000000000000e+01 1.050639452965629328e-02
4.900000000000000000e+01 1.038946185331590666e-02
5.100000000000000000e+01 1.027619507938126731e-02
5.300000000000000000e+01 1.016692943812214089e-02
5.500000000000000000e+01 1.006090438712858859e-02
5.700000000000000000e+01 9.958195477825726449e-03
5.900000000000000000e+01 9.857801043845482170e-03
6.100000000000000000e+01 9.759341912188412849e-03
6.300000000000000000e+01 9.663505662196203438e-03
6.500000000000000000e+01 9.570287443857239396e-03
6.700000000000000000e+01 9.480669283969178629e-03
6.900000000000000000e+01 9.393621718252087582e-03
7.100000000000000000e+01 9.308947047459770197e-03
7.300000000000000000e+01 9.226064077213713688e-03
7.500000000000000000e+01 9.144953485634599311e-03
7.700000000000000000e+01 9.065098479125843767e-03
7.900000000000000000e+01 8.987270929484258986e-03
8.100000000000000000e+01 8.911186083293776150e-03
8.300000000000000000e+01 8.837183022110783881e-03
8.500000000000000000e+01 8.765240564175935667e-03
8.700000000000000000e+01 8.695325273353926576e-03
8.900000000000000000e+01 8.626949451010057501e-03
9.100000000000000000e+01 8.560138717368159789e-03
9.300000000000000000e+01 8.496038766372060458e-03
9.500000000000000000e+01 8.434618263932214255e-03
9.700000000000000000e+01 8.375794495022792496e-03
9.900000000000000000e+01 8.318741856692901671e-03
1.010000000000000000e+02 8.263414343622765834e-03
1.030000000000000000e+02 8.210991288590596682e-03
1.050000000000000000e+02 8.160827871957598845e-03
1.070000000000000000e+02 8.112830914917101843e-03
1.090000000000000000e+02 8.066920394250276516e-03
1.110000000000000000e+02 8.023574117496878877e-03
1.130000000000000000e+02 7.982699271937732100e-03
1.150000000000000000e+02 7.944424661584181813e-03
1.170000000000000000e+02 7.908109474113134141e-03
1.190000000000000000e+02 7.873643498951476971e-03
1.210000000000000000e+02 7.841048542525430598e-03
1.230000000000000000e+02 7.809807876907326474e-03
1.250000000000000000e+02 7.780547584093744362e-03
1.270000000000000000e+02 7.752943431400760588e-03
1.290000000000000000e+02 7.726870876646474429e-03
1.310000000000000000e+02 7.702049125902443727e-03
1.330000000000000000e+02 7.678363433052393106e-03
1.350000000000000000e+02 7.655702738545766550e-03
1.370000000000000000e+02 7.634335738196607046e-03
1.390000000000000000e+02 7.614165961314589559e-03
1.410000000000000000e+02 7.595205361145995759e-03
1.430000000000000000e+02 7.577361568195328800e-03
1.450000000000000000e+02 7.560532014586396343e-03
1.470000000000000000e+02 7.544587833913429797e-03
1.490000000000000000e+02 7.529436988772730821e-03
