1.000000000000000000e+00 2.319587628865982243e-02
3.000000000000000000e+00 2.390336465874720595e-02
5.000000000000000000e+00 2.441294756239975605e-02
7.000000000000000000e+00 2.478625115927268752e-02
9.000000000000000000e+00 2.505810324803270372e-02
1.100000000000000000e+01 2.525241040857928443e-02
1.300000000000000000e+01 2.539116591868995076e-02
1.500000000000000000e+01 2.548606276808274007e-02
1.700000000000000000e+01 2.554293582690869702e-02
1.900000000000000000e+01 2.556231136069497811e-02
2.100000000000000000e+01 2.554622805015160925e-02
2.300000000000000000e+01 2.549801717733879425e-02
2.500000000000000000e+01 2.542287432050038820e-02
2.700000000000000000e+01 2.532454338816647610e-02
2.900000000000000000e+01 2.520805957733263103e-02
3.100000000000000000e+01 2.507788259700849398e-02
3.300000000000000000e+01 2.493786418191823451e-02
3.500000000000000000e+01 2.478882881909016955e-02
3.700000000000000000e+01 2.463046160127457807e-02
3.900000000000000000e+01 2.446440382531089863e-02
4.100000000000000000e+01 2.429225723573669171e-02
4.300000000000000000e+01 2.411534281701688265e-02
4.500000000000000000e+01 2.393333185275881014e-02
4.700000000000000000e+01 2.374598665200522429e-02
4.900000000000000000e+01 2.355493934265040501e-02
5.100000000000000000e+01 2.336151185346058146e-02
5.300000000000000000e+01 2.316704310089989782e-02
5.500000000000000000e+01 2.297215271963926053e-02
5.700000000000000000e+01 2.277802471857348632e-02
5.900000000000000000e+01 2.258652558267337795e-02
6.100000000000000000e+01 2.239608382360791516e-02
6.300000000000000000e+01 2.220601210587636043e-02
6.500000000000000000e+01 2.201646641581089803e-02
6.700000000000000000e+01 2.182787939751995587e-02
6.900000000000000000e+01 2.164115456506487956e-02
7.100000000000000000e+01 2.145649377054670293e-02
7.300000000000000000e+01 2.127372182736730899e-02
7.500000000000000000e+01 2.109303032759535235e-02
7.700000000000000000e+01 2.091324636553981708e-02
7.900000000000000000e+01 2.073475153445392127e-02
8.100000000000000000e+01 2.055742268770066605e-02
8.300000000000000000e+01 2.038195672863074570e-02
8.500000000000000000e+01 2.020855776917274138e-02
8.700000000000000000e+01 2.003632721597925492e-02
8.900000000000000000e+01 1.986550374097861837e-02
9.100000000000000000e+01 1.969435816751308188e-02
9.300000000000000000e+01 1.952557714980884818e-02
9.500000000000000000e+01 1.936087242169892697e-02
9.700000000000000000e+01 1.920019087198221452e-02
9.900000000000000000e+01 1.904225347201282670e-02
1.010000000000000000e+02 1.888701191063324458e-02
1.030000000000000000e+02 1.873630051963492971e-02
1.050000000000000000e+02 1.858996415813174430e-02
1.070000000000000000e+02 1.844721075711119873e-02
1.090000000000000000e+02 1.830816189798289972e-02
1.110000000000000000e+02 1.817288139228778743e-02
1.130000000000000000e+02 1.804126750437451410e-02
1.150000000000000000e+02 1.791226062306583433e-02
1.170000000000000000e+02 1.778345710508677513e-02
1.190000000000000000e+02 1.765497881514055400e-02
1.210000000000000000e+02 1.753014787199691504e-02
1.230000000000000000e+02 1.740889664673417325e-02
1.250000000000000000e+02 1.728968275886821893e-02
1.270000000000000000e+02 1.717365866387643436e-02
1.290000000000000000e+02 1.706130825543394902e-02
1.310000000000000000e+02 1.695248704483065527e-02
1.330000000000000000e+02 1.684534518012070770e-02
1.350000000000000000e+02 1.673962297222508777e-02
1.370000000000000000e+02 1.663522741419398709e-02
1.390000000000000000e+02 1.653273367317131815e-02
1.410000000000000000e+02 1.643302090275811089e-02
1.430000000000000000e+02 1.633601659152872365e-02
1.450000000000000000e+02 1.624166450561037589e-02
1.470000000000000000e+02 1.615047467742947163e-02
1.490000000000000000e+02 1.606123232069611717e-02
