1.000000000000000000e+00 1.928512542692262244e-02
3.000000000000000000e+00 2.009527065907845689e-02
5.000000000000000000e+00 2.051003514882265844e-02
7.000000000000000000e+00 2.077158720477578768e-02
9.000000000000000000e+00 2.097613352084204408e-02
1.100000000000000000e+01 2.117732833579377694e-02
1.300000000000000000e+01 2.139059381563934714e-02
1.500000000000000000e+01 2.161389027369986504e-02
1.700000000000000000e+01 2.184368492510280202e-02
1.900000000000000000e+01 2.208015807491425786e-02
2.100000000000000000e+01 2.231720280351268126e-02
2.300000000000000000e+01 2.254781271080541494e-02
2.500000000000000000e+01 2.276702031700894580e-02
2.700000000000000000e+01 2.297473551031603556e-02
2.900000000000000000e+01 2.317160119130001750e-02
3.100000000000000000e+01 2.335491157147462360e-02
3.300000000000000000e+01 2.352645000476760728e-02
3.500000000000000000e+01 2.368982606728686768e-02
3.700000000000000000e+01 2.384564853417248109e-02
3.900000000000000000e+01 2.399425401958110715e-02
4.100000000000000000e+01 2.413710994719553415e-02
4.300000000000000000e+01 2.427572968631452888e-02
4.500000000000000000e+01 2.440805832108827733e-02
4.700000000000000000e+01 2.453556226535591467e-02
4.900000000000000000e+01 2.465908285213658235e-02
5.100000000000000000e+01 2.478104836907413233e-02
5.300000000000000000e+01 2.490194210933716068e-02
5.500000000000000000e+01 2.502212639086676127e-02
5.700000000000000000e+01 2.513914440194275901e-02
5.900000000000000000e+01 2.525352981424822119e-02
6.100000000000000000e+01 2.536579191191012939e-02
6.300000000000000000e+01 2.547597711245908059e-02
6.500000000000000000e+01 2.558292513059512441e-02
6.700000000000000000e+01 2.568670822121577046e-02
6.900000000000000000e+01 2.578730232498838149e-02
7.100000000000000000e+01 2.588476787892690645e-02
7.300000000000000000e+01 2.597951560167999219e-02
7.500000000000000000e+01 2.607313631702268264e-02
7.700000000000000000e+01 2.616592450354482402e-02
7.900000000000000000e+01 2.625927178077025470e-02
8.100000000000000000e+01 2.635305618981242937e-02
8.300000000000000000e+01 2.644604563825636578e-02
8.500000000000000000e+01 2.653888729770415011e-02
8.700000000000000000e+01 2.663082728567267576e-02
8.900000000000000000e+01 2.672342407942118747e-02
9.100000000000000000e+01 2.681486100127938865e-02
9.300000000000000000e+01 2.690557136301308105e-02
9.500000000000000000e+01 2.699548652824257378e-02
9.700000000000000000e+01 2.708455486568528414e-02
9.900000000000000000e+01 2.717363559965613184e-02
1.010000000000000000e+02 2.726269673324510645e-02
1.030000000000000000e+02 2.735166491200957672e-02
1.050000000000000000e+02 2.744054586954969288e-02
1.070000000000000000e+02 2.752928350396166568e-02
1.090000000000000000e+02 2.761725497844003119e-02
1.110000000000000000e+02 2.770449465225843788e-02
1.130000000000000000e+02 2.779108707257849087e-02
1.150000000000000000e+02 2.787752330578940896e-02
1.170000000000000000e+02 2.796326095461565409e-02
1.190000000000000000e+02 2.804838367142215017e-02
1.210000000000000000e+02 2.813321879744479226e-02
1.230000000000000000e+02 2.821793292941521258e-02
1.250000000000000000e+02 2.830267826400667541e-02
1.270000000000000000e+02 2.838730410171608209e-02
1.290000000000000000e+02 2.847251975395515000e-02
1.310000000000000000e+02 2.855865779244337599e-02
1.330000000000000000e+02 2.864576328272039341e-02
1.350000000000000000e+02 2.873402771137711920e-02
1.370000000000000000e+02 2.882350958002932728e-02
1.390000000000000000e+02 2.891411535346510853e-02
1.410000000000000000e+02 2.900592764327680761e-02
1.430000000000000000e+02 2.909904101072102733e-02
1.450000000000000000e+02 2.919274417140160782e-02
1.470000000000000000e+02 2.928705577493628809e-02
1.490000000000000000e+02 2.938202246115584337e-02
