1.000000000000000000e+00 4.547764227642276946e-01
3.000000000000000000e+00 5.057341172114340200e-01
5.000000000000000000e+00 5.302994798440152646e-01
7.000000000000000000e+00 5.478235202625731937e-01
9.000000000000000000e+00 5.619634227921672665e-01
1.100000000000000000e+01 5.736587792324809865e-01
1.300000000000000000e+01 5.837831440855304477e-01
1.500000000000000000e+01 5.926997517741097177e-01
1.700000000000000000e+01 6.007248277178749429e-01
1.900000000000000000e+01 6.077040832518864066e-01
2.100000000000000000e+01 6.137041127590900924e-01
2.300000000000000000e+01 6.185550307523718372e-01
2.500000000000000000e+01 6.225562702427296369e-01
2.700000000000000000e+01 6.257591809382812009e-01
2.900000000000000000e+01 6.281480033252243578e-01
3.100000000000000000e+01 6.297591709682177630e-01
3.300000000000000000e+01 6.306675088113493644e-01
3.500000000000000000e+01 6.310052919483661871e-01
3.700000000000000000e+01 6.307902877440604295e-01
3.900000000000000000e+01 6.300430444757925130e-01
4.100000000000000000e+01 6.288648008349846386e-01
4.300000000000000000e+01 6.274460303145870110e-01
4.500000000000000000e+01 6.258524211958412797e-01
4.700000000000000000e+01 6.241974489253545588e-01
4.900000000000000000e+01 6.225188020679062184e-01
5.100000000000000000e+01 6.208646163100166593e-01
5.300000000000000000e+01 6.192072377835680097e-01
5.500000000000000000e+01 6.176161076331139199e-01
5.700000000000000000e+01 6.160456839112645744e-01
5.900000000000000000e+01 6.145643116525699723e-01
6.100000000000000000e+01 6.132337678227786082e-01
6.300000000000000000e+01 6.119326228639131449e-01
6.500000000000000000e+01 6.107269769392702496e-01
6.700000000000000000e+01 6.096877596196027538e-01
6.900000000000000000e+01 6.087028218721508566e-01
7.100000000000000000e+01 6.077089054051382222e-01
7.300000000000000000e+01 6.067995776733614566e-01
7.500000000000000000e+01 6.059077822211902387e-01
7.700000000000000000e+01 6.050582193474469683e-01
7.900000000000000000e+01 6.042360224495935128e-01
8.100000000000000000e+01 6.034465123919291463e-01
8.300000000000000000e+01 6.026243223215864697e-01
8.500000000000000000e+01 6.017635129673575278e-01
8.700000000000000000e+01 6.008336242685867745e-01
8.900000000000000000e+01 5.998297985133127508e-01
9.100000000000000000e+01 5.988475808165660830e-01
9.300000000000000000e+01 5.978712212961099226e-01
9.500000000000000000e+01 5.968683721734461267e-01
9.700000000000000000e+01 5.958559127809253120e-01
9.900000000000000000e+01 5.948547989862152940e-01
1.010000000000000000e+02 5.938115114702327002e-01
1.030000000000000000e+02 5.928015675993070221e-01
1.050000000000000000e+02 5.917719549687823211e-01
1.070000000000000000e+02 5.907702653572628471e-01
1.090000000000000000e+02 5.897143932406674338e-01
1.110000000000000000e+02 5.887054628978245496e-01
1.130000000000000000e+02 5.877366549149132258e-01
1.150000000000000000e+02 5.869069347409103798e-01
1.170000000000000000e+02 5.861539857896820305e-01
1.190000000000000000e+02 5.855562788435987320e-01
1.210000000000000000e+02 5.851791872695100150e-01
1.230000000000000000e+02 5.850076313572569742e-01
1.250000000000000000e+02 5.850076313572565301e-01
1.270000000000000000e+02 5.850076313572557529e-01
1.290000000000000000e+02 5.850076313572564191e-01
1.310000000000000000e+02 5.850076313572558639e-01
1.330000000000000000e+02 5.850076313572558639e-01
1.350000000000000000e+02 5.850076313572561970e-01
1.370000000000000000e+02 5.850076313572563080e-01
1.390000000000000000e+02 5.850076313572560860e-01
1.410000000000000000e+02 5.850076313572559750e-01
1.430000000000000000e+02 5.850076313572567521e-01
1.450000000000000000e+02 5.850076313572556419e-01
1.470000000000000000e+02 5.850076313572567521e-01
1.490000000000000000e+02 5.850076313572558639e-01
