1.000000000000000000e+00 2.367805334581185583e-02
3.000000000000000000e+00 2.475253770889729310e-02
5.000000000000000000e+00 2.513014552842518512e-02
7.000000000000000000e+00 2.536093482602208571e-02
9.000000000000000000e+00 2.553964242430228904e-02
1.100000000000000000e+01 2.570672599799872504e-02
1.300000000000000000e+01 2.583624506103876506e-02
1.500000000000000000e+01 2.593889202282817497e-02
1.700000000000000000e+01 2.603087031556583497e-02
1.900000000000000000e+01 2.611996792968163117e-02
2.100000000000000000e+01 2.620949795722948839e-02
2.300000000000000000e+01 2.630134044689025341e-02
2.500000000000000000e+01 2.639796111604897355e-02
2.700000000000000000e+01 2.649578003379404745e-02
2.900000000000000000e+01 2.659045940842319489e-02
3.100000000000000000e+01 2.667627260155636115e-02
3.300000000000000000e+01 2.674966204344364495e-02
3.500000000000000000e+01 2.681194397335462387e-02
3.700000000000000000e+01 2.686423371189994302e-02
3.900000000000000000e+01 2.690640467246163681e-02
4.100000000000000000e+01 2.693502204498299246e-02
4.300000000000000000e+01 2.695449258978277474e-02
4.500000000000000000e+01 2.696549549999682771e-02
4.700000000000000000e+01 2.696799629483614957e-02
4.900000000000000000e+01 2.696123308934950114e-02
5.100000000000000000e+01 2.694571864225991931e-02
5.300000000000000000e+01 2.692109149724131179e-02
5.500000000000000000e+01 2.688832666243068381e-02
5.700000000000000000e+01 2.684847806377299584e-02
5.900000000000000000e+01 2.680258621243480910e-02
6.100000000000000000e+01 2.675298076977739026e-02
6.300000000000000000e+01 2.669524979883020066e-02
6.500000000000000000e+01 2.662982238258970735e-02
6.700000000000000000e+01 2.655980839191940390e-02
6.900000000000000000e+01 2.648642154056812803e-02
7.100000000000000000e+01 2.640838004372636494e-02
7.300000000000000000e+01 2.632659257566638544e-02
7.500000000000000000e+01 2.624381192857272449e-02
7.700000000000000000e+01 2.616029906057315557e-02
7.900000000000000000e+01 2.607448838275772118e-02
8.100000000000000000e+01 2.598921277113364070e-02
8.300000000000000000e+01 2.590342790799771144e-02
8.500000000000000000e+01 2.581659749782239111e-02
8.700000000000000000e+01 2.572688334942019317e-02
8.900000000000000000e+01 2.563505712807045978e-02
9.100000000000000000e+01 2.554186820451964657e-02
9.300000000000000000e+01 2.545209787326940809e-02
9.500000000000000000e+01 2.536231373211650375e-02
9.700000000000000000e+01 2.527326961817999429e-02
9.900000000000000000e+01 2.518516221468047878e-02
1.010000000000000000e+02 2.509756066714075029e-02
1.030000000000000000e+02 2.501126105233764108e-02
1.050000000000000000e+02 2.492658313692552863e-02
1.070000000000000000e+02 2.484738426576127424e-02
1.090000000000000000e+02 2.477359403449586051e-02
1.110000000000000000e+02 2.470400690050600367e-02
1.130000000000000000e+02 2.463674390797632174e-02
1.150000000000000000e+02 2.457253248051649575e-02
1.170000000000000000e+02 2.451171393902984441e-02
1.190000000000000000e+02 2.445447498095831840e-02
1.210000000000000000e+02 2.440087898738019234e-02
1.230000000000000000e+02 2.435280319063215515e-02
1.250000000000000000e+02 2.431026699665506108e-02
1.270000000000000000e+02 2.427322533522846548e-02
1.290000000000000000e+02 2.424283595287912707e-02
1.310000000000000000e+02 2.421794116048225920e-02
1.330000000000000000e+02 2.419849033116294734e-02
1.350000000000000000e+02 2.418429188008797137e-02
1.370000000000000000e+02 2.417528191584161767e-02
1.390000000000000000e+02 2.417141504108610839e-02
1.410000000000000000e+02 2.417078384946691472e-02
1.430000000000000000e+02 2.417352879348055872e-02
1.450000000000000000e+02 2.418162409402968560e-02
1.470000000000000000e+02 2.419493231497638064e-02
1.490000000000000000e+02 2.421326905319987066e-02
