1.000000000000000000e+00 1.740595171252101725e-02
3.000000000000000000e+00 1.872901657033443357e-02
5.000000000000000000e+00 1.933415650280656539e-02
7.000000000000000000e+00 1.978874283171605519e-02
9.000000000000000000e+00 2.013347397812570438e-02
1.100000000000000000e+01 2.036606302774757182e-02
1.300000000000000000e+01 2.053676304788631946e-02
1.500000000000000000e+01 2.071183993095548903e-02
1.700000000000000000e+01 2.090224734560663933e-02
1.900000000000000000e+01 2.110566240221689593e-02
2.100000000000000000e+01 2.131863471537864818e-02
2.300000000000000000e+01 2.154441928850825416e-02
2.500000000000000000e+01 2.178439316541935789e-02
2.700000000000000000e+01 2.203488750467186286e-02
2.900000000000000000e+01 2.229616558553570993e-02
3.100000000000000000e+01 2.256388862130442874e-02
3.300000000000000000e+01 2.283601275401714314e-02
3.500000000000000000e+01 2.311102972258083366e-02
3.700000000000000000e+01 2.338559727297961910e-02
3.900000000000000000e+01 2.365913795219720672e-02
4.100000000000000000e+01 2.393081566598886933e-02
4.300000000000000000e+01 2.419842057854115769e-02
4.500000000000000000e+01 2.445541404951145914e-02
4.700000000000000000e+01 2.470076371955420846e-02
4.900000000000000000e+01 2.493926264876455967e-02
5.100000000000000000e+01 2.516989837840133415e-02
5.300000000000000000e+01 2.539227748847638910e-02
5.500000000000000000e+01 2.560535769907790193e-02
5.700000000000000000e+01 2.580850665014255974e-02
5.900000000000000000e+01 2.599858946821997918e-02
6.100000000000000000e+01 2.617373834397007659e-02
6.300000000000000000e+01 2.633331556077755931e-02
6.500000000000000000e+01 2.648030536696388548e-02
6.700000000000000000e+01 2.661311562557022725e-02
6.900000000000000000e+01 2.673441512650087670e-02
7.100000000000000000e+01 2.684479420145702289e-02
7.300000000000000000e+01 2.694319192565464149e-02
7.500000000000000000e+01 2.703070118156813972e-02
7.700000000000000000e+01 2.710762783557874034e-02
7.900000000000000000e+01 2.717441882365145833e-02
8.100000000000000000e+01 2.722861327236714146e-02
8.300000000000000000e+01 2.727134092238647778e-02
8.500000000000000000e+01 2.730772204704645656e-02
8.700000000000000000e+01 2.733748734666419100e-02
8.900000000000000000e+01 2.736173052940593653e-02
9.100000000000000000e+01 2.738158478650454253e-02
9.300000000000000000e+01 2.739787649074809650e-02
9.500000000000000000e+01 2.741193433758359888e-02
9.700000000000000000e+01 2.742342591244872896e-02
9.900000000000000000e+01 2.743402670498396034e-02
1.010000000000000000e+02 2.744365402560544620e-02
1.030000000000000000e+02 2.745473626171257564e-02
1.050000000000000000e+02 2.746775464443984571e-02
1.070000000000000000e+02 2.748136529902867053e-02
1.090000000000000000e+02 2.749320619397943588e-02
1.110000000000000000e+02 2.750372615369001128e-02
1.130000000000000000e+02 2.751533419045382178e-02
1.150000000000000000e+02 2.752827611556618592e-02
1.170000000000000000e+02 2.754104916688482341e-02
1.190000000000000000e+02 2.755404872244016090e-02
1.210000000000000000e+02 2.756626553238483712e-02
1.230000000000000000e+02 2.757582589340523693e-02
1.250000000000000000e+02 2.758306772827434639e-02
1.270000000000000000e+02 2.758885481638839732e-02
1.290000000000000000e+02 2.759276785956743527e-02
1.310000000000000000e+02 2.759601316017212813e-02
1.330000000000000000e+02 2.759891374630107919e-02
1.350000000000000000e+02 2.760484418271569318e-02
1.370000000000000000e+02 2.761393092550523676e-02
1.390000000000000000e+02 2.762490056591904164e-02
1.410000000000000000e+02 2.763524863340327542e-02
1.430000000000000000e+02 2.764518851845054748e-02
1.450000000000000000e+02 2.765873712287059139e-02
1.470000000000000000e+02 2.767606464162397639e-02
1.490000000000000000e+02 2.769676369714124675e-02
