1.000000000000000000e+00 1.750285913181837127e-02
3.000000000000000000e+00 1.815522951985015787e-02
5.000000000000000000e+00 1.849575481108411967e-02
7.000000000000000000e+00 1.870176004311807638e-02
9.000000000000000000e+00 1.886272215201989511e-02
1.100000000000000000e+01 1.899151124504316890e-02
1.300000000000000000e+01 1.909611620979945190e-02
1.500000000000000000e+01 1.918061687991756692e-02
1.700000000000000000e+01 1.924446868041385095e-02
1.900000000000000000e+01 1.929291718451831006e-02
2.100000000000000000e+01 1.933383271973343476e-02
2.300000000000000000e+01 1.936821337793093178e-02
2.500000000000000000e+01 1.939693563928124309e-02
2.700000000000000000e+01 1.941905925350395634e-02
2.900000000000000000e+01 1.943583181600994081e-02
3.100000000000000000e+01 1.944729925151000849e-02
3.300000000000000000e+01 1.945472372353551638e-02
3.500000000000000000e+01 1.945834954383152127e-02
3.700000000000000000e+01 1.945826243019632695e-02
3.900000000000000000e+01 1.945311842269892288e-02
4.100000000000000000e+01 1.944340281041323504e-02
4.300000000000000000e+01 1.942887157599282322e-02
4.500000000000000000e+01 1.941020005520321945e-02
4.700000000000000000e+01 1.938724125171131796e-02
4.900000000000000000e+01 1.936029497144076128e-02
5.100000000000000000e+01 1.932968764758347113e-02
5.300000000000000000e+01 1.929542857095345454e-02
5.500000000000000000e+01 1.925719047600593647e-02
5.700000000000000000e+01 1.921565514661971452e-02
5.900000000000000000e+01 1.917077780181764002e-02
6.100000000000000000e+01 1.912261700911133122e-02
6.300000000000000000e+01 1.907135501755918838e-02
6.500000000000000000e+01 1.901676281608422059e-02
6.700000000000000000e+01 1.895725130998393571e-02
6.900000000000000000e+01 1.889262419638149115e-02
7.100000000000000000e+01 1.882222570685976315e-02
7.300000000000000000e+01 1.874610902204243423e-02
7.500000000000000000e+01 1.866421913603510951e-02
7.700000000000000000e+01 1.857682151761064215e-02
7.900000000000000000e+01 1.848409534851436220e-02
8.100000000000000000e+01 1.838634227518354258e-02
8.300000000000000000e+01 1.828488445889842051e-02
8.500000000000000000e+01 1.818004972113140827e-02
8.700000000000000000e+01 1.807162994398003875e-02
8.900000000000000000e+01 1.796011726449331380e-02
9.100000000000000000e+01 1.784672512276663792e-02
9.300000000000000000e+01 1.773133229607071204e-02
9.500000000000000000e+01 1.761302668741260291e-02
9.700000000000000000e+01 1.749217098613931043e-02
9.900000000000000000e+01 1.736988945196393797e-02
1.010000000000000000e+02 1.724526055102948430e-02
1.030000000000000000e+02 1.711972554648222289e-02
1.050000000000000000e+02 1.699354150490972604e-02
1.070000000000000000e+02 1.686723565861114604e-02
1.090000000000000000e+02 1.674002601935986601e-02
1.110000000000000000e+02 1.661212804913203556e-02
1.130000000000000000e+02 1.648589104078634904e-02
1.150000000000000000e+02 1.636106519389612934e-02
1.170000000000000000e+02 1.623681659850273462e-02
1.190000000000000000e+02 1.611335453913143034e-02
1.210000000000000000e+02 1.599137891436364090e-02
1.230000000000000000e+02 1.587148118116343820e-02
1.250000000000000000e+02 1.575187803240996054e-02
1.270000000000000000e+02 1.563369130055991540e-02
1.290000000000000000e+02 1.551703594417475074e-02
1.310000000000000000e+02 1.540193537347345210e-02
1.330000000000000000e+02 1.528843633512333433e-02
1.350000000000000000e+02 1.517649392698672273e-02
1.370000000000000000e+02 1.506544336078730062e-02
1.390000000000000000e+02 1.495591443535926324e-02
1.410000000000000000e+02 1.484829451154789925e-02
1.430000000000000000e+02 1.474229454162134800e-02
1.450000000000000000e+02 1.463871810396433215e-02
1.470000000000000000e+02 1.453652613067990540e-02
1.490000000000000000e+02 1.443571716820746254e-02
