1.000000000000000000e+00 1.592330275838049758e-02
3.000000000000000000e+00 1.642973478204134974e-02
5.000000000000000000e+00 1.677923408284798246e-02
7.000000000000000000e+00 1.706930584749433155e-02
9.000000000000000000e+00 1.732182584618247034e-02
1.100000000000000000e+01 1.753820665440908311e-02
1.300000000000000000e+01 1.771486473631189718e-02
1.500000000000000000e+01 1.785678083298414265e-02
1.700000000000000000e+01 1.796887078625231116e-02
1.900000000000000000e+01 1.805592307606407321e-02
2.100000000000000000e+01 1.812346538943343521e-02
2.300000000000000000e+01 1.817680934471754828e-02
2.500000000000000000e+01 1.821648512164064648e-02
2.700000000000000000e+01 1.824348732204161827e-02
2.900000000000000000e+01 1.825941792935559249e-02
3.100000000000000000e+01 1.826622425059665211e-02
3.300000000000000000e+01 1.826579600697841865e-02
3.500000000000000000e+01 1.825925367398861798e-02
3.700000000000000000e+01 1.824752803359241948e-02
3.900000000000000000e+01 1.823099538505335016e-02
4.100000000000000000e+01 1.820995884135612197e-02
4.300000000000000000e+01 1.818483169091167362e-02
4.500000000000000000e+01 1.815575468129237979e-02
4.700000000000000000e+01 1.812338856013329114e-02
4.900000000000000000e+01 1.808688738361641235e-02
5.100000000000000000e+01 1.804664001363731618e-02
5.300000000000000000e+01 1.800337780597494053e-02
5.500000000000000000e+01 1.795689430726921110e-02
5.700000000000000000e+01 1.790683051017050165e-02
5.900000000000000000e+01 1.785278538360335343e-02
6.100000000000000000e+01 1.779574813539563927e-02
6.300000000000000000e+01 1.773546972402073596e-02
6.500000000000000000e+01 1.767118189139493811e-02
6.700000000000000000e+01 1.760433381694059829e-02
6.900000000000000000e+01 1.753462961237017836e-02
7.100000000000000000e+01 1.746130703375159410e-02
7.300000000000000000e+01 1.738382265192528475e-02
7.500000000000000000e+01 1.730185410683593439e-02
7.700000000000000000e+01 1.721547028082848207e-02
7.900000000000000000e+01 1.712480358760548604e-02
8.100000000000000000e+01 1.702968651488590002e-02
8.300000000000000000e+01 1.693186110436595282e-02
8.500000000000000000e+01 1.683166099069732802e-02
8.700000000000000000e+01 1.672994705261521275e-02
8.900000000000000000e+01 1.662681947696476037e-02
9.100000000000000000e+01 1.652244695613414027e-02
9.300000000000000000e+01 1.641758313677776915e-02
9.500000000000000000e+01 1.631273586267489861e-02
9.700000000000000000e+01 1.620811574537617261e-02
9.900000000000000000e+01 1.610360520294895625e-02
1.010000000000000000e+02 1.599938992037863716e-02
1.030000000000000000e+02 1.589489970563973120e-02
1.050000000000000000e+02 1.579086187347789050e-02
1.070000000000000000e+02 1.568839123371668087e-02
1.090000000000000000e+02 1.558612473023368583e-02
1.110000000000000000e+02 1.548422864312593017e-02
1.130000000000000000e+02 1.538320931332870511e-02
1.150000000000000000e+02 1.528274152627673299e-02
1.170000000000000000e+02 1.518291333188803716e-02
1.190000000000000000e+02 1.508378063193827057e-02
1.210000000000000000e+02 1.498488133094244557e-02
1.230000000000000000e+02 1.488668400192882935e-02
1.250000000000000000e+02 1.478983132153954827e-02
1.270000000000000000e+02 1.469514268784588573e-02
1.290000000000000000e+02 1.460265739919086592e-02
1.310000000000000000e+02 1.451211100513971619e-02
1.330000000000000000e+02 1.442306935454817918e-02
1.350000000000000000e+02 1.433552204221177906e-02
1.370000000000000000e+02 1.424924926379311785e-02
1.390000000000000000e+02 1.416438172079437230e-02
1.410000000000000000e+02 1.408064042114620662e-02
1.430000000000000000e+02 1.399827681776777411e-02
1.450000000000000000e+02 1.391713793686033540e-02
1.470000000000000000e+02 1.383666708904984777e-02
1.490000000000000000e+02 1.375691123932964999e-02
