1.000000000000000000e+00 1.201551644029519306e-02
3.000000000000000000e+00 1.215949809846728069e-02
5.000000000000000000e+00 1.219744456770155416e-02
7.000000000000000000e+00 1.219746314879699423e-02
9.000000000000000000e+00 1.217590086928710402e-02
1.100000000000000000e+01 1.213557041539869985e-02
1.300000000000000000e+01 1.207937257225100147e-02
1.500000000000000000e+01 1.201427915917641087e-02
1.700000000000000000e+01 1.194534786131828952e-02
1.900000000000000000e+01 1.187558254136067415e-02
2.100000000000000000e+01 1.180536033855394962e-02
2.300000000000000000e+01 1.173455111158094866e-02
2.500000000000000000e+01 1.166665988281623267e-02
2.700000000000000000e+01 1.159671208941037701e-02
2.900000000000000000e+01 1.152386151119944024e-02
3.100000000000000000e+01 1.144803793061921482e-02
3.300000000000000000e+01 1.136916214415351067e-02
3.500000000000000000e+01 1.128802688347307903e-02
3.700000000000000000e+01 1.120476890097443778e-02
3.900000000000000000e+01 1.112032554975073140e-02
4.100000000000000000e+01 1.103554709066867368e-02
4.300000000000000000e+01 1.094902119746432589e-02
4.500000000000000000e+01 1.086121546764418078e-02
4.700000000000000000e+01 1.077346679620760916e-02
4.900000000000000000e+01 1.068524407927540221e-02
5.100000000000000000e+01 1.059680477313840186e-02
5.300000000000000000e+01 1.050941414778561178e-02
5.500000000000000000e+01 1.042268631656040334e-02
5.700000000000000000e+01 1.033682932507040686e-02
5.900000000000000000e+01 1.025235816536462785e-02
6.100000000000000000e+01 1.016917181867216247e-02
6.300000000000000000e+01 1.008703667777754998e-02
6.500000000000000000e+01 1.000613784034609655e-02
6.700000000000000000e+01 9.927106820391995434e-03
6.900000000000000000e+01 9.849601755823833571e-03
7.100000000000000000e+01 9.773545388871318629e-03
7.300000000000000000e+01 9.698149490216190216e-03
7.500000000000000000e+01 9.623602867056990640e-03
7.700000000000000000e+01 9.550068257611621370e-03
7.900000000000000000e+01 9.477370700868847919e-03
8.100000000000000000e+01 9.406336837872619761e-03
8.300000000000000000e+01 9.336844516920961290e-03
8.500000000000000000e+01 9.269035551299320552e-03
8.700000000000000000e+01 9.202969368625968372e-03
8.900000000000000000e+01 9.138905971415867135e-03
9.100000000000000000e+01 9.076830114782441505e-03
9.300000000000000000e+01 9.016770440113730523e-03
9.500000000000000000e+01 8.958126876276062411e-03
9.700000000000000000e+01 8.900778917900198373e-03
9.900000000000000000e+01 8.844841039418072093e-03
1.010000000000000000e+02 8.790306477278186925e-03
1.030000000000000000e+02 8.737511634900441138e-03
1.050000000000000000e+02 8.687151742538645749e-03
1.070000000000000000e+02 8.639146592431923288e-03
1.090000000000000000e+02 8.593584890239425178e-03
1.110000000000000000e+02 8.550323631164924443e-03
1.130000000000000000e+02 8.509274201128680382e-03
1.150000000000000000e+02 8.469905704205249464e-03
1.170000000000000000e+02 8.431973634558720399e-03
1.190000000000000000e+02 8.395682010849836452e-03
1.210000000000000000e+02 8.360304167213450377e-03
1.230000000000000000e+02 8.326103010971253049e-03
1.250000000000000000e+02 8.293004121687985730e-03
1.270000000000000000e+02 8.261080918108509863e-03
1.290000000000000000e+02 8.230229923961163152e-03
1.310000000000000000e+02 8.200763888866480222e-03
1.330000000000000000e+02 8.172555364046929505e-03
1.350000000000000000e+02 8.145574433156332894e-03
1.370000000000000000e+02 8.119705279906130890e-03
1.390000000000000000e+02 8.094812643676951858e-03
1.410000000000000000e+02 8.070864339787098274e-03
1.430000000000000000e+02 8.047252241650593163e-03
1.450000000000000000e+02 8.023891396024107614e-03
1.470000000000000000e+02 8.001616247317877573e-03
1.490000000000000000e+02 7.980316422162792023e-03
