1.000000000000000000e+00 5.018975332068311701e-01
3.000000000000000000e+00 5.670470019876876488e-01
5.000000000000000000e+00 5.990353935790080353e-01
7.000000000000000000e+00 6.185177822371422662e-01
9.000000000000000000e+00 6.343007117619632318e-01
1.100000000000000000e+01 6.487387059915916687e-01
1.300000000000000000e+01 6.618125603721272121e-01
1.500000000000000000e+01 6.738410675638888403e-01
1.700000000000000000e+01 6.851119724738312655e-01
1.900000000000000000e+01 6.956199533795133227e-01
2.100000000000000000e+01 7.054927287967620586e-01
2.300000000000000000e+01 7.147064095660913274e-01
2.500000000000000000e+01 7.232532586630630034e-01
2.700000000000000000e+01 7.311565252288219074e-01
2.900000000000000000e+01 7.384514623402018696e-01
3.100000000000000000e+01 7.451967723657296760e-01
3.300000000000000000e+01 7.514472944286980649e-01
3.500000000000000000e+01 7.572563387554169800e-01
3.700000000000000000e+01 7.627039315632286876e-01
3.900000000000000000e+01 7.678979672348561492e-01
4.100000000000000000e+01 7.728466483050026037e-01
4.300000000000000000e+01 7.774602366771347084e-01
4.500000000000000000e+01 7.817588578973376778e-01
4.700000000000000000e+01 7.857479905623565575e-01
4.900000000000000000e+01 7.894404380753112793e-01
5.100000000000000000e+01 7.928413231761614055e-01
5.300000000000000000e+01 7.959625552466280674e-01
5.500000000000000000e+01 7.987883026781967821e-01
5.700000000000000000e+01 8.013790810315153390e-01
5.900000000000000000e+01 8.037735471298239620e-01
6.100000000000000000e+01 8.060080247311448565e-01
6.300000000000000000e+01 8.080969213419215702e-01
6.500000000000000000e+01 8.100393315005794959e-01
6.700000000000000000e+01 8.118675379970345940e-01
6.900000000000000000e+01 8.136040347459395639e-01
7.100000000000000000e+01 8.152126247825071115e-01
7.300000000000000000e+01 8.166540667963861910e-01
7.500000000000000000e+01 8.179496733033939648e-01
7.700000000000000000e+01 8.191448626462554117e-01
7.900000000000000000e+01 8.202443098170481006e-01
8.100000000000000000e+01 8.212578389678697466e-01
8.300000000000000000e+01 8.220909623924484988e-01
8.500000000000000000e+01 8.227521772171795256e-01
8.700000000000000000e+01 8.232905127125247358e-01
8.900000000000000000e+01 8.237504710037492073e-01
9.100000000000000000e+01 8.241279020166584202e-01
9.300000000000000000e+01 8.244344280288543603e-01
9.500000000000000000e+01 8.246990654302539525e-01
9.700000000000000000e+01 8.249074811030312482e-01
9.900000000000000000e+01 8.250810805677938342e-01
1.010000000000000000e+02 8.251483865515295557e-01
1.030000000000000000e+02 8.251197606468414492e-01
1.050000000000000000e+02 8.250163215693253616e-01
1.070000000000000000e+02 8.248401430599087147e-01
1.090000000000000000e+02 8.245836198129710137e-01
1.110000000000000000e+02 8.242626564678107171e-01
1.130000000000000000e+02 8.238448040653069127e-01
1.150000000000000000e+02 8.233840264417353616e-01
1.170000000000000000e+02 8.228593476130831030e-01
1.190000000000000000e+02 8.222359750868416528e-01
1.210000000000000000e+02 8.215811322255497373e-01
1.230000000000000000e+02 8.208831195810607495e-01
1.250000000000000000e+02 8.201040116553330872e-01
1.270000000000000000e+02 8.192951044771006330e-01
1.290000000000000000e+02 8.184777367887670074e-01
1.310000000000000000e+02 8.176884527822567694e-01
1.330000000000000000e+02 8.169322023680375411e-01
1.350000000000000000e+02 8.162231695876119852e-01
1.370000000000000000e+02 8.155762414042948549e-01
1.390000000000000000e+02 8.149932442925043041e-01
1.410000000000000000e+02 8.144923985389944665e-01
1.430000000000000000e+02 8.140700318455384998e-01
1.450000000000000000e+02 8.136982547799138654e-01
1.470000000000000000e+02 8.133534226212100204e-01
1.490000000000000000e+02 8.130546820868369551e-01
