1.000000000000000000e+00 2.055674518201284773e-01
3.000000000000000000e+00 2.484071495024102738e-01
5.000000000000000000e+00 2.707452326649560925e-01
7.000000000000000000e+00 2.839704248715515522e-01
9.000000000000000000e+00 2.943062669218408089e-01
1.100000000000000000e+01 3.036554255873256114e-01
1.300000000000000000e+01 3.124099323197752076e-01
1.500000000000000000e+01 3.212356317729104793e-01
1.700000000000000000e+01 3.304620056250778815e-01
1.900000000000000000e+01 3.400514998300057101e-01
2.100000000000000000e+01 3.500441502093434298e-01
2.300000000000000000e+01 3.604668921079335897e-01
2.500000000000000000e+01 3.712853512884244367e-01
2.700000000000000000e+01 3.824862679916242181e-01
2.900000000000000000e+01 3.940130950242196617e-01
3.100000000000000000e+01 4.057972028587286673e-01
3.300000000000000000e+01 4.178493357622024007e-01
3.500000000000000000e+01 4.302138516625547693e-01
3.700000000000000000e+01 4.429103420092991295e-01
3.900000000000000000e+01 4.559964360701032060e-01
4.100000000000000000e+01 4.694906035667939515e-01
4.300000000000000000e+01 4.833774325739386146e-01
4.500000000000000000e+01 4.976762864318946544e-01
4.700000000000000000e+01 5.123845209646711307e-01
4.900000000000000000e+01 5.274918868196843968e-01
5.100000000000000000e+01 5.429946538168108905e-01
5.300000000000000000e+01 5.588313075790747320e-01
5.500000000000000000e+01 5.749320445009162839e-01
5.700000000000000000e+01 5.912308926059932634e-01
5.900000000000000000e+01 6.076051496983734257e-01
6.100000000000000000e+01 6.239930395854198508e-01
6.300000000000000000e+01 6.403324389676499084e-01
6.500000000000000000e+01 6.565434926742832467e-01
6.700000000000000000e+01 6.725735111129451660e-01
6.900000000000000000e+01 6.884159939115613858e-01
7.100000000000000000e+01 7.039853791663315263e-01
7.300000000000000000e+01 7.192783865254155362e-01
7.500000000000000000e+01 7.342680791710983756e-01
7.700000000000000000e+01 7.488398324292238062e-01
7.900000000000000000e+01 7.630047901327396964e-01
8.100000000000000000e+01 7.767303078003379158e-01
8.300000000000000000e+01 7.900436128027901184e-01
8.500000000000000000e+01 8.029704155069058436e-01
8.700000000000000000e+01 8.153704898060524231e-01
8.900000000000000000e+01 8.272436139753607254e-01
9.100000000000000000e+01 8.385716795222357689e-01
9.300000000000000000e+01 8.494208616452486593e-01
9.500000000000000000e+01 8.598255395212143215e-01
9.700000000000000000e+01 8.698192389734993313e-01
9.900000000000000000e+01 8.793230883630359651e-01
1.010000000000000000e+02 8.882393333037628125e-01
1.030000000000000000e+02 8.966224766960876336e-01
1.050000000000000000e+02 9.045856582142020041e-01
1.070000000000000000e+02 9.121049390812543400e-01
1.090000000000000000e+02 9.192060993400484881e-01
1.110000000000000000e+02 9.258283957579733769e-01
1.130000000000000000e+02 9.319994975922351044e-01
1.150000000000000000e+02 9.377584788825872320e-01
1.170000000000000000e+02 9.430825214805416135e-01
1.190000000000000000e+02 9.480214891659465293e-01
1.210000000000000000e+02 9.525853048338113194e-01
1.230000000000000000e+02 9.567503735663237530e-01
1.250000000000000000e+02 9.605408617264987736e-01
1.270000000000000000e+02 9.639229488743957797e-01
1.290000000000000000e+02 9.669846470768365121e-01
1.310000000000000000e+02 9.697454586674747468e-01
1.330000000000000000e+02 9.722191844643871539e-01
1.350000000000000000e+02 9.744452644507909378e-01
1.370000000000000000e+02 9.764390008170791280e-01
1.390000000000000000e+02 9.781931945718577159e-01
1.410000000000000000e+02 9.797337789737844416e-01
1.430000000000000000e+02 9.810854545297716944e-01
1.450000000000000000e+02 9.822327649068514077e-01
1.470000000000000000e+02 9.832021248551408021e-01
1.490000000000000000e+02 9.840052869649095202e-01
