1.000000000000000000e+00 1.553690013782738077e-02
3.000000000000000000e+00 1.731491308551902364e-02
5.000000000000000000e+00 1.832242386951810076e-02
7.000000000000000000e+00 1.898145657238869966e-02
9.000000000000000000e+00 1.943816396375475097e-02
1.100000000000000000e+01 1.979216791290050459e-02
1.300000000000000000e+01 2.006892998524123506e-02
1.500000000000000000e+01 2.031268057875557087e-02
1.700000000000000000e+01 2.053424657901214978e-02
1.900000000000000000e+01 2.074179776853135593e-02
2.100000000000000000e+01 2.096399960277328667e-02
2.300000000000000000e+01 2.121311400742598163e-02
2.500000000000000000e+01 2.149281400430569366e-02
2.700000000000000000e+01 2.180100698515208268e-02
2.900000000000000000e+01 2.213557722044079412e-02
3.100000000000000000e+01 2.249181923814569384e-02
3.300000000000000000e+01 2.286569050685671733e-02
3.500000000000000000e+01 2.325517846868707661e-02
3.700000000000000000e+01 2.366048953752597495e-02
3.900000000000000000e+01 2.408305597168824974e-02
4.100000000000000000e+01 2.452300172867472039e-02
4.300000000000000000e+01 2.498179943990785912e-02
4.500000000000000000e+01 2.546212154662030880e-02
4.700000000000000000e+01 2.596558723619080133e-02
4.900000000000000000e+01 2.649159603312600808e-02
5.100000000000000000e+01 2.703970685873080537e-02
5.300000000000000000e+01 2.760926430008037169e-02
5.500000000000000000e+01 2.819874920327580803e-02
5.700000000000000000e+01 2.880756876212287043e-02
5.900000000000000000e+01 2.943574172502072539e-02
6.100000000000000000e+01 3.008249711856714192e-02
6.300000000000000000e+01 3.074778765400487668e-02
6.500000000000000000e+01 3.143176329628571963e-02
6.700000000000000000e+01 3.213491324859329978e-02
6.900000000000000000e+01 3.285753820490366905e-02
7.100000000000000000e+01 3.359989783316963408e-02
7.300000000000000000e+01 3.436141076690468754e-02
7.500000000000000000e+01 3.514182618199945818e-02
7.700000000000000000e+01 3.594036371261122298e-02
7.900000000000000000e+01 3.675614840193919264e-02
8.100000000000000000e+01 3.758853124346073216e-02
8.300000000000000000e+01 3.843728426293890887e-02
8.500000000000000000e+01 3.930226113140444788e-02
8.700000000000000000e+01 4.018294661308141613e-02
8.900000000000000000e+01 4.107859774132582853e-02
9.100000000000000000e+01 4.198804888079699094e-02
9.300000000000000000e+01 4.291046173090984350e-02
9.500000000000000000e+01 4.384552824532561566e-02
9.700000000000000000e+01 4.479296631244467086e-02
9.900000000000000000e+01 4.575237106440310786e-02
1.010000000000000000e+02 4.672379818105232285e-02
1.030000000000000000e+02 4.770733244873737178e-02
1.050000000000000000e+02 4.870234038645604446e-02
1.070000000000000000e+02 4.970831727906199760e-02
1.090000000000000000e+02 5.072468381805173010e-02
1.110000000000000000e+02 5.175060092241112741e-02
1.130000000000000000e+02 5.278532519893819330e-02
1.150000000000000000e+02 5.382821563034201340e-02
1.170000000000000000e+02 5.487845090003906634e-02
1.190000000000000000e+02 5.593573400286699915e-02
1.210000000000000000e+02 5.699989914312397765e-02
1.230000000000000000e+02 5.807085378338716630e-02
1.250000000000000000e+02 5.914834597973628316e-02
1.270000000000000000e+02 6.023228881287057135e-02
1.290000000000000000e+02 6.132251368381724799e-02
1.310000000000000000e+02 6.241891909559860174e-02
1.330000000000000000e+02 6.352126955390702268e-02
1.350000000000000000e+02 6.462960461166999959e-02
1.370000000000000000e+02 6.574398166432904311e-02
1.390000000000000000e+02 6.686446761143505224e-02
1.410000000000000000e+02 6.799112857181155434e-02
1.430000000000000000e+02 6.912399023576820678e-02
1.450000000000000000e+02 7.026289922394712839e-02
1.470000000000000000e+02 7.140760433932002993e-02
1.490000000000000000e+02 7.255825083744593673e-02
