1.000000000000000000e+00 2.338158104024179451e-02
3.000000000000000000e+00 2.393886426329816519e-02
5.000000000000000000e+00 2.434304944880361088e-02
7.000000000000000000e+00 2.470160000249566057e-02
9.000000000000000000e+00 2.498594045113744500e-02
1.100000000000000000e+01 2.520759081038803640e-02
1.300000000000000000e+01 2.537828308715051051e-02
1.500000000000000000e+01 2.551253016031118648e-02
1.700000000000000000e+01 2.561795451094406317e-02
1.900000000000000000e+01 2.569599482753615050e-02
2.100000000000000000e+01 2.574960490046662720e-02
2.300000000000000000e+01 2.577813958676411499e-02
2.500000000000000000e+01 2.578277340660473094e-02
2.700000000000000000e+01 2.576348256499871869e-02
2.900000000000000000e+01 2.572148352602787735e-02
3.100000000000000000e+01 2.565753942427884127e-02
3.300000000000000000e+01 2.557374099890974417e-02
3.500000000000000000e+01 2.547292789942123825e-02
3.700000000000000000e+01 2.535495592619019245e-02
3.900000000000000000e+01 2.522222416282127178e-02
4.100000000000000000e+01 2.507826224966558382e-02
4.300000000000000000e+01 2.492450442256266552e-02
4.500000000000000000e+01 2.476068877011849967e-02
4.700000000000000000e+01 2.458775899212106708e-02
4.900000000000000000e+01 2.440570716792966888e-02
5.100000000000000000e+01 2.421487888639650699e-02
5.300000000000000000e+01 2.401502554649714849e-02
5.500000000000000000e+01 2.380698299444039545e-02
5.700000000000000000e+01 2.359321334124730996e-02
5.900000000000000000e+01 2.337487057804288337e-02
6.100000000000000000e+01 2.315165440095701133e-02
6.300000000000000000e+01 2.292628314978428783e-02
6.500000000000000000e+01 2.270004489464749753e-02
6.700000000000000000e+01 2.247350781906332085e-02
6.900000000000000000e+01 2.224703247935067019e-02
7.100000000000000000e+01 2.201969345188159455e-02
7.300000000000000000e+01 2.179464461059954505e-02
7.500000000000000000e+01 2.157152680905372044e-02
7.700000000000000000e+01 2.135121626574232323e-02
7.900000000000000000e+01 2.113481754779844568e-02
8.100000000000000000e+01 2.092295590106174608e-02
8.300000000000000000e+01 2.071555393203250439e-02
8.500000000000000000e+01 2.051209260448305649e-02
8.700000000000000000e+01 2.031140836110023606e-02
8.900000000000000000e+01 2.011374873636362359e-02
9.100000000000000000e+01 1.991992349756566139e-02
9.300000000000000000e+01 1.972915967295840733e-02
9.500000000000000000e+01 1.954459100481042988e-02
9.700000000000000000e+01 1.936429172588449710e-02
9.900000000000000000e+01 1.918711829258679114e-02
1.010000000000000000e+02 1.901301570367885940e-02
1.030000000000000000e+02 1.884174493590140553e-02
1.050000000000000000e+02 1.867326983661088402e-02
1.070000000000000000e+02 1.850756656409413559e-02
1.090000000000000000e+02 1.834644652403916165e-02
1.110000000000000000e+02 1.818970455979440626e-02
1.130000000000000000e+02 1.803640340284262678e-02
1.150000000000000000e+02 1.788642905273429839e-02
1.170000000000000000e+02 1.773855146715519471e-02
1.190000000000000000e+02 1.759299517291412762e-02
1.210000000000000000e+02 1.744980901708437226e-02
1.230000000000000000e+02 1.730828560735087063e-02
1.250000000000000000e+02 1.716836446632152846e-02
1.270000000000000000e+02 1.703129847030027122e-02
1.290000000000000000e+02 1.689695067431207232e-02
1.310000000000000000e+02 1.676477886164806641e-02
1.330000000000000000e+02 1.663386220857421272e-02
1.350000000000000000e+02 1.650425347082007388e-02
1.370000000000000000e+02 1.637839082650949241e-02
1.390000000000000000e+02 1.625617273573032318e-02
1.410000000000000000e+02 1.613753142801954699e-02
1.430000000000000000e+02 1.602266288005160799e-02
1.450000000000000000e+02 1.591058747341944635e-02
1.470000000000000000e+02 1.580220976836244073e-02
1.490000000000000000e+02 1.569789157603962426e-02
