1.000000000000000000e+00 3.694714525915636649e-01
3.000000000000000000e+00 3.980771902090868286e-01
5.000000000000000000e+00 4.100784439315465768e-01
7.000000000000000000e+00 4.166262878223642163e-01
9.000000000000000000e+00 4.210814360727654915e-01
1.100000000000000000e+01 4.246927096647611366e-01
1.300000000000000000e+01 4.278718575926284684e-01
1.500000000000000000e+01 4.307826572195274650e-01
1.700000000000000000e+01 4.335305769006874144e-01
1.900000000000000000e+01 4.361640445397847454e-01
2.100000000000000000e+01 4.387803196908526271e-01
2.300000000000000000e+01 4.414415630578640837e-01
2.500000000000000000e+01 4.441738660855345522e-01
2.700000000000000000e+01 4.469769894634566532e-01
2.900000000000000000e+01 4.498665409016714412e-01
3.100000000000000000e+01 4.528625417368388195e-01
3.300000000000000000e+01 4.559676588735620539e-01
3.500000000000000000e+01 4.591676105059521174e-01
3.700000000000000000e+01 4.624742058632883568e-01
3.900000000000000000e+01 4.658948784607439553e-01
4.100000000000000000e+01 4.694249369465197663e-01
4.300000000000000000e+01 4.730691150261929767e-01
4.500000000000000000e+01 4.768232644192146319e-01
4.700000000000000000e+01 4.806765281118725586e-01
4.900000000000000000e+01 4.846387010903642212e-01
5.100000000000000000e+01 4.887039688031702411e-01
5.300000000000000000e+01 4.928769281893640164e-01
5.500000000000000000e+01 4.971578866107017047e-01
5.700000000000000000e+01 5.015409370989083460e-01
5.900000000000000000e+01 5.060251146540486467e-01
6.100000000000000000e+01 5.105837643499890888e-01
6.300000000000000000e+01 5.152140472155353201e-01
6.500000000000000000e+01 5.199211377293626590e-01
6.700000000000000000e+01 5.247201974999189389e-01
6.900000000000000000e+01 5.296072865857466283e-01
7.100000000000000000e+01 5.345743677004102246e-01
7.300000000000000000e+01 5.396117769293382604e-01
7.500000000000000000e+01 5.447048929887607915e-01
7.700000000000000000e+01 5.498538161626804754e-01
7.900000000000000000e+01 5.550503209759931611e-01
8.100000000000000000e+01 5.602960872706099771e-01
8.300000000000000000e+01 5.655668488996485888e-01
8.500000000000000000e+01 5.708508163829906223e-01
8.700000000000000000e+01 5.761426616548249724e-01
8.900000000000000000e+01 5.814309975517044649e-01
9.100000000000000000e+01 5.867144531728190060e-01
9.300000000000000000e+01 5.919796787539659544e-01
9.500000000000000000e+01 5.972150881375476450e-01
9.700000000000000000e+01 6.024223419858195649e-01
9.900000000000000000e+01 6.075828430551348802e-01
1.010000000000000000e+02 6.126755340517419102e-01
1.030000000000000000e+02 6.176970380243318459e-01
1.050000000000000000e+02 6.226380747832100937e-01
1.070000000000000000e+02 6.274919202402883256e-01
1.090000000000000000e+02 6.322583248977557968e-01
1.110000000000000000e+02 6.369185536462989017e-01
1.130000000000000000e+02 6.414600165448349767e-01
1.150000000000000000e+02 6.458842061432875647e-01
1.170000000000000000e+02 6.501838878158819890e-01
1.190000000000000000e+02 6.543359125666483589e-01
1.210000000000000000e+02 6.583346847980181549e-01
1.230000000000000000e+02 6.621959750130220757e-01
1.250000000000000000e+02 6.659222853926707320e-01
1.270000000000000000e+02 6.695330035492157439e-01
1.290000000000000000e+02 6.730323776828521787e-01
1.310000000000000000e+02 6.764210356287403414e-01
1.330000000000000000e+02 6.797029648814759684e-01
1.350000000000000000e+02 6.828473076129802921e-01
1.370000000000000000e+02 6.858635233932451891e-01
1.390000000000000000e+02 6.887557807768556195e-01
1.410000000000000000e+02 6.915204027076469195e-01
1.430000000000000000e+02 6.941530698667581767e-01
1.450000000000000000e+02 6.966567525902775948e-01
1.470000000000000000e+02 6.990568263436728325e-01
1.490000000000000000e+02 7.013562762570741960e-01
