1.000000000000000000e+00 1.799950277616635397e-02
3.000000000000000000e+00 1.851992920605660675e-02
5.000000000000000000e+00 1.879701271463196655e-02
7.000000000000000000e+00 1.898775778868710962e-02
9.000000000000000000e+00 1.913343698581693175e-02
1.100000000000000000e+01 1.924792911134631801e-02
1.300000000000000000e+01 1.934236596717531231e-02
1.500000000000000000e+01 1.941920076135750239e-02
1.700000000000000000e+01 1.947864528462595057e-02
1.900000000000000000e+01 1.952390088693356507e-02
2.100000000000000000e+01 1.956591638420435153e-02
2.300000000000000000e+01 1.960627607279452622e-02
2.500000000000000000e+01 1.964407226511466487e-02
2.700000000000000000e+01 1.967801775460742419e-02
2.900000000000000000e+01 1.970834012525723988e-02
3.100000000000000000e+01 1.973722779470798994e-02
3.300000000000000000e+01 1.976558984433285371e-02
3.500000000000000000e+01 1.979278626173031075e-02
3.700000000000000000e+01 1.981719681082194651e-02
3.900000000000000000e+01 1.983749603772710923e-02
4.100000000000000000e+01 1.985313251974984983e-02
4.300000000000000000e+01 1.986429156516722472e-02
4.500000000000000000e+01 1.987077317825058920e-02
4.700000000000000000e+01 1.987221026019414527e-02
4.900000000000000000e+01 1.986806706302679526e-02
5.100000000000000000e+01 1.985793578817707239e-02
5.300000000000000000e+01 1.984259986904124418e-02
5.500000000000000000e+01 1.982183691247552115e-02
5.700000000000000000e+01 1.979617542107270367e-02
5.900000000000000000e+01 1.976521790602248085e-02
6.100000000000000000e+01 1.972869605412164162e-02
6.300000000000000000e+01 1.968652110076984929e-02
6.500000000000000000e+01 1.963822801591441625e-02
6.700000000000000000e+01 1.958227857386807269e-02
6.900000000000000000e+01 1.951880206690392860e-02
7.100000000000000000e+01 1.944819621221405281e-02
7.300000000000000000e+01 1.937077281586530031e-02
7.500000000000000000e+01 1.928590044000788595e-02
7.700000000000000000e+01 1.919389997513720747e-02
7.900000000000000000e+01 1.909524942646712020e-02
8.100000000000000000e+01 1.899192569050156543e-02
8.300000000000000000e+01 1.888443761950375777e-02
8.500000000000000000e+01 1.877318373323011436e-02
8.700000000000000000e+01 1.865620522688893335e-02
8.900000000000000000e+01 1.853493180959708830e-02
9.100000000000000000e+01 1.841067295186393782e-02
9.300000000000000000e+01 1.828402528223960211e-02
9.500000000000000000e+01 1.815575857039963825e-02
9.700000000000000000e+01 1.802633640723261266e-02
9.900000000000000000e+01 1.789560298053172183e-02
1.010000000000000000e+02 1.776349321669346004e-02
1.030000000000000000e+02 1.763085097968442039e-02
1.050000000000000000e+02 1.749794622758815699e-02
1.070000000000000000e+02 1.736616890237652200e-02
1.090000000000000000e+02 1.723580980889949377e-02
1.110000000000000000e+02 1.710710721685115843e-02
1.130000000000000000e+02 1.697894704098268370e-02
1.150000000000000000e+02 1.685106543357350883e-02
1.170000000000000000e+02 1.672273755366771031e-02
1.190000000000000000e+02 1.659425326678365398e-02
1.210000000000000000e+02 1.646520815116969683e-02
1.230000000000000000e+02 1.633638550972560388e-02
1.250000000000000000e+02 1.620868636404215746e-02
1.270000000000000000e+02 1.608313642283754064e-02
1.290000000000000000e+02 1.595985921828602105e-02
1.310000000000000000e+02 1.583862047576523047e-02
1.330000000000000000e+02 1.571930691330791774e-02
1.350000000000000000e+02 1.560187140447544252e-02
1.370000000000000000e+02 1.548737248674336708e-02
1.390000000000000000e+02 1.537400251743192836e-02
1.410000000000000000e+02 1.526275113826569552e-02
1.430000000000000000e+02 1.515373344545190015e-02
1.450000000000000000e+02 1.504531847728929339e-02
1.470000000000000000e+02 1.493877278019695165e-02
1.490000000000000000e+02 1.483408603981284379e-02
