1.000000000000000000e+00 1.070496083550913635e-01
3.000000000000000000e+00 1.249310482567097536e-01
5.000000000000000000e+00 1.337587955401754458e-01
7.000000000000000000e+00 1.395393408314371531e-01
9.000000000000000000e+00 1.441053558038714044e-01
1.100000000000000000e+01 1.480482470537810569e-01
1.300000000000000000e+01 1.517914780487467086e-01
1.500000000000000000e+01 1.554161778199383281e-01
1.700000000000000000e+01 1.589703985566376376e-01
1.900000000000000000e+01 1.624757885660303991e-01
2.100000000000000000e+01 1.659110057843585784e-01
2.300000000000000000e+01 1.692960136067068744e-01
2.500000000000000000e+01 1.726565320235635692e-01
2.700000000000000000e+01 1.760068359529087800e-01
2.900000000000000000e+01 1.793642901095271469e-01
3.100000000000000000e+01 1.827418963507693173e-01
3.300000000000000000e+01 1.861447048304279983e-01
3.500000000000000000e+01 1.895712890509939630e-01
3.700000000000000000e+01 1.930241248951316546e-01
3.900000000000000000e+01 1.965043962479161577e-01
4.100000000000000000e+01 2.000137095520713171e-01
4.300000000000000000e+01 2.035603907410287183e-01
4.500000000000000000e+01 2.071412148895807048e-01
4.700000000000000000e+01 2.107578958178391026e-01
4.900000000000000000e+01 2.144127537297263464e-01
5.100000000000000000e+01 2.181101205552657962e-01
5.300000000000000000e+01 2.218529677377703013e-01
5.500000000000000000e+01 2.256403970801038605e-01
5.700000000000000000e+01 2.294742747473355049e-01
5.900000000000000000e+01 2.333540800861856335e-01
6.100000000000000000e+01 2.372771574057641608e-01
6.300000000000000000e+01 2.412404207424738711e-01
6.500000000000000000e+01 2.452392440194867129e-01
6.700000000000000000e+01 2.492693625271557023e-01
6.900000000000000000e+01 2.533253608898623499e-01
7.100000000000000000e+01 2.574020792188036477e-01
7.300000000000000000e+01 2.614935962331722541e-01
7.500000000000000000e+01 2.655947975146297768e-01
7.700000000000000000e+01 2.697028116140081089e-01
7.900000000000000000e+01 2.738130309185500266e-01
8.100000000000000000e+01 2.779209196764372836e-01
8.300000000000000000e+01 2.820193284353308405e-01
8.500000000000000000e+01 2.861052996089875622e-01
8.700000000000000000e+01 2.901708856702542860e-01
8.900000000000000000e+01 2.942117296290700512e-01
9.100000000000000000e+01 2.982223528669393220e-01
9.300000000000000000e+01 3.021971743950053746e-01
9.500000000000000000e+01 3.061341165974775791e-01
9.700000000000000000e+01 3.100246573221873136e-01
9.900000000000000000e+01 3.138630912808469953e-01
1.010000000000000000e+02 3.176436634737854758e-01
1.030000000000000000e+02 3.213624320090417985e-01
1.050000000000000000e+02 3.250166455953729105e-01
1.070000000000000000e+02 3.286061658166923305e-01
1.090000000000000000e+02 3.321293894173265038e-01
1.110000000000000000e+02 3.355829440017964460e-01
1.130000000000000000e+02 3.389669555831221759e-01
1.150000000000000000e+02 3.422836757347872405e-01
1.170000000000000000e+02 3.455300953488471549e-01
1.190000000000000000e+02 3.487065697288372901e-01
1.210000000000000000e+02 3.518137915230938884e-01
1.230000000000000000e+02 3.548522044674177200e-01
1.250000000000000000e+02 3.578212049193202349e-01
1.270000000000000000e+02 3.607220902332781698e-01
1.290000000000000000e+02 3.635559178688924087e-01
1.310000000000000000e+02 3.663289706035650628e-01
1.330000000000000000e+02 3.690439293566325496e-01
1.350000000000000000e+02 3.717025524939941983e-01
1.370000000000000000e+02 3.743001295341980006e-01
1.390000000000000000e+02 3.768367077207687155e-01
1.410000000000000000e+02 3.793099443201086718e-01
1.430000000000000000e+02 3.817200554790224354e-01
1.450000000000000000e+02 3.840709863550855196e-01
1.470000000000000000e+02 3.863625868568305588e-01
1.490000000000000000e+02 3.885984374773036043e-01
