1.000000000000000000e+00 1.084307992202728776e-01
3.000000000000000000e+00 1.186216004292023340e-01
5.000000000000000000e+00 1.244624011227613014e-01
7.000000000000000000e+00 1.284686183373310309e-01
9.000000000000000000e+00 1.313544600172749099e-01
1.100000000000000000e+01 1.335620810434173800e-01
1.300000000000000000e+01 1.353643702866551557e-01
1.500000000000000000e+01 1.369044784264482617e-01
1.700000000000000000e+01 1.382546138927486234e-01
1.900000000000000000e+01 1.394729085927060019e-01
2.100000000000000000e+01 1.405574639620081889e-01
2.300000000000000000e+01 1.414830019470353362e-01
2.500000000000000000e+01 1.422584700019958737e-01
2.700000000000000000e+01 1.429153739912335519e-01
2.900000000000000000e+01 1.434815824484091396e-01
3.100000000000000000e+01 1.439750131992911797e-01
3.300000000000000000e+01 1.444103522082108571e-01
3.500000000000000000e+01 1.447963735282977726e-01
3.700000000000000000e+01 1.451404939581746323e-01
3.900000000000000000e+01 1.454378279307787514e-01
4.100000000000000000e+01 1.456881552278882497e-01
4.300000000000000000e+01 1.458893592158919672e-01
4.500000000000000000e+01 1.460397274409874768e-01
4.700000000000000000e+01 1.461294202908404172e-01
4.900000000000000000e+01 1.461665465931942798e-01
5.100000000000000000e+01 1.461600997208671870e-01
5.300000000000000000e+01 1.461089368940947653e-01
5.500000000000000000e+01 1.460196691538004909e-01
5.700000000000000000e+01 1.459044626965663172e-01
5.900000000000000000e+01 1.457643660633655136e-01
6.100000000000000000e+01 1.456056975193330549e-01
6.300000000000000000e+01 1.454352502739627573e-01
6.500000000000000000e+01 1.452457046308071043e-01
6.700000000000000000e+01 1.450405767897946507e-01
6.900000000000000000e+01 1.448178573730343199e-01
7.100000000000000000e+01 1.445811206538858418e-01
7.300000000000000000e+01 1.443435631778641204e-01
7.500000000000000000e+01 1.441051050240130804e-01
7.700000000000000000e+01 1.438711882802593545e-01
7.900000000000000000e+01 1.436428964788382112e-01
8.100000000000000000e+01 1.434141197513942867e-01
8.300000000000000000e+01 1.431922667807414840e-01
8.500000000000000000e+01 1.429801193163473538e-01
8.700000000000000000e+01 1.427802423389559205e-01
8.900000000000000000e+01 1.425833562840466140e-01
9.100000000000000000e+01 1.423777595958241049e-01
9.300000000000000000e+01 1.421785472175517429e-01
9.500000000000000000e+01 1.419901869895958679e-01
9.700000000000000000e+01 1.418064368766479566e-01
9.900000000000000000e+01 1.416269666240722591e-01
1.010000000000000000e+02 1.414597366686496382e-01
1.030000000000000000e+02 1.413046228356775735e-01
1.050000000000000000e+02 1.411611544605055890e-01
1.070000000000000000e+02 1.410079207844069371e-01
1.090000000000000000e+02 1.408446860359108266e-01
1.110000000000000000e+02 1.406936780414198562e-01
1.130000000000000000e+02 1.405184250104204446e-01
1.150000000000000000e+02 1.403194664319853402e-01
1.170000000000000000e+02 1.401114163293465387e-01
1.190000000000000000e+02 1.398929706083420488e-01
1.210000000000000000e+02 1.396703101946252801e-01
1.230000000000000000e+02 1.394422022501067282e-01
1.250000000000000000e+02 1.392088288671542440e-01
1.270000000000000000e+02 1.389790009164504347e-01
1.290000000000000000e+02 1.387460840304733933e-01
1.310000000000000000e+02 1.385166171050212780e-01
1.330000000000000000e+02 1.382893712165711442e-01
1.350000000000000000e+02 1.380569373469318073e-01
1.370000000000000000e+02 1.378138694765532746e-01
1.390000000000000000e+02 1.375663244809407493e-01
1.410000000000000000e+02 1.373184013721878705e-01
1.430000000000000000e+02 1.370702973634380095e-01
1.450000000000000000e+02 1.368206928855418836e-01
1.470000000000000000e+02 1.365675013861271658e-01
1.490000000000000000e+02 1.363218655247456779e-01
