1.000000000000000000e+00 4.337841286042357636e-01
3.000000000000000000e+00 5.053309266824025370e-01
5.000000000000000000e+00 5.415393740453053883e-01
7.000000000000000000e+00 5.643043329807875264e-01
9.000000000000000000e+00 5.808577105405088314e-01
1.100000000000000000e+01 5.943070148828402122e-01
1.300000000000000000e+01 6.055882718321305980e-01
1.500000000000000000e+01 6.148972995995960478e-01
1.700000000000000000e+01 6.227475674952236417e-01
1.900000000000000000e+01 6.294514268822525294e-01
2.100000000000000000e+01 6.349103915668854459e-01
2.300000000000000000e+01 6.391014577384035444e-01
2.500000000000000000e+01 6.423701707116517001e-01
2.700000000000000000e+01 6.448546366386901374e-01
2.900000000000000000e+01 6.466616520012217206e-01
3.100000000000000000e+01 6.480309655594889140e-01
3.300000000000000000e+01 6.491350150240560168e-01
3.500000000000000000e+01 6.499799167972744041e-01
3.700000000000000000e+01 6.506800443795617284e-01
3.900000000000000000e+01 6.511617628658763479e-01
4.100000000000000000e+01 6.514737184883313548e-01
4.300000000000000000e+01 6.518484020706003523e-01
4.500000000000000000e+01 6.522503309404463767e-01
4.700000000000000000e+01 6.527057955448485327e-01
4.900000000000000000e+01 6.532211062317335726e-01
5.100000000000000000e+01 6.537850216174286855e-01
5.300000000000000000e+01 6.542565235039254912e-01
5.500000000000000000e+01 6.548263274011327795e-01
5.700000000000000000e+01 6.555331151101233544e-01
5.900000000000000000e+01 6.563406165365309741e-01
6.100000000000000000e+01 6.572444800950922872e-01
6.300000000000000000e+01 6.581819071637815544e-01
6.500000000000000000e+01 6.591598959615879716e-01
6.700000000000000000e+01 6.601586239129191291e-01
6.900000000000000000e+01 6.611750393424324912e-01
7.100000000000000000e+01 6.622240768747429396e-01
7.300000000000000000e+01 6.632718459305064762e-01
7.500000000000000000e+01 6.643167687623073858e-01
7.700000000000000000e+01 6.653819974194761233e-01
7.900000000000000000e+01 6.664507119294095228e-01
8.100000000000000000e+01 6.675142824932100982e-01
8.300000000000000000e+01 6.685670498816136398e-01
8.500000000000000000e+01 6.695688790876561658e-01
8.700000000000000000e+01 6.705102637357285289e-01
8.900000000000000000e+01 6.714096225245795857e-01
9.100000000000000000e+01 6.723291071124588569e-01
9.300000000000000000e+01 6.733095106477984260e-01
9.500000000000000000e+01 6.742666700258970192e-01
9.700000000000000000e+01 6.752645349727586233e-01
9.900000000000000000e+01 6.762698805765791077e-01
1.010000000000000000e+02 6.772162870579973015e-01
1.030000000000000000e+02 6.780330608731242048e-01
1.050000000000000000e+02 6.787117897335133154e-01
1.070000000000000000e+02 6.791536159228879210e-01
1.090000000000000000e+02 6.794003815213616182e-01
1.110000000000000000e+02 6.795580393294338162e-01
1.130000000000000000e+02 6.796286978094391307e-01
1.150000000000000000e+02 6.796321402019301905e-01
1.170000000000000000e+02 6.795782882371446121e-01
1.190000000000000000e+02 6.794657541781453647e-01
1.210000000000000000e+02 6.792554574983077353e-01
1.230000000000000000e+02 6.789286450015670216e-01
1.250000000000000000e+02 6.784550243799323255e-01
1.270000000000000000e+02 6.778895269683080649e-01
1.290000000000000000e+02 6.773037418528369269e-01
1.310000000000000000e+02 6.766594037919638760e-01
1.330000000000000000e+02 6.759915909976420556e-01
1.350000000000000000e+02 6.753648915804350006e-01
1.370000000000000000e+02 6.748166446764047866e-01
1.390000000000000000e+02 6.743541690140372191e-01
1.410000000000000000e+02 6.739943769066403245e-01
1.430000000000000000e+02 6.736949290151919012e-01
1.450000000000000000e+02 6.734530079349683174e-01
1.470000000000000000e+02 6.731824990638094475e-01
1.490000000000000000e+02 6.729808479326369053e-01
