1.000000000000000000e+00 2.503928488626705473e-02
3.000000000000000000e+00 2.568597747612721971e-02
5.000000000000000000e+00 2.603301630284571289e-02
7.000000000000000000e+00 2.630255959165483937e-02
9.000000000000000000e+00 2.651029941185467642e-02
1.100000000000000000e+01 2.666453862188211676e-02
1.300000000000000000e+01 2.676274049387028509e-02
1.500000000000000000e+01 2.680806656611378624e-02
1.700000000000000000e+01 2.680999594485777848e-02
1.900000000000000000e+01 2.677115509265515225e-02
2.100000000000000000e+01 2.670051458669775446e-02
2.300000000000000000e+01 2.659923805605468594e-02
2.500000000000000000e+01 2.646763243383531972e-02
2.700000000000000000e+01 2.631136106537557140e-02
2.900000000000000000e+01 2.613595072338326109e-02
3.100000000000000000e+01 2.594556467995146054e-02
3.300000000000000000e+01 2.574212351113902564e-02
3.500000000000000000e+01 2.552799986149911771e-02
3.700000000000000000e+01 2.530535961606272810e-02
3.900000000000000000e+01 2.507691537030198869e-02
4.100000000000000000e+01 2.484310555770341544e-02
4.300000000000000000e+01 2.460643614034285775e-02
4.500000000000000000e+01 2.436823800814258423e-02
4.700000000000000000e+01 2.412975850555865165e-02
4.900000000000000000e+01 2.389139885153201970e-02
5.100000000000000000e+01 2.365388592320016858e-02
5.300000000000000000e+01 2.341770449888735950e-02
5.500000000000000000e+01 2.318215412534097020e-02
5.700000000000000000e+01 2.294750131901912571e-02
5.900000000000000000e+01 2.271535059434559578e-02
6.100000000000000000e+01 2.248521721789398242e-02
6.300000000000000000e+01 2.225476739473086774e-02
6.500000000000000000e+01 2.202427413659013844e-02
6.700000000000000000e+01 2.179567392558368066e-02
6.900000000000000000e+01 2.156950531779266989e-02
7.100000000000000000e+01 2.134442222963106595e-02
7.300000000000000000e+01 2.112113676366766946e-02
7.500000000000000000e+01 2.090146319591545954e-02
7.700000000000000000e+01 2.068565850429660014e-02
7.900000000000000000e+01 2.047373895487680784e-02
8.100000000000000000e+01 2.026611849163173495e-02
8.300000000000000000e+01 2.006152448756848283e-02
8.500000000000000000e+01 1.986023125317548654e-02
8.700000000000000000e+01 1.966070469960723432e-02
8.900000000000000000e+01 1.946367577861163323e-02
9.100000000000000000e+01 1.926928831068230874e-02
9.300000000000000000e+01 1.908001080289467577e-02
9.500000000000000000e+01 1.889396535873577587e-02
9.700000000000000000e+01 1.871127479842626951e-02
9.900000000000000000e+01 1.853265737439246941e-02
1.010000000000000000e+02 1.835888484873382520e-02
1.030000000000000000e+02 1.818977587153813857e-02
1.050000000000000000e+02 1.802457787555022950e-02
1.070000000000000000e+02 1.786402143546106380e-02
1.090000000000000000e+02 1.770794888884508200e-02
1.110000000000000000e+02 1.755457906173041316e-02
1.130000000000000000e+02 1.740397204442811763e-02
1.150000000000000000e+02 1.725619182472870605e-02
1.170000000000000000e+02 1.711247070204213738e-02
1.190000000000000000e+02 1.697373115811307009e-02
1.210000000000000000e+02 1.683981751000684923e-02
1.230000000000000000e+02 1.671063122948757140e-02
1.250000000000000000e+02 1.658591676941967297e-02
1.270000000000000000e+02 1.646549269668129423e-02
1.290000000000000000e+02 1.634912182795422719e-02
1.310000000000000000e+02 1.623606280725387041e-02
1.330000000000000000e+02 1.612604742911227795e-02
1.350000000000000000e+02 1.601927047895912448e-02
1.370000000000000000e+02 1.591620108901337094e-02
1.390000000000000000e+02 1.581665886512062524e-02
1.410000000000000000e+02 1.572051787512929177e-02
1.430000000000000000e+02 1.562723927832487814e-02
1.450000000000000000e+02 1.553669460262963042e-02
1.470000000000000000e+02 1.544887520305782136e-02
1.490000000000000000e+02 1.536406941455348285e-02
