1.000000000000000000e+00 7.935608207686206672e-02
3.000000000000000000e+00 8.505809207951142703e-02
5.000000000000000000e+00 8.792896585990228608e-02
7.000000000000000000e+00 8.986387317335686742e-02
9.000000000000000000e+00 9.132320636846724682e-02
1.100000000000000000e+01 9.249203108199410828e-02
1.300000000000000000e+01 9.336708099446544562e-02
1.500000000000000000e+01 9.407046443906286193e-02
1.700000000000000000e+01 9.467027378715886510e-02
1.900000000000000000e+01 9.520069588477197975e-02
2.100000000000000000e+01 9.568825635861366585e-02
2.300000000000000000e+01 9.615908983427368106e-02
2.500000000000000000e+01 9.661854168710937163e-02
2.700000000000000000e+01 9.708998672072388647e-02
2.900000000000000000e+01 9.758217910169530995e-02
3.100000000000000000e+01 9.807851614068774371e-02
3.300000000000000000e+01 9.857911396607488275e-02
3.500000000000000000e+01 9.908615661339947867e-02
3.700000000000000000e+01 9.959711529464210233e-02
3.900000000000000000e+01 1.001122522019806116e-01
4.100000000000000000e+01 1.006340763185701315e-01
4.300000000000000000e+01 1.011590988014939851e-01
4.500000000000000000e+01 1.016854540422191810e-01
4.700000000000000000e+01 1.022057486690842731e-01
4.900000000000000000e+01 1.027110836715851017e-01
5.100000000000000000e+01 1.031982171389903558e-01
5.300000000000000000e+01 1.036760647536313362e-01
5.500000000000000000e+01 1.041429586703397359e-01
5.700000000000000000e+01 1.045839459346409317e-01
5.900000000000000000e+01 1.050019794809178286e-01
6.100000000000000000e+01 1.053964337320693057e-01
6.300000000000000000e+01 1.057723026408153855e-01
6.500000000000000000e+01 1.061294867790852914e-01
6.700000000000000000e+01 1.064676841352192316e-01
6.900000000000000000e+01 1.067828457456267977e-01
7.100000000000000000e+01 1.070796339270607689e-01
7.300000000000000000e+01 1.073529565060460378e-01
7.500000000000000000e+01 1.076025730550910220e-01
7.700000000000000000e+01 1.078283639175874331e-01
7.900000000000000000e+01 1.080362592064119109e-01
8.100000000000000000e+01 1.082275364709001098e-01
8.300000000000000000e+01 1.084032115115314276e-01
8.500000000000000000e+01 1.085636236829273793e-01
8.700000000000000000e+01 1.087112971714917498e-01
8.900000000000000000e+01 1.088449294746505203e-01
9.100000000000000000e+01 1.089654259395325120e-01
9.300000000000000000e+01 1.090662823125627678e-01
9.500000000000000000e+01 1.091491437663136832e-01
9.700000000000000000e+01 1.092152307165109582e-01
9.900000000000000000e+01 1.092718913521645296e-01
1.010000000000000000e+02 1.093203676111416112e-01
1.030000000000000000e+02 1.093668664088306430e-01
1.050000000000000000e+02 1.094124700038984210e-01
1.070000000000000000e+02 1.094528090536441844e-01
1.090000000000000000e+02 1.094877515469970808e-01
1.110000000000000000e+02 1.095229103634033363e-01
1.130000000000000000e+02 1.095595470005182870e-01
1.150000000000000000e+02 1.096017300560194752e-01
1.170000000000000000e+02 1.096397774656391322e-01
1.190000000000000000e+02 1.096666601324433055e-01
1.210000000000000000e+02 1.096957852796529576e-01
1.230000000000000000e+02 1.097224163379281192e-01
1.250000000000000000e+02 1.097452730198723581e-01
1.270000000000000000e+02 1.097667044943598791e-01
1.290000000000000000e+02 1.097827419154011608e-01
1.310000000000000000e+02 1.097926509899428416e-01
1.330000000000000000e+02 1.098017178494840040e-01
1.350000000000000000e+02 1.098025756339714443e-01
1.370000000000000000e+02 1.097998394744097439e-01
1.390000000000000000e+02 1.097952756586048073e-01
1.410000000000000000e+02 1.097917405760814313e-01
1.430000000000000000e+02 1.097827432591521601e-01
1.450000000000000000e+02 1.097714570394145994e-01
1.470000000000000000e+02 1.097414956803983710e-01
1.490000000000000000e+02 1.096952187431176062e-01
