1.000000000000000000e+00 4.334385368616978651e-01
3.000000000000000000e+00 5.202546094436912849e-01
5.000000000000000000e+00 5.592749232546567750e-01
7.000000000000000000e+00 5.789892728032253189e-01
9.000000000000000000e+00 5.911389845353359762e-01
1.100000000000000000e+01 5.998160675575950895e-01
1.300000000000000000e+01 6.068048508516157291e-01
1.500000000000000000e+01 6.129333577565754254e-01
1.700000000000000000e+01 6.185441755759759630e-01
1.900000000000000000e+01 6.238812627491208129e-01
2.100000000000000000e+01 6.290062080095542019e-01
2.300000000000000000e+01 6.339810965092298467e-01
2.500000000000000000e+01 6.388738481121840618e-01
2.700000000000000000e+01 6.436910149437251594e-01
2.900000000000000000e+01 6.484294368390699503e-01
3.100000000000000000e+01 6.531282143848562427e-01
3.300000000000000000e+01 6.577926177206561142e-01
3.500000000000000000e+01 6.624162491221801119e-01
3.700000000000000000e+01 6.669995649165214591e-01
3.900000000000000000e+01 6.715403403409070382e-01
4.100000000000000000e+01 6.760328382459379615e-01
4.300000000000000000e+01 6.804708612285108593e-01
4.500000000000000000e+01 6.848504649461343297e-01
4.700000000000000000e+01 6.891712319876257542e-01
4.900000000000000000e+01 6.934295429120376220e-01
5.100000000000000000e+01 6.976234961372151933e-01
5.300000000000000000e+01 7.017525067251575432e-01
5.500000000000000000e+01 7.058138825121278437e-01
5.700000000000000000e+01 7.098090840633675125e-01
5.900000000000000000e+01 7.137342711313163779e-01
6.100000000000000000e+01 7.175894212154365626e-01
6.300000000000000000e+01 7.213724732483490776e-01
6.500000000000000000e+01 7.250823416196630067e-01
6.700000000000000000e+01 7.287168605511911146e-01
6.900000000000000000e+01 7.322733929596567659e-01
7.100000000000000000e+01 7.357485110966119901e-01
7.300000000000000000e+01 7.391402843150949309e-01
7.500000000000000000e+01 7.424493390758266642e-01
7.700000000000000000e+01 7.456746330338270834e-01
7.900000000000000000e+01 7.488157540971605020e-01
8.100000000000000000e+01 7.518723194122844955e-01
8.300000000000000000e+01 7.548446079519826046e-01
8.500000000000000000e+01 7.577334702205867911e-01
8.700000000000000000e+01 7.605382604381258904e-01
8.900000000000000000e+01 7.632586578180993175e-01
9.100000000000000000e+01 7.658981416825410005e-01
9.300000000000000000e+01 7.684581457229009427e-01
9.500000000000000000e+01 7.709375730552763262e-01
9.700000000000000000e+01 7.733367737176852774e-01
9.900000000000000000e+01 7.756570263228241835e-01
1.010000000000000000e+02 7.779020966880600962e-01
1.030000000000000000e+02 7.800739197543611336e-01
1.050000000000000000e+02 7.821746654707891766e-01
1.070000000000000000e+02 7.842058632375502603e-01
1.090000000000000000e+02 7.861691028675551474e-01
1.110000000000000000e+02 7.880666689832358518e-01
1.130000000000000000e+02 7.898987408593969306e-01
1.150000000000000000e+02 7.916676024356140706e-01
1.170000000000000000e+02 7.933792242667673245e-01
1.190000000000000000e+02 7.950295126048805283e-01
1.210000000000000000e+02 7.966209755024170613e-01
1.230000000000000000e+02 7.981578372070227134e-01
1.250000000000000000e+02 7.996428214351515296e-01
1.270000000000000000e+02 8.010810122575816594e-01
1.290000000000000000e+02 8.024699934408727753e-01
1.310000000000000000e+02 8.038127054844526054e-01
1.330000000000000000e+02 8.051108119693323184e-01
1.350000000000000000e+02 8.063676824115975084e-01
1.370000000000000000e+02 8.075862898987190563e-01
1.390000000000000000e+02 8.087664844481037285e-01
1.410000000000000000e+02 8.099109329617502073e-01
1.430000000000000000e+02 8.110184036330481128e-01
1.450000000000000000e+02 8.120943725005178582e-01
1.470000000000000000e+02 8.131398588414244788e-01
1.490000000000000000e+02 8.141574752275343441e-01
