1.000000000000000000e+00 0.000000000000000000e+00
3.000000000000000000e+00 3.406009226158968062e-05
5.000000000000000000e+00 7.025549853545420831e-05
7.000000000000000000e+00 9.492198124527728709e-05
9.000000000000000000e+00 1.101164157256695475e-04
1.100000000000000000e+01 1.197997773846326552e-04
1.300000000000000000e+01 1.307650471480403809e-04
1.500000000000000000e+01 1.460949277538592384e-04
1.700000000000000000e+01 1.662074725701234712e-04
1.900000000000000000e+01 1.907183899796383031e-04
2.100000000000000000e+01 2.180894259213861375e-04
2.300000000000000000e+01 2.474310406903601489e-04
2.500000000000000000e+01 2.790651141990618811e-04
2.700000000000000000e+01 3.144770796960072445e-04
2.900000000000000000e+01 3.542095537217848644e-04
3.100000000000000000e+01 3.980002448988884112e-04
3.300000000000000000e+01 4.445454044262886484e-04
3.500000000000000000e+01 4.926448803495020456e-04
3.700000000000000000e+01 5.414901196826304997e-04
3.900000000000000000e+01 5.906240576014631927e-04
4.100000000000000000e+01 6.399551881755005667e-04
4.300000000000000000e+01 6.895457268376592452e-04
4.500000000000000000e+01 7.394185469076219874e-04
4.700000000000000000e+01 7.894740775277186984e-04
4.900000000000000000e+01 8.395672890800787158e-04
5.100000000000000000e+01 8.895631423657679449e-04
5.300000000000000000e+01 9.394224863590316943e-04
5.500000000000000000e+01 9.892027810690651179e-04
5.700000000000000000e+01 1.038901932215008372e-03
5.900000000000000000e+01 1.088396382259659845e-03
6.100000000000000000e+01 1.137594824790144621e-03
6.300000000000000000e+01 1.186484247555297245e-03
6.500000000000000000e+01 1.235137980466816110e-03
6.700000000000000000e+01 1.283661188974494216e-03
6.900000000000000000e+01 1.332026903249960981e-03
7.100000000000000000e+01 1.380073472053600092e-03
7.300000000000000000e+01 1.427706349313884182e-03
7.500000000000000000e+01 1.475043090724659223e-03
7.700000000000000000e+01 1.522291481806492541e-03
7.900000000000000000e+01 1.569574519586280914e-03
8.100000000000000000e+01 1.616855338480327475e-03
8.300000000000000000e+01 1.664003373620381865e-03
8.500000000000000000e+01 1.710898542899186303e-03
8.700000000000000000e+01 1.757471694262435769e-03
8.900000000000000000e+01 1.803705911966546616e-03
9.100000000000000000e+01 1.849658427895528590e-03
9.300000000000000000e+01 1.895420568137295980e-03
9.500000000000000000e+01 1.941053129933312249e-03
9.700000000000000000e+01 1.986616293468856931e-03
9.900000000000000000e+01 2.032065035135199871e-03
1.010000000000000000e+02 2.077340281057216131e-03
1.030000000000000000e+02 2.122365267152481749e-03
1.050000000000000000e+02 2.167060845054802343e-03
1.070000000000000000e+02 2.211389398827479091e-03
1.090000000000000000e+02 2.255298532988447846e-03
1.110000000000000000e+02 2.298762561338874022e-03
1.130000000000000000e+02 2.341836129945207290e-03
1.150000000000000000e+02 2.384617494522678349e-03
1.170000000000000000e+02 2.427139902433483876e-03
1.190000000000000000e+02 2.469427335132001744e-03
1.210000000000000000e+02 2.511488585761889603e-03
1.230000000000000000e+02 2.553357007935463940e-03
1.250000000000000000e+02 2.595087294100961728e-03
1.270000000000000000e+02 2.636759659778720177e-03
1.290000000000000000e+02 2.678441769029871189e-03
1.310000000000000000e+02 2.720155754566744299e-03
1.330000000000000000e+02 2.761899943118817369e-03
1.350000000000000000e+02 2.803685934222754916e-03
1.370000000000000000e+02 2.845546273727017628e-03
1.390000000000000000e+02 2.887518429143032250e-03
1.410000000000000000e+02 2.929672692609575080e-03
1.430000000000000000e+02 2.972097215154567706e-03
1.450000000000000000e+02 3.014901542771619702e-03
1.470000000000000000e+02 3.058187864208639084e-03
1.490000000000000000e+02 3.102033407092918971e-03
