1.000000000000000000e+00 9.063982001521475595e-04
3.000000000000000000e+00 9.227332831589496465e-04
5.000000000000000000e+00 9.330814991863611851e-04
7.000000000000000000e+00 9.375587377215000018e-04
9.000000000000000000e+00 9.363939726800829533e-04
1.100000000000000000e+01 9.374357312866843372e-04
1.300000000000000000e+01 9.412724430820640364e-04
1.500000000000000000e+01 9.475362102627782335e-04
1.700000000000000000e+01 9.562514073727657049e-04
1.900000000000000000e+01 9.661640160582019021e-04
2.100000000000000000e+01 9.748466957942847344e-04
2.300000000000000000e+01 9.809720491781304119e-04
2.500000000000000000e+01 9.849705276051556879e-04
2.700000000000000000e+01 9.875015112731366784e-04
2.900000000000000000e+01 9.883355535456050944e-04
3.100000000000000000e+01 9.874404180527651675e-04
3.300000000000000000e+01 9.850801033559619668e-04
3.500000000000000000e+01 9.817415580353205939e-04
3.700000000000000000e+01 9.777335772338524578e-04
3.900000000000000000e+01 9.736410889801261348e-04
4.100000000000000000e+01 9.696819878852735997e-04
4.300000000000000000e+01 9.659742021377315524e-04
4.500000000000000000e+01 9.627121676342165202e-04
4.700000000000000000e+01 9.601059161219449578e-04
4.900000000000000000e+01 9.583993507190635697e-04
5.100000000000000000e+01 9.574302193131600802e-04
5.300000000000000000e+01 9.569626110556006537e-04
5.500000000000000000e+01 9.567642379202379033e-04
5.700000000000000000e+01 9.566531455923454885e-04
5.900000000000000000e+01 9.565926784307343667e-04
6.100000000000000000e+01 9.566323555856293126e-04
6.300000000000000000e+01 9.567562520528261061e-04
6.500000000000000000e+01 9.569567005359713718e-04
6.700000000000000000e+01 9.572190153163129267e-04
6.900000000000000000e+01 9.575381634823187937e-04
7.100000000000000000e+01 9.579269626417419303e-04
7.300000000000000000e+01 9.584169611638326813e-04
7.500000000000000000e+01 9.590833577255430953e-04
7.700000000000000000e+01 9.599912142639333013e-04
7.900000000000000000e+01 9.612038835176139884e-04
8.100000000000000000e+01 9.627873827726673994e-04
8.300000000000000000e+01 9.647458068507974716e-04
8.500000000000000000e+01 9.670474060223810397e-04
8.700000000000000000e+01 9.696535924113014460e-04
8.900000000000000000e+01 9.725299071344783997e-04
9.100000000000000000e+01 9.756926584889580312e-04
9.300000000000000000e+01 9.791266587164670909e-04
9.500000000000000000e+01 9.828152667099576689e-04
9.700000000000000000e+01 9.867702663897137683e-04
9.900000000000000000e+01 9.910020780222739134e-04
1.010000000000000000e+02 9.955108738137763424e-04
1.030000000000000000e+02 1.000284768465142804e-03
1.050000000000000000e+02 1.005290445438733471e-03
1.070000000000000000e+02 1.010491504706667598e-03
1.090000000000000000e+02 1.015871507792587281e-03
1.110000000000000000e+02 1.021438923988760017e-03
1.130000000000000000e+02 1.027206282223525058e-03
1.150000000000000000e+02 1.033160120306297891e-03
1.170000000000000000e+02 1.039273268220619606e-03
1.190000000000000000e+02 1.045533691955369271e-03
1.210000000000000000e+02 1.051938474083247144e-03
1.230000000000000000e+02 1.058479117518995594e-03
1.250000000000000000e+02 1.065150132421921469e-03
1.270000000000000000e+02 1.071935644957666689e-03
1.290000000000000000e+02 1.078830433339894590e-03
1.310000000000000000e+02 1.085817530081745197e-03
1.330000000000000000e+02 1.092895993884956951e-03
1.350000000000000000e+02 1.100056488309908431e-03
1.370000000000000000e+02 1.107304804431108458e-03
1.390000000000000000e+02 1.114658030386239673e-03
1.410000000000000000e+02 1.122046789945208012e-03
1.430000000000000000e+02 1.129473561946703342e-03
1.450000000000000000e+02 1.136955093140712414e-03
1.470000000000000000e+02 1.144571910591696273e-03
1.490000000000000000e+02 1.152315373330492498e-03
