1.000000000000000000e+00 1.786867599569429421e-01
3.000000000000000000e+00 2.126015391192818127e-01
5.000000000000000000e+00 2.296861658302749021e-01
7.000000000000000000e+00 2.432600449794772857e-01
9.000000000000000000e+00 2.562778864045313076e-01
1.100000000000000000e+01 2.689135875396247988e-01
1.300000000000000000e+01 2.814553609790229061e-01
1.500000000000000000e+01 2.942246238903086786e-01
1.700000000000000000e+01 3.076374384231977954e-01
1.900000000000000000e+01 3.222397618085880433e-01
2.100000000000000000e+01 3.380421864806121279e-01
2.300000000000000000e+01 3.549112146867077211e-01
2.500000000000000000e+01 3.726994489349066964e-01
2.700000000000000000e+01 3.913563064214615750e-01
2.900000000000000000e+01 4.107998500144836029e-01
3.100000000000000000e+01 4.308902420361911956e-01
3.300000000000000000e+01 4.513512907782164518e-01
3.500000000000000000e+01 4.720850148833574123e-01
3.700000000000000000e+01 4.928365001088763631e-01
3.900000000000000000e+01 5.134667551213742964e-01
4.100000000000000000e+01 5.338762209503623568e-01
4.300000000000000000e+01 5.538327514451510947e-01
4.500000000000000000e+01 5.733101928183159668e-01
4.700000000000000000e+01 5.921590091104215192e-01
4.900000000000000000e+01 6.102930543124920337e-01
5.100000000000000000e+01 6.276889333283535155e-01
5.300000000000000000e+01 6.442200754612479319e-01
5.500000000000000000e+01 6.598390236952201837e-01
5.700000000000000000e+01 6.745358628889712715e-01
5.900000000000000000e+01 6.882423854158425947e-01
6.100000000000000000e+01 7.009418601944858995e-01
6.300000000000000000e+01 7.126960260920129908e-01
6.500000000000000000e+01 7.235697602993953481e-01
6.700000000000000000e+01 7.336290666227285318e-01
6.900000000000000000e+01 7.429770346562096783e-01
7.100000000000000000e+01 7.516676935526944714e-01
7.300000000000000000e+01 7.597803604785154930e-01
7.500000000000000000e+01 7.674057117525180383e-01
7.700000000000000000e+01 7.746666618722802822e-01
7.900000000000000000e+01 7.816218320838841382e-01
8.100000000000000000e+01 7.882874991491155559e-01
8.300000000000000000e+01 7.947108824267641314e-01
8.500000000000000000e+01 8.009479630545018880e-01
8.700000000000000000e+01 8.070755252677519476e-01
8.900000000000000000e+01 8.131451330988104242e-01
9.100000000000000000e+01 8.191872917654617892e-01
9.300000000000000000e+01 8.252444400718532691e-01
9.500000000000000000e+01 8.313427120363398037e-01
9.700000000000000000e+01 8.375242819201699218e-01
9.900000000000000000e+01 8.436827595886796649e-01
1.010000000000000000e+02 8.498027295143458781e-01
1.030000000000000000e+02 8.559059106089808022e-01
1.050000000000000000e+02 8.619673583432112540e-01
1.070000000000000000e+02 8.680278230480880097e-01
1.090000000000000000e+02 8.740825214991242431e-01
1.110000000000000000e+02 8.799851158830094278e-01
1.130000000000000000e+02 8.857559774415820764e-01
1.150000000000000000e+02 8.913838742736432952e-01
1.170000000000000000e+02 8.967191721470505472e-01
1.190000000000000000e+02 9.018205467275031140e-01
1.210000000000000000e+02 9.065219737318960247e-01
1.230000000000000000e+02 9.108525391880752942e-01
1.250000000000000000e+02 9.148083795107361249e-01
1.270000000000000000e+02 9.183957905027275714e-01
1.290000000000000000e+02 9.216487729029139153e-01
1.310000000000000000e+02 9.245929150931058160e-01
1.330000000000000000e+02 9.272354291814456362e-01
1.350000000000000000e+02 9.296154961313634058e-01
1.370000000000000000e+02 9.318106832372502479e-01
1.390000000000000000e+02 9.337953244111208972e-01
1.410000000000000000e+02 9.355565260433744701e-01
1.430000000000000000e+02 9.370793532503202128e-01
1.450000000000000000e+02 9.383919250457588568e-01
1.470000000000000000e+02 9.395046176132741955e-01
1.490000000000000000e+02 9.404121377443906971e-01
