1.000000000000000000e+00 6.190936055735618559e-03
3.000000000000000000e+00 8.814269818155584524e-03
5.000000000000000000e+00 1.020004984445233021e-02
7.000000000000000000e+00 1.096908033230281632e-02
9.000000000000000000e+00 1.156818351846711224e-02
1.100000000000000000e+01 1.213520273811674599e-02
1.300000000000000000e+01 1.270010339877047922e-02
1.500000000000000000e+01 1.327702337832681323e-02
1.700000000000000000e+01 1.388505634094183705e-02
1.900000000000000000e+01 1.451608376754187635e-02
2.100000000000000000e+01 1.516289909489876297e-02
2.300000000000000000e+01 1.582459861426599446e-02
2.500000000000000000e+01 1.650612721966093766e-02
2.700000000000000000e+01 1.720764612466785248e-02
2.900000000000000000e+01 1.792763239489059135e-02
3.100000000000000000e+01 1.866212022035262930e-02
3.300000000000000000e+01 1.940908295423526830e-02
3.500000000000000000e+01 2.016762493595136707e-02
3.700000000000000000e+01 2.093608387883760802e-02
3.900000000000000000e+01 2.171245809048605313e-02
4.100000000000000000e+01 2.249617225355082795e-02
4.300000000000000000e+01 2.328677614012919506e-02
4.500000000000000000e+01 2.408266005415260480e-02
4.700000000000000000e+01 2.487983599118948064e-02
4.900000000000000000e+01 2.567764246765658065e-02
5.100000000000000000e+01 2.647618028082765473e-02
5.300000000000000000e+01 2.727501121280995200e-02
5.500000000000000000e+01 2.807425139424224447e-02
5.700000000000000000e+01 2.887450966265281416e-02
5.900000000000000000e+01 2.967618424559348433e-02
6.100000000000000000e+01 3.048152211995791561e-02
6.300000000000000000e+01 3.129201715730012268e-02
6.500000000000000000e+01 3.210910677936817947e-02
6.700000000000000000e+01 3.293373734627313976e-02
6.900000000000000000e+01 3.376660050050694917e-02
7.100000000000000000e+01 3.460824203970858104e-02
7.300000000000000000e+01 3.545684760513900802e-02
7.500000000000000000e+01 3.631323124117247225e-02
7.700000000000000000e+01 3.717781225042571247e-02
7.900000000000000000e+01 3.805164923827042411e-02
8.100000000000000000e+01 3.893480222229006582e-02
8.300000000000000000e+01 3.982573767526109698e-02
8.500000000000000000e+01 4.072447604953999267e-02
8.700000000000000000e+01 4.163100261629193444e-02
8.900000000000000000e+01 4.254403728872002688e-02
9.100000000000000000e+01 4.346411043376174899e-02
9.300000000000000000e+01 4.439149236494710493e-02
9.500000000000000000e+01 4.532737123463725926e-02
9.700000000000000000e+01 4.627181403546209992e-02
9.900000000000000000e+01 4.722565498944675255e-02
1.010000000000000000e+02 4.818880459634999891e-02
1.030000000000000000e+02 4.915924595333731606e-02
1.050000000000000000e+02 5.013697728157773259e-02
1.070000000000000000e+02 5.112192213960742304e-02
1.090000000000000000e+02 5.211508509453743887e-02
1.110000000000000000e+02 5.311683328561223050e-02
1.130000000000000000e+02 5.412624297322510269e-02
1.150000000000000000e+02 5.514347014426379534e-02
1.170000000000000000e+02 5.616881036986742792e-02
1.190000000000000000e+02 5.720207472581140262e-02
1.210000000000000000e+02 5.824394631365414909e-02
1.230000000000000000e+02 5.929419270053237767e-02
1.250000000000000000e+02 6.035213337701683667e-02
1.270000000000000000e+02 6.141726792065627105e-02
1.290000000000000000e+02 6.248777703154861918e-02
1.310000000000000000e+02 6.356325518396532814e-02
1.330000000000000000e+02 6.464316769241840177e-02
1.350000000000000000e+02 6.572641698085612827e-02
1.370000000000000000e+02 6.681269223911301403e-02
1.390000000000000000e+02 6.790108416860152207e-02
1.410000000000000000e+02 6.899102759491826387e-02
1.430000000000000000e+02 7.008209549217081502e-02
1.450000000000000000e+02 7.117394855157810341e-02
1.470000000000000000e+02 7.226665131977927370e-02
1.490000000000000000e+02 7.335962820061092682e-02
