1.000000000000000000e+00 1.707672922607594845e-02
3.000000000000000000e+00 1.770949941868205091e-02
5.000000000000000000e+00 1.806605741476285942e-02
7.000000000000000000e+00 1.832884230212450394e-02
9.000000000000000000e+00 1.854132410410591625e-02
1.100000000000000000e+01 1.872041158160819840e-02
1.300000000000000000e+01 1.886292803182898492e-02
1.500000000000000000e+01 1.897756020716279135e-02
1.700000000000000000e+01 1.906774950075385000e-02
1.900000000000000000e+01 1.914173925363338302e-02
2.100000000000000000e+01 1.920345956718905178e-02
2.300000000000000000e+01 1.925292858071370183e-02
2.500000000000000000e+01 1.928955747029836854e-02
2.700000000000000000e+01 1.931524239064541515e-02
2.900000000000000000e+01 1.933162859945358747e-02
3.100000000000000000e+01 1.933924265644482166e-02
3.300000000000000000e+01 1.933934827181515992e-02
3.500000000000000000e+01 1.933285951265251157e-02
3.700000000000000000e+01 1.932155547780312066e-02
3.900000000000000000e+01 1.930667212514647346e-02
4.100000000000000000e+01 1.928902360035611441e-02
4.300000000000000000e+01 1.926934407412916883e-02
4.500000000000000000e+01 1.924756885552647567e-02
4.700000000000000000e+01 1.922348247987282210e-02
4.900000000000000000e+01 1.919654806254944557e-02
5.100000000000000000e+01 1.916659677236542958e-02
5.300000000000000000e+01 1.913280681032214492e-02
5.500000000000000000e+01 1.909545441499371776e-02
5.700000000000000000e+01 1.905438841504403236e-02
5.900000000000000000e+01 1.901048515326886346e-02
6.100000000000000000e+01 1.896366837312513098e-02
6.300000000000000000e+01 1.891380239522721940e-02
6.500000000000000000e+01 1.885937631763257016e-02
6.700000000000000000e+01 1.879895262381692245e-02
6.900000000000000000e+01 1.873234083435737496e-02
7.100000000000000000e+01 1.866143514337958997e-02
7.300000000000000000e+01 1.858623861058839033e-02
7.500000000000000000e+01 1.850480323423209228e-02
7.700000000000000000e+01 1.841736783785841158e-02
7.900000000000000000e+01 1.832422186467586034e-02
8.100000000000000000e+01 1.822684121095774490e-02
8.300000000000000000e+01 1.812595890276968991e-02
8.500000000000000000e+01 1.802182553328668391e-02
8.700000000000000000e+01 1.791360959224519434e-02
8.900000000000000000e+01 1.780063562905764840e-02
9.100000000000000000e+01 1.768390605789993408e-02
9.300000000000000000e+01 1.756404391126298314e-02
9.500000000000000000e+01 1.744142374496449044e-02
9.700000000000000000e+01 1.731656764338107557e-02
9.900000000000000000e+01 1.719135366338064852e-02
1.010000000000000000e+02 1.706510431437679998e-02
1.030000000000000000e+02 1.693870659215379604e-02
1.050000000000000000e+02 1.681213673975778811e-02
1.070000000000000000e+02 1.668496737767199978e-02
1.090000000000000000e+02 1.655764065646581074e-02
1.110000000000000000e+02 1.643040250371197164e-02
1.130000000000000000e+02 1.630332722357108466e-02
1.150000000000000000e+02 1.617694928348800687e-02
1.170000000000000000e+02 1.605152578110624617e-02
1.190000000000000000e+02 1.592725373774273034e-02
1.210000000000000000e+02 1.580467499915494400e-02
1.230000000000000000e+02 1.568396764607093985e-02
1.250000000000000000e+02 1.556500052759213215e-02
1.270000000000000000e+02 1.544731886458761139e-02
1.290000000000000000e+02 1.533101729839769778e-02
1.310000000000000000e+02 1.521554220685961134e-02
1.330000000000000000e+02 1.510113198332685425e-02
1.350000000000000000e+02 1.498778838200331975e-02
1.370000000000000000e+02 1.487654216874700897e-02
1.390000000000000000e+02 1.476739514961489252e-02
1.410000000000000000e+02 1.465965859905404844e-02
1.430000000000000000e+02 1.455406323503827259e-02
1.450000000000000000e+02 1.445029151184740179e-02
1.470000000000000000e+02 1.434809152539584520e-02
1.490000000000000000e+02 1.424744702962166265e-02
