1.000000000000000000e+00 4.522119060622610265e-01
3.000000000000000000e+00 5.140296736362339747e-01
5.000000000000000000e+00 5.473098914015614991e-01
7.000000000000000000e+00 5.705481740269664481e-01
9.000000000000000000e+00 5.896991386744382391e-01
1.100000000000000000e+01 6.069129155055159597e-01
1.300000000000000000e+01 6.230020164694753948e-01
1.500000000000000000e+01 6.384336635813834260e-01
1.700000000000000000e+01 6.533237098507727048e-01
1.900000000000000000e+01 6.673688222779041723e-01
2.100000000000000000e+01 6.804158280407599513e-01
2.300000000000000000e+01 6.923931143298247548e-01
2.500000000000000000e+01 7.033079577020262541e-01
2.700000000000000000e+01 7.131595330399208565e-01
2.900000000000000000e+01 7.220432694436456078e-01
3.100000000000000000e+01 7.301098105289471896e-01
3.300000000000000000e+01 7.374645141850355579e-01
3.500000000000000000e+01 7.441214101689888061e-01
3.700000000000000000e+01 7.501338709038327668e-01
3.900000000000000000e+01 7.556411601790585797e-01
4.100000000000000000e+01 7.606492087125709123e-01
4.300000000000000000e+01 7.651152944340291473e-01
4.500000000000000000e+01 7.690407228783574523e-01
4.700000000000000000e+01 7.726039289758339645e-01
4.900000000000000000e+01 7.758061087092237296e-01
5.100000000000000000e+01 7.787368401996070943e-01
5.300000000000000000e+01 7.814630836806955028e-01
5.500000000000000000e+01 7.840174685765700646e-01
5.700000000000000000e+01 7.864439249466632642e-01
5.900000000000000000e+01 7.888497659318391975e-01
6.100000000000000000e+01 7.911092118738838330e-01
6.300000000000000000e+01 7.932479821697335787e-01
6.500000000000000000e+01 7.953135559238702079e-01
6.700000000000000000e+01 7.972920324466019615e-01
6.900000000000000000e+01 7.991702188717687561e-01
7.100000000000000000e+01 8.009196032062477766e-01
7.300000000000000000e+01 8.024725125283724836e-01
7.500000000000000000e+01 8.038586075123904662e-01
7.700000000000000000e+01 8.050846966727343013e-01
7.900000000000000000e+01 8.061828923148387505e-01
8.100000000000000000e+01 8.071648455754868445e-01
8.300000000000000000e+01 8.080433433505506136e-01
8.500000000000000000e+01 8.088777954199085629e-01
8.700000000000000000e+01 8.096548969671792939e-01
8.900000000000000000e+01 8.102980185154360360e-01
9.100000000000000000e+01 8.108869509610796555e-01
9.300000000000000000e+01 8.114084472105821400e-01
9.500000000000000000e+01 8.118531834616800058e-01
9.700000000000000000e+01 8.122235978114198396e-01
9.900000000000000000e+01 8.125610429756211506e-01
1.010000000000000000e+02 8.128718944312482986e-01
1.030000000000000000e+02 8.131946928657038942e-01
1.050000000000000000e+02 8.134716848932901367e-01
1.070000000000000000e+02 8.137060346087152674e-01
1.090000000000000000e+02 8.139163040419911122e-01
1.110000000000000000e+02 8.140774224598011921e-01
1.130000000000000000e+02 8.141748861319431096e-01
1.150000000000000000e+02 8.141627812085283633e-01
1.170000000000000000e+02 8.140393422075327123e-01
1.190000000000000000e+02 8.138659712385238887e-01
1.210000000000000000e+02 8.137006849253197727e-01
1.230000000000000000e+02 8.135021878769155279e-01
1.250000000000000000e+02 8.132671616053285257e-01
1.270000000000000000e+02 8.130010910592967432e-01
1.290000000000000000e+02 8.127173497410227210e-01
1.310000000000000000e+02 8.124651799014126485e-01
1.330000000000000000e+02 8.122132858720493287e-01
1.350000000000000000e+02 8.119692918286386396e-01
1.370000000000000000e+02 8.117331811708213829e-01
1.390000000000000000e+02 8.115090388765868745e-01
1.410000000000000000e+02 8.113181501057078471e-01
1.430000000000000000e+02 8.111757412609410522e-01
1.450000000000000000e+02 8.110267659511691818e-01
1.470000000000000000e+02 8.109291355934384882e-01
1.490000000000000000e+02 8.108357900473139868e-01
