1.000000000000000000e+00 4.712230215827337698e-01
3.000000000000000000e+00 5.347520696916374661e-01
5.000000000000000000e+00 5.680517696582905174e-01
7.000000000000000000e+00 5.904705876446982860e-01
9.000000000000000000e+00 6.085846843529229000e-01
1.100000000000000000e+01 6.247985152438575440e-01
1.300000000000000000e+01 6.398334678244521623e-01
1.500000000000000000e+01 6.539175423701762968e-01
1.700000000000000000e+01 6.672517995470059748e-01
1.900000000000000000e+01 6.799093597957892587e-01
2.100000000000000000e+01 6.916021507419694014e-01
2.300000000000000000e+01 7.022180715735868439e-01
2.500000000000000000e+01 7.117284618271968455e-01
2.700000000000000000e+01 7.202507489485923120e-01
2.900000000000000000e+01 7.278513480238942845e-01
3.100000000000000000e+01 7.346858232589699167e-01
3.300000000000000000e+01 7.408623498973350152e-01
3.500000000000000000e+01 7.464656032654857221e-01
3.700000000000000000e+01 7.516101761189810659e-01
3.900000000000000000e+01 7.563264469805648371e-01
4.100000000000000000e+01 7.606627525924355426e-01
4.300000000000000000e+01 7.646568104483489892e-01
4.500000000000000000e+01 7.683267003465680256e-01
4.700000000000000000e+01 7.717027086944089342e-01
4.900000000000000000e+01 7.748103930811311990e-01
5.100000000000000000e+01 7.776960112355820742e-01
5.300000000000000000e+01 7.803939135505779667e-01
5.500000000000000000e+01 7.829549848568961856e-01
5.700000000000000000e+01 7.854047586653916113e-01
5.900000000000000000e+01 7.878119827185078305e-01
6.100000000000000000e+01 7.901065263936205563e-01
6.300000000000000000e+01 7.923139160313881213e-01
6.500000000000000000e+01 7.943831427319287819e-01
6.700000000000000000e+01 7.963078724842833633e-01
6.900000000000000000e+01 7.980321194827253439e-01
7.100000000000000000e+01 7.996161223972922949e-01
7.300000000000000000e+01 8.010841025902625256e-01
7.500000000000000000e+01 8.024300301742628427e-01
7.700000000000000000e+01 8.036469343838901214e-01
7.900000000000000000e+01 8.047683118070136921e-01
8.100000000000000000e+01 8.058026591461024957e-01
8.300000000000000000e+01 8.067769865320656431e-01
8.500000000000000000e+01 8.076917160465155732e-01
8.700000000000000000e+01 8.085941280671387066e-01
8.900000000000000000e+01 8.094751360075925772e-01
9.100000000000000000e+01 8.103220003295720231e-01
9.300000000000000000e+01 8.111090866863183146e-01
9.500000000000000000e+01 8.117861976141296232e-01
9.700000000000000000e+01 8.123495884851892335e-01
9.900000000000000000e+01 8.127771148188445149e-01
1.010000000000000000e+02 8.131695713237725442e-01
1.030000000000000000e+02 8.135432891200050642e-01
1.050000000000000000e+02 8.138591963582616495e-01
1.070000000000000000e+02 8.140604556853179297e-01
1.090000000000000000e+02 8.141669330885068501e-01
1.110000000000000000e+02 8.141843339423822101e-01
1.130000000000000000e+02 8.141461560749974069e-01
1.150000000000000000e+02 8.140555805897756736e-01
1.170000000000000000e+02 8.139349624056678723e-01
1.190000000000000000e+02 8.136952186315420388e-01
1.210000000000000000e+02 8.133766815862205624e-01
1.230000000000000000e+02 8.129628037158113107e-01
1.250000000000000000e+02 8.124685037437103796e-01
1.270000000000000000e+02 8.119668043770045252e-01
1.290000000000000000e+02 8.114905951965653008e-01
1.310000000000000000e+02 8.110418173618259008e-01
1.330000000000000000e+02 8.105408652125082325e-01
1.350000000000000000e+02 8.100724202142693953e-01
1.370000000000000000e+02 8.096441183197045088e-01
1.390000000000000000e+02 8.092327456522272477e-01
1.410000000000000000e+02 8.088165321132083641e-01
1.430000000000000000e+02 8.084309278048583680e-01
1.450000000000000000e+02 8.080958522062309246e-01
1.470000000000000000e+02 8.078138017291391915e-01
1.490000000000000000e+02 8.075305108387051956e-01
