1.000000000000000000e+00 3.540618260244432491e-02
3.000000000000000000e+00 4.225667784617925804e-02
5.000000000000000000e+00 4.634356310463538797e-02
7.000000000000000000e+00 4.899671810723649212e-02
9.000000000000000000e+00 5.113092991120982145e-02
1.100000000000000000e+01 5.326948759856198201e-02
1.300000000000000000e+01 5.541266852523285547e-02
1.500000000000000000e+01 5.752795985575254178e-02
1.700000000000000000e+01 5.958276846261878479e-02
1.900000000000000000e+01 6.159234225029519560e-02
2.100000000000000000e+01 6.357994017127277520e-02
2.300000000000000000e+01 6.557812367431836709e-02
2.500000000000000000e+01 6.759356150404360886e-02
2.700000000000000000e+01 6.961214036857388265e-02
2.900000000000000000e+01 7.163461570513740551e-02
3.100000000000000000e+01 7.366713179177342141e-02
3.300000000000000000e+01 7.572148486663077271e-02
3.500000000000000000e+01 7.780673478983224367e-02
3.700000000000000000e+01 7.992866068065807017e-02
3.900000000000000000e+01 8.208897177346563545e-02
4.100000000000000000e+01 8.428464173165484130e-02
4.300000000000000000e+01 8.651261732280091099e-02
4.500000000000000000e+01 8.877484594069529056e-02
4.700000000000000000e+01 9.107129638365629720e-02
4.900000000000000000e+01 9.340017411741574627e-02
5.100000000000000000e+01 9.576101222424693304e-02
5.300000000000000000e+01 9.815507487635466433e-02
5.500000000000000000e+01 1.005863354571747692e-01
5.700000000000000000e+01 1.030573050953964565e-01
5.900000000000000000e+01 1.055699021067835197e-01
6.100000000000000000e+01 1.081253066404440633e-01
6.300000000000000000e+01 1.107235951808408503e-01
6.500000000000000000e+01 1.133643731816795786e-01
6.700000000000000000e+01 1.160459742643059622e-01
6.900000000000000000e+01 1.187669713633351387e-01
7.100000000000000000e+01 1.215272798579229985e-01
7.300000000000000000e+01 1.243247830402925969e-01
7.500000000000000000e+01 1.271586305746583712e-01
7.700000000000000000e+01 1.300257847897973162e-01
7.900000000000000000e+01 1.329249931157500120e-01
8.100000000000000000e+01 1.358552199380398395e-01
8.300000000000000000e+01 1.388142002995930158e-01
8.500000000000000000e+01 1.418009160513746814e-01
8.700000000000000000e+01 1.448141247562686473e-01
8.900000000000000000e+01 1.478501531182125905e-01
9.100000000000000000e+01 1.509085027861458705e-01
9.300000000000000000e+01 1.539881125891789937e-01
9.500000000000000000e+01 1.570874118680384290e-01
9.700000000000000000e+01 1.602055665029600284e-01
9.900000000000000000e+01 1.633411777626284644e-01
1.010000000000000000e+02 1.664874618021909836e-01
1.030000000000000000e+02 1.696422165095564649e-01
1.050000000000000000e+02 1.728042070477370240e-01
1.070000000000000000e+02 1.759744404218301916e-01
1.090000000000000000e+02 1.791504180854973649e-01
1.110000000000000000e+02 1.823324959715023619e-01
1.130000000000000000e+02 1.855197664718351014e-01
1.150000000000000000e+02 1.887102318255388100e-01
1.170000000000000000e+02 1.919008593524046402e-01
1.190000000000000000e+02 1.950914162261594420e-01
1.210000000000000000e+02 1.982796298930677992e-01
1.230000000000000000e+02 2.014647967031649722e-01
1.250000000000000000e+02 2.046497231768137359e-01
1.270000000000000000e+02 2.078286331922853947e-01
1.290000000000000000e+02 2.110007706272476469e-01
1.310000000000000000e+02 2.141646977755367054e-01
1.330000000000000000e+02 2.173197557335164731e-01
1.350000000000000000e+02 2.204614342805554239e-01
1.370000000000000000e+02 2.235896474090042219e-01
1.390000000000000000e+02 2.267022706734252990e-01
1.410000000000000000e+02 2.297996998412137337e-01
1.430000000000000000e+02 2.328778859944408142e-01
1.450000000000000000e+02 2.359372680340847683e-01
1.470000000000000000e+02 2.389777098304511904e-01
1.490000000000000000e+02 2.420037239753640712e-01
