1.000000000000000000e+00 1.268339059225165322e-02
3.000000000000000000e+00 1.277227372573042086e-02
5.000000000000000000e+00 1.277486402846705893e-02
7.000000000000000000e+00 1.273751698986913539e-02
9.000000000000000000e+00 1.268531311820564333e-02
1.100000000000000000e+01 1.263229924963993334e-02
1.300000000000000000e+01 1.257551249826616147e-02
1.500000000000000000e+01 1.251527989874168245e-02
1.700000000000000000e+01 1.245207046012763996e-02
1.900000000000000000e+01 1.238613312486436246e-02
2.100000000000000000e+01 1.231884319694120933e-02
2.300000000000000000e+01 1.225056107019351082e-02
2.500000000000000000e+01 1.218250127106368375e-02
2.700000000000000000e+01 1.211175589136093134e-02
2.900000000000000000e+01 1.203707508996110231e-02
3.100000000000000000e+01 1.195862170457917539e-02
3.300000000000000000e+01 1.187620002456879487e-02
3.500000000000000000e+01 1.178956005956077746e-02
3.700000000000000000e+01 1.169903129610483372e-02
3.900000000000000000e+01 1.160517794816440240e-02
4.100000000000000000e+01 1.150776549668264259e-02
4.300000000000000000e+01 1.140674635992300345e-02
4.500000000000000000e+01 1.130298031012144655e-02
4.700000000000000000e+01 1.119757068711080272e-02
4.900000000000000000e+01 1.109131322777712203e-02
5.100000000000000000e+01 1.098499964772614579e-02
5.300000000000000000e+01 1.087781913464125338e-02
5.500000000000000000e+01 1.077140740494542115e-02
5.700000000000000000e+01 1.066632911559695085e-02
5.900000000000000000e+01 1.056372738112654197e-02
6.100000000000000000e+01 1.046309642726106492e-02
6.300000000000000000e+01 1.036463306108259541e-02
6.500000000000000000e+01 1.026854530897070017e-02
6.700000000000000000e+01 1.017535887545684137e-02
6.900000000000000000e+01 1.008544141929823557e-02
7.100000000000000000e+01 9.998062863014856028e-03
7.300000000000000000e+01 9.913047382734019308e-03
7.500000000000000000e+01 9.830444567015206303e-03
7.700000000000000000e+01 9.750307264403512697e-03
7.900000000000000000e+01 9.672188591930530599e-03
8.100000000000000000e+01 9.596152900318788426e-03
8.300000000000000000e+01 9.522465921584233328e-03
8.500000000000000000e+01 9.449974745944333954e-03
8.700000000000000000e+01 9.378789238324913846e-03
8.900000000000000000e+01 9.307881316641619662e-03
9.100000000000000000e+01 9.237363503906914630e-03
9.300000000000000000e+01 9.168277667580548851e-03
9.500000000000000000e+01 9.100100598278260122e-03
9.700000000000000000e+01 9.033569028934151923e-03
9.900000000000000000e+01 8.968911856850447784e-03
1.010000000000000000e+02 8.906098075245894030e-03
1.030000000000000000e+02 8.845625338248730429e-03
1.050000000000000000e+02 8.787491399713909246e-03
1.070000000000000000e+02 8.731605172843881491e-03
1.090000000000000000e+02 8.678527473742314591e-03
1.110000000000000000e+02 8.628507315456723781e-03
1.130000000000000000e+02 8.581404815122595231e-03
1.150000000000000000e+02 8.536207298366793594e-03
1.170000000000000000e+02 8.493381876628625093e-03
1.190000000000000000e+02 8.452769839018436926e-03
1.210000000000000000e+02 8.414152787363349262e-03
1.230000000000000000e+02 8.378188557650600998e-03
1.250000000000000000e+02 8.343812793823235374e-03
1.270000000000000000e+02 8.311428084183170029e-03
1.290000000000000000e+02 8.280877800580843662e-03
1.310000000000000000e+02 8.251810119014768574e-03
1.330000000000000000e+02 8.224076002761981918e-03
1.350000000000000000e+02 8.197484892615958252e-03
1.370000000000000000e+02 8.171632086135915962e-03
1.390000000000000000e+02 8.147313855418669704e-03
1.410000000000000000e+02 8.124474113502144768e-03
1.430000000000000000e+02 8.102366124872584230e-03
1.450000000000000000e+02 8.080887657032076454e-03
1.470000000000000000e+02 8.060423879151401572e-03
1.490000000000000000e+02 8.040864204022168948e-03
