1.000000000000000000e+00 5.684787869011130867e-01
3.000000000000000000e+00 5.987500052680154727e-01
5.000000000000000000e+00 6.157273530767507497e-01
7.000000000000000000e+00 6.300091635962936643e-01
9.000000000000000000e+00 6.440761877740130981e-01
1.100000000000000000e+01 6.581182062289316903e-01
1.300000000000000000e+01 6.720058421946524252e-01
1.500000000000000000e+01 6.856389137253326993e-01
1.700000000000000000e+01 6.988959978519755367e-01
1.900000000000000000e+01 7.115952023748108868e-01
2.100000000000000000e+01 7.237189664657863730e-01
2.300000000000000000e+01 7.352100493866333686e-01
2.500000000000000000e+01 7.461459583459097988e-01
2.700000000000000000e+01 7.567250814947563686e-01
2.900000000000000000e+01 7.669771776378475625e-01
3.100000000000000000e+01 7.767899469453409811e-01
3.300000000000000000e+01 7.862222654236359354e-01
3.500000000000000000e+01 7.953109640979435513e-01
3.700000000000000000e+01 8.041204924712692659e-01
3.900000000000000000e+01 8.126295248948348648e-01
4.100000000000000000e+01 8.208100998039974394e-01
4.300000000000000000e+01 8.286825337393112223e-01
4.500000000000000000e+01 8.362472070671188584e-01
4.700000000000000000e+01 8.435388438628640406e-01
4.900000000000000000e+01 8.505834932512639224e-01
5.100000000000000000e+01 8.573610989992090925e-01
5.300000000000000000e+01 8.638283328085474277e-01
5.500000000000000000e+01 8.699688981511761732e-01
5.700000000000000000e+01 8.757511841124266949e-01
5.900000000000000000e+01 8.811354805570462689e-01
6.100000000000000000e+01 8.861145707674031868e-01
6.300000000000000000e+01 8.907186283301397056e-01
6.500000000000000000e+01 8.949833658095622813e-01
6.700000000000000000e+01 8.989123318138141361e-01
6.900000000000000000e+01 9.025553222032857148e-01
7.100000000000000000e+01 9.059503599123431838e-01
7.300000000000000000e+01 9.090878929781512907e-01
7.500000000000000000e+01 9.119312372714990511e-01
7.700000000000000000e+01 9.145030298440944838e-01
7.900000000000000000e+01 9.168313956542094578e-01
8.100000000000000000e+01 9.189450969483825560e-01
8.300000000000000000e+01 9.208660789608168473e-01
8.500000000000000000e+01 9.225740543260374515e-01
8.700000000000000000e+01 9.240751223020783334e-01
8.900000000000000000e+01 9.254075379978425886e-01
9.100000000000000000e+01 9.265783521521206989e-01
9.300000000000000000e+01 9.275845286810092682e-01
9.500000000000000000e+01 9.284361347895739858e-01
9.700000000000000000e+01 9.291264799605281066e-01
9.900000000000000000e+01 9.296481010946084922e-01
1.010000000000000000e+02 9.300130138461710771e-01
1.030000000000000000e+02 9.302192086261994453e-01
1.050000000000000000e+02 9.302745365576058356e-01
1.070000000000000000e+02 9.301958678806280245e-01
1.090000000000000000e+02 9.299978711710369383e-01
1.110000000000000000e+02 9.296925948475459611e-01
1.130000000000000000e+02 9.292995230623978253e-01
1.150000000000000000e+02 9.288307672422195793e-01
1.170000000000000000e+02 9.283066722527992809e-01
1.190000000000000000e+02 9.277379980349724775e-01
1.210000000000000000e+02 9.271291132776465771e-01
1.230000000000000000e+02 9.265315924974140138e-01
1.250000000000000000e+02 9.259548153893075728e-01
1.270000000000000000e+02 9.254267801015019224e-01
1.290000000000000000e+02 9.249631909217671533e-01
1.310000000000000000e+02 9.245919998705512954e-01
1.330000000000000000e+02 9.242118774492968925e-01
1.350000000000000000e+02 9.238224667266454748e-01
1.370000000000000000e+02 9.234301343119949435e-01
1.390000000000000000e+02 9.230343749162289724e-01
1.410000000000000000e+02 9.226346743013464913e-01
1.430000000000000000e+02 9.222366269931313587e-01
1.450000000000000000e+02 9.218397742856614396e-01
1.470000000000000000e+02 9.214436591117453057e-01
1.490000000000000000e+02 9.210746463608614487e-01
