1.000000000000000000e+00 3.746373181865436663e-02
3.000000000000000000e+00 4.037747037614292100e-02
5.000000000000000000e+00 4.170093964562504585e-02
7.000000000000000000e+00 4.260790641342626639e-02
9.000000000000000000e+00 4.335235075767263080e-02
1.100000000000000000e+01 4.401592532609377439e-02
1.300000000000000000e+01 4.461741817834197210e-02
1.500000000000000000e+01 4.517978709498526868e-02
1.700000000000000000e+01 4.572426751916736087e-02
1.900000000000000000e+01 4.625976032752820988e-02
2.100000000000000000e+01 4.678305838577423437e-02
2.300000000000000000e+01 4.729382843233675970e-02
2.500000000000000000e+01 4.779360581934566365e-02
2.700000000000000000e+01 4.828290353066710949e-02
2.900000000000000000e+01 4.876168090114196829e-02
3.100000000000000000e+01 4.923012456824438221e-02
3.300000000000000000e+01 4.968997104725325631e-02
3.500000000000000000e+01 5.014502751892935262e-02
3.700000000000000000e+01 5.059893147212779496e-02
3.900000000000000000e+01 5.105520038815747341e-02
4.100000000000000000e+01 5.151698099855428481e-02
4.300000000000000000e+01 5.198653194364089014e-02
4.500000000000000000e+01 5.246525269097346289e-02
4.700000000000000000e+01 5.295376345916669170e-02
4.900000000000000000e+01 5.345291090108950094e-02
5.100000000000000000e+01 5.396383478162369851e-02
5.300000000000000000e+01 5.448723182481085558e-02
5.500000000000000000e+01 5.502308234083763683e-02
5.700000000000000000e+01 5.557212626245355835e-02
5.900000000000000000e+01 5.613442646077493325e-02
6.100000000000000000e+01 5.670972466178059168e-02
6.300000000000000000e+01 5.729776407787312564e-02
6.500000000000000000e+01 5.789770292231510851e-02
6.700000000000000000e+01 5.850901370554317804e-02
6.900000000000000000e+01 5.913154696196887272e-02
7.100000000000000000e+01 5.976473150756700381e-02
7.300000000000000000e+01 6.040765093842059841e-02
7.500000000000000000e+01 6.105946785711902081e-02
7.700000000000000000e+01 6.171892408306267619e-02
7.900000000000000000e+01 6.238482671770850807e-02
8.100000000000000000e+01 6.305612381639524866e-02
8.300000000000000000e+01 6.373171184700188174e-02
8.500000000000000000e+01 6.441082954491006429e-02
8.700000000000000000e+01 6.509276591611756757e-02
8.900000000000000000e+01 6.577695245321202311e-02
9.100000000000000000e+01 6.646285641229687791e-02
9.300000000000000000e+01 6.715001539454268364e-02
9.500000000000000000e+01 6.783833477594636285e-02
9.700000000000000000e+01 6.852750717069522324e-02
9.900000000000000000e+01 6.921734062497963968e-02
1.010000000000000000e+02 6.990787148857524613e-02
1.030000000000000000e+02 7.059900788397610594e-02
1.050000000000000000e+02 7.129070250226898775e-02
1.070000000000000000e+02 7.198306197101378423e-02
1.090000000000000000e+02 7.267624662836535965e-02
1.110000000000000000e+02 7.337040899443403319e-02
1.130000000000000000e+02 7.406574039664692855e-02
1.150000000000000000e+02 7.476252197801025456e-02
1.170000000000000000e+02 7.546117801798601921e-02
1.190000000000000000e+02 7.616225777189533641e-02
1.210000000000000000e+02 7.686624482378656698e-02
1.230000000000000000e+02 7.757380974584326960e-02
1.250000000000000000e+02 7.828541232618480006e-02
1.270000000000000000e+02 7.900150463179123062e-02
1.290000000000000000e+02 7.972211348902735750e-02
1.310000000000000000e+02 8.044770372029153016e-02
1.330000000000000000e+02 8.117865411757962946e-02
1.350000000000000000e+02 8.191530877218833329e-02
1.370000000000000000e+02 8.265784112088470081e-02
1.390000000000000000e+02 8.340653952297572005e-02
1.410000000000000000e+02 8.416168785996991364e-02
1.430000000000000000e+02 8.492351253118712862e-02
1.450000000000000000e+02 8.569254850656238265e-02
1.470000000000000000e+02 8.646909665916391319e-02
1.490000000000000000e+02 8.725342148023729205e-02
