1.000000000000000000e+00 3.607716392283607520e-01
3.000000000000000000e+00 3.923105316133637110e-01
5.000000000000000000e+00 4.063395701313291530e-01
7.000000000000000000e+00 4.139601479618988389e-01
9.000000000000000000e+00 4.194045743823100469e-01
1.100000000000000000e+01 4.238999302139526693e-01
1.300000000000000000e+01 4.276540806667540329e-01
1.500000000000000000e+01 4.308565139349102013e-01
1.700000000000000000e+01 4.336155030008174149e-01
1.900000000000000000e+01 4.359979823656298104e-01
2.100000000000000000e+01 4.380169319030235986e-01
2.300000000000000000e+01 4.397052092302164983e-01
2.500000000000000000e+01 4.410898455673645246e-01
2.700000000000000000e+01 4.422070536851053779e-01
2.900000000000000000e+01 4.431369632644747147e-01
3.100000000000000000e+01 4.439447631554501728e-01
3.300000000000000000e+01 4.446972585180810622e-01
3.500000000000000000e+01 4.454478376164193731e-01
3.700000000000000000e+01 4.462392565494549546e-01
3.900000000000000000e+01 4.470999129307797748e-01
4.100000000000000000e+01 4.480574192909360098e-01
4.300000000000000000e+01 4.491354620720893198e-01
4.500000000000000000e+01 4.503487205442197050e-01
4.700000000000000000e+01 4.516793987579600378e-01
4.900000000000000000e+01 4.531345473287878844e-01
5.100000000000000000e+01 4.547089462108269142e-01
5.300000000000000000e+01 4.563904833140670636e-01
5.500000000000000000e+01 4.581930232874195097e-01
5.700000000000000000e+01 4.601025758153305389e-01
5.900000000000000000e+01 4.621222287748022461e-01
6.100000000000000000e+01 4.642437439184448067e-01
6.300000000000000000e+01 4.664590191482730352e-01
6.500000000000000000e+01 4.687651896082021263e-01
6.700000000000000000e+01 4.711529675204897405e-01
6.900000000000000000e+01 4.736278172425040234e-01
7.100000000000000000e+01 4.761764495605054215e-01
7.300000000000000000e+01 4.787828523548156578e-01
7.500000000000000000e+01 4.814137192799812226e-01
7.700000000000000000e+01 4.840650820154649425e-01
7.900000000000000000e+01 4.867370443239086297e-01
8.100000000000000000e+01 4.894291653162010647e-01
8.300000000000000000e+01 4.921328279199087552e-01
8.500000000000000000e+01 4.948260909951486264e-01
8.700000000000000000e+01 4.975100419061104784e-01
8.900000000000000000e+01 5.001776696366726505e-01
9.100000000000000000e+01 5.028275181303419883e-01
9.300000000000000000e+01 5.054584909744834764e-01
9.500000000000000000e+01 5.080584863878113699e-01
9.700000000000000000e+01 5.106311834525172344e-01
9.900000000000000000e+01 5.131808623920439683e-01
1.010000000000000000e+02 5.157168687724014156e-01
1.030000000000000000e+02 5.182462989582555801e-01
1.050000000000000000e+02 5.207615399689176083e-01
1.070000000000000000e+02 5.232472948094430976e-01
1.090000000000000000e+02 5.257123026400793986e-01
1.110000000000000000e+02 5.281594211581746023e-01
1.130000000000000000e+02 5.305850454947989014e-01
1.150000000000000000e+02 5.329918044837202995e-01
1.170000000000000000e+02 5.353689598037831843e-01
1.190000000000000000e+02 5.377157675498405176e-01
1.210000000000000000e+02 5.400226825048048962e-01
1.230000000000000000e+02 5.422810015039399856e-01
1.250000000000000000e+02 5.444913516519842567e-01
1.270000000000000000e+02 5.466861872944188683e-01
1.290000000000000000e+02 5.488662033869560197e-01
1.310000000000000000e+02 5.510093370378320587e-01
1.330000000000000000e+02 5.531197711312840770e-01
1.350000000000000000e+02 5.551820179221667040e-01
1.370000000000000000e+02 5.572055536221427463e-01
1.390000000000000000e+02 5.591927484369909607e-01
1.410000000000000000e+02 5.611248734507798819e-01
1.430000000000000000e+02 5.629945894905374892e-01
1.450000000000000000e+02 5.647858033166686109e-01
1.470000000000000000e+02 5.665259146402217283e-01
1.490000000000000000e+02 5.682069729690684134e-01
