1.000000000000000000e+00 7.573964497041419941e-01
3.000000000000000000e+00 8.126258273764611628e-01
5.000000000000000000e+00 8.450848767939410644e-01
7.000000000000000000e+00 8.688177367580036670e-01
9.000000000000000000e+00 8.883528374615825562e-01
1.100000000000000000e+01 9.055020499710355608e-01
1.300000000000000000e+01 9.203028955980745440e-01
1.500000000000000000e+01 9.331457233066613455e-01
1.700000000000000000e+01 9.441517869824558318e-01
1.900000000000000000e+01 9.534931910866284444e-01
2.100000000000000000e+01 9.611717892876546765e-01
2.300000000000000000e+01 9.672924351880506366e-01
2.500000000000000000e+01 9.721097456280395344e-01
2.700000000000000000e+01 9.757028527138493779e-01
2.900000000000000000e+01 9.783718953500141202e-01
3.100000000000000000e+01 9.803948004738367583e-01
3.300000000000000000e+01 9.819725827337485446e-01
3.500000000000000000e+01 9.832246799365792489e-01
3.700000000000000000e+01 9.842262180111098768e-01
3.900000000000000000e+01 9.850682245081042732e-01
4.100000000000000000e+01 9.858677668908565339e-01
4.300000000000000000e+01 9.866656208832252917e-01
4.500000000000000000e+01 9.874539069327055163e-01
4.700000000000000000e+01 9.882136741476829078e-01
4.900000000000000000e+01 9.889548111878353476e-01
5.100000000000000000e+01 9.896628403173064470e-01
5.300000000000000000e+01 9.903195910917506062e-01
5.500000000000000000e+01 9.909311869185927213e-01
5.700000000000000000e+01 9.915096121181320443e-01
5.900000000000000000e+01 9.920610265161969865e-01
6.100000000000000000e+01 9.925928029166233291e-01
6.300000000000000000e+01 9.931031895778420493e-01
6.500000000000000000e+01 9.935769633165265624e-01
6.700000000000000000e+01 9.940202882751937308e-01
6.900000000000000000e+01 9.944333401152304353e-01
7.100000000000000000e+01 9.948186248135044707e-01
7.300000000000000000e+01 9.951701694194398096e-01
7.500000000000000000e+01 9.954952156694025778e-01
7.700000000000000000e+01 9.958001468945634205e-01
7.900000000000000000e+01 9.960916756247226722e-01
8.100000000000000000e+01 9.963744329057555582e-01
8.300000000000000000e+01 9.966330776856597851e-01
8.500000000000000000e+01 9.968695207961022486e-01
8.700000000000000000e+01 9.970836146931655319e-01
8.900000000000000000e+01 9.972646568510165066e-01
9.100000000000000000e+01 9.974169883575971784e-01
9.300000000000000000e+01 9.975456423577706566e-01
9.500000000000000000e+01 9.976543342091268585e-01
9.700000000000000000e+01 9.977144227415548627e-01
9.900000000000000000e+01 9.977428025843041448e-01
1.010000000000000000e+02 9.977497762125637770e-01
1.030000000000000000e+02 9.977525098474941956e-01
1.050000000000000000e+02 9.977664101877534719e-01
1.070000000000000000e+02 9.977831038737641212e-01
1.090000000000000000e+02 9.977999535511952178e-01
1.110000000000000000e+02 9.978170475399584793e-01
1.130000000000000000e+02 9.978355104248487484e-01
1.150000000000000000e+02 9.978513928874289673e-01
1.170000000000000000e+02 9.978648230518457618e-01
1.190000000000000000e+02 9.978736132132109971e-01
1.210000000000000000e+02 9.978731850952096138e-01
1.230000000000000000e+02 9.978646473907394343e-01
1.250000000000000000e+02 9.978492919714467835e-01
1.270000000000000000e+02 9.978320247927363607e-01
1.290000000000000000e+02 9.978143200546647495e-01
1.310000000000000000e+02 9.977976446614079675e-01
1.330000000000000000e+02 9.977849730669843265e-01
1.350000000000000000e+02 9.977778580667541197e-01
1.370000000000000000e+02 9.977778580667535646e-01
1.390000000000000000e+02 9.977778580667538977e-01
1.410000000000000000e+02 9.977778580667537867e-01
1.430000000000000000e+02 9.977778580667543418e-01
1.450000000000000000e+02 9.977778580667535646e-01
1.470000000000000000e+02 9.977778580667541197e-01
1.490000000000000000e+02 9.977778580667535646e-01
