1.000000000000000000e+00 2.357241491349200135e-01
3.000000000000000000e+00 2.662086478034013659e-01
5.000000000000000000e+00 2.806582097166933076e-01
7.000000000000000000e+00 2.890556353540175705e-01
9.000000000000000000e+00 2.952439767790010494e-01
1.100000000000000000e+01 3.005902446476264034e-01
1.300000000000000000e+01 3.055798811668436477e-01
1.500000000000000000e+01 3.104529368074639972e-01
1.700000000000000000e+01 3.152138880585044767e-01
1.900000000000000000e+01 3.198998430333706011e-01
2.100000000000000000e+01 3.245300514363977928e-01
2.300000000000000000e+01 3.291365109650160603e-01
2.500000000000000000e+01 3.337306863522373490e-01
2.700000000000000000e+01 3.383312517645008510e-01
2.900000000000000000e+01 3.429252085263541083e-01
3.100000000000000000e+01 3.475441058045841691e-01
3.300000000000000000e+01 3.521969215563334199e-01
3.500000000000000000e+01 3.568889448477537973e-01
3.700000000000000000e+01 3.616238306846351058e-01
3.900000000000000000e+01 3.664062469992132032e-01
4.100000000000000000e+01 3.712501914247772206e-01
4.300000000000000000e+01 3.761603711578074272e-01
4.500000000000000000e+01 3.811296745640585515e-01
4.700000000000000000e+01 3.861631585993444693e-01
4.900000000000000000e+01 3.912622215348550148e-01
5.100000000000000000e+01 3.964253171015378330e-01
5.300000000000000000e+01 4.016543595469712624e-01
5.500000000000000000e+01 4.069488873063804579e-01
5.700000000000000000e+01 4.123014801574224064e-01
5.900000000000000000e+01 4.177097418563978648e-01
6.100000000000000000e+01 4.231679439978536239e-01
6.300000000000000000e+01 4.286649555925364785e-01
6.500000000000000000e+01 4.341799491021091084e-01
6.700000000000000000e+01 4.397194818820612250e-01
6.900000000000000000e+01 4.453011131153041813e-01
7.100000000000000000e+01 4.509234695505901502e-01
7.300000000000000000e+01 4.565770938353618247e-01
7.500000000000000000e+01 4.622692830865899882e-01
7.700000000000000000e+01 4.679950194122121099e-01
7.900000000000000000e+01 4.737458562856150524e-01
8.100000000000000000e+01 4.795000734972012513e-01
8.300000000000000000e+01 4.852519796129733942e-01
8.500000000000000000e+01 4.909984411733661069e-01
8.700000000000000000e+01 4.967374216400030074e-01
8.900000000000000000e+01 5.024689089773599626e-01
9.100000000000000000e+01 5.081887170075327642e-01
9.300000000000000000e+01 5.138937718691756196e-01
9.500000000000000000e+01 5.195795385391741572e-01
9.700000000000000000e+01 5.252228477304450305e-01
9.900000000000000000e+01 5.308198417397647084e-01
1.010000000000000000e+02 5.363545204010415901e-01
1.030000000000000000e+02 5.418324992547557395e-01
1.050000000000000000e+02 5.472528062072199440e-01
1.070000000000000000e+02 5.526090759168243993e-01
1.090000000000000000e+02 5.578813161913960261e-01
1.110000000000000000e+02 5.630669959884953002e-01
1.130000000000000000e+02 5.681653296841564504e-01
1.150000000000000000e+02 5.731604445745971388e-01
1.170000000000000000e+02 5.780680359151366687e-01
1.190000000000000000e+02 5.828535603784357200e-01
1.210000000000000000e+02 5.875219971264724617e-01
1.230000000000000000e+02 5.920713533566899223e-01
1.250000000000000000e+02 5.965054587362241811e-01
1.270000000000000000e+02 6.008512143848313558e-01
1.290000000000000000e+02 6.051108790705962415e-01
1.310000000000000000e+02 6.092884604379171787e-01
1.330000000000000000e+02 6.133723067359413417e-01
1.350000000000000000e+02 6.173573069082296527e-01
1.370000000000000000e+02 6.212478107373391456e-01
1.390000000000000000e+02 6.250517477891643914e-01
1.410000000000000000e+02 6.287750686531574651e-01
1.430000000000000000e+02 6.324030215356281071e-01
1.450000000000000000e+02 6.359474856120335140e-01
1.470000000000000000e+02 6.394122112380443701e-01
1.490000000000000000e+02 6.428000128277251424e-01
