1.000000000000000000e+00 1.629979809917758704e-02
3.000000000000000000e+00 1.786356046442516554e-02
5.000000000000000000e+00 1.854831563081227319e-02
7.000000000000000000e+00 1.903447637337041254e-02
9.000000000000000000e+00 1.944770955459584894e-02
1.100000000000000000e+01 1.982047657460117573e-02
1.300000000000000000e+01 2.018448497688785093e-02
1.500000000000000000e+01 2.056537520804879726e-02
1.700000000000000000e+01 2.097182849947620831e-02
1.900000000000000000e+01 2.140222190973639638e-02
2.100000000000000000e+01 2.185607739927930560e-02
2.300000000000000000e+01 2.233173549303502092e-02
2.500000000000000000e+01 2.282667237651958558e-02
2.700000000000000000e+01 2.333796398365584057e-02
2.900000000000000000e+01 2.386012533126902202e-02
3.100000000000000000e+01 2.438920802583977032e-02
3.300000000000000000e+01 2.492227126991086728e-02
3.500000000000000000e+01 2.545680199510980124e-02
3.700000000000000000e+01 2.599128080131885010e-02
3.900000000000000000e+01 2.652579952338174341e-02
4.100000000000000000e+01 2.706060087758055399e-02
4.300000000000000000e+01 2.759560981830289084e-02
4.500000000000000000e+01 2.813185975377507919e-02
4.700000000000000000e+01 2.867000817714382421e-02
4.900000000000000000e+01 2.921046214171807431e-02
5.100000000000000000e+01 2.975302477961605518e-02
5.300000000000000000e+01 3.029748998922321412e-02
5.500000000000000000e+01 3.084344043678199920e-02
5.700000000000000000e+01 3.139024633842912859e-02
5.900000000000000000e+01 3.193800471179442102e-02
6.100000000000000000e+01 3.248698931970750436e-02
6.300000000000000000e+01 3.303703304824034959e-02
6.500000000000000000e+01 3.358781377428310400e-02
6.700000000000000000e+01 3.413879332448943593e-02
6.900000000000000000e+01 3.468951827808486321e-02
7.100000000000000000e+01 3.523971543533022110e-02
7.300000000000000000e+01 3.578935662437610077e-02
7.500000000000000000e+01 3.633818875766958723e-02
7.700000000000000000e+01 3.688596695522672331e-02
7.900000000000000000e+01 3.743265285522123786e-02
8.100000000000000000e+01 3.797812749470719229e-02
8.300000000000000000e+01 3.852215975735251430e-02
8.500000000000000000e+01 3.906417739840228887e-02
8.700000000000000000e+01 3.960388773255130168e-02
8.900000000000000000e+01 4.014122093096650357e-02
9.100000000000000000e+01 4.067604649464207078e-02
9.300000000000000000e+01 4.120805309702724184e-02
9.500000000000000000e+01 4.173704417095602803e-02
9.700000000000000000e+01 4.226259830271861251e-02
9.900000000000000000e+01 4.278445625996551982e-02
1.010000000000000000e+02 4.330232072854223180e-02
1.030000000000000000e+02 4.381586732412645624e-02
1.050000000000000000e+02 4.432474558989674129e-02
1.070000000000000000e+02 4.482881608829603071e-02
1.090000000000000000e+02 4.532790478403814216e-02
1.110000000000000000e+02 4.582181793171147266e-02
1.130000000000000000e+02 4.631038895195982441e-02
1.150000000000000000e+02 4.679339437302776350e-02
1.170000000000000000e+02 4.727078507577953115e-02
1.190000000000000000e+02 4.774260042784428393e-02
1.210000000000000000e+02 4.820890481045314591e-02
1.230000000000000000e+02 4.866970476346665908e-02
1.250000000000000000e+02 4.912516148883983025e-02
1.270000000000000000e+02 4.957547718729360398e-02
1.290000000000000000e+02 5.002081183610029846e-02
1.310000000000000000e+02 5.046135311864541340e-02
1.330000000000000000e+02 5.089721673169733673e-02
1.350000000000000000e+02 5.132848933721545492e-02
1.370000000000000000e+02 5.175523200346854313e-02
1.390000000000000000e+02 5.217763931006225153e-02
1.410000000000000000e+02 5.259593928390182693e-02
1.430000000000000000e+02 5.301029071198692932e-02
1.450000000000000000e+02 5.342085600848189841e-02
1.470000000000000000e+02 5.382778335916527102e-02
1.490000000000000000e+02 5.423155225513298650e-02
