1.000000000000000000e+00 1.603707430104572840e-02
3.000000000000000000e+00 1.642052043633301928e-02
5.000000000000000000e+00 1.666374116935409599e-02
7.000000000000000000e+00 1.686240008686124003e-02
9.000000000000000000e+00 1.704096573008395676e-02
1.100000000000000000e+01 1.720267382235662890e-02
1.300000000000000000e+01 1.734362243888232236e-02
1.500000000000000000e+01 1.746523852348946804e-02
1.700000000000000000e+01 1.757096861897267104e-02
1.900000000000000000e+01 1.766413968277502633e-02
2.100000000000000000e+01 1.774395691172525602e-02
2.300000000000000000e+01 1.781129295950834024e-02
2.500000000000000000e+01 1.786896605436150143e-02
2.700000000000000000e+01 1.791889324952689044e-02
2.900000000000000000e+01 1.796220135322279532e-02
3.100000000000000000e+01 1.799770095830355299e-02
3.300000000000000000e+01 1.802543280074442311e-02
3.500000000000000000e+01 1.804590888136026194e-02
3.700000000000000000e+01 1.805883968004962092e-02
3.900000000000000000e+01 1.806461047233542949e-02
4.100000000000000000e+01 1.806387815625265514e-02
4.300000000000000000e+01 1.805696025801006854e-02
4.500000000000000000e+01 1.804500352542282027e-02
4.700000000000000000e+01 1.802783762991899685e-02
4.900000000000000000e+01 1.800602759982106171e-02
5.100000000000000000e+01 1.798013180243640541e-02
5.300000000000000000e+01 1.795037170173929830e-02
5.500000000000000000e+01 1.791713351528367859e-02
5.700000000000000000e+01 1.788137097652586771e-02
5.900000000000000000e+01 1.784311649860736981e-02
6.100000000000000000e+01 1.780197456432219827e-02
6.300000000000000000e+01 1.775649395122991248e-02
6.500000000000000000e+01 1.770786770036891777e-02
6.700000000000000000e+01 1.765625457559694134e-02
6.900000000000000000e+01 1.760260781530997853e-02
7.100000000000000000e+01 1.754699690415195690e-02
7.300000000000000000e+01 1.748753067468689082e-02
7.500000000000000000e+01 1.742421838976682125e-02
7.700000000000000000e+01 1.735826155262609749e-02
7.900000000000000000e+01 1.729035643964682567e-02
8.100000000000000000e+01 1.722059273878340235e-02
8.300000000000000000e+01 1.714669944251268063e-02
8.500000000000000000e+01 1.707100944349426719e-02
8.700000000000000000e+01 1.699265990886655864e-02
8.900000000000000000e+01 1.691269897391411980e-02
9.100000000000000000e+01 1.683145936842456170e-02
9.300000000000000000e+01 1.674909762585974349e-02
9.500000000000000000e+01 1.666574247825503008e-02
9.700000000000000000e+01 1.658199270601901087e-02
9.900000000000000000e+01 1.649787568994176556e-02
1.010000000000000000e+02 1.641283268983206867e-02
1.030000000000000000e+02 1.632707239152531020e-02
1.050000000000000000e+02 1.624017411596301308e-02
1.070000000000000000e+02 1.615278317736623670e-02
1.090000000000000000e+02 1.606561170168430142e-02
1.110000000000000000e+02 1.597878216171022547e-02
1.130000000000000000e+02 1.589217644949392216e-02
1.150000000000000000e+02 1.580594648097766175e-02
1.170000000000000000e+02 1.571861267748320135e-02
1.190000000000000000e+02 1.562922354457996210e-02
1.210000000000000000e+02 1.553952444615880335e-02
1.230000000000000000e+02 1.544965074228199509e-02
1.250000000000000000e+02 1.536091531987249237e-02
1.270000000000000000e+02 1.527238424607324507e-02
1.290000000000000000e+02 1.518444604287827460e-02
1.310000000000000000e+02 1.509731589623342085e-02
1.330000000000000000e+02 1.501103980005169536e-02
1.350000000000000000e+02 1.492465727743430559e-02
1.370000000000000000e+02 1.483825622212964213e-02
1.390000000000000000e+02 1.475216475373930525e-02
1.410000000000000000e+02 1.466654262245314921e-02
1.430000000000000000e+02 1.458145802797261581e-02
1.450000000000000000e+02 1.449649403083475008e-02
1.470000000000000000e+02 1.441217874581035563e-02
1.490000000000000000e+02 1.432852840885223689e-02
