1.000000000000000000e+00 2.459429210968102630e-01
3.000000000000000000e+00 2.766029059243676480e-01
5.000000000000000000e+00 2.900096928355395676e-01
7.000000000000000000e+00 2.968218188731633900e-01
9.000000000000000000e+00 3.011894152466716434e-01
1.100000000000000000e+01 3.045766133148305466e-01
1.300000000000000000e+01 3.074356789898062825e-01
1.500000000000000000e+01 3.099301846874331634e-01
1.700000000000000000e+01 3.121809904357253362e-01
1.900000000000000000e+01 3.142699418367485009e-01
2.100000000000000000e+01 3.162949487922883662e-01
2.300000000000000000e+01 3.182936737421463436e-01
2.500000000000000000e+01 3.202957118404385906e-01
2.700000000000000000e+01 3.223065656556998171e-01
2.900000000000000000e+01 3.243542515287310968e-01
3.100000000000000000e+01 3.264728648442760672e-01
3.300000000000000000e+01 3.287039802767480756e-01
3.500000000000000000e+01 3.310659080076290284e-01
3.700000000000000000e+01 3.335582921785431587e-01
3.900000000000000000e+01 3.361847159926405482e-01
4.100000000000000000e+01 3.389517036071370004e-01
4.300000000000000000e+01 3.418609483043182351e-01
4.500000000000000000e+01 3.448716538802988341e-01
4.700000000000000000e+01 3.479869451192681984e-01
4.900000000000000000e+01 3.512080502668225579e-01
5.100000000000000000e+01 3.545297780437852708e-01
5.300000000000000000e+01 3.579533244529167213e-01
5.500000000000000000e+01 3.614738930417487062e-01
5.700000000000000000e+01 3.650861835600982541e-01
5.900000000000000000e+01 3.688142209986183806e-01
6.100000000000000000e+01 3.726382483403636314e-01
6.300000000000000000e+01 3.765389019091481826e-01
6.500000000000000000e+01 3.805235710295700180e-01
6.700000000000000000e+01 3.845900385291658452e-01
6.900000000000000000e+01 3.887338944436743438e-01
7.100000000000000000e+01 3.929549825101993354e-01
7.300000000000000000e+01 3.972429254773969243e-01
7.500000000000000000e+01 4.016134484180248210e-01
7.700000000000000000e+01 4.060654750237479016e-01
7.900000000000000000e+01 4.105929801167658155e-01
8.100000000000000000e+01 4.151938166063430247e-01
8.300000000000000000e+01 4.198615353620595014e-01
8.500000000000000000e+01 4.245904283502898169e-01
8.700000000000000000e+01 4.293806745150541282e-01
8.900000000000000000e+01 4.342291066680323830e-01
9.100000000000000000e+01 4.391510044142883373e-01
9.300000000000000000e+01 4.441518228873989615e-01
9.500000000000000000e+01 4.492361186390296801e-01
9.700000000000000000e+01 4.543856347547481356e-01
9.900000000000000000e+01 4.596003746167363069e-01
1.010000000000000000e+02 4.648758322384421993e-01
1.030000000000000000e+02 4.702052901241291494e-01
1.050000000000000000e+02 4.755987815625136728e-01
1.070000000000000000e+02 4.810532848454376342e-01
1.090000000000000000e+02 4.865823371830342303e-01
1.110000000000000000e+02 4.921805457118075822e-01
1.130000000000000000e+02 4.978506034838299232e-01
1.150000000000000000e+02 5.035875576627386607e-01
1.170000000000000000e+02 5.093635056943648376e-01
1.190000000000000000e+02 5.151747752782729339e-01
1.210000000000000000e+02 5.210142605842806862e-01
1.230000000000000000e+02 5.268791043885338032e-01
1.250000000000000000e+02 5.327547141304984635e-01
1.270000000000000000e+02 5.386539859935710606e-01
1.290000000000000000e+02 5.445687796995556385e-01
1.310000000000000000e+02 5.504860694399752452e-01
1.330000000000000000e+02 5.563974758123735320e-01
1.350000000000000000e+02 5.622882444936979640e-01
1.370000000000000000e+02 5.681495714792794693e-01
1.390000000000000000e+02 5.739603365926539968e-01
1.410000000000000000e+02 5.797230897586576059e-01
1.430000000000000000e+02 5.854403948127266943e-01
1.450000000000000000e+02 5.911088542301962123e-01
1.470000000000000000e+02 5.967225616114653075e-01
1.490000000000000000e+02 6.022788737839324114e-01
