1.000000000000000000e+00 4.938333752831612911e-01
3.000000000000000000e+00 5.572750597186586496e-01
5.000000000000000000e+00 5.886820808174003661e-01
7.000000000000000000e+00 6.097671532716315568e-01
9.000000000000000000e+00 6.277323755671495586e-01
1.100000000000000000e+01 6.445199401909382786e-01
1.300000000000000000e+01 6.602498671023612209e-01
1.500000000000000000e+01 6.750703368745075705e-01
1.700000000000000000e+01 6.889412115145139293e-01
1.900000000000000000e+01 7.017206240937923223e-01
2.100000000000000000e+01 7.135453052654165962e-01
2.300000000000000000e+01 7.243452058745307731e-01
2.500000000000000000e+01 7.341253534490228549e-01
2.700000000000000000e+01 7.428989790918451019e-01
2.900000000000000000e+01 7.505427135635469593e-01
3.100000000000000000e+01 7.572282655025517339e-01
3.300000000000000000e+01 7.630933263179843218e-01
3.500000000000000000e+01 7.683931754260258096e-01
3.700000000000000000e+01 7.732689751014725221e-01
3.900000000000000000e+01 7.777745262643278590e-01
4.100000000000000000e+01 7.818488878485945204e-01
4.300000000000000000e+01 7.856200819783552003e-01
4.500000000000000000e+01 7.891492405883204775e-01
4.700000000000000000e+01 7.924791323770327134e-01
4.900000000000000000e+01 7.956302268381052478e-01
5.100000000000000000e+01 7.986087994898716236e-01
5.300000000000000000e+01 8.014697651720479321e-01
5.500000000000000000e+01 8.042623067292362649e-01
5.700000000000000000e+01 8.070017949084742348e-01
5.900000000000000000e+01 8.097228477752003162e-01
6.100000000000000000e+01 8.123208204738232574e-01
6.300000000000000000e+01 8.148078464936283627e-01
6.500000000000000000e+01 8.171686690239221562e-01
6.700000000000000000e+01 8.193938097822924815e-01
6.900000000000000000e+01 8.214576506636738218e-01
7.100000000000000000e+01 8.233772284486551296e-01
7.300000000000000000e+01 8.251490515382353674e-01
7.500000000000000000e+01 8.267949954437261439e-01
7.700000000000000000e+01 8.283394790356573001e-01
7.900000000000000000e+01 8.298128402865270203e-01
8.100000000000000000e+01 8.312048928200883591e-01
8.300000000000000000e+01 8.325172902673166897e-01
8.500000000000000000e+01 8.337546803177465771e-01
8.700000000000000000e+01 8.349469198978968221e-01
8.900000000000000000e+01 8.361247850952133742e-01
9.100000000000000000e+01 8.372338437681056122e-01
9.300000000000000000e+01 8.382787294911774323e-01
9.500000000000000000e+01 8.392087189377235301e-01
9.700000000000000000e+01 8.400210858516738988e-01
9.900000000000000000e+01 8.407481609624640750e-01
1.010000000000000000e+02 8.414442266759536437e-01
1.030000000000000000e+02 8.421456169129927227e-01
1.050000000000000000e+02 8.428381712384209745e-01
1.070000000000000000e+02 8.434630020115119198e-01
1.090000000000000000e+02 8.440165034454594206e-01
1.110000000000000000e+02 8.444985702377907355e-01
1.130000000000000000e+02 8.449333241852401422e-01
1.150000000000000000e+02 8.453317337229446782e-01
1.170000000000000000e+02 8.456834611774241006e-01
1.190000000000000000e+02 8.459192063366638425e-01
1.210000000000000000e+02 8.460570593386393945e-01
1.230000000000000000e+02 8.460899203560557913e-01
1.250000000000000000e+02 8.460103416160109635e-01
1.270000000000000000e+02 8.458563859984020716e-01
1.290000000000000000e+02 8.456016052765302771e-01
1.310000000000000000e+02 8.452645536359808531e-01
1.330000000000000000e+02 8.448672708818554256e-01
1.350000000000000000e+02 8.444304349923407171e-01
1.370000000000000000e+02 8.440561157936604664e-01
1.390000000000000000e+02 8.437401336292777998e-01
1.410000000000000000e+02 8.434537784940751015e-01
1.430000000000000000e+02 8.432021608886330899e-01
1.450000000000000000e+02 8.429443652157989630e-01
1.470000000000000000e+02 8.426954255993439613e-01
1.490000000000000000e+02 8.424650012736959459e-01
