1.000000000000000000e+00 0.000000000000000000e+00
3.000000000000000000e+00 0.000000000000000000e+00
5.000000000000000000e+00 0.000000000000000000e+00
7.000000000000000000e+00 0.000000000000000000e+00
9.000000000000000000e+00 0.000000000000000000e+00
1.100000000000000000e+01 0.000000000000000000e+00
1.300000000000000000e+01 0.000000000000000000e+00
1.500000000000000000e+01 0.000000000000000000e+00
1.700000000000000000e+01 0.000000000000000000e+00
1.900000000000000000e+01 0.000000000000000000e+00
2.100000000000000000e+01 0.000000000000000000e+00
2.300000000000000000e+01 0.000000000000000000e+00
2.500000000000000000e+01 0.000000000000000000e+00
2.700000000000000000e+01 0.000000000000000000e+00
2.900000000000000000e+01 0.000000000000000000e+00
3.100000000000000000e+01 4.187839062197440398e-07
3.300000000000000000e+01 2.733101257534897854e-06
3.500000000000000000e+01 7.440667148306268075e-06
3.700000000000000000e+01 1.455986157627986444e-05
3.900000000000000000e+01 2.413579998727932718e-05
4.100000000000000000e+01 3.561647321570493574e-05
4.300000000000000000e+01 4.808015555091138538e-05
4.500000000000000000e+01 6.072011594127069145e-05
4.700000000000000000e+01 7.308662615934657936e-05
4.900000000000000000e+01 8.488911883641758749e-05
5.100000000000000000e+01 9.597151769324963055e-05
5.300000000000000000e+01 1.062675952646641164e-04
5.500000000000000000e+01 1.157774351457918627e-04
5.700000000000000000e+01 1.245730129149080767e-04
5.900000000000000000e+01 1.327347149727708953e-04
6.100000000000000000e+01 1.403620228345170418e-04
6.300000000000000000e+01 1.475480681372154379e-04
6.500000000000000000e+01 1.543983344114430167e-04
6.700000000000000000e+01 1.610060466109564103e-04
6.900000000000000000e+01 1.674434681672165581e-04
7.100000000000000000e+01 1.737983904525064460e-04
7.300000000000000000e+01 1.801656193285428031e-04
7.500000000000000000e+01 1.866238740485526293e-04
7.700000000000000000e+01 1.932432862049582312e-04
7.900000000000000000e+01 2.000834364821457712e-04
8.100000000000000000e+01 2.071721020386885215e-04
8.300000000000000000e+01 2.144772518257731519e-04
8.500000000000000000e+01 2.219438355965941412e-04
8.700000000000000000e+01 2.295089323371968248e-04
8.900000000000000000e+01 2.371019028121201799e-04
9.100000000000000000e+01 2.446473662927051151e-04
9.300000000000000000e+01 2.520687097716800551e-04
9.500000000000000000e+01 2.592888893429012853e-04
9.700000000000000000e+01 2.662421629522349065e-04
9.900000000000000000e+01 2.728715289700422986e-04
1.010000000000000000e+02 2.791139875978343454e-04
1.030000000000000000e+02 2.849431566265270277e-04
1.050000000000000000e+02 2.903676857387571530e-04
1.070000000000000000e+02 2.953917742199996255e-04
1.090000000000000000e+02 3.000176047419644831e-04
1.110000000000000000e+02 3.042491253235635185e-04
1.130000000000000000e+02 3.080926273627548895e-04
1.150000000000000000e+02 3.115571667249295018e-04
1.170000000000000000e+02 3.146608319287702571e-04
1.190000000000000000e+02 3.174307992640512666e-04
1.210000000000000000e+02 3.198950867467909021e-04
1.230000000000000000e+02 3.220813961823942861e-04
1.250000000000000000e+02 3.240230587282511010e-04
1.270000000000000000e+02 3.257559947654753429e-04
1.290000000000000000e+02 3.273159670320602288e-04
1.310000000000000000e+02 3.287378571845689379e-04
1.330000000000000000e+02 3.300558775142237167e-04
1.350000000000000000e+02 3.312506876828047453e-04
1.370000000000000000e+02 3.323502886777296439e-04
1.390000000000000000e+02 3.333818050859083115e-04
1.410000000000000000e+02 3.343305529721618541e-04
1.430000000000000000e+02 3.352104477817308137e-04
1.450000000000000000e+02 3.360396903241413824e-04
1.470000000000000000e+02 3.368395201371887637e-04
1.490000000000000000e+02 3.376195868912690301e-04
