1.000000000000000000e+00 1.409514764289410138e-02
3.000000000000000000e+00 1.435019154656191898e-02
5.000000000000000000e+00 1.447244577515960362e-02
7.000000000000000000e+00 1.455302911993627824e-02
9.000000000000000000e+00 1.460796442378597959e-02
1.100000000000000000e+01 1.463593326937029371e-02
1.300000000000000000e+01 1.464029917291576055e-02
1.500000000000000000e+01 1.463391480253339871e-02
1.700000000000000000e+01 1.462559215836456428e-02
1.900000000000000000e+01 1.461593482462220095e-02
2.100000000000000000e+01 1.460555941536678670e-02
2.300000000000000000e+01 1.459496810525917621e-02
2.500000000000000000e+01 1.458344713739467835e-02
2.700000000000000000e+01 1.457573147143964576e-02
2.900000000000000000e+01 1.457146383672380807e-02
3.100000000000000000e+01 1.456756949149451419e-02
3.300000000000000000e+01 1.456386420867639142e-02
3.500000000000000000e+01 1.456071981859186071e-02
3.700000000000000000e+01 1.455717990595051248e-02
3.900000000000000000e+01 1.455482034597077590e-02
4.100000000000000000e+01 1.455295845593951309e-02
4.300000000000000000e+01 1.454963112481832965e-02
4.500000000000000000e+01 1.454420313085802441e-02
4.700000000000000000e+01 1.453574090666542862e-02
4.900000000000000000e+01 1.452577241722641244e-02
5.100000000000000000e+01 1.451394558759078190e-02
5.300000000000000000e+01 1.449900572769302620e-02
5.500000000000000000e+01 1.448067471491043534e-02
5.700000000000000000e+01 1.445902370570084639e-02
5.900000000000000000e+01 1.443343158933907411e-02
6.100000000000000000e+01 1.440409089052496761e-02
6.300000000000000000e+01 1.437240698453878807e-02
6.500000000000000000e+01 1.433842734478674164e-02
6.700000000000000000e+01 1.430181600917501683e-02
6.900000000000000000e+01 1.426011186981557266e-02
7.100000000000000000e+01 1.421626786610474813e-02
7.300000000000000000e+01 1.417038990280206079e-02
7.500000000000000000e+01 1.412277813357698530e-02
7.700000000000000000e+01 1.407374983293463444e-02
7.900000000000000000e+01 1.402415418073377218e-02
8.100000000000000000e+01 1.397349663918456830e-02
8.300000000000000000e+01 1.392107726263924761e-02
8.500000000000000000e+01 1.386681365445663339e-02
8.700000000000000000e+01 1.381105178903163644e-02
8.900000000000000000e+01 1.375574371938648177e-02
9.100000000000000000e+01 1.370108717948137489e-02
9.300000000000000000e+01 1.364686743037180072e-02
9.500000000000000000e+01 1.359344524303562896e-02
9.700000000000000000e+01 1.354081969971288046e-02
9.900000000000000000e+01 1.348857753548848848e-02
1.010000000000000000e+02 1.343683665525086113e-02
1.030000000000000000e+02 1.338618892014997730e-02
1.050000000000000000e+02 1.333593400358834558e-02
1.070000000000000000e+02 1.328614890117796321e-02
1.090000000000000000e+02 1.323716826317977713e-02
1.110000000000000000e+02 1.318956874140175817e-02
1.130000000000000000e+02 1.314329887485077286e-02
1.150000000000000000e+02 1.309713015900348942e-02
1.170000000000000000e+02 1.305201261704769244e-02
1.190000000000000000e+02 1.300775164486989155e-02
1.210000000000000000e+02 1.296429442826063649e-02
1.230000000000000000e+02 1.292144015366214482e-02
1.250000000000000000e+02 1.287859475098718232e-02
1.270000000000000000e+02 1.283639542570635950e-02
1.290000000000000000e+02 1.279475092415560677e-02
1.310000000000000000e+02 1.275207176348758242e-02
1.330000000000000000e+02 1.270836720242729534e-02
1.350000000000000000e+02 1.266287353784345537e-02
1.370000000000000000e+02 1.261618735254765866e-02
1.390000000000000000e+02 1.256859056760539772e-02
1.410000000000000000e+02 1.252088359655278982e-02
1.430000000000000000e+02 1.247306066096753874e-02
1.450000000000000000e+02 1.242508531318864407e-02
1.470000000000000000e+02 1.237698505087414524e-02
1.490000000000000000e+02 1.232873664622347043e-02
