1.000000000000000000e+00 1.553114525603160878e-02
3.000000000000000000e+00 1.605011163388414541e-02
5.000000000000000000e+00 1.637245578782797750e-02
7.000000000000000000e+00 1.662004555161211705e-02
9.000000000000000000e+00 1.681413564974287844e-02
1.100000000000000000e+01 1.697065283589682672e-02
1.300000000000000000e+01 1.710356329323314828e-02
1.500000000000000000e+01 1.721865178463910517e-02
1.700000000000000000e+01 1.731968981980624989e-02
1.900000000000000000e+01 1.740842720886870421e-02
2.100000000000000000e+01 1.748597997422862704e-02
2.300000000000000000e+01 1.755027807581843735e-02
2.500000000000000000e+01 1.760231094189268486e-02
2.700000000000000000e+01 1.764389999680027188e-02
2.900000000000000000e+01 1.767738052927980696e-02
3.100000000000000000e+01 1.770383230808258990e-02
3.300000000000000000e+01 1.772395574698804044e-02
3.500000000000000000e+01 1.773898998424205953e-02
3.700000000000000000e+01 1.775017955590374452e-02
3.900000000000000000e+01 1.775815735970365239e-02
4.100000000000000000e+01 1.776304263559069785e-02
4.300000000000000000e+01 1.776497320200753904e-02
4.500000000000000000e+01 1.776401468811750206e-02
4.700000000000000000e+01 1.776028147444519423e-02
4.900000000000000000e+01 1.775322872230400417e-02
5.100000000000000000e+01 1.774253576264495091e-02
5.300000000000000000e+01 1.772718065425826772e-02
5.500000000000000000e+01 1.770670000209395578e-02
5.700000000000000000e+01 1.768052716898016463e-02
5.900000000000000000e+01 1.764884050583614972e-02
6.100000000000000000e+01 1.761110887186490004e-02
6.300000000000000000e+01 1.756765530403292530e-02
6.500000000000000000e+01 1.751901784146303598e-02
6.700000000000000000e+01 1.746513495697554763e-02
6.900000000000000000e+01 1.740616341978629134e-02
7.100000000000000000e+01 1.734045030251873953e-02
7.300000000000000000e+01 1.726828556938087011e-02
7.500000000000000000e+01 1.719187363573115856e-02
7.700000000000000000e+01 1.711129541993439140e-02
7.900000000000000000e+01 1.702643886140897678e-02
8.100000000000000000e+01 1.693804021723022135e-02
8.300000000000000000e+01 1.684591115808031780e-02
8.500000000000000000e+01 1.675040837603214428e-02
8.700000000000000000e+01 1.665286266943277749e-02
8.900000000000000000e+01 1.655199225039682975e-02
9.100000000000000000e+01 1.644930177968995100e-02
9.300000000000000000e+01 1.634434153948316482e-02
9.500000000000000000e+01 1.623830411680293739e-02
9.700000000000000000e+01 1.613146954081856599e-02
9.900000000000000000e+01 1.602338801602765095e-02
1.010000000000000000e+02 1.591374536823242369e-02
1.030000000000000000e+02 1.580368919422325824e-02
1.050000000000000000e+02 1.569243832802591498e-02
1.070000000000000000e+02 1.558171314746559233e-02
1.090000000000000000e+02 1.547075444919787657e-02
1.110000000000000000e+02 1.535980572230710717e-02
1.130000000000000000e+02 1.525026618001756873e-02
1.150000000000000000e+02 1.514240626029617065e-02
1.170000000000000000e+02 1.503545821519003400e-02
1.190000000000000000e+02 1.492951934775410550e-02
1.210000000000000000e+02 1.482509149439792395e-02
1.230000000000000000e+02 1.472268159538758781e-02
1.250000000000000000e+02 1.462154458684572500e-02
1.270000000000000000e+02 1.452092438121466156e-02
1.290000000000000000e+02 1.442094113060599092e-02
1.310000000000000000e+02 1.432207109383443200e-02
1.330000000000000000e+02 1.422443438787723835e-02
1.350000000000000000e+02 1.412806691916412838e-02
1.370000000000000000e+02 1.403315232004709312e-02
1.390000000000000000e+02 1.393891125443547097e-02
1.410000000000000000e+02 1.384590981681943500e-02
1.430000000000000000e+02 1.375498476399839021e-02
1.450000000000000000e+02 1.366678050604808181e-02
1.470000000000000000e+02 1.358054610873404844e-02
1.490000000000000000e+02 1.349623314982095756e-02
