1.000000000000000000e+00 2.735918068763720790e-02
3.000000000000000000e+00 4.723786435463328548e-02
5.000000000000000000e+00 6.083895238364867009e-02
7.000000000000000000e+00 6.794911600548392272e-02
9.000000000000000000e+00 7.136724310112729786e-02
1.100000000000000000e+01 7.286923015158874861e-02
1.300000000000000000e+01 7.332538039592673140e-02
1.500000000000000000e+01 7.316705517387600555e-02
1.700000000000000000e+01 7.262381335723933073e-02
1.900000000000000000e+01 7.190763605702088501e-02
2.100000000000000000e+01 7.112175498040929078e-02
2.300000000000000000e+01 7.032374636818883307e-02
2.500000000000000000e+01 6.956764426410033675e-02
2.700000000000000000e+01 6.887736972818059300e-02
2.900000000000000000e+01 6.823413287571733488e-02
3.100000000000000000e+01 6.764805624075931334e-02
3.300000000000000000e+01 6.712758772124749473e-02
3.500000000000000000e+01 6.667575978960327276e-02
3.700000000000000000e+01 6.628632659732569543e-02
3.900000000000000000e+01 6.594381355177347803e-02
4.100000000000000000e+01 6.563756030164769051e-02
4.300000000000000000e+01 6.535179938130186716e-02
4.500000000000000000e+01 6.508829532883109170e-02
4.700000000000000000e+01 6.484057300938272927e-02
4.900000000000000000e+01 6.461385097799365873e-02
5.100000000000000000e+01 6.439642462044570248e-02
5.300000000000000000e+01 6.419000502502159033e-02
5.500000000000000000e+01 6.398558438802337545e-02
5.700000000000000000e+01 6.377806965401899841e-02
5.900000000000000000e+01 6.356504910554583443e-02
6.100000000000000000e+01 6.334328691023505264e-02
6.300000000000000000e+01 6.311584547685777924e-02
6.500000000000000000e+01 6.288114101300312786e-02
6.700000000000000000e+01 6.263714550762833344e-02
6.900000000000000000e+01 6.238737846469433190e-02
7.100000000000000000e+01 6.213193985747667014e-02
7.300000000000000000e+01 6.186960162364951721e-02
7.500000000000000000e+01 6.159855507412592690e-02
7.700000000000000000e+01 6.131912146371010230e-02
7.900000000000000000e+01 6.103030796894426402e-02
8.100000000000000000e+01 6.073009595406075878e-02
8.300000000000000000e+01 6.041730659993882480e-02
8.500000000000000000e+01 6.009199700478751183e-02
8.700000000000000000e+01 5.976199368422230318e-02
8.900000000000000000e+01 5.942336289768146429e-02
9.100000000000000000e+01 5.907654833654829574e-02
9.300000000000000000e+01 5.871988957436968803e-02
9.500000000000000000e+01 5.835631804984919846e-02
9.700000000000000000e+01 5.799084354974848310e-02
9.900000000000000000e+01 5.762256669152587829e-02
1.010000000000000000e+02 5.725277898480296557e-02
1.030000000000000000e+02 5.687957274743415947e-02
1.050000000000000000e+02 5.650613466982679078e-02
1.070000000000000000e+02 5.613549953049568053e-02
1.090000000000000000e+02 5.576841640841645464e-02
1.110000000000000000e+02 5.540489411964011346e-02
1.130000000000000000e+02 5.504601477542825361e-02
1.150000000000000000e+02 5.468800099856230279e-02
1.170000000000000000e+02 5.433027158045422578e-02
1.190000000000000000e+02 5.397341778455333472e-02
1.210000000000000000e+02 5.362270949061964664e-02
1.230000000000000000e+02 5.327979357183498799e-02
1.250000000000000000e+02 5.294458467689888703e-02
1.270000000000000000e+02 5.261416556082276763e-02
1.290000000000000000e+02 5.228839236515059330e-02
1.310000000000000000e+02 5.196731728638537273e-02
1.330000000000000000e+02 5.165501532774874338e-02
1.350000000000000000e+02 5.135094179086308053e-02
1.370000000000000000e+02 5.105569089286909890e-02
1.390000000000000000e+02 5.076734611636302130e-02
1.410000000000000000e+02 5.048514433557482750e-02
1.430000000000000000e+02 5.020827271447325657e-02
1.450000000000000000e+02 4.993650769641722054e-02
1.470000000000000000e+02 4.967123400306527881e-02
1.490000000000000000e+02 4.941061825425785425e-02
