1.000000000000000000e+00 1.669847328244278284e-02
3.000000000000000000e+00 1.720950235059304223e-02
5.000000000000000000e+00 1.745325785381990347e-02
7.000000000000000000e+00 1.750589621170384191e-02
9.000000000000000000e+00 1.749470293673471843e-02
1.100000000000000000e+01 1.750099639717495048e-02
1.300000000000000000e+01 1.754410365825431750e-02
1.500000000000000000e+01 1.762474877249076144e-02
1.700000000000000000e+01 1.772466189255361702e-02
1.900000000000000000e+01 1.782295724170379625e-02
2.100000000000000000e+01 1.790814441322974293e-02
2.300000000000000000e+01 1.798029289564118116e-02
2.500000000000000000e+01 1.804926473607293413e-02
2.700000000000000000e+01 1.811928698754095013e-02
2.900000000000000000e+01 1.819481774142428510e-02
3.100000000000000000e+01 1.827919501520303136e-02
3.300000000000000000e+01 1.836839843993820498e-02
3.500000000000000000e+01 1.846184071604950461e-02
3.700000000000000000e+01 1.855748896989395380e-02
3.900000000000000000e+01 1.865465516072761787e-02
4.100000000000000000e+01 1.875261054649024484e-02
4.300000000000000000e+01 1.885152290425717858e-02
4.500000000000000000e+01 1.895121818688172421e-02
4.700000000000000000e+01 1.905077782825181920e-02
4.900000000000000000e+01 1.915066723677394389e-02
5.100000000000000000e+01 1.925022233843076691e-02
5.300000000000000000e+01 1.934941158985903353e-02
5.500000000000000000e+01 1.944753071429172753e-02
5.700000000000000000e+01 1.954434761040024782e-02
5.900000000000000000e+01 1.963935427905971753e-02
6.100000000000000000e+01 1.973596878058647697e-02
6.300000000000000000e+01 1.983317427944464306e-02
6.500000000000000000e+01 1.992747301278330330e-02
6.700000000000000000e+01 2.001695906026534910e-02
6.900000000000000000e+01 2.010507918780424230e-02
7.100000000000000000e+01 2.019155410806827700e-02
7.300000000000000000e+01 2.027637733779663609e-02
7.500000000000000000e+01 2.035929788085533154e-02
7.700000000000000000e+01 2.043966693680432378e-02
7.900000000000000000e+01 2.051241821883253991e-02
8.100000000000000000e+01 2.058207751993279544e-02
8.300000000000000000e+01 2.065155374179084014e-02
8.500000000000000000e+01 2.071780705084447227e-02
8.700000000000000000e+01 2.078104819104820145e-02
8.900000000000000000e+01 2.084129729517036900e-02
9.100000000000000000e+01 2.089916514084166899e-02
9.300000000000000000e+01 2.095570169497706914e-02
9.500000000000000000e+01 2.101113842806201504e-02
9.700000000000000000e+01 2.106330041918014206e-02
9.900000000000000000e+01 2.111236251563120003e-02
1.010000000000000000e+02 2.115859324736313329e-02
1.030000000000000000e+02 2.120136823732976517e-02
1.050000000000000000e+02 2.124251426010947963e-02
1.070000000000000000e+02 2.128339246289623343e-02
1.090000000000000000e+02 2.132441771049231605e-02
1.110000000000000000e+02 2.136697163647671704e-02
1.130000000000000000e+02 2.141109558207687780e-02
1.150000000000000000e+02 2.145479706369424200e-02
1.170000000000000000e+02 2.149777162923094398e-02
1.190000000000000000e+02 2.154007014027414790e-02
1.210000000000000000e+02 2.158325765651536443e-02
1.230000000000000000e+02 2.162702879827682612e-02
1.250000000000000000e+02 2.167159773154958557e-02
1.270000000000000000e+02 2.171429486617859617e-02
1.290000000000000000e+02 2.175452387131737719e-02
1.310000000000000000e+02 2.179262055105724016e-02
1.330000000000000000e+02 2.183295747622537863e-02
1.350000000000000000e+02 2.187569600754979415e-02
1.370000000000000000e+02 2.192159774985058540e-02
1.390000000000000000e+02 2.196963925474149093e-02
1.410000000000000000e+02 2.201990688169808141e-02
1.430000000000000000e+02 2.207236650657307120e-02
1.450000000000000000e+02 2.212712050483456316e-02
1.470000000000000000e+02 2.218460105386688141e-02
1.490000000000000000e+02 2.224480986271626382e-02
