1.000000000000000000e+00 0.000000000000000000e+00
3.000000000000000000e+00 0.000000000000000000e+00
5.000000000000000000e+00 3.242612029441538368e-06
7.000000000000000000e+00 2.081329435643652914e-05
9.000000000000000000e+00 4.724727514004989359e-05
1.100000000000000000e+01 7.766096279770984268e-05
1.300000000000000000e+01 1.092975109423521829e-04
1.500000000000000000e+01 1.444158491410441059e-04
1.700000000000000000e+01 1.834010675970665361e-04
1.900000000000000000e+01 2.228683285532273572e-04
2.100000000000000000e+01 2.623497780147587832e-04
2.300000000000000000e+01 3.038714830690958379e-04
2.500000000000000000e+01 3.477388991146579400e-04
2.700000000000000000e+01 3.933064217669368645e-04
2.900000000000000000e+01 4.399911545042156646e-04
3.100000000000000000e+01 4.871456500510351617e-04
3.300000000000000000e+01 5.340766851070766208e-04
3.500000000000000000e+01 5.803506785422296588e-04
3.700000000000000000e+01 6.258889007427770323e-04
3.900000000000000000e+01 6.707079910135416156e-04
4.100000000000000000e+01 7.148030003546468336e-04
4.300000000000000000e+01 7.582074915454262154e-04
4.500000000000000000e+01 8.009984672908698755e-04
4.700000000000000000e+01 8.432206204653791559e-04
4.900000000000000000e+01 8.848555334094454494e-04
5.100000000000000000e+01 9.257788443889358732e-04
5.300000000000000000e+01 9.659575603274683786e-04
5.500000000000000000e+01 1.005415578021029432e-03
5.700000000000000000e+01 1.044133292920745859e-03
5.900000000000000000e+01 1.082072700891223427e-03
6.100000000000000000e+01 1.119125590620329014e-03
6.300000000000000000e+01 1.155277026722023592e-03
6.500000000000000000e+01 1.190615345598056152e-03
6.700000000000000000e+01 1.225330398865853709e-03
6.900000000000000000e+01 1.259599176950176869e-03
7.100000000000000000e+01 1.293531577519546616e-03
7.300000000000000000e+01 1.327205365971195761e-03
7.500000000000000000e+01 1.360692193983714660e-03
7.700000000000000000e+01 1.394033652551307512e-03
7.900000000000000000e+01 1.427278886463767549e-03
8.100000000000000000e+01 1.460429506012772549e-03
8.300000000000000000e+01 1.493419479968727259e-03
8.500000000000000000e+01 1.526204187342394825e-03
8.700000000000000000e+01 1.558777937892497079e-03
8.900000000000000000e+01 1.591148320585489273e-03
9.100000000000000000e+01 1.623273541146996735e-03
9.300000000000000000e+01 1.655116750379215240e-03
9.500000000000000000e+01 1.686682215982338029e-03
9.700000000000000000e+01 1.717981570952265002e-03
9.900000000000000000e+01 1.749031133974732199e-03
1.010000000000000000e+02 1.779861551844397205e-03
1.030000000000000000e+02 1.810495014040736095e-03
1.050000000000000000e+02 1.840928564324717520e-03
1.070000000000000000e+02 1.871127212849876820e-03
1.090000000000000000e+02 1.901049669953747134e-03
1.110000000000000000e+02 1.930705975191293611e-03
1.130000000000000000e+02 1.960113086522330406e-03
1.150000000000000000e+02 1.989302839811468715e-03
1.170000000000000000e+02 2.018276060850587861e-03
1.190000000000000000e+02 2.046999254943560054e-03
1.210000000000000000e+02 2.075479683969150280e-03
1.230000000000000000e+02 2.103734528715150986e-03
1.250000000000000000e+02 2.131789517460180861e-03
1.270000000000000000e+02 2.159675666266402949e-03
1.290000000000000000e+02 2.187429304500776439e-03
1.310000000000000000e+02 2.215096871518440480e-03
1.330000000000000000e+02 2.242727398430455210e-03
1.350000000000000000e+02 2.270352348253457109e-03
1.370000000000000000e+02 2.297987622211117298e-03
1.390000000000000000e+02 2.325626583945750170e-03
1.410000000000000000e+02 2.353267888156707066e-03
1.430000000000000000e+02 2.380901100550225635e-03
1.450000000000000000e+02 2.408505539452265864e-03
1.470000000000000000e+02 2.436084716517239457e-03
1.490000000000000000e+02 2.463649123414013431e-03
