1.000000000000000000e+00 1.799688679446442841e-02
3.000000000000000000e+00 1.841312001527017905e-02
5.000000000000000000e+00 1.862655919935896076e-02
7.000000000000000000e+00 1.878958891965809563e-02
9.000000000000000000e+00 1.890747231824074781e-02
1.100000000000000000e+01 1.900986493287237789e-02
1.300000000000000000e+01 1.911669191388665201e-02
1.500000000000000000e+01 1.923942433711434141e-02
1.700000000000000000e+01 1.937875985555015390e-02
1.900000000000000000e+01 1.953321496942928004e-02
2.100000000000000000e+01 1.969741732429997061e-02
2.300000000000000000e+01 1.986774842740601787e-02
2.500000000000000000e+01 2.004106131024252502e-02
2.700000000000000000e+01 2.021508705346464208e-02
2.900000000000000000e+01 2.039102299299799803e-02
3.100000000000000000e+01 2.057004050020039276e-02
3.300000000000000000e+01 2.075138047843361200e-02
3.500000000000000000e+01 2.093504494076059430e-02
3.700000000000000000e+01 2.112048507136343733e-02
3.900000000000000000e+01 2.130568592499126890e-02
4.100000000000000000e+01 2.148952760117162075e-02
4.300000000000000000e+01 2.167195166714908083e-02
4.500000000000000000e+01 2.185284729182634944e-02
4.700000000000000000e+01 2.203203796425390326e-02
4.900000000000000000e+01 2.220932952649767866e-02
5.100000000000000000e+01 2.238450124596425006e-02
5.300000000000000000e+01 2.255735454592278089e-02
5.500000000000000000e+01 2.272782761962777176e-02
5.700000000000000000e+01 2.289578110690648760e-02
5.900000000000000000e+01 2.306104816619480857e-02
6.100000000000000000e+01 2.322361017296303842e-02
6.300000000000000000e+01 2.338347279298869097e-02
6.500000000000000000e+01 2.354069177281992165e-02
6.700000000000000000e+01 2.369451160237134868e-02
6.900000000000000000e+01 2.384484464854796926e-02
7.100000000000000000e+01 2.399167123276357838e-02
7.300000000000000000e+01 2.413495439724711034e-02
7.500000000000000000e+01 2.427472629664284565e-02
7.700000000000000000e+01 2.441101382053101343e-02
7.900000000000000000e+01 2.454369500313291486e-02
8.100000000000000000e+01 2.467286266158696950e-02
8.300000000000000000e+01 2.479868182554134659e-02
8.500000000000000000e+01 2.492108777879686876e-02
8.700000000000000000e+01 2.503992055748793799e-02
8.900000000000000000e+01 2.515537541831547319e-02
9.100000000000000000e+01 2.526759393374311546e-02
9.300000000000000000e+01 2.537682166305721410e-02
9.500000000000000000e+01 2.548350764003959323e-02
9.700000000000000000e+01 2.558790609616479195e-02
9.900000000000000000e+01 2.568973791639972415e-02
1.010000000000000000e+02 2.578937803509195881e-02
1.030000000000000000e+02 2.588699908031899533e-02
1.050000000000000000e+02 2.598290736820096924e-02
1.070000000000000000e+02 2.607714420284990009e-02
1.090000000000000000e+02 2.616907248544664277e-02
1.110000000000000000e+02 2.625875783940623265e-02
1.130000000000000000e+02 2.634627718609849900e-02
1.150000000000000000e+02 2.643240960061921108e-02
1.170000000000000000e+02 2.651693477165739665e-02
1.190000000000000000e+02 2.659971142892836315e-02
1.210000000000000000e+02 2.668124543933236836e-02
1.230000000000000000e+02 2.676161342260618969e-02
1.250000000000000000e+02 2.684054263024648890e-02
1.270000000000000000e+02 2.691824773821871464e-02
1.290000000000000000e+02 2.699475047398347538e-02
1.310000000000000000e+02 2.706992162212573660e-02
1.330000000000000000e+02 2.714365379191552297e-02
1.350000000000000000e+02 2.721599975454414011e-02
1.370000000000000000e+02 2.728695623564159067e-02
1.390000000000000000e+02 2.735584365915955107e-02
1.410000000000000000e+02 2.742268269675351977e-02
1.430000000000000000e+02 2.748831220787706364e-02
1.450000000000000000e+02 2.755253340113172911e-02
1.470000000000000000e+02 2.761535028758321797e-02
1.490000000000000000e+02 2.767675940426317371e-02
