1.000000000000000000e+00 6.623452526433240006e-01
3.000000000000000000e+00 6.918695627539956927e-01
5.000000000000000000e+00 7.056927553845184775e-01
7.000000000000000000e+00 7.150335367639018003e-01
9.000000000000000000e+00 7.228410440037108531e-01
1.100000000000000000e+01 7.299482700029562565e-01
1.300000000000000000e+01 7.365873865634477990e-01
1.500000000000000000e+01 7.428814796707162715e-01
1.700000000000000000e+01 7.489095868581745474e-01
1.900000000000000000e+01 7.547330449542419828e-01
2.100000000000000000e+01 7.603985809251221362e-01
2.300000000000000000e+01 7.659287851749744247e-01
2.500000000000000000e+01 7.713440194966595387e-01
2.700000000000000000e+01 7.766651283890279034e-01
2.900000000000000000e+01 7.819056369266568218e-01
3.100000000000000000e+01 7.870702827630691178e-01
3.300000000000000000e+01 7.921592067361634681e-01
3.500000000000000000e+01 7.971702339966683093e-01
3.700000000000000000e+01 8.020975514132662187e-01
3.900000000000000000e+01 8.069354383016755783e-01
4.100000000000000000e+01 8.116783553433033482e-01
4.300000000000000000e+01 8.163229082369927170e-01
4.500000000000000000e+01 8.208644330471515094e-01
4.700000000000000000e+01 8.252951526560110551e-01
4.900000000000000000e+01 8.296106823831411736e-01
5.100000000000000000e+01 8.338069574180261290e-01
5.300000000000000000e+01 8.378813747572000370e-01
5.500000000000000000e+01 8.418326192020063603e-01
5.700000000000000000e+01 8.456581254457573582e-01
5.900000000000000000e+01 8.493587710405889890e-01
6.100000000000000000e+01 8.529341020855190081e-01
6.300000000000000000e+01 8.563851913181891318e-01
6.500000000000000000e+01 8.597149033342398328e-01
6.700000000000000000e+01 8.629247339524327431e-01
6.900000000000000000e+01 8.660193144312194891e-01
7.100000000000000000e+01 8.690025056634427258e-01
7.300000000000000000e+01 8.718798529713390755e-01
7.500000000000000000e+01 8.746530922841786460e-01
7.700000000000000000e+01 8.773246467851095742e-01
7.900000000000000000e+01 8.798954863136303484e-01
8.100000000000000000e+01 8.823693911963234049e-01
8.300000000000000000e+01 8.847506414589667578e-01
8.500000000000000000e+01 8.870435624306093336e-01
8.700000000000000000e+01 8.892513584936567739e-01
8.900000000000000000e+01 8.913762180054121131e-01
9.100000000000000000e+01 8.934208878132424703e-01
9.300000000000000000e+01 8.953877046454423727e-01
9.500000000000000000e+01 8.972782679633432013e-01
9.700000000000000000e+01 8.990948160026618341e-01
9.900000000000000000e+01 9.008393570816443097e-01
1.010000000000000000e+02 9.025137800296691992e-01
1.030000000000000000e+02 9.041206002513255680e-01
1.050000000000000000e+02 9.056619841183598529e-01
1.070000000000000000e+02 9.071404342753590644e-01
1.090000000000000000e+02 9.085584511358144599e-01
1.110000000000000000e+02 9.099189407150296560e-01
1.130000000000000000e+02 9.112246216753048245e-01
1.150000000000000000e+02 9.124774237774343488e-01
1.170000000000000000e+02 9.136800319558756600e-01
1.190000000000000000e+02 9.148350069563599973e-01
1.210000000000000000e+02 9.159459709910592329e-01
1.230000000000000000e+02 9.170131734702026138e-01
1.250000000000000000e+02 9.180405174646384392e-01
1.270000000000000000e+02 9.190311347947606180e-01
1.290000000000000000e+02 9.199838559510612468e-01
1.310000000000000000e+02 9.208997603111741537e-01
1.330000000000000000e+02 9.217830879492354690e-01
1.350000000000000000e+02 9.226376581846876812e-01
1.370000000000000000e+02 9.234612993319231133e-01
1.390000000000000000e+02 9.242590213405835753e-01
1.410000000000000000e+02 9.250292022611670273e-01
1.430000000000000000e+02 9.257715429622984660e-01
1.450000000000000000e+02 9.264890451312106645e-01
1.470000000000000000e+02 9.271842945526500568e-01
1.490000000000000000e+02 9.278601024364830918e-01
