0.000000000000000000e+00 3.591653341119940279e+01 3.517270940893131126e+01 1.000000000000000000e+00 nan nan
1.000000000000000000e+00 3.591653341119938858e+01 3.517407304529509560e+01 1.000000000000000000e+00 nan nan
2.000000000000000000e+00 3.591653341119939569e+01 3.517543668165887993e+01 nan nan nan
3.000000000000000000e+00 3.591653341119939569e+01 3.517680031802267138e+01 nan nan nan
4.000000000000000000e+00 3.591653341119938858e+01 3.517816395438644150e+01 nan 1.000000000000000000e+00 nan
5.000000000000000000e+00 3.591653341119940279e+01 3.517952759075021163e+01 nan 1.000000000000000000e+00 nan
6.000000000000000000e+00 3.591653341119940279e+01 3.518089122711400307e+01 nan 1.000000000000000000e+00 nan
7.000000000000000000e+00 3.591653341119940279e+01 3.518225486347778030e+01 nan 1.000000000000000000e+00 nan
8.000000000000000000e+00 3.591653341119940279e+01 3.518361849984155754e+01 nan 1.000000000000000000e+00 nan
9.000000000000000000e+00 3.591653341119939569e+01 3.518498213620534187e+01 nan 1.000000000000000000e+00 nan
1.000000000000000000e+01 3.591653341119939569e+01 3.518634577256911911e+01 nan 1.000000000000000000e+00 nan
1.100000000000000000e+01 3.591653341119938858e+01 3.518770940893290344e+01 nan 1.000000000000000000e+00 nan
1.200000000000000000e+01 3.591653341119939569e+01 3.518907304529668778e+01 nan 1.000000000000000000e+00 nan
1.300000000000000000e+01 3.591653341119939569e+01 3.519043668166045791e+01 nan 1.000000000000000000e+00 nan
1.400000000000000000e+01 3.591653341119938858e+01 3.519180031802424935e+01 nan 1.000000000000000000e+00 nan
1.500000000000000000e+01 3.591653341119939569e+01 3.519316395438802658e+01 nan 1.000000000000000000e+00 nan
1.600000000000000000e+01 3.591653341119939569e+01 3.519452759075181092e+01 nan 1.000000000000000000e+00 nan
1.700000000000000000e+01 3.591653341119939569e+01 3.519589122711558815e+01 nan 1.000000000000000000e+00 nan
1.800000000000000000e+01 3.591653341119939569e+01 3.519725486347937249e+01 nan nan nan
1.900000000000000000e+01 3.591653341119939569e+01 3.519861849984314972e+01 nan nan nan
2.000000000000000000e+01 3.591653341119939569e+01 3.519998213620694116e+01 nan nan nan
2.100000000000000000e+01 3.591653341119938858e+01 3.520134577257071840e+01 nan nan nan
2.200000000000000000e+01 3.591653341119939569e+01 3.520270940893449563e+01 nan nan nan
2.300000000000000000e+01 3.591653341119939569e+01 3.520407304529826575e+01 nan nan nan
2.400000000000000000e+01 3.591653341119939569e+01 3.520543668166205720e+01 nan nan nan
2.500000000000000000e+01 3.591653341119938858e+01 3.520680031802583443e+01 nan nan nan
2.600000000000000000e+01 3.591653341119939569e+01 3.520816395438961166e+01 nan nan nan
2.700000000000000000e+01 3.591653341119939569e+01 3.520952759075340310e+01 nan nan nan
2.800000000000000000e+01 3.591653341119938858e+01 3.521089122711718034e+01 nan nan nan
2.900000000000000000e+01 3.591789704756303792e+01 3.517270940893131126e+01 1.000000000000000000e+00 nan nan
3.000000000000000000e+01 3.591789704756303081e+01 3.517407304529509560e+01 1.000000000000000000e+00 nan nan
3.100000000000000000e+01 3.591789704756303081e+01 3.517543668165887993e+01 1.000000000000000000e+00 nan nan
3.200000000000000000e+01 3.591789704756303081e+01 3.517680031802267138e+01 1.000000000000000000e+00 nan nan
3.300000000000000000e+01 3.591789704756303792e+01 3.517816395438644150e+01 nan 1.000000000000000000e+00 nan
3.400000000000000000e+01 3.591789704756303792e+01 3.517952759075021163e+01 nan 1.000000000000000000e+00 nan
3.500000000000000000e+01 3.591789704756303081e+01 3.518089122711400307e+01 nan 1.000000000000000000e+00 nan
3.600000000000000000e+01 3.591789704756303081e+01 3.518225486347778030e+01 nan 1.000000000000000000e+00 nan
3.700000000000000000e+01 3.591789704756303792e+01 3.518361849984155754e+01 nan 1.000000000000000000e+00 nan
3.800000000000000000e+01 3.591789704756303081e+01 3.518498213620534187e+01 nan 1.000000000000000000e+00 nan
3.900000000000000000e+01 3.591789704756302370e+01 3.518634577256911911e+01 nan 1.000000000000000000e+00 nan
4.000000000000000000e+01 3.591789704756302370e+01 3.518770940893290344e+01 nan 1.000000000000000000e+00 nan
4.100000000000000000e+01 3.591789704756303081e+01 3.518907304529668778e+01 nan 1.000000000000000000e+00 nan
4.200000000000000000e+01 3.591789704756302370e+01 3.519043668166045791e+01 nan 1.000000000000000000e+00 nan
4.300000000000000000e+01 3.591789704756303792e+01 3.519180031802424935e+01 nan 1.000000000000000000e+00 nan
4.400000000000000000e+01 3.591789704756303792e+01 3.519316395438802658e+01 nan 1.000000000000000000e+00 nan
4.500000000000000000e+01 3.591789704756303081e+01 3.519452759075181092e+01 nan 1.000000000000000000e+00 nan
4.600000000000000000e+01 3.591789704756303081e+01 3.519589122711558815e+01 nan 1.000000000000000000e+00 nan
4.700000000000000000e+01 3.591789704756302370e+01 3.519725486347937249e+01 nan nan nan
4.800000000000000000e+01 3.591789704756303081e+01 3.519861849984314972e+01 nan nan nan
4.900000000000000000e+01 3.591789704756303081e+01 3.519998213620694116e+01 nan nan nan
5.000000000000000000e+01 3.591789704756303081e+01 3.520134577257071840e+01 nan nan nan
5.100000000000000000e+01 3.591789704756303081e+01 3.520270940893449563e+01 nan nan nan
5.200000000000000000e+01 3.591789704756302370e+01 3.520407304529826575e+01 nan nan nan
5.300000000000000000e+01 3.591789704756303081e+01 3.520543668166205720e+01 nan nan nan
5.400000000000000000e+01 3.591789704756302370e+01 3.520680031802583443e+01 nan nan nan
5.500000000000000000e+01 3.591789704756303081e+01 3.520816395438961166e+01 nan nan nan
5.600000000000000000e+01 3.591789704756303792e+01 3.520952759075340310e+01 nan nan nan
5.700000000000000000e+01 3.591789704756303792e+01 3.521089122711718034e+01 nan nan nan
5.800000000000000000e+01 3.591926068392666593e+01 3.517270940893131126e+01 1.000000000000000000e+00 nan nan
5.900000000000000000e+01 3.591926068392666593e+01 3.517407304529508849e+01 1.000000000000000000e+00 nan nan
6.000000000000000000e+01 3.591926068392666593e+01 3.517543668165887993e+01 1.000000000000000000e+00 nan nan
6.100000000000000000e+01 3.591926068392666593e+01 3.517680031802267138e+01 1.000000000000000000e+00 nan nan
6.200000000000000000e+01 3.591926068392667304e+01 3.517816395438644861e+01 nan 1.000000000000000000e+00 nan
6.300000000000000000e+01 3.591926068392666593e+01 3.517952759075021874e+01 nan 1.000000000000000000e+00 nan
6.400000000000000000e+01 3.591926068392666593e+01 3.518089122711400307e+01 nan 1.000000000000000000e+00 nan
6.500000000000000000e+01 3.591926068392666593e+01 3.518225486347778030e+01 nan 1.000000000000000000e+00 nan
6.600000000000000000e+01 3.591926068392666593e+01 3.518361849984156464e+01 1.000000000000000000e+00 1.000000000000000000e+00 1.000000000000000000e+00
6.700000000000000000e+01 3.591926068392666593e+01 3.518498213620534187e+01 nan 1.000000000000000000e+00 nan
6.800000000000000000e+01 3.591926068392666593e+01 3.518634577256911911e+01 nan 1.000000000000000000e+00 nan
6.900000000000000000e+01 3.591926068392666593e+01 3.518770940893290344e+01 nan 1.000000000000000000e+00 nan
7.000000000000000000e+01 3.591926068392666593e+01 3.518907304529667357e+01 nan 1.000000000000000000e+00 nan
7.100000000000000000e+01 3.591926068392666593e+01 3.519043668166046501e+01 nan 1.000000000000000000e+00 nan
7.200000000000000000e+01 3.591926068392666593e+01 3.519180031802424935e+01 nan 1.000000000000000000e+00 nan
7.300000000000000000e+01 3.591926068392666593e+01 3.519316395438803369e+01 nan 1.000000000000000000e+00 nan
7.400000000000000000e+01 3.591926068392666593e+01 3.519452759075181092e+01 nan 1.000000000000000000e+00 nan
7.500000000000000000e+01 3.591926068392666593e+01 3.519589122711558815e+01 nan 1.000000000000000000e+00 nan
7.600000000000000000e+01 3.591926068392666593e+01 3.519725486347937249e+01 nan nan nan
7.700000000000000000e+01 3.591926068392667304e+01 3.519861849984315683e+01 nan nan nan
7.800000000000000000e+01 3.591926068392667304e+01 3.519998213620693406e+01 nan nan nan
7.900000000000000000e+01 3.591926068392666593e+01 3.520134577257071840e+01 nan nan nan
8.000000000000000000e+01 3.591926068392666593e+01 3.520270940893449563e+01 nan nan nan
8.100000000000000000e+01 3.591926068392667304e+01 3.520407304529827996e+01 nan nan nan
8.200000000000000000e+01 3.591926068392666593e+01 3.520543668166205720e+01 nan nan nan
8.300000000000000000e+01 3.591926068392667304e+01 3.520680031802583443e+01 nan nan nan
8.400000000000000000e+01 3.591926068392666593e+01 3.520816395438961877e+01 nan nan nan
8.500000000000000000e+01 3.591926068392666593e+01 3.520952759075340310e+01 nan nan nan
8.600000000000000000e+01 3.591926068392666593e+01 3.521089122711718034e+01 nan nan nan
8.700000000000000000e+01 3.592062432029030816e+01 3.517270940893131126e+01 1.000000000000000000e+00 nan nan
8.800000000000000000e+01 3.592062432029030816e+01 3.517407304529509560e+01 1.000000000000000000e+00 nan nan
8.900000000000000000e+01 3.592062432029030816e+01 3.517543668165887993e+01 1.000000000000000000e+00 nan nan
9.000000000000000000e+01 3.592062432029030816e+01 3.517680031802267138e+01 1.000000000000000000e+00 nan nan
9.100000000000000000e+01 3.592062432029030816e+01 3.517816395438644150e+01 1.000000000000000000e+00 1.000000000000000000e+00 1.000000000000000000e+00
9.200000000000000000e+01 3.592062432029030816e+01 3.517952759075021163e+01 nan 1.000000000000000000e+00 nan
9.300000000000000000e+01 3.592062432029030816e+01 3.518089122711400307e+01 nan 1.000000000000000000e+00 nan
9.400000000000000000e+01 3.592062432029030816e+01 3.518225486347778030e+01 1.000000000000000000e+00 1.000000000000000000e+00 1.000000000000000000e+00
9.500000000000000000e+01 3.592062432029030816e+01 3.518361849984155754e+01 nan 1.000000000000000000e+00 nan
9.600000000000000000e+01 3.592062432029031527e+01 3.518498213620534187e+01 nan 1.000000000000000000e+00 nan
9.700000000000000000e+01 3.592062432029031527e+01 3.518634577256911911e+01 nan 1.000000000000000000e+00 nan
9.800000000000000000e+01 3.592062432029031527e+01 3.518770940893290344e+01 1.000000000000000000e+00 1.000000000000000000e+00 1.000000000000000000e+00
9.900000000000000000e+01 3.592062432029030816e+01 3.518907304529668778e+01 nan 1.000000000000000000e+00 nan
1.000000000000000000e+02 3.592062432029030816e+01 3.519043668166045791e+01 nan 1.000000000000000000e+00 nan
1.010000000000000000e+02 3.592062432029031527e+01 3.519180031802424935e+01 nan 1.000000000000000000e+00 nan
1.020000000000000000e+02 3.592062432029030816e+01 3.519316395438802658e+01 nan 1.000000000000000000e+00 nan
1.030000000000000000e+02 3.592062432029031527e+01 3.519452759075181092e+01 nan 1.000000000000000000e+00 nan
1.040000000000000000e+02 3.592062432029030816e+01 3.519589122711558815e+01 nan 1.000000000000000000e+00 nan
1.050000000000000000e+02 3.592062432029030816e+01 3.519725486347937249e+01 nan nan nan
1.060000000000000000e+02 3.592062432029030816e+01 3.519861849984314972e+01 nan nan nan
1.070000000000000000e+02 3.592062432029031527e+01 3.519998213620694116e+01 nan nan nan
1.080000000000000000e+02 3.592062432029030816e+01 3.520134577257071840e+01 nan nan nan
1.090000000000000000e+02 3.592062432029030816e+01 3.520270940893449563e+01 nan nan nan
1.100000000000000000e+02 3.592062432029031527e+01 3.520407304529826575e+01 nan nan nan
1.110000000000000000e+02 3.592062432029031527e+01 3.520543668166205720e+01 nan nan nan
1.120000000000000000e+02 3.592062432029031527e+01 3.520680031802583443e+01 nan nan nan
1.130000000000000000e+02 3.592062432029031527e+01 3.520816395438961166e+01 nan nan nan
1.140000000000000000e+02 3.592062432029030816e+01 3.520952759075340310e+01 nan nan nan
1.150000000000000000e+02 3.592062432029030816e+01 3.521089122711718034e+01 nan nan nan
1.160000000000000000e+02 3.592198795665395039e+01 3.517270940893131126e+01 1.000000000000000000e+00 nan nan
1.170000000000000000e+02 3.592198795665394329e+01 3.517407304529509560e+01 1.000000000000000000e+00 nan nan
1.180000000000000000e+02 3.592198795665395039e+01 3.517543668165888704e+01 1.000000000000000000e+00 nan nan
1.190000000000000000e+02 3.592198795665395039e+01 3.517680031802267138e+01 1.000000000000000000e+00 nan nan
1.200000000000000000e+02 3.592198795665395039e+01 3.517816395438644150e+01 1.000000000000000000e+00 1.000000000000000000e+00 1.000000000000000000e+00
1.210000000000000000e+02 3.592198795665395039e+01 3.517952759075021163e+01 1.000000000000000000e+00 1.000000000000000000e+00 1.000000000000000000e+00
1.220000000000000000e+02 3.592198795665394329e+01 3.518089122711400307e+01 1.000000000000000000e+00 1.000000000000000000e+00 1.000000000000000000e+00
1.230000000000000000e+02 3.592198795665394329e+01 3.518225486347778030e+01 nan 1.000000000000000000e+00 nan
1.240000000000000000e+02 3.592198795665394329e+01 3.518361849984156464e+01 nan 1.000000000000000000e+00 nan
1.250000000000000000e+02 3.592198795665395039e+01 3.518498213620534187e+01 1.000000000000000000e+00 1.000000000000000000e+00 1.000000000000000000e+00
1.260000000000000000e+02 3.592198795665394329e+01 3.518634577256911911e+01 1.000000000000000000e+00 1.000000000000000000e+00 1.000000000000000000e+00
1.270000000000000000e+02 3.592198795665394329e+01 3.518770940893290344e+01 nan 1.000000000000000000e+00 nan
1.280000000000000000e+02 3.592198795665395039e+01 3.518907304529667357e+01 nan 1.000000000000000000e+00 nan
1.290000000000000000e+02 3.592198795665395039e+01 3.519043668166046501e+01 nan 1.000000000000000000e+00 nan
1.300000000000000000e+02 3.592198795665395039e+01 3.519180031802424935e+01 nan 1.000000000000000000e+00 nan
1.310000000000000000e+02 3.592198795665395039e+01 3.519316395438803369e+01 nan nan nan
1.320000000000000000e+02 3.592198795665394329e+01 3.519452759075181802e+01 nan nan nan
1.330000000000000000e+02 3.592198795665395039e+01 3.519589122711558815e+01 nan nan nan
1.340000000000000000e+02 3.592198795665395039e+01 3.519725486347937249e+01 nan nan nan
1.350000000000000000e+02 3.592198795665395039e+01 3.519861849984314972e+01 nan nan nan
1.360000000000000000e+02 3.592198795665395039e+01 3.519998213620692695e+01 nan nan nan
1.370000000000000000e+02 3.592198795665395039e+01 3.520134577257071840e+01 nan nan nan
1.380000000000000000e+02 3.592198795665395039e+01 3.520270940893449563e+01 nan nan nan
1.390000000000000000e+02 3.592198795665395039e+01 3.520407304529826575e+01 nan nan nan
1.400000000000000000e+02 3.592198795665395039e+01 3.520543668166206430e+01 nan nan nan
1.410000000000000000e+02 3.592198795665395039e+01 3.520680031802583443e+01 nan nan nan
1.420000000000000000e+02 3.592198795665395039e+01 3.520816395438961877e+01 nan nan nan
1.430000000000000000e+02 3.592198795665395039e+01 3.520952759075340310e+01 nan nan nan
1.440000000000000000e+02 3.592198795665395039e+01 3.521089122711718034e+01 nan nan nan
1.450000000000000000e+02 3.592335159301757841e+01 3.517270940893131126e+01 nan nan nan
1.460000000000000000e+02 3.592335159301757841e+01 3.517407304529509560e+01 1.000000000000000000e+00 nan nan
1.470000000000000000e+02 3.592335159301758551e+01 3.517543668165887993e+01 1.000000000000000000e+00 nan nan
1.480000000000000000e+02 3.592335159301757841e+01 3.517680031802267138e+01 1.000000000000000000e+00 nan nan
1.490000000000000000e+02 3.592335159301757841e+01 3.517816395438644150e+01 1.000000000000000000e+00 1.000000000000000000e+00 1.000000000000000000e+00
1.500000000000000000e+02 3.592335159301757841e+01 3.517952759075021163e+01 1.000000000000000000e+00 1.000000000000000000e+00 1.000000000000000000e+00
1.510000000000000000e+02 3.592335159301757841e+01 3.518089122711400307e+01 1.000000000000000000e+00 1.000000000000000000e+00 1.000000000000000000e+00
1.520000000000000000e+02 3.592335159301757130e+01 3.518225486347778030e+01 1.000000000000000000e+00 1.000000000000000000e+00 1.000000000000000000e+00
1.530000000000000000e+02 3.592335159301757841e+01 3.518361849984155754e+01 1.000000000000000000e+00 1.000000000000000000e+00 1.000000000000000000e+00
1.540000000000000000e+02 3.592335159301757841e+01 3.518498213620534187e+01 nan 1.000000000000000000e+00 nan
1.550000000000000000e+02 3.592335159301757841e+01 3.518634577256911911e+01 1.000000000000000000e+00 1.000000000000000000e+00 1.000000000000000000e+00
1.560000000000000000e+02 3.592335159301757841e+01 3.518770940893290344e+01 nan 1.000000000000000000e+00 nan
1.570000000000000000e+02 3.592335159301757841e+01 3.518907304529668778e+01 1.000000000000000000e+00 1.000000000000000000e+00 1.000000000000000000e+00
1.580000000000000000e+02 3.592335159301757130e+01 3.519043668166045791e+01 1.000000000000000000e+00 1.000000000000000000e+00 1.000000000000000000e+00
1.590000000000000000e+02 3.592335159301757841e+01 3.519180031802424935e+01 nan 1.000000000000000000e+00 nan
1.600000000000000000e+02 3.592335159301758551e+01 3.519316395438802658e+01 1.000000000000000000e+00 nan nan
1.610000000000000000e+02 3.592335159301757841e+01 3.519452759075181092e+01 nan nan nan
1.620000000000000000e+02 3.592335159301757841e+01 3.519589122711558815e+01 nan nan nan
1.630000000000000000e+02 3.592335159301757841e+01 3.519725486347937249e+01 nan nan nan
1.640000000000000000e+02 3.592335159301757130e+01 3.519861849984314972e+01 nan nan nan
1.650000000000000000e+02 3.592335159301757841e+01 3.519998213620694116e+01 nan nan nan
1.660000000000000000e+02 3.592335159301757841e+01 3.520134577257071840e+01 nan nan nan
1.670000000000000000e+02 3.592335159301757841e+01 3.520270940893449563e+01 nan nan nan
1.680000000000000000e+02 3.592335159301757841e+01 3.520407304529826575e+01 nan nan nan
1.690000000000000000e+02 3.592335159301757841e+01 3.520543668166205720e+01 nan nan nan
1.700000000000000000e+02 3.592335159301757841e+01 3.520680031802583443e+01 nan 1.000000000000000000e+00 nan
1.710000000000000000e+02 3.592335159301757841e+01 3.520816395438961166e+01 nan 1.000000000000000000e+00 nan
1.720000000000000000e+02 3.592335159301757130e+01 3.520952759075340310e+01 nan 1.000000000000000000e+00 nan
1.730000000000000000e+02 3.592335159301756420e+01 3.521089122711718034e+01 nan 1.000000000000000000e+00 nan
1.740000000000000000e+02 3.592471522938120643e+01 3.517270940893131126e+01 nan nan nan
1.750000000000000000e+02 3.592471522938121353e+01 3.517407304529509560e+01 nan nan nan
1.760000000000000000e+02 3.592471522938120643e+01 3.517543668165887993e+01 1.000000000000000000e+00 nan nan
1.770000000000000000e+02 3.592471522938120643e+01 3.517680031802267138e+01 1.000000000000000000e+00 nan nan
1.780000000000000000e+02 3.592471522938120643e+01 3.517816395438644150e+01 1.000000000000000000e+00 1.000000000000000000e+00 1.000000000000000000e+00
1.790000000000000000e+02 3.592471522938120643e+01 3.517952759075021163e+01 1.000000000000000000e+00 1.000000000000000000e+00 1.000000000000000000e+00
1.800000000000000000e+02 3.592471522938120643e+01 3.518089122711400307e+01 1.000000000000000000e+00 1.000000000000000000e+00 1.000000000000000000e+00
1.810000000000000000e+02 3.592471522938120643e+01 3.518225486347778030e+01 1.000000000000000000e+00 1.000000000000000000e+00 1.000000000000000000e+00
1.820000000000000000e+02 3.592471522938120643e+01 3.518361849984155754e+01 1.000000000000000000e+00 1.000000000000000000e+00 1.000000000000000000e+00
1.830000000000000000e+02 3.592471522938120643e+01 3.518498213620534187e+01 nan 1.000000000000000000e+00 nan
1.840000000000000000e+02 3.592471522938120643e+01 3.518634577256911911e+01 nan 1.000000000000000000e+00 nan
1.850000000000000000e+02 3.592471522938120643e+01 3.518770940893290344e+01 1.000000000000000000e+00 1.000000000000000000e+00 1.000000000000000000e+00
1.860000000000000000e+02 3.592471522938120643e+01 3.518907304529668778e+01 1.000000000000000000e+00 1.000000000000000000e+00 1.000000000000000000e+00
1.870000000000000000e+02 3.592471522938120643e+01 3.519043668166045791e+01 1.000000000000000000e+00 nan nan
1.880000000000000000e+02 3.592471522938120643e+01 3.519180031802424935e+01 nan nan nan
1.890000000000000000e+02 3.592471522938120643e+01 3.519316395438802658e+01 1.000000000000000000e+00 nan nan
1.900000000000000000e+02 3.592471522938121353e+01 3.519452759075181092e+01 1.000000000000000000e+00 nan nan
1.910000000000000000e+02 3.592471522938121353e+01 3.519589122711558815e+01 nan nan nan
1.920000000000000000e+02 3.592471522938121353e+01 3.519725486347937249e+01 1.000000000000000000e+00 nan nan
1.930000000000000000e+02 3.592471522938120643e+01 3.519861849984314972e+01 nan nan nan
1.940000000000000000e+02 3.592471522938121353e+01 3.519998213620694116e+01 nan nan nan
1.950000000000000000e+02 3.592471522938122064e+01 3.520134577257071840e+01 nan nan nan
1.960000000000000000e+02 3.592471522938120643e+01 3.520270940893449563e+01 nan nan nan
1.970000000000000000e+02 3.592471522938120643e+01 3.520407304529826575e+01 nan nan nan
1.980000000000000000e+02 3.592471522938122064e+01 3.520543668166205720e+01 nan nan nan
1.990000000000000000e+02 3.592471522938121353e+01 3.520680031802583443e+01 nan 1.000000000000000000e+00 nan
2.000000000000000000e+02 3.592471522938121353e+01 3.520816395438961166e+01 nan 1.000000000000000000e+00 nan
2.010000000000000000e+02 3.592471522938120643e+01 3.520952759075340310e+01 nan 1.000000000000000000e+00 nan
2.020000000000000000e+02 3.592471522938121353e+01 3.521089122711718034e+01 nan 1.000000000000000000e+00 nan
2.030000000000000000e+02 3.592607886574485576e+01 3.517270940893131126e+01 1.000000000000000000e+00 nan nan
2.040000000000000000e+02 3.592607886574484866e+01 3.517407304529509560e+01 nan nan nan
2.050000000000000000e+02 3.592607886574484866e+01 3.517543668165888704e+01 1.000000000000000000e+00 nan nan
2.060000000000000000e+02 3.592607886574484866e+01 3.517680031802267138e+01 1.000000000000000000e+00 nan nan
2.070000000000000000e+02 3.592607886574484866e+01 3.517816395438644150e+01 1.000000000000000000e+00 1.000000000000000000e+00 1.000000000000000000e+00
2.080000000000000000e+02 3.592607886574484866e+01 3.517952759075021163e+01 1.000000000000000000e+00 1.000000000000000000e+00 1.000000000000000000e+00
2.090000000000000000e+02 3.592607886574484866e+01 3.518089122711400307e+01 1.000000000000000000e+00 1.000000000000000000e+00 1.000000000000000000e+00
2.100000000000000000e+02 3.592607886574484866e+01 3.518225486347778030e+01 1.000000000000000000e+00 1.000000000000000000e+00 1.000000000000000000e+00
2.110000000000000000e+02 3.592607886574484866e+01 3.518361849984156464e+01 1.000000000000000000e+00 1.000000000000000000e+00 1.000000000000000000e+00
2.120000000000000000e+02 3.592607886574484866e+01 3.518498213620534187e+01 nan 1.000000000000000000e+00 nan
2.130000000000000000e+02 3.592607886574484866e+01 3.518634577256911911e+01 1.000000000000000000e+00 1.000000000000000000e+00 1.000000000000000000e+00
2.140000000000000000e+02 3.592607886574484866e+01 3.518770940893290344e+01 nan 1.000000000000000000e+00 nan
2.150000000000000000e+02 3.592607886574485576e+01 3.518907304529667357e+01 1.000000000000000000e+00 1.000000000000000000e+00 1.000000000000000000e+00
2.160000000000000000e+02 3.592607886574484866e+01 3.519043668166046501e+01 nan 1.000000000000000000e+00 nan
2.170000000000000000e+02 3.592607886574484866e+01 3.519180031802424935e+01 1.000000000000000000e+00 1.000000000000000000e+00 1.000000000000000000e+00
2.180000000000000000e+02 3.592607886574484866e+01 3.519316395438803369e+01 1.000000000000000000e+00 1.000000000000000000e+00 1.000000000000000000e+00
2.190000000000000000e+02 3.592607886574484866e+01 3.519452759075181802e+01 1.000000000000000000e+00 1.000000000000000000e+00 1.000000000000000000e+00
2.200000000000000000e+02 3.592607886574484866e+01 3.519589122711558815e+01 nan 1.000000000000000000e+00 nan
2.210000000000000000e+02 3.592607886574484866e+01 3.519725486347937249e+01 nan nan nan
2.220000000000000000e+02 3.592607886574484866e+01 3.519861849984314972e+01 nan nan nan
2.230000000000000000e+02 3.592607886574484866e+01 3.519998213620692695e+01 nan nan nan
2.240000000000000000e+02 3.592607886574484866e+01 3.520134577257071840e+01 nan nan nan
2.250000000000000000e+02 3.592607886574484866e+01 3.520270940893449563e+01 1.000000000000000000e+00 1.000000000000000000e+00 1.000000000000000000e+00
2.260000000000000000e+02 3.592607886574484866e+01 3.520407304529826575e+01 nan 1.000000000000000000e+00 nan
2.270000000000000000e+02 3.592607886574484866e+01 3.520543668166206430e+01 nan 1.000000000000000000e+00 nan
2.280000000000000000e+02 3.592607886574484866e+01 3.520680031802583443e+01 nan 1.000000000000000000e+00 nan
2.290000000000000000e+02 3.592607886574484866e+01 3.520816395438961877e+01 nan 1.000000000000000000e+00 nan
2.300000000000000000e+02 3.592607886574484866e+01 3.520952759075340310e+01 nan 1.000000000000000000e+00 nan
2.310000000000000000e+02 3.592607886574484866e+01 3.521089122711718034e+01 nan 1.000000000000000000e+00 nan
2.320000000000000000e+02 3.592744250210848378e+01 3.517270940893131126e+01 1.000000000000000000e+00 nan nan
2.330000000000000000e+02 3.592744250210848378e+01 3.517407304529508849e+01 1.000000000000000000e+00 nan nan
2.340000000000000000e+02 3.592744250210848378e+01 3.517543668165887993e+01 nan nan nan
2.350000000000000000e+02 3.592744250210848378e+01 3.517680031802266427e+01 1.000000000000000000e+00 nan nan
2.360000000000000000e+02 3.592744250210848378e+01 3.517816395438644861e+01 1.000000000000000000e+00 1.000000000000000000e+00 1.000000000000000000e+00
2.370000000000000000e+02 3.592744250210847667e+01 3.517952759075021163e+01 1.000000000000000000e+00 1.000000000000000000e+00 1.000000000000000000e+00
2.380000000000000000e+02 3.592744250210849088e+01 3.518089122711400307e+01 1.000000000000000000e+00 1.000000000000000000e+00 1.000000000000000000e+00
2.390000000000000000e+02 3.592744250210848378e+01 3.518225486347778030e+01 1.000000000000000000e+00 1.000000000000000000e+00 1.000000000000000000e+00
2.400000000000000000e+02 3.592744250210848378e+01 3.518361849984155754e+01 1.000000000000000000e+00 1.000000000000000000e+00 1.000000000000000000e+00
2.410000000000000000e+02 3.592744250210848378e+01 3.518498213620534187e+01 1.000000000000000000e+00 1.000000000000000000e+00 1.000000000000000000e+00
2.420000000000000000e+02 3.592744250210849088e+01 3.518634577256911200e+01 nan 1.000000000000000000e+00 nan
2.430000000000000000e+02 3.592744250210849088e+01 3.518770940893290344e+01 1.000000000000000000e+00 1.000000000000000000e+00 1.000000000000000000e+00
2.440000000000000000e+02 3.592744250210848378e+01 3.518907304529667357e+01 1.000000000000000000e+00 1.000000000000000000e+00 1.000000000000000000e+00
2.450000000000000000e+02 3.592744250210848378e+01 3.519043668166045791e+01 1.000000000000000000e+00 1.000000000000000000e+00 1.000000000000000000e+00
2.460000000000000000e+02 3.592744250210847667e+01 3.519180031802424935e+01 nan 1.000000000000000000e+00 nan
2.470000000000000000e+02 3.592744250210847667e+01 3.519316395438803369e+01 1.000000000000000000e+00 1.000000000000000000e+00 1.000000000000000000e+00
2.480000000000000000e+02 3.592744250210848378e+01 3.519452759075181092e+01 1.000000000000000000e+00 1.000000000000000000e+00 1.000000000000000000e+00
2.490000000000000000e+02 3.592744250210848378e+01 3.519589122711558815e+01 1.000000000000000000e+00 1.000000000000000000e+00 1.000000000000000000e+00
2.500000000000000000e+02 3.592744250210848378e+01 3.519725486347937249e+01 1.000000000000000000e+00 nan nan
2.510000000000000000e+02 3.592744250210848378e+01 3.519861849984315683e+01 nan nan nan
2.520000000000000000e+02 3.592744250210848378e+01 3.519998213620693406e+01 1.000000000000000000e+00 nan nan
2.530000000000000000e+02 3.592744250210848378e+01 3.520134577257071840e+01 nan nan nan
2.540000000000000000e+02 3.592744250210849088e+01 3.520270940893448852e+01 1.000000000000000000e+00 1.000000000000000000e+00 1.000000000000000000e+00
2.550000000000000000e+02 3.592744250210848378e+01 3.520407304529827996e+01 nan 1.000000000000000000e+00 nan
2.560000000000000000e+02 3.592744250210848378e+01 3.520543668166205720e+01 nan 1.000000000000000000e+00 nan
2.570000000000000000e+02 3.592744250210848378e+01 3.520680031802583443e+01 nan 1.000000000000000000e+00 nan
2.580000000000000000e+02 3.592744250210848378e+01 3.520816395438961877e+01 nan 1.000000000000000000e+00 nan
2.590000000000000000e+02 3.592744250210848378e+01 3.520952759075340310e+01 nan 1.000000000000000000e+00 nan
2.600000000000000000e+02 3.592744250210848378e+01 3.521089122711718034e+01 nan 1.000000000000000000e+00 nan
2.610000000000000000e+02 3.592880613847213311e+01 3.517270940893131126e+01 nan nan nan
2.620000000000000000e+02 3.592880613847213311e+01 3.517407304529509560e+01 1.000000000000000000e+00 nan nan
2.630000000000000000e+02 3.592880613847212601e+01 3.517543668165888704e+01 nan nan nan
2.640000000000000000e+02 3.592880613847212601e+01 3.517680031802267138e+01 nan nan nan
2.650000000000000000e+02 3.592880613847212601e+01 3.517816395438644150e+01 1.000000000000000000e+00 1.000000000000000000e+00 1.000000000000000000e+00
2.660000000000000000e+02 3.592880613847212601e+01 3.517952759075021163e+01 1.000000000000000000e+00 1.000000000000000000e+00 1.000000000000000000e+00
2.670000000000000000e+02 3.592880613847213311e+01 3.518089122711400307e+01 1.000000000000000000e+00 1.000000000000000000e+00 1.000000000000000000e+00
2.680000000000000000e+02 3.592880613847212601e+01 3.518225486347778030e+01 1.000000000000000000e+00 1.000000000000000000e+00 1.000000000000000000e+00
2.690000000000000000e+02 3.592880613847212601e+01 3.518361849984156464e+01 1.000000000000000000e+00 1.000000000000000000e+00 1.000000000000000000e+00
2.700000000000000000e+02 3.592880613847213311e+01 3.518498213620534187e+01 1.000000000000000000e+00 1.000000000000000000e+00 1.000000000000000000e+00
2.710000000000000000e+02 3.592880613847212601e+01 3.518634577256911911e+01 1.000000000000000000e+00 1.000000000000000000e+00 1.000000000000000000e+00
2.720000000000000000e+02 3.592880613847212601e+01 3.518770940893290344e+01 1.000000000000000000e+00 1.000000000000000000e+00 1.000000000000000000e+00
2.730000000000000000e+02 3.592880613847212601e+01 3.518907304529667357e+01 1.000000000000000000e+00 1.000000000000000000e+00 1.000000000000000000e+00
2.740000000000000000e+02 3.592880613847212601e+01 3.519043668166046501e+01 1.000000000000000000e+00 1.000000000000000000e+00 1.000000000000000000e+00
2.750000000000000000e+02 3.592880613847212601e+01 3.519180031802424935e+01 1.000000000000000000e+00 1.000000000000000000e+00 1.000000000000000000e+00
2.760000000000000000e+02 3.592880613847212601e+01 3.519316395438803369e+01 nan 1.000000000000000000e+00 nan
2.770000000000000000e+02 3.592880613847212601e+01 3.519452759075181802e+01 1.000000000000000000e+00 1.000000000000000000e+00 1.000000000000000000e+00
2.780000000000000000e+02 3.592880613847212601e+01 3.519589122711558815e+01 1.000000000000000000e+00 1.000000000000000000e+00 1.000000000000000000e+00
2.790000000000000000e+02 3.592880613847213311e+01 3.519725486347937249e+01 1.000000000000000000e+00 1.000000000000000000e+00 1.000000000000000000e+00
2.800000000000000000e+02 3.592880613847212601e+01 3.519861849984314972e+01 nan 1.000000000000000000e+00 nan
2.810000000000000000e+02 3.592880613847212601e+01 3.519998213620692695e+01 nan 1.000000000000000000e+00 nan
2.820000000000000000e+02 3.592880613847212601e+01 3.520134577257071840e+01 nan 1.000000000000000000e+00 nan
2.830000000000000000e+02 3.592880613847212601e+01 3.520270940893449563e+01 1.000000000000000000e+00 1.000000000000000000e+00 1.000000000000000000e+00
2.840000000000000000e+02 3.592880613847212601e+01 3.520407304529826575e+01 nan 1.000000000000000000e+00 nan
2.850000000000000000e+02 3.592880613847213311e+01 3.520543668166206430e+01 nan 1.000000000000000000e+00 nan
2.860000000000000000e+02 3.592880613847212601e+01 3.520680031802583443e+01 1.000000000000000000e+00 1.000000000000000000e+00 1.000000000000000000e+00
2.870000000000000000e+02 3.592880613847213311e+01 3.520816395438961877e+01 nan 1.000000000000000000e+00 nan
2.880000000000000000e+02 3.592880613847212601e+01 3.520952759075340310e+01 nan 1.000000000000000000e+00 nan
2.890000000000000000e+02 3.592880613847212601e+01 3.521089122711718034e+01 nan 1.000000000000000000e+00 nan
2.900000000000000000e+02 3.593016977483576113e+01 3.517270940893131126e+01 nan nan nan
2.910000000000000000e+02 3.593016977483575403e+01 3.517407304529509560e+01 1.000000000000000000e+00 nan nan
2.920000000000000000e+02 3.593016977483575403e+01 3.517543668165887993e+01 nan nan nan
2.930000000000000000e+02 3.593016977483576113e+01 3.517680031802267138e+01 1.000000000000000000e+00 nan nan
2.940000000000000000e+02 3.593016977483575403e+01 3.517816395438644150e+01 nan nan nan
2.950000000000000000e+02 3.593016977483576113e+01 3.517952759075021163e+01 1.000000000000000000e+00 nan nan
2.960000000000000000e+02 3.593016977483576113e+01 3.518089122711400307e+01 1.000000000000000000e+00 1.000000000000000000e+00 1.000000000000000000e+00
2.970000000000000000e+02 3.593016977483576113e+01 3.518225486347778030e+01 1.000000000000000000e+00 1.000000000000000000e+00 1.000000000000000000e+00
2.980000000000000000e+02 3.593016977483576113e+01 3.518361849984155754e+01 1.000000000000000000e+00 1.000000000000000000e+00 1.000000000000000000e+00
2.990000000000000000e+02 3.593016977483576824e+01 3.518498213620534187e+01 1.000000000000000000e+00 1.000000000000000000e+00 1.000000000000000000e+00
3.000000000000000000e+02 3.593016977483576113e+01 3.518634577256911911e+01 1.000000000000000000e+00 1.000000000000000000e+00 1.000000000000000000e+00
3.010000000000000000e+02 3.593016977483576824e+01 3.518770940893290344e+01 1.000000000000000000e+00 1.000000000000000000e+00 1.000000000000000000e+00
3.020000000000000000e+02 3.593016977483575403e+01 3.518907304529668778e+01 1.000000000000000000e+00 1.000000000000000000e+00 1.000000000000000000e+00
3.030000000000000000e+02 3.593016977483575403e+01 3.519043668166045791e+01 1.000000000000000000e+00 1.000000000000000000e+00 1.000000000000000000e+00
3.040000000000000000e+02 3.593016977483575403e+01 3.519180031802424935e+01 1.000000000000000000e+00 1.000000000000000000e+00 1.000000000000000000e+00
3.050000000000000000e+02 3.593016977483576113e+01 3.519316395438802658e+01 1.000000000000000000e+00 1.000000000000000000e+00 1.000000000000000000e+00
3.060000000000000000e+02 3.593016977483576113e+01 3.519452759075181092e+01 1.000000000000000000e+00 1.000000000000000000e+00 1.000000000000000000e+00
3.070000000000000000e+02 3.593016977483575403e+01 3.519589122711558815e+01 1.000000000000000000e+00 1.000000000000000000e+00 1.000000000000000000e+00
3.080000000000000000e+02 3.593016977483575403e+01 3.519725486347937249e+01 nan 1.000000000000000000e+00 nan
3.090000000000000000e+02 3.593016977483576113e+01 3.519861849984314972e+01 1.000000000000000000e+00 1.000000000000000000e+00 1.000000000000000000e+00
3.100000000000000000e+02 3.593016977483575403e+01 3.519998213620694116e+01 1.000000000000000000e+00 1.000000000000000000e+00 1.000000000000000000e+00
3.110000000000000000e+02 3.593016977483576824e+01 3.520134577257071840e+01 nan 1.000000000000000000e+00 nan
3.120000000000000000e+02 3.593016977483576113e+01 3.520270940893449563e+01 1.000000000000000000e+00 1.000000000000000000e+00 1.000000000000000000e+00
3.130000000000000000e+02 3.593016977483576113e+01 3.520407304529826575e+01 1.000000000000000000e+00 1.000000000000000000e+00 1.000000000000000000e+00
3.140000000000000000e+02 3.593016977483576113e+01 3.520543668166205720e+01 1.000000000000000000e+00 1.000000000000000000e+00 1.000000000000000000e+00
3.150000000000000000e+02 3.593016977483576113e+01 3.520680031802583443e+01 nan 1.000000000000000000e+00 nan
3.160000000000000000e+02 3.593016977483576113e+01 3.520816395438961166e+01 nan 1.000000000000000000e+00 nan
3.170000000000000000e+02 3.593016977483576824e+01 3.520952759075340310e+01 nan 1.000000000000000000e+00 nan
3.180000000000000000e+02 3.593016977483576824e+01 3.521089122711718034e+01 nan 1.000000000000000000e+00 nan
3.190000000000000000e+02 3.593153341119940336e+01 3.517270940893131126e+01 nan nan nan
3.200000000000000000e+02 3.593153341119939626e+01 3.517407304529508849e+01 nan nan nan
3.210000000000000000e+02 3.593153341119939626e+01 3.517543668165887993e+01 1.000000000000000000e+00 nan nan
3.220000000000000000e+02 3.593153341119939626e+01 3.517680031802266427e+01 nan nan nan
3.230000000000000000e+02 3.593153341119939626e+01 3.517816395438644861e+01 1.000000000000000000e+00 nan nan
3.240000000000000000e+02 3.593153341119939626e+01 3.517952759075021163e+01 1.000000000000000000e+00 nan nan
3.250000000000000000e+02 3.593153341119939626e+01 3.518089122711400307e+01 1.000000000000000000e+00 1.000000000000000000e+00 1.000000000000000000e+00
3.260000000000000000e+02 3.593153341119939626e+01 3.518225486347778030e+01 1.000000000000000000e+00 1.000000000000000000e+00 1.000000000000000000e+00
3.270000000000000000e+02 3.593153341119939626e+01 3.518361849984155754e+01 1.000000000000000000e+00 1.000000000000000000e+00 1.000000000000000000e+00
3.280000000000000000e+02 3.593153341119939626e+01 3.518498213620534187e+01 1.000000000000000000e+00 1.000000000000000000e+00 1.000000000000000000e+00
3.290000000000000000e+02 3.593153341119940336e+01 3.518634577256911200e+01 1.000000000000000000e+00 1.000000000000000000e+00 1.000000000000000000e+00
3.300000000000000000e+02 3.593153341119939626e+01 3.518770940893290344e+01 1.000000000000000000e+00 1.000000000000000000e+00 1.000000000000000000e+00
3.310000000000000000e+02 3.593153341119940336e+01 3.518907304529667357e+01 1.000000000000000000e+00 1.000000000000000000e+00 1.000000000000000000e+00
3.320000000000000000e+02 3.593153341119939626e+01 3.519043668166045791e+01 1.000000000000000000e+00 1.000000000000000000e+00 1.000000000000000000e+00
3.330000000000000000e+02 3.593153341119940336e+01 3.519180031802424935e+01 1.000000000000000000e+00 1.000000000000000000e+00 1.000000000000000000e+00
3.340000000000000000e+02 3.593153341119939626e+01 3.519316395438803369e+01 1.000000000000000000e+00 1.000000000000000000e+00 1.000000000000000000e+00
3.350000000000000000e+02 3.593153341119939626e+01 3.519452759075181092e+01 1.000000000000000000e+00 1.000000000000000000e+00 1.000000000000000000e+00
3.360000000000000000e+02 3.593153341119939626e+01 3.519589122711558815e+01 1.000000000000000000e+00 1.000000000000000000e+00 1.000000000000000000e+00
3.370000000000000000e+02 3.593153341119939626e+01 3.519725486347937249e+01 1.000000000000000000e+00 1.000000000000000000e+00 1.000000000000000000e+00
3.380000000000000000e+02 3.593153341119939626e+01 3.519861849984315683e+01 1.000000000000000000e+00 1.000000000000000000e+00 1.000000000000000000e+00
3.390000000000000000e+02 3.593153341119939626e+01 3.519998213620693406e+01 1.000000000000000000e+00 1.000000000000000000e+00 1.000000000000000000e+00
3.400000000000000000e+02 3.593153341119939626e+01 3.520134577257071840e+01 1.000000000000000000e+00 1.000000000000000000e+00 1.000000000000000000e+00
3.410000000000000000e+02 3.593153341119939626e+01 3.520270940893448852e+01 nan 1.000000000000000000e+00 nan
3.420000000000000000e+02 3.593153341119939626e+01 3.520407304529827996e+01 1.000000000000000000e+00 1.000000000000000000e+00 1.000000000000000000e+00
3.430000000000000000e+02 3.593153341119939626e+01 3.520543668166205720e+01 nan 1.000000000000000000e+00 nan
3.440000000000000000e+02 3.593153341119940336e+01 3.520680031802583443e+01 nan 1.000000000000000000e+00 nan
3.450000000000000000e+02 3.593153341119939626e+01 3.520816395438961877e+01 nan 1.000000000000000000e+00 nan
3.460000000000000000e+02 3.593153341119939626e+01 3.520952759075340310e+01 nan 1.000000000000000000e+00 nan
3.470000000000000000e+02 3.593153341119939626e+01 3.521089122711718034e+01 1.000000000000000000e+00 1.000000000000000000e+00 1.000000000000000000e+00
3.480000000000000000e+02 3.593289704756303138e+01 3.517270940893131126e+01 nan nan nan
3.490000000000000000e+02 3.593289704756303848e+01 3.517407304529508849e+01 nan nan nan
3.500000000000000000e+02 3.593289704756303138e+01 3.517543668165887993e+01 nan nan nan
3.510000000000000000e+02 3.593289704756303138e+01 3.517680031802266427e+01 nan nan nan
3.520000000000000000e+02 3.593289704756303848e+01 3.517816395438644861e+01 1.000000000000000000e+00 nan nan
3.530000000000000000e+02 3.593289704756303848e+01 3.517952759075021163e+01 1.000000000000000000e+00 nan nan
3.540000000000000000e+02 3.593289704756303138e+01 3.518089122711400307e+01 nan nan nan
3.550000000000000000e+02 3.593289704756303138e+01 3.518225486347778030e+01 1.000000000000000000e+00 1.000000000000000000e+00 1.000000000000000000e+00
3.560000000000000000e+02 3.593289704756303848e+01 3.518361849984155754e+01 1.000000000000000000e+00 1.000000000000000000e+00 1.000000000000000000e+00
3.570000000000000000e+02 3.593289704756302427e+01 3.518498213620534187e+01 nan 1.000000000000000000e+00 nan
3.580000000000000000e+02 3.593289704756303848e+01 3.518634577256911200e+01 1.000000000000000000e+00 1.000000000000000000e+00 1.000000000000000000e+00
3.590000000000000000e+02 3.593289704756303848e+01 3.518770940893290344e+01 nan 1.000000000000000000e+00 nan
3.600000000000000000e+02 3.593289704756303138e+01 3.518907304529667357e+01 1.000000000000000000e+00 1.000000000000000000e+00 1.000000000000000000e+00
3.610000000000000000e+02 3.593289704756303138e+01 3.519043668166045791e+01 1.000000000000000000e+00 1.000000000000000000e+00 1.000000000000000000e+00
3.620000000000000000e+02 3.593289704756303138e+01 3.519180031802424935e+01 nan 1.000000000000000000e+00 nan
3.630000000000000000e+02 3.593289704756303138e+01 3.519316395438803369e+01 1.000000000000000000e+00 1.000000000000000000e+00 1.000000000000000000e+00
3.640000000000000000e+02 3.593289704756303138e+01 3.519452759075181092e+01 1.000000000000000000e+00 1.000000000000000000e+00 1.000000000000000000e+00
3.650000000000000000e+02 3.593289704756303848e+01 3.519589122711558815e+01 1.000000000000000000e+00 1.000000000000000000e+00 1.000000000000000000e+00
3.660000000000000000e+02 3.593289704756303848e+01 3.519725486347937249e+01 1.000000000000000000e+00 1.000000000000000000e+00 1.000000000000000000e+00
3.670000000000000000e+02 3.593289704756303848e+01 3.519861849984315683e+01 nan 1.000000000000000000e+00 nan
3.680000000000000000e+02 3.593289704756303138e+01 3.519998213620693406e+01 1.000000000000000000e+00 1.000000000000000000e+00 1.000000000000000000e+00
3.690000000000000000e+02 3.593289704756303138e+01 3.520134577257071840e+01 1.000000000000000000e+00 1.000000000000000000e+00 1.000000000000000000e+00
3.700000000000000000e+02 3.593289704756303138e+01 3.520270940893448852e+01 1.000000000000000000e+00 1.000000000000000000e+00 1.000000000000000000e+00
3.710000000000000000e+02 3.593289704756303848e+01 3.520407304529827996e+01 nan 1.000000000000000000e+00 nan
3.720000000000000000e+02 3.593289704756303138e+01 3.520543668166205720e+01 nan 1.000000000000000000e+00 nan
3.730000000000000000e+02 3.593289704756303138e+01 3.520680031802583443e+01 nan 1.000000000000000000e+00 nan
3.740000000000000000e+02 3.593289704756303138e+01 3.520816395438961877e+01 nan 1.000000000000000000e+00 nan
3.750000000000000000e+02 3.593289704756303138e+01 3.520952759075340310e+01 nan 1.000000000000000000e+00 nan
3.760000000000000000e+02 3.593289704756303138e+01 3.521089122711718034e+01 nan 1.000000000000000000e+00 nan
3.770000000000000000e+02 3.593426068392666650e+01 3.517270940893131126e+01 nan nan nan
3.780000000000000000e+02 3.593426068392666650e+01 3.517407304529509560e+01 nan nan nan
3.790000000000000000e+02 3.593426068392666650e+01 3.517543668165887993e+01 nan nan nan
3.800000000000000000e+02 3.593426068392666650e+01 3.517680031802267138e+01 1.000000000000000000e+00 nan nan
3.810000000000000000e+02 3.593426068392666650e+01 3.517816395438644150e+01 nan nan nan
3.820000000000000000e+02 3.593426068392665940e+01 3.517952759075021163e+01 1.000000000000000000e+00 nan nan
3.830000000000000000e+02 3.593426068392666650e+01 3.518089122711400307e+01 1.000000000000000000e+00 nan nan
3.840000000000000000e+02 3.593426068392666650e+01 3.518225486347778030e+01 nan 1.000000000000000000e+00 nan
3.850000000000000000e+02 3.593426068392665940e+01 3.518361849984155754e+01 1.000000000000000000e+00 1.000000000000000000e+00 1.000000000000000000e+00
3.860000000000000000e+02 3.593426068392666650e+01 3.518498213620534187e+01 nan 1.000000000000000000e+00 nan
3.870000000000000000e+02 3.593426068392666650e+01 3.518634577256911911e+01 1.000000000000000000e+00 1.000000000000000000e+00 1.000000000000000000e+00
3.880000000000000000e+02 3.593426068392666650e+01 3.518770940893290344e+01 1.000000000000000000e+00 1.000000000000000000e+00 1.000000000000000000e+00
3.890000000000000000e+02 3.593426068392666650e+01 3.518907304529668778e+01 1.000000000000000000e+00 1.000000000000000000e+00 1.000000000000000000e+00
3.900000000000000000e+02 3.593426068392667361e+01 3.519043668166045791e+01 1.000000000000000000e+00 1.000000000000000000e+00 1.000000000000000000e+00
3.910000000000000000e+02 3.593426068392665940e+01 3.519180031802424935e+01 1.000000000000000000e+00 1.000000000000000000e+00 1.000000000000000000e+00
3.920000000000000000e+02 3.593426068392665940e+01 3.519316395438802658e+01 1.000000000000000000e+00 1.000000000000000000e+00 1.000000000000000000e+00
3.930000000000000000e+02 3.593426068392666650e+01 3.519452759075181092e+01 1.000000000000000000e+00 1.000000000000000000e+00 1.000000000000000000e+00
3.940000000000000000e+02 3.593426068392665940e+01 3.519589122711558815e+01 1.000000000000000000e+00 1.000000000000000000e+00 1.000000000000000000e+00
3.950000000000000000e+02 3.593426068392666650e+01 3.519725486347937249e+01 1.000000000000000000e+00 1.000000000000000000e+00 1.000000000000000000e+00
3.960000000000000000e+02 3.593426068392666650e+01 3.519861849984314972e+01 1.000000000000000000e+00 1.000000000000000000e+00 1.000000000000000000e+00
3.970000000000000000e+02 3.593426068392666650e+01 3.519998213620694116e+01 1.000000000000000000e+00 1.000000000000000000e+00 1.000000000000000000e+00
3.980000000000000000e+02 3.593426068392666650e+01 3.520134577257071840e+01 nan 1.000000000000000000e+00 nan
3.990000000000000000e+02 3.593426068392666650e+01 3.520270940893449563e+01 nan 1.000000000000000000e+00 nan
4.000000000000000000e+02 3.593426068392666650e+01 3.520407304529826575e+01 1.000000000000000000e+00 1.000000000000000000e+00 1.000000000000000000e+00
4.010000000000000000e+02 3.593426068392666650e+01 3.520543668166205720e+01 nan 1.000000000000000000e+00 nan
4.020000000000000000e+02 3.593426068392666650e+01 3.520680031802583443e+01 nan 1.000000000000000000e+00 nan
4.030000000000000000e+02 3.593426068392666650e+01 3.520816395438961166e+01 nan 1.000000000000000000e+00 nan
4.040000000000000000e+02 3.593426068392666650e+01 3.520952759075340310e+01 1.000000000000000000e+00 1.000000000000000000e+00 1.000000000000000000e+00
4.050000000000000000e+02 3.593426068392666650e+01 3.521089122711718034e+01 1.000000000000000000e+00 1.000000000000000000e+00 1.000000000000000000e+00
4.060000000000000000e+02 3.593562432029030873e+01 3.517270940893131126e+01 nan nan nan
4.070000000000000000e+02 3.593562432029030873e+01 3.517407304529508849e+01 nan nan nan
4.080000000000000000e+02 3.593562432029030873e+01 3.517543668165887993e+01 nan nan nan
4.090000000000000000e+02 3.593562432029030873e+01 3.517680031802267138e+01 nan nan nan
4.100000000000000000e+02 3.593562432029030873e+01 3.517816395438644861e+01 nan nan nan
4.110000000000000000e+02 3.593562432029031584e+01 3.517952759075021874e+01 nan nan nan
4.120000000000000000e+02 3.593562432029031584e+01 3.518089122711400307e+01 1.000000000000000000e+00 nan nan
4.130000000000000000e+02 3.593562432029031584e+01 3.518225486347778030e+01 1.000000000000000000e+00 1.000000000000000000e+00 1.000000000000000000e+00
4.140000000000000000e+02 3.593562432029030873e+01 3.518361849984156464e+01 nan 1.000000000000000000e+00 nan
4.150000000000000000e+02 3.593562432029031584e+01 3.518498213620534187e+01 1.000000000000000000e+00 1.000000000000000000e+00 1.000000000000000000e+00
4.160000000000000000e+02 3.593562432029030163e+01 3.518634577256911911e+01 1.000000000000000000e+00 1.000000000000000000e+00 1.000000000000000000e+00
4.170000000000000000e+02 3.593562432029030873e+01 3.518770940893290344e+01 1.000000000000000000e+00 1.000000000000000000e+00 1.000000000000000000e+00
4.180000000000000000e+02 3.593562432029031584e+01 3.518907304529667357e+01 1.000000000000000000e+00 1.000000000000000000e+00 1.000000000000000000e+00
4.190000000000000000e+02 3.593562432029030163e+01 3.519043668166046501e+01 1.000000000000000000e+00 1.000000000000000000e+00 1.000000000000000000e+00
4.200000000000000000e+02 3.593562432029030873e+01 3.519180031802424935e+01 1.000000000000000000e+00 1.000000000000000000e+00 1.000000000000000000e+00
4.210000000000000000e+02 3.593562432029031584e+01 3.519316395438803369e+01 1.000000000000000000e+00 1.000000000000000000e+00 1.000000000000000000e+00
4.220000000000000000e+02 3.593562432029031584e+01 3.519452759075181092e+01 1.000000000000000000e+00 1.000000000000000000e+00 1.000000000000000000e+00
4.230000000000000000e+02 3.593562432029030873e+01 3.519589122711558815e+01 1.000000000000000000e+00 1.000000000000000000e+00 1.000000000000000000e+00
4.240000000000000000e+02 3.593562432029031584e+01 3.519725486347937249e+01 nan 1.000000000000000000e+00 nan
4.250000000000000000e+02 3.593562432029030873e+01 3.519861849984315683e+01 1.000000000000000000e+00 1.000000000000000000e+00 1.000000000000000000e+00
4.260000000000000000e+02 3.593562432029030873e+01 3.519998213620693406e+01 1.000000000000000000e+00 1.000000000000000000e+00 1.000000000000000000e+00
4.270000000000000000e+02 3.593562432029030873e+01 3.520134577257071840e+01 1.000000000000000000e+00 1.000000000000000000e+00 1.000000000000000000e+00
4.280000000000000000e+02 3.593562432029030873e+01 3.520270940893449563e+01 1.000000000000000000e+00 1.000000000000000000e+00 1.000000000000000000e+00
4.290000000000000000e+02 3.593562432029030873e+01 3.520407304529827996e+01 nan 1.000000000000000000e+00 nan
4.300000000000000000e+02 3.593562432029031584e+01 3.520543668166205720e+01 nan 1.000000000000000000e+00 nan
4.310000000000000000e+02 3.593562432029031584e+01 3.520680031802583443e+01 1.000000000000000000e+00 1.000000000000000000e+00 1.000000000000000000e+00
4.320000000000000000e+02 3.593562432029030873e+01 3.520816395438961877e+01 1.000000000000000000e+00 1.000000000000000000e+00 1.000000000000000000e+00
4.330000000000000000e+02 3.593562432029031584e+01 3.520952759075340310e+01 nan 1.000000000000000000e+00 nan
4.340000000000000000e+02 3.593562432029031584e+01 3.521089122711718034e+01 1.000000000000000000e+00 1.000000000000000000e+00 1.000000000000000000e+00
4.350000000000000000e+02 3.593698795665395096e+01 3.517270940893131126e+01 nan nan nan
4.360000000000000000e+02 3.593698795665394385e+01 3.517407304529509560e+01 nan nan nan
4.370000000000000000e+02 3.593698795665395096e+01 3.517543668165887993e+01 nan nan nan
4.380000000000000000e+02 3.593698795665395096e+01 3.517680031802267138e+01 nan nan nan
4.390000000000000000e+02 3.593698795665394385e+01 3.517816395438644150e+01 1.000000000000000000e+00 nan nan
4.400000000000000000e+02 3.593698795665395096e+01 3.517952759075021163e+01 nan nan nan
4.410000000000000000e+02 3.593698795665394385e+01 3.518089122711400307e+01 nan nan nan
4.420000000000000000e+02 3.593698795665394385e+01 3.518225486347778030e+01 1.000000000000000000e+00 1.000000000000000000e+00 1.000000000000000000e+00
4.430000000000000000e+02 3.593698795665394385e+01 3.518361849984155754e+01 1.000000000000000000e+00 1.000000000000000000e+00 1.000000000000000000e+00
4.440000000000000000e+02 3.593698795665394385e+01 3.518498213620534187e+01 nan 1.000000000000000000e+00 nan
4.450000000000000000e+02 3.593698795665395096e+01 3.518634577256911911e+01 1.000000000000000000e+00 1.000000000000000000e+00 1.000000000000000000e+00
4.460000000000000000e+02 3.593698795665394385e+01 3.518770940893290344e+01 nan 1.000000000000000000e+00 nan
4.470000000000000000e+02 3.593698795665395096e+01 3.518907304529668778e+01 nan 1.000000000000000000e+00 nan
4.480000000000000000e+02 3.593698795665395096e+01 3.519043668166045791e+01 1.000000000000000000e+00 1.000000000000000000e+00 1.000000000000000000e+00
4.490000000000000000e+02 3.593698795665394385e+01 3.519180031802424935e+01 nan 1.000000000000000000e+00 nan
4.500000000000000000e+02 3.593698795665394385e+01 3.519316395438802658e+01 1.000000000000000000e+00 1.000000000000000000e+00 1.000000000000000000e+00
4.510000000000000000e+02 3.593698795665394385e+01 3.519452759075181092e+01 nan 1.000000000000000000e+00 nan
4.520000000000000000e+02 3.593698795665394385e+01 3.519589122711558815e+01 1.000000000000000000e+00 1.000000000000000000e+00 1.000000000000000000e+00
4.530000000000000000e+02 3.593698795665395096e+01 3.519725486347937249e+01 1.000000000000000000e+00 1.000000000000000000e+00 1.000000000000000000e+00
4.540000000000000000e+02 3.593698795665394385e+01 3.519861849984314972e+01 nan 1.000000000000000000e+00 nan
4.550000000000000000e+02 3.593698795665395096e+01 3.519998213620694116e+01 nan 1.000000000000000000e+00 nan
4.560000000000000000e+02 3.593698795665394385e+01 3.520134577257071840e+01 nan 1.000000000000000000e+00 nan
4.570000000000000000e+02 3.593698795665394385e+01 3.520270940893449563e+01 1.000000000000000000e+00 1.000000000000000000e+00 1.000000000000000000e+00
4.580000000000000000e+02 3.593698795665395096e+01 3.520407304529826575e+01 1.000000000000000000e+00 1.000000000000000000e+00 1.000000000000000000e+00
4.590000000000000000e+02 3.593698795665394385e+01 3.520543668166205720e+01 nan 1.000000000000000000e+00 nan
4.600000000000000000e+02 3.593698795665394385e+01 3.520680031802583443e+01 nan 1.000000000000000000e+00 nan
4.610000000000000000e+02 3.593698795665395096e+01 3.520816395438961166e+01 nan 1.000000000000000000e+00 nan
4.620000000000000000e+02 3.593698795665395096e+01 3.520952759075340310e+01 nan 1.000000000000000000e+00 nan
4.630000000000000000e+02 3.593698795665394385e+01 3.521089122711718034e+01 nan 1.000000000000000000e+00 nan
4.640000000000000000e+02 3.593835159301758608e+01 3.517270940893131126e+01 nan nan nan
4.650000000000000000e+02 3.593835159301758608e+01 3.517407304529509560e+01 nan nan nan
4.660000000000000000e+02 3.593835159301757898e+01 3.517543668165887993e+01 nan nan nan
4.670000000000000000e+02 3.593835159301758608e+01 3.517680031802267138e+01 nan nan nan
4.680000000000000000e+02 3.593835159301757898e+01 3.517816395438644150e+01 nan nan nan
4.690000000000000000e+02 3.593835159301757898e+01 3.517952759075021163e+01 nan nan nan
4.700000000000000000e+02 3.593835159301757187e+01 3.518089122711400307e+01 1.000000000000000000e+00 nan nan
4.710000000000000000e+02 3.593835159301758608e+01 3.518225486347778030e+01 nan nan nan
4.720000000000000000e+02 3.593835159301757898e+01 3.518361849984155754e+01 1.000000000000000000e+00 nan nan
4.730000000000000000e+02 3.593835159301758608e+01 3.518498213620534187e+01 1.000000000000000000e+00 nan nan
4.740000000000000000e+02 3.593835159301757898e+01 3.518634577256911911e+01 nan nan nan
4.750000000000000000e+02 3.593835159301757898e+01 3.518770940893290344e+01 nan 1.000000000000000000e+00 nan
4.760000000000000000e+02 3.593835159301758608e+01 3.518907304529668778e+01 1.000000000000000000e+00 1.000000000000000000e+00 1.000000000000000000e+00
4.770000000000000000e+02 3.593835159301757898e+01 3.519043668166045791e+01 1.000000000000000000e+00 1.000000000000000000e+00 1.000000000000000000e+00
4.780000000000000000e+02 3.593835159301758608e+01 3.519180031802424935e+01 1.000000000000000000e+00 1.000000000000000000e+00 1.000000000000000000e+00
4.790000000000000000e+02 3.593835159301758608e+01 3.519316395438802658e+01 1.000000000000000000e+00 1.000000000000000000e+00 1.000000000000000000e+00
4.800000000000000000e+02 3.593835159301757898e+01 3.519452759075181092e+01 nan 1.000000000000000000e+00 nan
4.810000000000000000e+02 3.593835159301757898e+01 3.519589122711558815e+01 1.000000000000000000e+00 1.000000000000000000e+00 1.000000000000000000e+00
4.820000000000000000e+02 3.593835159301757898e+01 3.519725486347937249e+01 1.000000000000000000e+00 1.000000000000000000e+00 1.000000000000000000e+00
4.830000000000000000e+02 3.593835159301758608e+01 3.519861849984314972e+01 1.000000000000000000e+00 1.000000000000000000e+00 1.000000000000000000e+00
4.840000000000000000e+02 3.593835159301758608e+01 3.519998213620694116e+01 1.000000000000000000e+00 1.000000000000000000e+00 1.000000000000000000e+00
4.850000000000000000e+02 3.593835159301757187e+01 3.520134577257071840e+01 1.000000000000000000e+00 1.000000000000000000e+00 1.000000000000000000e+00
4.860000000000000000e+02 3.593835159301758608e+01 3.520270940893449563e+01 1.000000000000000000e+00 1.000000000000000000e+00 1.000000000000000000e+00
4.870000000000000000e+02 3.593835159301757898e+01 3.520407304529826575e+01 1.000000000000000000e+00 1.000000000000000000e+00 1.000000000000000000e+00
4.880000000000000000e+02 3.593835159301758608e+01 3.520543668166205720e+01 1.000000000000000000e+00 1.000000000000000000e+00 1.000000000000000000e+00
4.890000000000000000e+02 3.593835159301758608e+01 3.520680031802583443e+01 nan 1.000000000000000000e+00 nan
4.900000000000000000e+02 3.593835159301757187e+01 3.520816395438961166e+01 1.000000000000000000e+00 1.000000000000000000e+00 1.000000000000000000e+00
4.910000000000000000e+02 3.593835159301758608e+01 3.520952759075340310e+01 nan 1.000000000000000000e+00 nan
4.920000000000000000e+02 3.593835159301758608e+01 3.521089122711718034e+01 nan 1.000000000000000000e+00 nan
4.930000000000000000e+02 3.593971522938122121e+01 3.517270940893131126e+01 nan nan nan
4.940000000000000000e+02 3.593971522938122121e+01 3.517407304529509560e+01 nan nan nan
4.950000000000000000e+02 3.593971522938122121e+01 3.517543668165888704e+01 nan nan nan
4.960000000000000000e+02 3.593971522938122121e+01 3.517680031802267138e+01 nan nan nan
4.970000000000000000e+02 3.593971522938122121e+01 3.517816395438644150e+01 nan nan nan
4.980000000000000000e+02 3.593971522938122121e+01 3.517952759075021163e+01 nan nan nan
4.990000000000000000e+02 3.593971522938122121e+01 3.518089122711400307e+01 nan nan nan
5.000000000000000000e+02 3.593971522938122121e+01 3.518225486347778030e+01 nan nan nan
5.010000000000000000e+02 3.593971522938122121e+01 3.518361849984156464e+01 nan nan nan
5.020000000000000000e+02 3.593971522938122121e+01 3.518498213620534187e+01 nan nan nan
5.030000000000000000e+02 3.593971522938122121e+01 3.518634577256911911e+01 nan nan nan
5.040000000000000000e+02 3.593971522938122121e+01 3.518770940893290344e+01 nan 1.000000000000000000e+00 nan
5.050000000000000000e+02 3.593971522938121410e+01 3.518907304529667357e+01 1.000000000000000000e+00 1.000000000000000000e+00 1.000000000000000000e+00
5.060000000000000000e+02 3.593971522938121410e+01 3.519043668166046501e+01 nan 1.000000000000000000e+00 nan
5.070000000000000000e+02 3.593971522938122121e+01 3.519180031802424935e+01 1.000000000000000000e+00 1.000000000000000000e+00 1.000000000000000000e+00
5.080000000000000000e+02 3.593971522938121410e+01 3.519316395438803369e+01 1.000000000000000000e+00 1.000000000000000000e+00 1.000000000000000000e+00
5.090000000000000000e+02 3.593971522938121410e+01 3.519452759075181802e+01 1.000000000000000000e+00 1.000000000000000000e+00 1.000000000000000000e+00
5.100000000000000000e+02 3.593971522938121410e+01 3.519589122711558815e+01 1.000000000000000000e+00 1.000000000000000000e+00 1.000000000000000000e+00
5.110000000000000000e+02 3.593971522938122121e+01 3.519725486347937249e+01 nan 1.000000000000000000e+00 nan
5.120000000000000000e+02 3.593971522938122121e+01 3.519861849984314972e+01 1.000000000000000000e+00 1.000000000000000000e+00 1.000000000000000000e+00
5.130000000000000000e+02 3.593971522938122121e+01 3.519998213620692695e+01 nan 1.000000000000000000e+00 nan
5.140000000000000000e+02 3.593971522938122121e+01 3.520134577257071840e+01 nan 1.000000000000000000e+00 nan
5.150000000000000000e+02 3.593971522938122121e+01 3.520270940893449563e+01 nan 1.000000000000000000e+00 nan
5.160000000000000000e+02 3.593971522938122121e+01 3.520407304529826575e+01 1.000000000000000000e+00 1.000000000000000000e+00 1.000000000000000000e+00
5.170000000000000000e+02 3.593971522938122121e+01 3.520543668166206430e+01 1.000000000000000000e+00 1.000000000000000000e+00 1.000000000000000000e+00
5.180000000000000000e+02 3.593971522938121410e+01 3.520680031802583443e+01 nan 1.000000000000000000e+00 nan
5.190000000000000000e+02 3.593971522938121410e+01 3.520816395438961877e+01 nan 1.000000000000000000e+00 nan
5.200000000000000000e+02 3.593971522938122121e+01 3.520952759075340310e+01 nan 1.000000000000000000e+00 nan
5.210000000000000000e+02 3.593971522938122121e+01 3.521089122711718034e+01 nan 1.000000000000000000e+00 nan
5.220000000000000000e+02 3.594107886574484922e+01 3.517270940893131126e+01 nan nan nan
5.230000000000000000e+02 3.594107886574484922e+01 3.517407304529509560e+01 nan nan nan
5.240000000000000000e+02 3.594107886574484212e+01 3.517543668165887993e+01 nan nan nan
5.250000000000000000e+02 3.594107886574484212e+01 3.517680031802267138e+01 nan nan nan
5.260000000000000000e+02 3.594107886574484922e+01 3.517816395438644150e+01 nan nan nan
5.270000000000000000e+02 3.594107886574484922e+01 3.517952759075021163e+01 nan nan nan
5.280000000000000000e+02 3.594107886574484922e+01 3.518089122711400307e+01 nan nan nan
5.290000000000000000e+02 3.594107886574484212e+01 3.518225486347778030e+01 nan nan nan
5.300000000000000000e+02 3.594107886574484922e+01 3.518361849984155754e+01 nan nan nan
5.310000000000000000e+02 3.594107886574484212e+01 3.518498213620534187e+01 1.000000000000000000e+00 nan nan
5.320000000000000000e+02 3.594107886574484212e+01 3.518634577256911911e+01 1.000000000000000000e+00 nan nan
5.330000000000000000e+02 3.594107886574485633e+01 3.518770940893290344e+01 1.000000000000000000e+00 nan nan
5.340000000000000000e+02 3.594107886574484922e+01 3.518907304529668778e+01 1.000000000000000000e+00 1.000000000000000000e+00 1.000000000000000000e+00
5.350000000000000000e+02 3.594107886574485633e+01 3.519043668166045791e+01 1.000000000000000000e+00 1.000000000000000000e+00 1.000000000000000000e+00
5.360000000000000000e+02 3.594107886574484922e+01 3.519180031802424935e+01 1.000000000000000000e+00 1.000000000000000000e+00 1.000000000000000000e+00
5.370000000000000000e+02 3.594107886574484212e+01 3.519316395438802658e+01 1.000000000000000000e+00 1.000000000000000000e+00 1.000000000000000000e+00
5.380000000000000000e+02 3.594107886574484922e+01 3.519452759075181092e+01 1.000000000000000000e+00 1.000000000000000000e+00 1.000000000000000000e+00
5.390000000000000000e+02 3.594107886574484212e+01 3.519589122711558815e+01 nan 1.000000000000000000e+00 nan
5.400000000000000000e+02 3.594107886574484922e+01 3.519725486347937249e+01 nan 1.000000000000000000e+00 nan
5.410000000000000000e+02 3.594107886574484212e+01 3.519861849984314972e+01 1.000000000000000000e+00 1.000000000000000000e+00 1.000000000000000000e+00
5.420000000000000000e+02 3.594107886574484922e+01 3.519998213620694116e+01 nan 1.000000000000000000e+00 nan
5.430000000000000000e+02 3.594107886574484922e+01 3.520134577257071840e+01 1.000000000000000000e+00 1.000000000000000000e+00 1.000000000000000000e+00
5.440000000000000000e+02 3.594107886574484212e+01 3.520270940893449563e+01 1.000000000000000000e+00 1.000000000000000000e+00 1.000000000000000000e+00
5.450000000000000000e+02 3.594107886574484212e+01 3.520407304529826575e+01 nan 1.000000000000000000e+00 nan
5.460000000000000000e+02 3.594107886574484922e+01 3.520543668166205720e+01 1.000000000000000000e+00 1.000000000000000000e+00 1.000000000000000000e+00
5.470000000000000000e+02 3.594107886574484212e+01 3.520680031802583443e+01 1.000000000000000000e+00 1.000000000000000000e+00 1.000000000000000000e+00
5.480000000000000000e+02 3.594107886574485633e+01 3.520816395438961166e+01 nan 1.000000000000000000e+00 nan
5.490000000000000000e+02 3.594107886574484922e+01 3.520952759075340310e+01 nan 1.000000000000000000e+00 nan
5.500000000000000000e+02 3.594107886574484212e+01 3.521089122711718034e+01 nan 1.000000000000000000e+00 nan
5.510000000000000000e+02 3.594244250210848435e+01 3.517270940893131126e+01 nan nan nan
5.520000000000000000e+02 3.594244250210848435e+01 3.517407304529509560e+01 nan nan nan
5.530000000000000000e+02 3.594244250210847724e+01 3.517543668165887993e+01 nan nan nan
5.540000000000000000e+02 3.594244250210848435e+01 3.517680031802267138e+01 nan nan nan
5.550000000000000000e+02 3.594244250210848435e+01 3.517816395438644150e+01 nan nan nan
5.560000000000000000e+02 3.594244250210849145e+01 3.517952759075021163e+01 nan nan nan
5.570000000000000000e+02 3.594244250210848435e+01 3.518089122711400307e+01 nan nan nan
5.580000000000000000e+02 3.594244250210848435e+01 3.518225486347778030e+01 nan nan nan
5.590000000000000000e+02 3.594244250210848435e+01 3.518361849984155754e+01 nan nan nan
5.600000000000000000e+02 3.594244250210847724e+01 3.518498213620534187e+01 nan nan nan
5.610000000000000000e+02 3.594244250210848435e+01 3.518634577256911911e+01 nan nan nan
5.620000000000000000e+02 3.594244250210848435e+01 3.518770940893290344e+01 nan nan nan
5.630000000000000000e+02 3.594244250210849145e+01 3.518907304529668778e+01 nan 1.000000000000000000e+00 nan
5.640000000000000000e+02 3.594244250210848435e+01 3.519043668166045791e+01 1.000000000000000000e+00 1.000000000000000000e+00 1.000000000000000000e+00
5.650000000000000000e+02 3.594244250210847724e+01 3.519180031802424935e+01 1.000000000000000000e+00 1.000000000000000000e+00 1.000000000000000000e+00
5.660000000000000000e+02 3.594244250210848435e+01 3.519316395438802658e+01 nan 1.000000000000000000e+00 nan
5.670000000000000000e+02 3.594244250210847724e+01 3.519452759075181092e+01 nan 1.000000000000000000e+00 nan
5.680000000000000000e+02 3.594244250210848435e+01 3.519589122711558815e+01 nan 1.000000000000000000e+00 nan
5.690000000000000000e+02 3.594244250210848435e+01 3.519725486347937249e+01 1.000000000000000000e+00 1.000000000000000000e+00 1.000000000000000000e+00
5.700000000000000000e+02 3.594244250210848435e+01 3.519861849984314972e+01 1.000000000000000000e+00 1.000000000000000000e+00 1.000000000000000000e+00
5.710000000000000000e+02 3.594244250210848435e+01 3.519998213620694116e+01 nan 1.000000000000000000e+00 nan
5.720000000000000000e+02 3.594244250210848435e+01 3.520134577257071840e+01 1.000000000000000000e+00 1.000000000000000000e+00 1.000000000000000000e+00
5.730000000000000000e+02 3.594244250210849145e+01 3.520270940893449563e+01 1.000000000000000000e+00 1.000000000000000000e+00 1.000000000000000000e+00
5.740000000000000000e+02 3.594244250210847724e+01 3.520407304529826575e+01 nan 1.000000000000000000e+00 nan
5.750000000000000000e+02 3.594244250210847724e+01 3.520543668166205720e+01 nan 1.000000000000000000e+00 nan
5.760000000000000000e+02 3.594244250210847724e+01 3.520680031802583443e+01 nan 1.000000000000000000e+00 nan
5.770000000000000000e+02 3.594244250210847724e+01 3.520816395438961166e+01 nan 1.000000000000000000e+00 nan
5.780000000000000000e+02 3.594244250210848435e+01 3.520952759075340310e+01 nan 1.000000000000000000e+00 nan
5.790000000000000000e+02 3.594244250210849145e+01 3.521089122711718034e+01 nan 1.000000000000000000e+00 nan
5.800000000000000000e+02 3.594380613847211947e+01 3.517270940893131126e+01 nan nan nan
5.810000000000000000e+02 3.594380613847211947e+01 3.517407304529509560e+01 nan nan nan
5.820000000000000000e+02 3.594380613847211947e+01 3.517543668165887993e+01 nan nan nan
5.830000000000000000e+02 3.594380613847211947e+01 3.517680031802267138e+01 nan nan nan
5.840000000000000000e+02 3.594380613847211947e+01 3.517816395438643440e+01 nan nan nan
5.850000000000000000e+02 3.594380613847211947e+01 3.517952759075021163e+01 nan nan nan
5.860000000000000000e+02 3.594380613847211947e+01 3.518089122711399597e+01 nan nan nan
5.870000000000000000e+02 3.594380613847211947e+01 3.518225486347778030e+01 nan nan nan
5.880000000000000000e+02 3.594380613847211947e+01 3.518361849984155754e+01 nan nan nan
5.890000000000000000e+02 3.594380613847211947e+01 3.518498213620533477e+01 nan nan nan
5.900000000000000000e+02 3.594380613847211947e+01 3.518634577256912621e+01 1.000000000000000000e+00 nan nan
5.910000000000000000e+02 3.594380613847211947e+01 3.518770940893290344e+01 nan nan nan
5.920000000000000000e+02 3.594380613847212658e+01 3.518907304529667357e+01 nan nan nan
5.930000000000000000e+02 3.594380613847211947e+01 3.519043668166045791e+01 1.000000000000000000e+00 nan nan
5.940000000000000000e+02 3.594380613847211947e+01 3.519180031802424935e+01 nan nan nan
5.950000000000000000e+02 3.594380613847211947e+01 3.519316395438802658e+01 1.000000000000000000e+00 1.000000000000000000e+00 1.000000000000000000e+00
5.960000000000000000e+02 3.594380613847211947e+01 3.519452759075181092e+01 nan 1.000000000000000000e+00 nan
5.970000000000000000e+02 3.594380613847212658e+01 3.519589122711559526e+01 nan 1.000000000000000000e+00 nan
5.980000000000000000e+02 3.594380613847211947e+01 3.519725486347937249e+01 nan 1.000000000000000000e+00 nan
5.990000000000000000e+02 3.594380613847211947e+01 3.519861849984316393e+01 1.000000000000000000e+00 1.000000000000000000e+00 1.000000000000000000e+00
6.000000000000000000e+02 3.594380613847211947e+01 3.519998213620693406e+01 nan 1.000000000000000000e+00 nan
6.010000000000000000e+02 3.594380613847211947e+01 3.520134577257071840e+01 nan 1.000000000000000000e+00 nan
6.020000000000000000e+02 3.594380613847211947e+01 3.520270940893448852e+01 nan 1.000000000000000000e+00 nan
6.030000000000000000e+02 3.594380613847211947e+01 3.520407304529827996e+01 1.000000000000000000e+00 1.000000000000000000e+00 1.000000000000000000e+00
6.040000000000000000e+02 3.594380613847211947e+01 3.520543668166205720e+01 nan 1.000000000000000000e+00 nan
6.050000000000000000e+02 3.594380613847212658e+01 3.520680031802583443e+01 1.000000000000000000e+00 1.000000000000000000e+00 1.000000000000000000e+00
6.060000000000000000e+02 3.594380613847211947e+01 3.520816395438961877e+01 1.000000000000000000e+00 1.000000000000000000e+00 1.000000000000000000e+00
6.070000000000000000e+02 3.594380613847211947e+01 3.520952759075340310e+01 nan 1.000000000000000000e+00 nan
6.080000000000000000e+02 3.594380613847211947e+01 3.521089122711718034e+01 nan nan nan
6.090000000000000000e+02 3.594516977483576170e+01 3.517270940893131126e+01 nan nan nan
6.100000000000000000e+02 3.594516977483576170e+01 3.517407304529508849e+01 nan nan nan
6.110000000000000000e+02 3.594516977483576170e+01 3.517543668165887993e+01 nan nan nan
6.120000000000000000e+02 3.594516977483575459e+01 3.517680031802266427e+01 nan nan nan
6.130000000000000000e+02 3.594516977483576170e+01 3.517816395438644861e+01 nan nan nan
6.140000000000000000e+02 3.594516977483576170e+01 3.517952759075021163e+01 nan nan nan
6.150000000000000000e+02 3.594516977483576170e+01 3.518089122711400307e+01 nan nan nan
6.160000000000000000e+02 3.594516977483576170e+01 3.518225486347778030e+01 nan nan nan
6.170000000000000000e+02 3.594516977483576170e+01 3.518361849984155754e+01 nan nan nan
6.180000000000000000e+02 3.594516977483576170e+01 3.518498213620534187e+01 nan nan nan
6.190000000000000000e+02 3.594516977483576170e+01 3.518634577256911200e+01 nan nan nan
6.200000000000000000e+02 3.594516977483576170e+01 3.518770940893290344e+01 1.000000000000000000e+00 nan nan
6.210000000000000000e+02 3.594516977483576170e+01 3.518907304529667357e+01 nan nan nan
6.220000000000000000e+02 3.594516977483576170e+01 3.519043668166045791e+01 1.000000000000000000e+00 nan nan
6.230000000000000000e+02 3.594516977483576170e+01 3.519180031802424935e+01 nan nan nan
6.240000000000000000e+02 3.594516977483576170e+01 3.519316395438803369e+01 1.000000000000000000e+00 1.000000000000000000e+00 1.000000000000000000e+00
6.250000000000000000e+02 3.594516977483576170e+01 3.519452759075181092e+01 1.000000000000000000e+00 1.000000000000000000e+00 1.000000000000000000e+00
6.260000000000000000e+02 3.594516977483576170e+01 3.519589122711558815e+01 1.000000000000000000e+00 1.000000000000000000e+00 1.000000000000000000e+00
6.270000000000000000e+02 3.594516977483576170e+01 3.519725486347937249e+01 nan 1.000000000000000000e+00 nan
6.280000000000000000e+02 3.594516977483576170e+01 3.519861849984315683e+01 nan 1.000000000000000000e+00 nan
6.290000000000000000e+02 3.594516977483576170e+01 3.519998213620693406e+01 nan 1.000000000000000000e+00 nan
6.300000000000000000e+02 3.594516977483575459e+01 3.520134577257071840e+01 nan 1.000000000000000000e+00 nan
6.310000000000000000e+02 3.594516977483575459e+01 3.520270940893448852e+01 nan 1.000000000000000000e+00 nan
6.320000000000000000e+02 3.594516977483575459e+01 3.520407304529827996e+01 nan 1.000000000000000000e+00 nan
6.330000000000000000e+02 3.594516977483575459e+01 3.520543668166205720e+01 nan 1.000000000000000000e+00 nan
6.340000000000000000e+02 3.594516977483575459e+01 3.520680031802583443e+01 nan 1.000000000000000000e+00 nan
6.350000000000000000e+02 3.594516977483576170e+01 3.520816395438961877e+01 nan 1.000000000000000000e+00 nan
6.360000000000000000e+02 3.594516977483575459e+01 3.520952759075340310e+01 nan 1.000000000000000000e+00 nan
6.370000000000000000e+02 3.594516977483576170e+01 3.521089122711718034e+01 nan nan nan
6.380000000000000000e+02 3.594653341119941103e+01 3.517270940893131126e+01 nan nan nan
6.390000000000000000e+02 3.594653341119940393e+01 3.517407304529508849e+01 nan nan nan
6.400000000000000000e+02 3.594653341119940393e+01 3.517543668165887993e+01 nan nan nan
6.410000000000000000e+02 3.594653341119940393e+01 3.517680031802266427e+01 nan nan nan
6.420000000000000000e+02 3.594653341119941103e+01 3.517816395438644861e+01 nan nan nan
6.430000000000000000e+02 3.594653341119939682e+01 3.517952759075021163e+01 nan nan nan
6.440000000000000000e+02 3.594653341119940393e+01 3.518089122711400307e+01 nan nan nan
6.450000000000000000e+02 3.594653341119941103e+01 3.518225486347778030e+01 nan nan nan
6.460000000000000000e+02 3.594653341119940393e+01 3.518361849984155754e+01 nan nan nan
6.470000000000000000e+02 3.594653341119939682e+01 3.518498213620534187e+01 nan nan nan
6.480000000000000000e+02 3.594653341119940393e+01 3.518634577256911200e+01 nan nan nan
6.490000000000000000e+02 3.594653341119941103e+01 3.518770940893290344e+01 nan nan nan
6.500000000000000000e+02 3.594653341119941103e+01 3.518907304529667357e+01 nan nan nan
6.510000000000000000e+02 3.594653341119941103e+01 3.519043668166045791e+01 nan nan nan
6.520000000000000000e+02 3.594653341119939682e+01 3.519180031802424935e+01 nan nan nan
6.530000000000000000e+02 3.594653341119940393e+01 3.519316395438803369e+01 nan nan nan
6.540000000000000000e+02 3.594653341119940393e+01 3.519452759075181092e+01 nan nan nan
6.550000000000000000e+02 3.594653341119940393e+01 3.519589122711558815e+01 nan nan nan
6.560000000000000000e+02 3.594653341119941103e+01 3.519725486347937249e+01 nan nan nan
6.570000000000000000e+02 3.594653341119941103e+01 3.519861849984315683e+01 nan nan nan
6.580000000000000000e+02 3.594653341119939682e+01 3.519998213620693406e+01 1.000000000000000000e+00 nan nan
6.590000000000000000e+02 3.594653341119940393e+01 3.520134577257071840e+01 nan nan nan
6.600000000000000000e+02 3.594653341119941103e+01 3.520270940893448852e+01 nan nan nan
6.610000000000000000e+02 3.594653341119940393e+01 3.520407304529827996e+01 nan nan nan
6.620000000000000000e+02 3.594653341119939682e+01 3.520543668166205720e+01 nan nan nan
6.630000000000000000e+02 3.594653341119940393e+01 3.520680031802583443e+01 nan nan nan
6.640000000000000000e+02 3.594653341119941103e+01 3.520816395438961877e+01 nan nan nan
6.650000000000000000e+02 3.594653341119939682e+01 3.520952759075340310e+01 nan nan nan
6.660000000000000000e+02 3.594653341119940393e+01 3.521089122711718034e+01 nan nan nan
6.670000000000000000e+02 3.594789704756302484e+01 3.517270940893131126e+01 nan nan nan
6.680000000000000000e+02 3.594789704756303195e+01 3.517407304529508849e+01 nan nan nan
6.690000000000000000e+02 3.594789704756303195e+01 3.517543668165887993e+01 nan nan nan
6.700000000000000000e+02 3.594789704756303195e+01 3.517680031802266427e+01 nan nan nan
6.710000000000000000e+02 3.594789704756303195e+01 3.517816395438644861e+01 nan nan nan
6.720000000000000000e+02 3.594789704756303195e+01 3.517952759075021163e+01 nan nan nan
6.730000000000000000e+02 3.594789704756303195e+01 3.518089122711400307e+01 nan nan nan
6.740000000000000000e+02 3.594789704756303195e+01 3.518225486347778030e+01 nan nan nan
6.750000000000000000e+02 3.594789704756303195e+01 3.518361849984155754e+01 nan nan nan
6.760000000000000000e+02 3.594789704756303195e+01 3.518498213620534187e+01 nan nan nan
6.770000000000000000e+02 3.594789704756303195e+01 3.518634577256911200e+01 nan nan nan
6.780000000000000000e+02 3.594789704756302484e+01 3.518770940893290344e+01 nan nan nan
6.790000000000000000e+02 3.594789704756303195e+01 3.518907304529667357e+01 nan nan nan
6.800000000000000000e+02 3.594789704756303195e+01 3.519043668166045791e+01 nan nan nan
6.810000000000000000e+02 3.594789704756303195e+01 3.519180031802424935e+01 nan nan nan
6.820000000000000000e+02 3.594789704756303195e+01 3.519316395438803369e+01 nan nan nan
6.830000000000000000e+02 3.594789704756303195e+01 3.519452759075181092e+01 nan nan nan
6.840000000000000000e+02 3.594789704756303195e+01 3.519589122711558815e+01 nan nan nan
6.850000000000000000e+02 3.594789704756302484e+01 3.519725486347937249e+01 nan nan nan
6.860000000000000000e+02 3.594789704756303195e+01 3.519861849984315683e+01 nan nan nan
6.870000000000000000e+02 3.594789704756303195e+01 3.519998213620693406e+01 nan nan nan
6.880000000000000000e+02 3.594789704756303195e+01 3.520134577257071840e+01 nan nan nan
6.890000000000000000e+02 3.594789704756303195e+01 3.520270940893448852e+01 nan nan nan
6.900000000000000000e+02 3.594789704756303195e+01 3.520407304529827996e+01 nan nan nan
6.910000000000000000e+02 3.594789704756302484e+01 3.520543668166205720e+01 nan nan nan
6.920000000000000000e+02 3.594789704756303195e+01 3.520680031802583443e+01 nan nan nan
6.930000000000000000e+02 3.594789704756303195e+01 3.520816395438961877e+01 nan nan nan
6.940000000000000000e+02 3.594789704756303195e+01 3.520952759075340310e+01 nan nan nan
6.950000000000000000e+02 3.594789704756303195e+01 3.521089122711718034e+01 nan nan nan
6.960000000000000000e+02 3.594926068392667418e+01 3.517270940893131126e+01 nan nan nan
6.970000000000000000e+02 3.594926068392666707e+01 3.517407304529509560e+01 nan nan nan
6.980000000000000000e+02 3.594926068392666707e+01 3.517543668165887993e+01 nan nan nan
6.990000000000000000e+02 3.594926068392666707e+01 3.517680031802267138e+01 nan nan nan
7.000000000000000000e+02 3.594926068392666707e+01 3.517816395438644150e+01 nan nan nan
7.010000000000000000e+02 3.594926068392667418e+01 3.517952759075021163e+01 nan nan nan
7.020000000000000000e+02 3.594926068392666707e+01 3.518089122711400307e+01 nan nan nan
7.030000000000000000e+02 3.594926068392667418e+01 3.518225486347778030e+01 nan nan nan
7.040000000000000000e+02 3.594926068392666707e+01 3.518361849984155754e+01 nan nan nan
7.050000000000000000e+02 3.594926068392667418e+01 3.518498213620534187e+01 nan nan nan
7.060000000000000000e+02 3.594926068392667418e+01 3.518634577256911911e+01 nan nan nan
7.070000000000000000e+02 3.594926068392666707e+01 3.518770940893290344e+01 nan nan nan
7.080000000000000000e+02 3.594926068392666707e+01 3.518907304529668778e+01 nan nan nan
7.090000000000000000e+02 3.594926068392667418e+01 3.519043668166045791e+01 nan nan nan
7.100000000000000000e+02 3.594926068392666707e+01 3.519180031802424935e+01 1.000000000000000000e+00 nan nan
7.110000000000000000e+02 3.594926068392666707e+01 3.519316395438802658e+01 nan nan nan
7.120000000000000000e+02 3.594926068392666707e+01 3.519452759075181092e+01 nan nan nan
7.130000000000000000e+02 3.594926068392667418e+01 3.519589122711558815e+01 nan nan nan
7.140000000000000000e+02 3.594926068392666707e+01 3.519725486347937249e+01 nan nan nan
7.150000000000000000e+02 3.594926068392668128e+01 3.519861849984314972e+01 nan nan nan
7.160000000000000000e+02 3.594926068392666707e+01 3.519998213620694116e+01 nan nan nan
7.170000000000000000e+02 3.594926068392667418e+01 3.520134577257071840e+01 nan nan nan
7.180000000000000000e+02 3.594926068392666707e+01 3.520270940893449563e+01 nan nan nan
7.190000000000000000e+02 3.594926068392666707e+01 3.520407304529826575e+01 nan nan nan
7.200000000000000000e+02 3.594926068392666707e+01 3.520543668166205720e+01 nan nan nan
7.210000000000000000e+02 3.594926068392666707e+01 3.520680031802583443e+01 nan nan nan
7.220000000000000000e+02 3.594926068392666707e+01 3.520816395438961166e+01 nan nan nan
7.230000000000000000e+02 3.594926068392668128e+01 3.520952759075340310e+01 nan nan nan
7.240000000000000000e+02 3.594926068392667418e+01 3.521089122711718034e+01 nan nan nan
7.250000000000000000e+02 3.595062432029030930e+01 3.517270940893131126e+01 nan nan nan
7.260000000000000000e+02 3.595062432029030219e+01 3.517407304529509560e+01 nan nan nan
7.270000000000000000e+02 3.595062432029030930e+01 3.517543668165887993e+01 nan nan nan
7.280000000000000000e+02 3.595062432029030930e+01 3.517680031802267138e+01 nan nan nan
7.290000000000000000e+02 3.595062432029030930e+01 3.517816395438643440e+01 nan nan nan
7.300000000000000000e+02 3.595062432029030930e+01 3.517952759075021163e+01 nan nan nan
7.310000000000000000e+02 3.595062432029030930e+01 3.518089122711399597e+01 nan nan nan
7.320000000000000000e+02 3.595062432029030930e+01 3.518225486347778030e+01 nan nan nan
7.330000000000000000e+02 3.595062432029030930e+01 3.518361849984155754e+01 nan nan nan
7.340000000000000000e+02 3.595062432029030930e+01 3.518498213620533477e+01 nan nan nan
7.350000000000000000e+02 3.595062432029030930e+01 3.518634577256912621e+01 nan nan nan
7.360000000000000000e+02 3.595062432029030930e+01 3.518770940893290344e+01 nan nan nan
7.370000000000000000e+02 3.595062432029030930e+01 3.518907304529667357e+01 nan nan nan
7.380000000000000000e+02 3.595062432029030930e+01 3.519043668166045791e+01 nan nan nan
7.390000000000000000e+02 3.595062432029030219e+01 3.519180031802424935e+01 1.000000000000000000e+00 nan nan
7.400000000000000000e+02 3.595062432029030930e+01 3.519316395438802658e+01 nan nan nan
7.410000000000000000e+02 3.595062432029030930e+01 3.519452759075181092e+01 nan nan nan
7.420000000000000000e+02 3.595062432029030930e+01 3.519589122711559526e+01 nan nan nan
7.430000000000000000e+02 3.595062432029030930e+01 3.519725486347937249e+01 nan nan nan
7.440000000000000000e+02 3.595062432029030930e+01 3.519861849984316393e+01 nan nan nan
7.450000000000000000e+02 3.595062432029030930e+01 3.519998213620693406e+01 nan nan nan
7.460000000000000000e+02 3.595062432029030930e+01 3.520134577257071840e+01 nan nan nan
7.470000000000000000e+02 3.595062432029030219e+01 3.520270940893448852e+01 nan nan nan
7.480000000000000000e+02 3.595062432029030219e+01 3.520407304529827996e+01 nan nan nan
7.490000000000000000e+02 3.595062432029030930e+01 3.520543668166205720e+01 nan nan nan
7.500000000000000000e+02 3.595062432029030930e+01 3.520680031802583443e+01 nan nan nan
7.510000000000000000e+02 3.595062432029030930e+01 3.520816395438961877e+01 nan nan nan
7.520000000000000000e+02 3.595062432029030219e+01 3.520952759075340310e+01 nan nan nan
7.530000000000000000e+02 3.595062432029030930e+01 3.521089122711718034e+01 nan nan nan
7.540000000000000000e+02 3.595198795665394442e+01 3.517270940893131126e+01 nan nan nan
7.550000000000000000e+02 3.595198795665393732e+01 3.517407304529509560e+01 nan nan nan
7.560000000000000000e+02 3.595198795665393732e+01 3.517543668165887993e+01 nan nan nan
7.570000000000000000e+02 3.595198795665395153e+01 3.517680031802267138e+01 nan nan nan
7.580000000000000000e+02 3.595198795665394442e+01 3.517816395438644150e+01 nan nan nan
7.590000000000000000e+02 3.595198795665394442e+01 3.517952759075021163e+01 nan nan nan
7.600000000000000000e+02 3.595198795665393732e+01 3.518089122711400307e+01 nan nan nan
7.610000000000000000e+02 3.595198795665394442e+01 3.518225486347778030e+01 nan nan nan
7.620000000000000000e+02 3.595198795665395153e+01 3.518361849984155754e+01 nan nan nan
7.630000000000000000e+02 3.595198795665394442e+01 3.518498213620534187e+01 nan nan nan
7.640000000000000000e+02 3.595198795665394442e+01 3.518634577256911911e+01 nan nan nan
7.650000000000000000e+02 3.595198795665394442e+01 3.518770940893290344e+01 nan nan nan
7.660000000000000000e+02 3.595198795665395153e+01 3.518907304529668778e+01 nan nan nan
7.670000000000000000e+02 3.595198795665393732e+01 3.519043668166045791e+01 nan nan nan
7.680000000000000000e+02 3.595198795665394442e+01 3.519180031802424935e+01 1.000000000000000000e+00 nan nan
7.690000000000000000e+02 3.595198795665393732e+01 3.519316395438802658e+01 nan nan nan
7.700000000000000000e+02 3.595198795665394442e+01 3.519452759075181092e+01 nan nan nan
7.710000000000000000e+02 3.595198795665395153e+01 3.519589122711558815e+01 nan nan nan
7.720000000000000000e+02 3.595198795665394442e+01 3.519725486347937249e+01 nan nan nan
7.730000000000000000e+02 3.595198795665393732e+01 3.519861849984314972e+01 nan nan nan
7.740000000000000000e+02 3.595198795665394442e+01 3.519998213620694116e+01 nan nan nan
7.750000000000000000e+02 3.595198795665395153e+01 3.520134577257071840e+01 nan nan nan
7.760000000000000000e+02 3.595198795665394442e+01 3.520270940893449563e+01 nan nan nan
7.770000000000000000e+02 3.595198795665393732e+01 3.520407304529826575e+01 nan nan nan
7.780000000000000000e+02 3.595198795665393732e+01 3.520543668166205720e+01 nan nan nan
7.790000000000000000e+02 3.595198795665393732e+01 3.520680031802583443e+01 nan nan nan
7.800000000000000000e+02 3.595198795665394442e+01 3.520816395438961166e+01 nan nan nan
7.810000000000000000e+02 3.595198795665393732e+01 3.520952759075340310e+01 nan nan nan
7.820000000000000000e+02 3.595198795665394442e+01 3.521089122711718034e+01 nan nan nan
