1.000000000000000000e+00 6.306764052080024996e-01
3.000000000000000000e+00 7.168343164695152314e-01
5.000000000000000000e+00 7.613303302497878011e-01
7.000000000000000000e+00 7.901879156377280555e-01
9.000000000000000000e+00 8.143744074300167668e-01
1.100000000000000000e+01 8.349647902343517725e-01
1.300000000000000000e+01 8.528123475863087499e-01
1.500000000000000000e+01 8.683683788319398467e-01
1.700000000000000000e+01 8.812207449599697151e-01
1.900000000000000000e+01 8.921030698393687119e-01
2.100000000000000000e+01 9.012126270113929305e-01
2.300000000000000000e+01 9.088124218917783548e-01
2.500000000000000000e+01 9.152623756736592009e-01
2.700000000000000000e+01 9.205561564216926396e-01
2.900000000000000000e+01 9.248937274703038502e-01
3.100000000000000000e+01 9.283568656898381066e-01
3.300000000000000000e+01 9.310875533961577855e-01
3.500000000000000000e+01 9.332544196869066999e-01
3.700000000000000000e+01 9.350315869167145078e-01
3.900000000000000000e+01 9.365697882173258382e-01
4.100000000000000000e+01 9.380632177136566385e-01
4.300000000000000000e+01 9.395307135726671532e-01
4.500000000000000000e+01 9.409553093691110925e-01
4.700000000000000000e+01 9.423352056117685338e-01
4.900000000000000000e+01 9.436117558118628512e-01
5.100000000000000000e+01 9.447738790259264663e-01
5.300000000000000000e+01 9.458353085529310755e-01
5.500000000000000000e+01 9.467009104851892287e-01
5.700000000000000000e+01 9.474154244913001177e-01
5.900000000000000000e+01 9.480643972167990263e-01
6.100000000000000000e+01 9.486575380339239416e-01
6.300000000000000000e+01 9.492163299022110534e-01
6.500000000000000000e+01 9.497254755800367265e-01
6.700000000000000000e+01 9.501936236785406553e-01
6.900000000000000000e+01 9.506249574409781911e-01
7.100000000000000000e+01 9.510575451589303730e-01
7.300000000000000000e+01 9.514973578853790359e-01
7.500000000000000000e+01 9.518952228639395718e-01
7.700000000000000000e+01 9.522561632698903766e-01
7.900000000000000000e+01 9.526006706462569751e-01
8.100000000000000000e+01 9.528531081654468826e-01
8.300000000000000000e+01 9.530554232298443784e-01
8.500000000000000000e+01 9.532154929394665022e-01
8.700000000000000000e+01 9.532739208569714906e-01
8.900000000000000000e+01 9.532479415116679178e-01
9.100000000000000000e+01 9.531841657083565122e-01
9.300000000000000000e+01 9.531296968506047795e-01
9.500000000000000000e+01 9.529816674377329377e-01
9.700000000000000000e+01 9.527243354315094725e-01
9.900000000000000000e+01 9.524167456125081088e-01
1.010000000000000000e+02 9.520892058328420671e-01
1.030000000000000000e+02 9.517780772384456522e-01
1.050000000000000000e+02 9.514998966422220095e-01
1.070000000000000000e+02 9.512662419005215586e-01
1.090000000000000000e+02 9.510256947284674300e-01
1.110000000000000000e+02 9.507798511405500808e-01
1.130000000000000000e+02 9.505481732776677184e-01
1.150000000000000000e+02 9.503307033049208652e-01
1.170000000000000000e+02 9.500869272332301829e-01
1.190000000000000000e+02 9.498226488414795998e-01
1.210000000000000000e+02 9.495376595544203768e-01
1.230000000000000000e+02 9.492655348896782419e-01
1.250000000000000000e+02 9.490069206386770873e-01
1.270000000000000000e+02 9.487664177011951860e-01
1.290000000000000000e+02 9.485452733763956035e-01
1.310000000000000000e+02 9.483500376516800223e-01
1.330000000000000000e+02 9.481824343845600689e-01
1.350000000000000000e+02 9.480442274182417917e-01
1.370000000000000000e+02 9.479492046940053429e-01
1.390000000000000000e+02 9.479002253711809045e-01
1.410000000000000000e+02 9.479002253711807935e-01
1.430000000000000000e+02 9.479002253711810155e-01
1.450000000000000000e+02 9.479002253711803494e-01
1.470000000000000000e+02 9.479002253711810155e-01
1.490000000000000000e+02 9.479002253711804604e-01
