1.000000000000000000e+00 1.749465177085807177e-02
3.000000000000000000e+00 1.807254386759682419e-02
5.000000000000000000e+00 1.849184083035482207e-02
7.000000000000000000e+00 1.891003050317274781e-02
9.000000000000000000e+00 1.930327567853706849e-02
1.100000000000000000e+01 1.966029269456570638e-02
1.300000000000000000e+01 1.995450899652218002e-02
1.500000000000000000e+01 2.017997454162312465e-02
1.700000000000000000e+01 2.033937681230646444e-02
1.900000000000000000e+01 2.045054673474000495e-02
2.100000000000000000e+01 2.052677307066497203e-02
2.300000000000000000e+01 2.057633890572474478e-02
2.500000000000000000e+01 2.060586844403378137e-02
2.700000000000000000e+01 2.061699572005126768e-02
2.900000000000000000e+01 2.060854756425545276e-02
3.100000000000000000e+01 2.057870604465061870e-02
3.300000000000000000e+01 2.052566708995406941e-02
3.500000000000000000e+01 2.044308145984863323e-02
3.700000000000000000e+01 2.032972324881765491e-02
3.900000000000000000e+01 2.018702198852451168e-02
4.100000000000000000e+01 2.001579519631158099e-02
4.300000000000000000e+01 1.982054369910213332e-02
4.500000000000000000e+01 1.960692510461492510e-02
4.700000000000000000e+01 1.937889993620123263e-02
4.900000000000000000e+01 1.913911583508254299e-02
5.100000000000000000e+01 1.888898986346976283e-02
5.300000000000000000e+01 1.863102755653422982e-02
5.500000000000000000e+01 1.836816488926840130e-02
5.700000000000000000e+01 1.809777269239176700e-02
5.900000000000000000e+01 1.782302004966096476e-02
6.100000000000000000e+01 1.754602291756346411e-02
6.300000000000000000e+01 1.727181605772065698e-02
6.500000000000000000e+01 1.700112850649582175e-02
6.700000000000000000e+01 1.673471586147479151e-02
6.900000000000000000e+01 1.647833355396621791e-02
7.100000000000000000e+01 1.622772755984869253e-02
7.300000000000000000e+01 1.598343189935813591e-02
7.500000000000000000e+01 1.574549083402199123e-02
7.700000000000000000e+01 1.551395718263082202e-02
7.900000000000000000e+01 1.528905875509400936e-02
8.100000000000000000e+01 1.506735516853785484e-02
8.300000000000000000e+01 1.484953052527315798e-02
8.500000000000000000e+01 1.463605521578614788e-02
8.700000000000000000e+01 1.442990687870349120e-02
8.900000000000000000e+01 1.422923815912824352e-02
9.100000000000000000e+01 1.403422674256249447e-02
9.300000000000000000e+01 1.384681851934355112e-02
9.500000000000000000e+01 1.366813318438675484e-02
9.700000000000000000e+01 1.349787207330266359e-02
9.900000000000000000e+01 1.333571078212458794e-02
1.010000000000000000e+02 1.318137947504616214e-02
1.030000000000000000e+02 1.303470354141966769e-02
1.050000000000000000e+02 1.289315645271305044e-02
1.070000000000000000e+02 1.275466251273305041e-02
1.090000000000000000e+02 1.261925862038837387e-02
1.110000000000000000e+02 1.248689350362708339e-02
1.130000000000000000e+02 1.236004392294254295e-02
1.150000000000000000e+02 1.223857730809463362e-02
1.170000000000000000e+02 1.212431131178759447e-02
1.190000000000000000e+02 1.201868092083357986e-02
1.210000000000000000e+02 1.192117427952521513e-02
1.230000000000000000e+02 1.183129961353224235e-02
1.250000000000000000e+02 1.174740002684515616e-02
1.270000000000000000e+02 1.166926932932677019e-02
1.290000000000000000e+02 1.159673488426049559e-02
1.310000000000000000e+02 1.152939152385568100e-02
1.330000000000000000e+02 1.146713276652633340e-02
1.350000000000000000e+02 1.140977716963476052e-02
1.370000000000000000e+02 1.135892821154538268e-02
1.390000000000000000e+02 1.131430165430502566e-02
1.410000000000000000e+02 1.127557093614295347e-02
1.430000000000000000e+02 1.124245010928048849e-02
1.450000000000000000e+02 1.121476707229140946e-02
1.470000000000000000e+02 1.119221823227301016e-02
1.490000000000000000e+02 1.117387701861649596e-02
