1.000000000000000000e+00 2.982700338038934973e-04
3.000000000000000000e+00 3.100170924033029962e-04
5.000000000000000000e+00 3.170081866307183915e-04
7.000000000000000000e+00 3.256097924629886009e-04
9.000000000000000000e+00 3.375744084925802468e-04
1.100000000000000000e+01 3.482436706412350702e-04
1.300000000000000000e+01 3.575764982711726603e-04
1.500000000000000000e+01 3.658672714642596802e-04
1.700000000000000000e+01 3.730904650486310814e-04
1.900000000000000000e+01 3.794606010311118993e-04
2.100000000000000000e+01 3.852575993749107752e-04
2.300000000000000000e+01 3.906982309679341014e-04
2.500000000000000000e+01 3.959171149785500887e-04
2.700000000000000000e+01 4.009533180069357883e-04
2.900000000000000000e+01 4.057709679069487763e-04
3.100000000000000000e+01 4.103907145819318814e-04
3.300000000000000000e+01 4.148244520869592833e-04
3.500000000000000000e+01 4.190902159147968931e-04
3.700000000000000000e+01 4.231955401542419892e-04
3.900000000000000000e+01 4.271766048780101244e-04
4.100000000000000000e+01 4.310981846413763918e-04
4.300000000000000000e+01 4.350254735836500686e-04
4.500000000000000000e+01 4.389728398254133523e-04
4.700000000000000000e+01 4.429972152301120403e-04
4.900000000000000000e+01 4.471668524708150017e-04
5.100000000000000000e+01 4.514618060912356512e-04
5.300000000000000000e+01 4.557956694760667560e-04
5.500000000000000000e+01 4.600394247967765082e-04
5.700000000000000000e+01 4.641158548723822719e-04
5.900000000000000000e+01 4.681152055391324396e-04
6.100000000000000000e+01 4.720643967009996445e-04
6.300000000000000000e+01 4.759598565301503825e-04
6.500000000000000000e+01 4.798545172973733841e-04
6.700000000000000000e+01 4.837421631931348998e-04
6.900000000000000000e+01 4.876208606523491085e-04
7.100000000000000000e+01 4.915010312139811433e-04
7.300000000000000000e+01 4.954142050533905106e-04
7.500000000000000000e+01 4.993772633310467057e-04
7.700000000000000000e+01 5.033823089329869660e-04
7.900000000000000000e+01 5.074376061562357876e-04
8.100000000000000000e+01 5.115635176847765919e-04
8.300000000000000000e+01 5.157572445821934082e-04
8.500000000000000000e+01 5.200160923000129998e-04
8.700000000000000000e+01 5.243281224869278390e-04
8.900000000000000000e+01 5.287027316528414289e-04
9.100000000000000000e+01 5.331547641942435689e-04
9.300000000000000000e+01 5.376929917535466785e-04
9.500000000000000000e+01 5.423200899742353087e-04
9.700000000000000000e+01 5.470331131535166591e-04
9.900000000000000000e+01 5.518252339915541427e-04
1.010000000000000000e+02 5.566966095470471387e-04
1.030000000000000000e+02 5.616715666658667061e-04
1.050000000000000000e+02 5.667697313517239266e-04
1.070000000000000000e+02 5.719966635790996179e-04
1.090000000000000000e+02 5.773729019109552496e-04
1.110000000000000000e+02 5.829027251271767796e-04
1.130000000000000000e+02 5.886030003238174046e-04
1.150000000000000000e+02 5.944759562400703246e-04
1.170000000000000000e+02 6.005198222823748821e-04
1.190000000000000000e+02 6.067404943703724740e-04
1.210000000000000000e+02 6.131685047402468669e-04
1.230000000000000000e+02 6.198377396425813757e-04
1.250000000000000000e+02 6.267684234307902003e-04
1.270000000000000000e+02 6.339644981130376777e-04
1.290000000000000000e+02 6.414305739952386176e-04
1.310000000000000000e+02 6.491702758709694265e-04
1.330000000000000000e+02 6.571826118081380841e-04
1.350000000000000000e+02 6.653731669356011125e-04
1.370000000000000000e+02 6.737704207445682769e-04
1.390000000000000000e+02 6.823968363132149051e-04
1.410000000000000000e+02 6.913927358818128255e-04
1.430000000000000000e+02 7.007844602356927410e-04
1.450000000000000000e+02 7.105873245869531729e-04
1.470000000000000000e+02 7.208150091857490338e-04
1.490000000000000000e+02 7.314693072929534523e-04
