1.000000000000000000e+00 3.075181586642772302e-02
3.000000000000000000e+00 3.123778168965141155e-02
5.000000000000000000e+00 3.169211407508465417e-02
7.000000000000000000e+00 3.228590243896223289e-02
9.000000000000000000e+00 3.286389110043730355e-02
1.100000000000000000e+01 3.342085334727307178e-02
1.300000000000000000e+01 3.394479679404682759e-02
1.500000000000000000e+01 3.443455933782879619e-02
1.700000000000000000e+01 3.488107720497002351e-02
1.900000000000000000e+01 3.527187449067870073e-02
2.100000000000000000e+01 3.559243615132046124e-02
2.300000000000000000e+01 3.584979001416399580e-02
2.500000000000000000e+01 3.605656790293709779e-02
2.700000000000000000e+01 3.622128139153968363e-02
2.900000000000000000e+01 3.634352978226995656e-02
3.100000000000000000e+01 3.642196869886671351e-02
3.300000000000000000e+01 3.644793693545644864e-02
3.500000000000000000e+01 3.642943672248599718e-02
3.700000000000000000e+01 3.637419539879160890e-02
3.900000000000000000e+01 3.629812610438332143e-02
4.100000000000000000e+01 3.620501271899700946e-02
4.300000000000000000e+01 3.609707419436425369e-02
4.500000000000000000e+01 3.597740095801149618e-02
4.700000000000000000e+01 3.584919426938715237e-02
4.900000000000000000e+01 3.571633499577930859e-02
5.100000000000000000e+01 3.558022783561831659e-02
5.300000000000000000e+01 3.543389970735433270e-02
5.500000000000000000e+01 3.528262861745734558e-02
5.700000000000000000e+01 3.512803704586497933e-02
5.900000000000000000e+01 3.497013073106269854e-02
6.100000000000000000e+01 3.480919648555602652e-02
6.300000000000000000e+01 3.464152433154710220e-02
6.500000000000000000e+01 3.446946241862469673e-02
6.700000000000000000e+01 3.429304076287942316e-02
6.900000000000000000e+01 3.411650453267456307e-02
7.100000000000000000e+01 3.393993808475337381e-02
7.300000000000000000e+01 3.375886520756343767e-02
7.500000000000000000e+01 3.357517087995554039e-02
7.700000000000000000e+01 3.338927331425256551e-02
7.900000000000000000e+01 3.319961890945677396e-02
8.100000000000000000e+01 3.300759716826784373e-02
8.300000000000000000e+01 3.281546345945418608e-02
8.500000000000000000e+01 3.262233720755580713e-02
8.700000000000000000e+01 3.243161466537614057e-02
8.900000000000000000e+01 3.224334544582496687e-02
9.100000000000000000e+01 3.205445229566405985e-02
9.300000000000000000e+01 3.186714676196467089e-02
9.500000000000000000e+01 3.168059428072866890e-02
9.700000000000000000e+01 3.149435812040279892e-02
9.900000000000000000e+01 3.131554405684722209e-02
1.010000000000000000e+02 3.114419643617116762e-02
1.030000000000000000e+02 3.097745667625151356e-02
1.050000000000000000e+02 3.081560766030166931e-02
1.070000000000000000e+02 3.066242781313388566e-02
1.090000000000000000e+02 3.051778323261822301e-02
1.110000000000000000e+02 3.038312839364354367e-02
1.130000000000000000e+02 3.025396351032927367e-02
1.150000000000000000e+02 3.012681522752103103e-02
1.170000000000000000e+02 3.000095861375051687e-02
1.190000000000000000e+02 2.987898340739036929e-02
1.210000000000000000e+02 2.976107020136820047e-02
1.230000000000000000e+02 2.964697804425908689e-02
1.250000000000000000e+02 2.953671963235149356e-02
1.270000000000000000e+02 2.943037931907621640e-02
1.290000000000000000e+02 2.932594675800359596e-02
1.310000000000000000e+02 2.922376185845121377e-02
1.330000000000000000e+02 2.912395481815976961e-02
1.350000000000000000e+02 2.903192148508348946e-02
1.370000000000000000e+02 2.894749631908377641e-02
1.390000000000000000e+02 2.887052431655934281e-02
1.410000000000000000e+02 2.880125416344170297e-02
1.430000000000000000e+02 2.873962231373206055e-02
1.450000000000000000e+02 2.868647654889544540e-02
1.470000000000000000e+02 2.864136013193907537e-02
1.490000000000000000e+02 2.860394929410103870e-02
