1.000000000000000000e+00 5.510266625804474128e-01
3.000000000000000000e+00 6.187894241229409120e-01
5.000000000000000000e+00 6.505162041195537981e-01
7.000000000000000000e+00 6.744639565532392078e-01
9.000000000000000000e+00 6.962702519761161390e-01
1.100000000000000000e+01 7.170363332089892960e-01
1.300000000000000000e+01 7.372444541010430008e-01
1.500000000000000000e+01 7.566374519972089985e-01
1.700000000000000000e+01 7.747244062569297318e-01
1.900000000000000000e+01 7.915325899533706133e-01
2.100000000000000000e+01 8.071251503973209118e-01
2.300000000000000000e+01 8.215175418442974831e-01
2.500000000000000000e+01 8.345141217257812105e-01
2.700000000000000000e+01 8.463125899387250461e-01
2.900000000000000000e+01 8.571358636874912840e-01
3.100000000000000000e+01 8.669598025164090283e-01
3.300000000000000000e+01 8.759113485347442829e-01
3.500000000000000000e+01 8.841535895875807238e-01
3.700000000000000000e+01 8.918200327377733272e-01
3.900000000000000000e+01 8.988573578239562600e-01
4.100000000000000000e+01 9.054215566462284759e-01
4.300000000000000000e+01 9.115518890581213451e-01
4.500000000000000000e+01 9.173611246882710235e-01
4.700000000000000000e+01 9.228434047647398053e-01
4.900000000000000000e+01 9.280180869087524265e-01
5.100000000000000000e+01 9.329249530826696502e-01
5.300000000000000000e+01 9.374969264933303847e-01
5.500000000000000000e+01 9.417863581406255014e-01
5.700000000000000000e+01 9.457856665653242567e-01
5.900000000000000000e+01 9.495433761982129406e-01
6.100000000000000000e+01 9.531074908276648827e-01
6.300000000000000000e+01 9.565156986283437357e-01
6.500000000000000000e+01 9.597220868106057790e-01
6.700000000000000000e+01 9.627512377346320038e-01
6.900000000000000000e+01 9.655524623903194437e-01
7.100000000000000000e+01 9.681465281315383420e-01
7.300000000000000000e+01 9.705871083961935541e-01
7.500000000000000000e+01 9.728341153226887084e-01
7.700000000000000000e+01 9.749179316105719417e-01
7.900000000000000000e+01 9.768294348552496453e-01
8.100000000000000000e+01 9.785974165070260300e-01
8.300000000000000000e+01 9.802010222880993551e-01
8.500000000000000000e+01 9.816575064022972086e-01
8.700000000000000000e+01 9.829857793111101971e-01
8.900000000000000000e+01 9.841659268967327678e-01
9.100000000000000000e+01 9.851690542575993748e-01
9.300000000000000000e+01 9.860121551336096246e-01
9.500000000000000000e+01 9.867130318884251849e-01
9.700000000000000000e+01 9.872623389255767989e-01
9.900000000000000000e+01 9.876935104364763518e-01
1.010000000000000000e+02 9.880248703482704675e-01
1.030000000000000000e+02 9.882701252294051608e-01
1.050000000000000000e+02 9.884693034498773789e-01
1.070000000000000000e+02 9.886360270239736847e-01
1.090000000000000000e+02 9.887994601682251750e-01
1.110000000000000000e+02 9.889686368698435981e-01
1.130000000000000000e+02 9.891415464446100536e-01
1.150000000000000000e+02 9.893283801482068984e-01
1.170000000000000000e+02 9.895418689060351269e-01
1.190000000000000000e+02 9.897390504240874964e-01
1.210000000000000000e+02 9.899211856547533994e-01
1.230000000000000000e+02 9.900693822294486246e-01
1.250000000000000000e+02 9.901844583724340731e-01
1.270000000000000000e+02 9.902699075121461636e-01
1.290000000000000000e+02 9.903294739794138435e-01
1.310000000000000000e+02 9.903649155155017647e-01
1.330000000000000000e+02 9.903795980904992469e-01
1.350000000000000000e+02 9.903810683126904602e-01
1.370000000000000000e+02 9.903734109684217968e-01
1.390000000000000000e+02 9.903558264207948936e-01
1.410000000000000000e+02 9.903307892565332837e-01
1.430000000000000000e+02 9.903007391106736224e-01
1.450000000000000000e+02 9.902694239398759368e-01
1.470000000000000000e+02 9.902391430647982107e-01
1.490000000000000000e+02 9.902121884413668251e-01
