1.000000000000000000e+00 1.660952380952385177e-02
3.000000000000000000e+00 1.711211572538773318e-02
5.000000000000000000e+00 1.738920779270569650e-02
7.000000000000000000e+00 1.759642624322588222e-02
9.000000000000000000e+00 1.777291893524768351e-02
1.100000000000000000e+01 1.792457279783965518e-02
1.300000000000000000e+01 1.805216203130899366e-02
1.500000000000000000e+01 1.815723119918777329e-02
1.700000000000000000e+01 1.824545619715922662e-02
1.900000000000000000e+01 1.832519873802251897e-02
2.100000000000000000e+01 1.840059300866681014e-02
2.300000000000000000e+01 1.847344966519248732e-02
2.500000000000000000e+01 1.854446614044846786e-02
2.700000000000000000e+01 1.861509638846770009e-02
2.900000000000000000e+01 1.868481353050466254e-02
3.100000000000000000e+01 1.875419467722339029e-02
3.300000000000000000e+01 1.882258829212846152e-02
3.500000000000000000e+01 1.888987894718618943e-02
3.700000000000000000e+01 1.895536069344549990e-02
3.900000000000000000e+01 1.901852029384276666e-02
4.100000000000000000e+01 1.907916122593800168e-02
4.300000000000000000e+01 1.913726658040959538e-02
4.500000000000000000e+01 1.919297314144985389e-02
4.700000000000000000e+01 1.924608942212302498e-02
4.900000000000000000e+01 1.929640312216551745e-02
5.100000000000000000e+01 1.934361285198027414e-02
5.300000000000000000e+01 1.938712513023443940e-02
5.500000000000000000e+01 1.942654039113722586e-02
5.700000000000000000e+01 1.946132029817360110e-02
5.900000000000000000e+01 1.949097375545261190e-02
6.100000000000000000e+01 1.951450653690267600e-02
6.300000000000000000e+01 1.953149396806808102e-02
6.500000000000000000e+01 1.954185686923159970e-02
6.700000000000000000e+01 1.954551964250994534e-02
6.900000000000000000e+01 1.954090286397935916e-02
7.100000000000000000e+01 1.952827315662264418e-02
7.300000000000000000e+01 1.950912871248466907e-02
7.500000000000000000e+01 1.948256250566537950e-02
7.700000000000000000e+01 1.944939258424505102e-02
7.900000000000000000e+01 1.941096609273451623e-02
8.100000000000000000e+01 1.936734197271905433e-02
8.300000000000000000e+01 1.931779061469740544e-02
8.500000000000000000e+01 1.926247960435933937e-02
8.700000000000000000e+01 1.920168520228304754e-02
8.900000000000000000e+01 1.913619121705112391e-02
9.100000000000000000e+01 1.906645145490004634e-02
9.300000000000000000e+01 1.899315132723267130e-02
9.500000000000000000e+01 1.891672726787452241e-02
9.700000000000000000e+01 1.883719932181060486e-02
9.900000000000000000e+01 1.875453584572961407e-02
1.010000000000000000e+02 1.866787748105025457e-02
1.030000000000000000e+02 1.857774410511991992e-02
1.050000000000000000e+02 1.848452161346247902e-02
1.070000000000000000e+02 1.838917306716680855e-02
1.090000000000000000e+02 1.829203379897592630e-02
1.110000000000000000e+02 1.819341968837506762e-02
1.130000000000000000e+02 1.809363619614490215e-02
1.150000000000000000e+02 1.799268488227490081e-02
1.170000000000000000e+02 1.789147137360269646e-02
1.190000000000000000e+02 1.779033795728635070e-02
1.210000000000000000e+02 1.768932956040936144e-02
1.230000000000000000e+02 1.758866993023655567e-02
1.250000000000000000e+02 1.748812263160426372e-02
1.270000000000000000e+02 1.738766713658557173e-02
1.290000000000000000e+02 1.728750801314216101e-02
1.310000000000000000e+02 1.718855662697083009e-02
1.330000000000000000e+02 1.709089058896740010e-02
1.350000000000000000e+02 1.699331448218099894e-02
1.370000000000000000e+02 1.689594795879068023e-02
1.390000000000000000e+02 1.679951879828744943e-02
1.410000000000000000e+02 1.670422453432640619e-02
1.430000000000000000e+02 1.661011743050766487e-02
1.450000000000000000e+02 1.651658453905369139e-02
1.470000000000000000e+02 1.642370584420538293e-02
1.490000000000000000e+02 1.633149482544160591e-02
