1.000000000000000000e+00 1.879333234990411272e-01
3.000000000000000000e+00 2.107775459537767349e-01
5.000000000000000000e+00 2.202352821964926877e-01
7.000000000000000000e+00 2.255497105398528435e-01
9.000000000000000000e+00 2.292588703615831003e-01
1.100000000000000000e+01 2.322758463890616243e-01
1.300000000000000000e+01 2.348596124140157615e-01
1.500000000000000000e+01 2.371291433724155295e-01
1.700000000000000000e+01 2.392529433985273180e-01
1.900000000000000000e+01 2.413429030167409950e-01
2.100000000000000000e+01 2.434214625644920416e-01
2.300000000000000000e+01 2.454538507344128373e-01
2.500000000000000000e+01 2.474958213253939387e-01
2.700000000000000000e+01 2.495699163671670773e-01
2.900000000000000000e+01 2.517042825454416377e-01
3.100000000000000000e+01 2.539364696139111421e-01
3.300000000000000000e+01 2.562863107498816184e-01
3.500000000000000000e+01 2.587473177166335070e-01
3.700000000000000000e+01 2.613279899502695125e-01
3.900000000000000000e+01 2.640195864557968175e-01
4.100000000000000000e+01 2.668352131572818697e-01
4.300000000000000000e+01 2.697513773860357178e-01
4.500000000000000000e+01 2.727914420664341311e-01
4.700000000000000000e+01 2.759483603625760839e-01
4.900000000000000000e+01 2.792069438688702387e-01
5.100000000000000000e+01 2.825600990293486436e-01
5.300000000000000000e+01 2.859785196879187641e-01
5.500000000000000000e+01 2.894731681336679685e-01
5.700000000000000000e+01 2.930320356642305279e-01
5.900000000000000000e+01 2.966541120865792136e-01
6.100000000000000000e+01 3.003313183091139704e-01
6.300000000000000000e+01 3.040631806916388458e-01
6.500000000000000000e+01 3.078481482442269046e-01
6.700000000000000000e+01 3.116822500369418325e-01
6.900000000000000000e+01 3.155503348817293441e-01
7.100000000000000000e+01 3.194582561744729876e-01
7.300000000000000000e+01 3.234037924693240473e-01
7.500000000000000000e+01 3.274065446436250637e-01
7.700000000000000000e+01 3.314735017389451865e-01
7.900000000000000000e+01 3.356012001290876734e-01
8.100000000000000000e+01 3.397870575170366392e-01
8.300000000000000000e+01 3.440204266327449023e-01
8.500000000000000000e+01 3.483067347698179939e-01
8.700000000000000000e+01 3.526445759147430747e-01
8.900000000000000000e+01 3.570337874147940793e-01
9.100000000000000000e+01 3.614710893047077267e-01
9.300000000000000000e+01 3.659590882283977331e-01
9.500000000000000000e+01 3.704982273541617133e-01
9.700000000000000000e+01 3.750884652905472905e-01
9.900000000000000000e+01 3.797399546026096750e-01
1.010000000000000000e+02 3.844521382611683080e-01
1.030000000000000000e+02 3.892239878183015866e-01
1.050000000000000000e+02 3.940612979401684202e-01
1.070000000000000000e+02 3.989663183579403860e-01
1.090000000000000000e+02 4.039443036124585884e-01
1.110000000000000000e+02 4.089945539239118188e-01
1.130000000000000000e+02 4.141133452420616701e-01
1.150000000000000000e+02 4.192980177861784785e-01
1.170000000000000000e+02 4.245461103658850766e-01
1.190000000000000000e+02 4.298545684103010078e-01
1.210000000000000000e+02 4.352144948644678379e-01
1.230000000000000000e+02 4.406278477168784624e-01
1.250000000000000000e+02 4.460984245408500248e-01
1.270000000000000000e+02 4.516208411752948848e-01
1.290000000000000000e+02 4.571892588609935970e-01
1.310000000000000000e+02 4.627850101124565407e-01
1.330000000000000000e+02 4.683989536357512362e-01
1.350000000000000000e+02 4.740242487742164501e-01
1.370000000000000000e+02 4.796650597709266606e-01
1.390000000000000000e+02 4.853155299176019621e-01
1.410000000000000000e+02 4.909687770956486785e-01
1.430000000000000000e+02 4.966093547525249896e-01
1.450000000000000000e+02 5.022338387706652973e-01
1.470000000000000000e+02 5.078400635089503901e-01
1.490000000000000000e+02 5.134309201933684452e-01
