0.000000000000000000e+00 3.591512960260564569e+01 3.517281240575749734e+01 nan nan nan
1.000000000000000000e+00 3.591512960260564569e+01 3.517417604212127458e+01 1.000000000000000000e+00 nan nan
2.000000000000000000e+00 3.591512960260565279e+01 3.517553967848505891e+01 nan nan nan
3.000000000000000000e+00 3.591512960260564569e+01 3.517690331484884325e+01 nan nan nan
4.000000000000000000e+00 3.591512960260564569e+01 3.517826695121262048e+01 nan nan nan
5.000000000000000000e+00 3.591512960260564569e+01 3.517963058757640482e+01 1.000000000000000000e+00 nan nan
6.000000000000000000e+00 3.591512960260564569e+01 3.518099422394018205e+01 nan nan nan
7.000000000000000000e+00 3.591512960260565990e+01 3.518235786030395218e+01 nan nan nan
8.000000000000000000e+00 3.591512960260564569e+01 3.518372149666774362e+01 nan nan nan
9.000000000000000000e+00 3.591512960260564569e+01 3.518508513303153507e+01 nan 1.000000000000000000e+00 nan
1.000000000000000000e+01 3.591512960260564569e+01 3.518644876939531230e+01 nan 1.000000000000000000e+00 nan
1.100000000000000000e+01 3.591512960260564569e+01 3.518781240575908953e+01 nan 1.000000000000000000e+00 nan
1.200000000000000000e+01 3.591512960260565279e+01 3.518917604212286676e+01 nan 1.000000000000000000e+00 nan
1.300000000000000000e+01 3.591649323896928081e+01 3.517281240575749734e+01 1.000000000000000000e+00 nan nan
1.400000000000000000e+01 3.591649323896928081e+01 3.517417604212127458e+01 1.000000000000000000e+00 nan nan
1.500000000000000000e+01 3.591649323896928081e+01 3.517553967848505891e+01 1.000000000000000000e+00 nan nan
1.600000000000000000e+01 3.591649323896928081e+01 3.517690331484883615e+01 1.000000000000000000e+00 nan nan
1.700000000000000000e+01 3.591649323896928081e+01 3.517826695121262759e+01 1.000000000000000000e+00 nan nan
1.800000000000000000e+01 3.591649323896928081e+01 3.517963058757639772e+01 1.000000000000000000e+00 1.000000000000000000e+00 1.000000000000000000e+00
1.900000000000000000e+01 3.591649323896928081e+01 3.518099422394017495e+01 nan 1.000000000000000000e+00 nan
2.000000000000000000e+01 3.591649323896928081e+01 3.518235786030396639e+01 1.000000000000000000e+00 1.000000000000000000e+00 1.000000000000000000e+00
2.100000000000000000e+01 3.591649323896928081e+01 3.518372149666774362e+01 nan 1.000000000000000000e+00 nan
2.200000000000000000e+01 3.591649323896928081e+01 3.518508513303153507e+01 nan 1.000000000000000000e+00 nan
2.300000000000000000e+01 3.591649323896928081e+01 3.518644876939531230e+01 nan 1.000000000000000000e+00 nan
2.400000000000000000e+01 3.591649323896928081e+01 3.518781240575908953e+01 nan 1.000000000000000000e+00 nan
2.500000000000000000e+01 3.591649323896928081e+01 3.518917604212286676e+01 nan 1.000000000000000000e+00 nan
2.600000000000000000e+01 3.591785687533291593e+01 3.517281240575749734e+01 1.000000000000000000e+00 nan nan
2.700000000000000000e+01 3.591785687533291593e+01 3.517417604212127458e+01 1.000000000000000000e+00 nan nan
2.800000000000000000e+01 3.591785687533292304e+01 3.517553967848505891e+01 1.000000000000000000e+00 nan nan
2.900000000000000000e+01 3.591785687533291593e+01 3.517690331484883615e+01 1.000000000000000000e+00 1.000000000000000000e+00 1.000000000000000000e+00
3.000000000000000000e+01 3.591785687533291593e+01 3.517826695121262759e+01 1.000000000000000000e+00 1.000000000000000000e+00 1.000000000000000000e+00
3.100000000000000000e+01 3.591785687533291593e+01 3.517963058757640482e+01 1.000000000000000000e+00 1.000000000000000000e+00 1.000000000000000000e+00
3.200000000000000000e+01 3.591785687533291593e+01 3.518099422394017495e+01 1.000000000000000000e+00 1.000000000000000000e+00 1.000000000000000000e+00
3.300000000000000000e+01 3.591785687533291593e+01 3.518235786030396639e+01 1.000000000000000000e+00 1.000000000000000000e+00 1.000000000000000000e+00
3.400000000000000000e+01 3.591785687533291593e+01 3.518372149666774362e+01 1.000000000000000000e+00 1.000000000000000000e+00 1.000000000000000000e+00
3.500000000000000000e+01 3.591785687533291593e+01 3.518508513303153507e+01 1.000000000000000000e+00 1.000000000000000000e+00 1.000000000000000000e+00
3.600000000000000000e+01 3.591785687533291593e+01 3.518644876939531230e+01 nan 1.000000000000000000e+00 nan
3.700000000000000000e+01 3.591785687533291593e+01 3.518781240575908242e+01 nan 1.000000000000000000e+00 nan
3.800000000000000000e+01 3.591785687533292304e+01 3.518917604212286676e+01 nan 1.000000000000000000e+00 nan
3.900000000000000000e+01 3.591922051169655816e+01 3.517281240575749734e+01 1.000000000000000000e+00 nan nan
4.000000000000000000e+01 3.591922051169655816e+01 3.517417604212127458e+01 1.000000000000000000e+00 1.000000000000000000e+00 1.000000000000000000e+00
4.100000000000000000e+01 3.591922051169655816e+01 3.517553967848505891e+01 1.000000000000000000e+00 1.000000000000000000e+00 1.000000000000000000e+00
4.200000000000000000e+01 3.591922051169655816e+01 3.517690331484883615e+01 1.000000000000000000e+00 1.000000000000000000e+00 1.000000000000000000e+00
4.300000000000000000e+01 3.591922051169655816e+01 3.517826695121262759e+01 1.000000000000000000e+00 1.000000000000000000e+00 1.000000000000000000e+00
4.400000000000000000e+01 3.591922051169655816e+01 3.517963058757640482e+01 1.000000000000000000e+00 1.000000000000000000e+00 1.000000000000000000e+00
4.500000000000000000e+01 3.591922051169656527e+01 3.518099422394017495e+01 1.000000000000000000e+00 1.000000000000000000e+00 1.000000000000000000e+00
4.600000000000000000e+01 3.591922051169655816e+01 3.518235786030396639e+01 1.000000000000000000e+00 1.000000000000000000e+00 1.000000000000000000e+00
4.700000000000000000e+01 3.591922051169655816e+01 3.518372149666774362e+01 1.000000000000000000e+00 1.000000000000000000e+00 1.000000000000000000e+00
4.800000000000000000e+01 3.591922051169655816e+01 3.518508513303153507e+01 nan 1.000000000000000000e+00 nan
4.900000000000000000e+01 3.591922051169655816e+01 3.518644876939531230e+01 1.000000000000000000e+00 1.000000000000000000e+00 1.000000000000000000e+00
5.000000000000000000e+01 3.591922051169655816e+01 3.518781240575908242e+01 1.000000000000000000e+00 1.000000000000000000e+00 1.000000000000000000e+00
5.100000000000000000e+01 3.591922051169655816e+01 3.518917604212286676e+01 nan 1.000000000000000000e+00 nan
5.200000000000000000e+01 3.592058414806018618e+01 3.517281240575749734e+01 nan nan nan
5.300000000000000000e+01 3.592058414806019329e+01 3.517417604212127458e+01 1.000000000000000000e+00 1.000000000000000000e+00 1.000000000000000000e+00
5.400000000000000000e+01 3.592058414806020039e+01 3.517553967848505891e+01 1.000000000000000000e+00 1.000000000000000000e+00 1.000000000000000000e+00
5.500000000000000000e+01 3.592058414806020039e+01 3.517690331484883615e+01 1.000000000000000000e+00 1.000000000000000000e+00 1.000000000000000000e+00
5.600000000000000000e+01 3.592058414806019329e+01 3.517826695121262759e+01 1.000000000000000000e+00 1.000000000000000000e+00 1.000000000000000000e+00
5.700000000000000000e+01 3.592058414806019329e+01 3.517963058757639772e+01 1.000000000000000000e+00 1.000000000000000000e+00 1.000000000000000000e+00
5.800000000000000000e+01 3.592058414806020039e+01 3.518099422394017495e+01 1.000000000000000000e+00 1.000000000000000000e+00 1.000000000000000000e+00
5.900000000000000000e+01 3.592058414806018618e+01 3.518235786030396639e+01 1.000000000000000000e+00 1.000000000000000000e+00 1.000000000000000000e+00
6.000000000000000000e+01 3.592058414806018618e+01 3.518372149666774362e+01 1.000000000000000000e+00 1.000000000000000000e+00 1.000000000000000000e+00
6.100000000000000000e+01 3.592058414806018618e+01 3.518508513303153507e+01 1.000000000000000000e+00 1.000000000000000000e+00 1.000000000000000000e+00
6.200000000000000000e+01 3.592058414806019329e+01 3.518644876939531230e+01 nan 1.000000000000000000e+00 nan
6.300000000000000000e+01 3.592058414806020039e+01 3.518781240575908953e+01 nan 1.000000000000000000e+00 nan
6.400000000000000000e+01 3.592058414806019329e+01 3.518917604212286676e+01 nan 1.000000000000000000e+00 nan
6.500000000000000000e+01 3.592194778442383551e+01 3.517281240575749734e+01 nan nan nan
6.600000000000000000e+01 3.592194778442383551e+01 3.517417604212127458e+01 1.000000000000000000e+00 1.000000000000000000e+00 1.000000000000000000e+00
6.700000000000000000e+01 3.592194778442383551e+01 3.517553967848505891e+01 1.000000000000000000e+00 1.000000000000000000e+00 1.000000000000000000e+00
6.800000000000000000e+01 3.592194778442383551e+01 3.517690331484883615e+01 1.000000000000000000e+00 1.000000000000000000e+00 1.000000000000000000e+00
6.900000000000000000e+01 3.592194778442383551e+01 3.517826695121262759e+01 1.000000000000000000e+00 1.000000000000000000e+00 1.000000000000000000e+00
7.000000000000000000e+01 3.592194778442383551e+01 3.517963058757640482e+01 1.000000000000000000e+00 1.000000000000000000e+00 1.000000000000000000e+00
7.100000000000000000e+01 3.592194778442383551e+01 3.518099422394017495e+01 1.000000000000000000e+00 1.000000000000000000e+00 1.000000000000000000e+00
7.200000000000000000e+01 3.592194778442382841e+01 3.518235786030396639e+01 1.000000000000000000e+00 1.000000000000000000e+00 1.000000000000000000e+00
7.300000000000000000e+01 3.592194778442383551e+01 3.518372149666774362e+01 1.000000000000000000e+00 1.000000000000000000e+00 1.000000000000000000e+00
7.400000000000000000e+01 3.592194778442383551e+01 3.518508513303153507e+01 1.000000000000000000e+00 1.000000000000000000e+00 1.000000000000000000e+00
7.500000000000000000e+01 3.592194778442382841e+01 3.518644876939531230e+01 1.000000000000000000e+00 1.000000000000000000e+00 1.000000000000000000e+00
7.600000000000000000e+01 3.592194778442383551e+01 3.518781240575908242e+01 nan 1.000000000000000000e+00 nan
7.700000000000000000e+01 3.592194778442383551e+01 3.518917604212286676e+01 nan 1.000000000000000000e+00 nan
7.800000000000000000e+01 3.592331142078746353e+01 3.517281240575749734e+01 nan nan nan
7.900000000000000000e+01 3.592331142078746353e+01 3.517417604212127458e+01 nan 1.000000000000000000e+00 nan
8.000000000000000000e+01 3.592331142078745643e+01 3.517553967848505891e+01 1.000000000000000000e+00 1.000000000000000000e+00 1.000000000000000000e+00
8.100000000000000000e+01 3.592331142078746353e+01 3.517690331484883615e+01 nan 1.000000000000000000e+00 nan
8.200000000000000000e+01 3.592331142078746353e+01 3.517826695121262759e+01 1.000000000000000000e+00 1.000000000000000000e+00 1.000000000000000000e+00
8.300000000000000000e+01 3.592331142078745643e+01 3.517963058757639772e+01 1.000000000000000000e+00 1.000000000000000000e+00 1.000000000000000000e+00
8.400000000000000000e+01 3.592331142078746353e+01 3.518099422394017495e+01 1.000000000000000000e+00 1.000000000000000000e+00 1.000000000000000000e+00
8.500000000000000000e+01 3.592331142078746353e+01 3.518235786030396639e+01 1.000000000000000000e+00 1.000000000000000000e+00 1.000000000000000000e+00
8.600000000000000000e+01 3.592331142078745643e+01 3.518372149666774362e+01 1.000000000000000000e+00 1.000000000000000000e+00 1.000000000000000000e+00
8.700000000000000000e+01 3.592331142078746353e+01 3.518508513303153507e+01 1.000000000000000000e+00 1.000000000000000000e+00 1.000000000000000000e+00
8.800000000000000000e+01 3.592331142078746353e+01 3.518644876939531230e+01 1.000000000000000000e+00 1.000000000000000000e+00 1.000000000000000000e+00
8.900000000000000000e+01 3.592331142078746353e+01 3.518781240575908953e+01 1.000000000000000000e+00 1.000000000000000000e+00 1.000000000000000000e+00
9.000000000000000000e+01 3.592331142078745643e+01 3.518917604212286676e+01 1.000000000000000000e+00 1.000000000000000000e+00 1.000000000000000000e+00
9.100000000000000000e+01 3.592467505715109155e+01 3.517281240575749734e+01 nan nan nan
9.200000000000000000e+01 3.592467505715109155e+01 3.517417604212127458e+01 nan nan nan
9.300000000000000000e+01 3.592467505715109866e+01 3.517553967848505891e+01 nan 1.000000000000000000e+00 nan
9.400000000000000000e+01 3.592467505715110576e+01 3.517690331484883615e+01 nan 1.000000000000000000e+00 nan
9.500000000000000000e+01 3.592467505715109866e+01 3.517826695121262759e+01 1.000000000000000000e+00 1.000000000000000000e+00 1.000000000000000000e+00
9.600000000000000000e+01 3.592467505715109866e+01 3.517963058757639772e+01 1.000000000000000000e+00 1.000000000000000000e+00 1.000000000000000000e+00
9.700000000000000000e+01 3.592467505715109155e+01 3.518099422394017495e+01 1.000000000000000000e+00 1.000000000000000000e+00 1.000000000000000000e+00
9.800000000000000000e+01 3.592467505715109866e+01 3.518235786030396639e+01 1.000000000000000000e+00 1.000000000000000000e+00 1.000000000000000000e+00
9.900000000000000000e+01 3.592467505715109866e+01 3.518372149666774362e+01 1.000000000000000000e+00 1.000000000000000000e+00 1.000000000000000000e+00
1.000000000000000000e+02 3.592467505715109866e+01 3.518508513303153507e+01 1.000000000000000000e+00 1.000000000000000000e+00 1.000000000000000000e+00
1.010000000000000000e+02 3.592467505715109155e+01 3.518644876939531230e+01 1.000000000000000000e+00 1.000000000000000000e+00 1.000000000000000000e+00
1.020000000000000000e+02 3.592467505715109866e+01 3.518781240575908953e+01 nan 1.000000000000000000e+00 nan
1.030000000000000000e+02 3.592467505715109155e+01 3.518917604212286676e+01 nan 1.000000000000000000e+00 nan
1.040000000000000000e+02 3.592603869351474088e+01 3.517281240575749734e+01 nan nan nan
1.050000000000000000e+02 3.592603869351474088e+01 3.517417604212126747e+01 nan nan nan
1.060000000000000000e+02 3.592603869351474088e+01 3.517553967848505891e+01 nan nan nan
1.070000000000000000e+02 3.592603869351474088e+01 3.517690331484884325e+01 nan nan nan
1.080000000000000000e+02 3.592603869351474088e+01 3.517826695121262759e+01 nan 1.000000000000000000e+00 nan
1.090000000000000000e+02 3.592603869351474088e+01 3.517963058757640482e+01 1.000000000000000000e+00 1.000000000000000000e+00 1.000000000000000000e+00
1.100000000000000000e+02 3.592603869351474088e+01 3.518099422394017495e+01 1.000000000000000000e+00 1.000000000000000000e+00 1.000000000000000000e+00
1.110000000000000000e+02 3.592603869351474088e+01 3.518235786030395218e+01 1.000000000000000000e+00 1.000000000000000000e+00 1.000000000000000000e+00
1.120000000000000000e+02 3.592603869351474088e+01 3.518372149666774362e+01 1.000000000000000000e+00 1.000000000000000000e+00 1.000000000000000000e+00
1.130000000000000000e+02 3.592603869351474088e+01 3.518508513303154217e+01 1.000000000000000000e+00 1.000000000000000000e+00 1.000000000000000000e+00
1.140000000000000000e+02 3.592603869351474088e+01 3.518644876939531230e+01 nan 1.000000000000000000e+00 nan
1.150000000000000000e+02 3.592603869351474088e+01 3.518781240575908242e+01 1.000000000000000000e+00 1.000000000000000000e+00 1.000000000000000000e+00
1.160000000000000000e+02 3.592603869351474088e+01 3.518917604212286676e+01 1.000000000000000000e+00 1.000000000000000000e+00 1.000000000000000000e+00
1.170000000000000000e+02 3.592740232987837601e+01 3.517281240575749734e+01 nan nan nan
1.180000000000000000e+02 3.592740232987837601e+01 3.517417604212127458e+01 nan nan nan
1.190000000000000000e+02 3.592740232987837601e+01 3.517553967848505891e+01 nan nan nan
1.200000000000000000e+02 3.592740232987837601e+01 3.517690331484884325e+01 nan nan nan
1.210000000000000000e+02 3.592740232987837601e+01 3.517826695121262048e+01 nan nan nan
1.220000000000000000e+02 3.592740232987836890e+01 3.517963058757640482e+01 1.000000000000000000e+00 1.000000000000000000e+00 1.000000000000000000e+00
1.230000000000000000e+02 3.592740232987837601e+01 3.518099422394018205e+01 1.000000000000000000e+00 1.000000000000000000e+00 1.000000000000000000e+00
1.240000000000000000e+02 3.592740232987837601e+01 3.518235786030395218e+01 1.000000000000000000e+00 1.000000000000000000e+00 1.000000000000000000e+00
1.250000000000000000e+02 3.592740232987836890e+01 3.518372149666774362e+01 1.000000000000000000e+00 1.000000000000000000e+00 1.000000000000000000e+00
1.260000000000000000e+02 3.592740232987837601e+01 3.518508513303153507e+01 1.000000000000000000e+00 1.000000000000000000e+00 1.000000000000000000e+00
1.270000000000000000e+02 3.592740232987837601e+01 3.518644876939531230e+01 nan 1.000000000000000000e+00 nan
1.280000000000000000e+02 3.592740232987836890e+01 3.518781240575908953e+01 nan 1.000000000000000000e+00 nan
1.290000000000000000e+02 3.592740232987836890e+01 3.518917604212286676e+01 nan 1.000000000000000000e+00 nan
1.300000000000000000e+02 3.592876596624201113e+01 3.517281240575749734e+01 nan nan nan
1.310000000000000000e+02 3.592876596624201113e+01 3.517417604212127458e+01 nan nan nan
1.320000000000000000e+02 3.592876596624201113e+01 3.517553967848505891e+01 nan nan nan
1.330000000000000000e+02 3.592876596624201824e+01 3.517690331484883615e+01 nan nan nan
1.340000000000000000e+02 3.592876596624201113e+01 3.517826695121262759e+01 1.000000000000000000e+00 nan nan
1.350000000000000000e+02 3.592876596624201113e+01 3.517963058757639772e+01 nan nan nan
1.360000000000000000e+02 3.592876596624201113e+01 3.518099422394017495e+01 nan 1.000000000000000000e+00 nan
1.370000000000000000e+02 3.592876596624201824e+01 3.518235786030396639e+01 nan 1.000000000000000000e+00 nan
1.380000000000000000e+02 3.592876596624201824e+01 3.518372149666774362e+01 nan 1.000000000000000000e+00 nan
1.390000000000000000e+02 3.592876596624201113e+01 3.518508513303153507e+01 1.000000000000000000e+00 1.000000000000000000e+00 1.000000000000000000e+00
1.400000000000000000e+02 3.592876596624201113e+01 3.518644876939531230e+01 nan 1.000000000000000000e+00 nan
1.410000000000000000e+02 3.592876596624201113e+01 3.518781240575908953e+01 nan 1.000000000000000000e+00 nan
1.420000000000000000e+02 3.592876596624200403e+01 3.518917604212286676e+01 nan 1.000000000000000000e+00 nan
