1.000000000000000000e+00 7.587253414264036877e-01
3.000000000000000000e+00 8.448484848484848486e-01
5.000000000000000000e+00 8.887463218738240744e-01
7.000000000000000000e+00 9.171267217970219265e-01
9.000000000000000000e+00 9.353022731806426293e-01
1.100000000000000000e+01 9.472210436996180150e-01
1.300000000000000000e+01 9.558105867686970125e-01
1.500000000000000000e+01 9.612246291387878117e-01
1.700000000000000000e+01 9.643218192716082049e-01
1.900000000000000000e+01 9.664825037096957949e-01
2.100000000000000000e+01 9.681482466241531082e-01
2.300000000000000000e+01 9.693756926471738256e-01
2.500000000000000000e+01 9.700539074528037320e-01
2.700000000000000000e+01 9.702886304739299916e-01
2.900000000000000000e+01 9.701540880728817262e-01
3.100000000000000000e+01 9.696879862622276303e-01
3.300000000000000000e+01 9.692472048150853059e-01
3.500000000000000000e+01 9.687813629492051382e-01
3.700000000000000000e+01 9.682312312754788319e-01
3.900000000000000000e+01 9.675018981216960690e-01
4.100000000000000000e+01 9.667386871507844814e-01
4.300000000000000000e+01 9.662520511310281890e-01
4.500000000000000000e+01 9.659151305804907217e-01
4.700000000000000000e+01 9.657395043566817661e-01
4.900000000000000000e+01 9.657395043566824322e-01
5.100000000000000000e+01 9.657395043566825432e-01
5.300000000000000000e+01 9.657395043566818771e-01
5.500000000000000000e+01 9.657395043566820991e-01
5.700000000000000000e+01 9.657395043566817661e-01
5.900000000000000000e+01 9.657395043566819881e-01
6.100000000000000000e+01 9.657395043566818771e-01
6.300000000000000000e+01 9.657395043566819881e-01
6.500000000000000000e+01 9.657395043566822102e-01
6.700000000000000000e+01 9.657395043566825432e-01
6.900000000000000000e+01 9.657395043566824322e-01
7.100000000000000000e+01 9.657395043566820991e-01
7.300000000000000000e+01 9.657395043566820991e-01
7.500000000000000000e+01 9.657395043566823212e-01
7.700000000000000000e+01 9.657395043566824322e-01
7.900000000000000000e+01 9.657395043566814330e-01
8.100000000000000000e+01 9.657395043566820991e-01
8.300000000000000000e+01 9.657395043566825432e-01
8.500000000000000000e+01 9.657395043566823212e-01
8.700000000000000000e+01 9.657395043566820991e-01
8.900000000000000000e+01 9.657395043566824322e-01
9.100000000000000000e+01 9.657395043566823212e-01
9.300000000000000000e+01 9.657395043566823212e-01
9.500000000000000000e+01 9.657395043566825432e-01
9.700000000000000000e+01 9.657395043566819881e-01
9.900000000000000000e+01 9.657395043566819881e-01
1.010000000000000000e+02 9.657395043566820991e-01
1.030000000000000000e+02 9.657395043566826542e-01
1.050000000000000000e+02 9.657395043566826542e-01
1.070000000000000000e+02 9.657395043566825432e-01
1.090000000000000000e+02 9.657395043566819881e-01
1.110000000000000000e+02 9.657395043566818771e-01
1.130000000000000000e+02 9.657395043566826542e-01
1.150000000000000000e+02 9.657395043566817661e-01
1.170000000000000000e+02 9.657395043566820991e-01
1.190000000000000000e+02 9.657395043566820991e-01
1.210000000000000000e+02 9.657395043566826542e-01
1.230000000000000000e+02 9.657395043566822102e-01
1.250000000000000000e+02 9.657395043566816550e-01
1.270000000000000000e+02 9.657395043566820991e-01
1.290000000000000000e+02 9.657395043566824322e-01
1.310000000000000000e+02 9.657395043566822102e-01
1.330000000000000000e+02 9.657395043566818771e-01
1.350000000000000000e+02 9.657395043566820991e-01
1.370000000000000000e+02 9.657395043566819881e-01
1.390000000000000000e+02 9.657395043566820991e-01
1.410000000000000000e+02 9.657395043566818771e-01
1.430000000000000000e+02 9.657395043566818771e-01
1.450000000000000000e+02 9.657395043566823212e-01
1.470000000000000000e+02 9.657395043566819881e-01
1.490000000000000000e+02 9.657395043566818771e-01
