1.000000000000000000e+00 0.000000000000000000e+00
3.000000000000000000e+00 0.000000000000000000e+00
5.000000000000000000e+00 2.610250027568206121e-06
7.000000000000000000e+00 1.061681211400600233e-05
9.000000000000000000e+00 2.040047134921341154e-05
1.100000000000000000e+01 2.931741323808356725e-05
1.300000000000000000e+01 3.645469686641700235e-05
1.500000000000000000e+01 4.417874896334161861e-05
1.700000000000000000e+01 5.970898808249636147e-05
1.900000000000000000e+01 8.911477334572204256e-05
2.100000000000000000e+01 1.329288191530553220e-04
2.300000000000000000e+01 1.865198078112584312e-04
2.500000000000000000e+01 2.484843051502316769e-04
2.700000000000000000e+01 3.218546339205374807e-04
2.900000000000000000e+01 4.102949148976353655e-04
3.100000000000000000e+01 5.137698214850994205e-04
3.300000000000000000e+01 6.283002738979304169e-04
3.500000000000000000e+01 7.514971621437327443e-04
3.700000000000000000e+01 8.820521761219168866e-04
3.900000000000000000e+01 1.018815802482531119e-03
4.100000000000000000e+01 1.159035227162985571e-03
4.300000000000000000e+01 1.301364311195207790e-03
4.500000000000000000e+01 1.444713521179141758e-03
4.700000000000000000e+01 1.588205278141407994e-03
4.900000000000000000e+01 1.731082211947732041e-03
5.100000000000000000e+01 1.872758711180200208e-03
5.300000000000000000e+01 2.013197587257820054e-03
5.500000000000000000e+01 2.152218075870404590e-03
5.700000000000000000e+01 2.289745965315836962e-03
5.900000000000000000e+01 2.426586621625204110e-03
6.100000000000000000e+01 2.562465124784307768e-03
6.300000000000000000e+01 2.697234474638765533e-03
6.500000000000000000e+01 2.830892474415591664e-03
6.700000000000000000e+01 2.963349083976440923e-03
6.900000000000000000e+01 3.094497784739025370e-03
7.100000000000000000e+01 3.224369564958085022e-03
7.300000000000000000e+01 3.353062375517468219e-03
7.500000000000000000e+01 3.480744006014946379e-03
7.700000000000000000e+01 3.606425842821781025e-03
7.900000000000000000e+01 3.730267877880000249e-03
8.100000000000000000e+01 3.852309211201276895e-03
8.300000000000000000e+01 3.972176097141510986e-03
8.500000000000000000e+01 4.089488891854564656e-03
8.700000000000000000e+01 4.204049181998459339e-03
8.900000000000000000e+01 4.315776887611755264e-03
9.100000000000000000e+01 4.424743190930335857e-03
9.300000000000000000e+01 4.531066242748460482e-03
9.500000000000000000e+01 4.634972031726469766e-03
9.700000000000000000e+01 4.736772233313812919e-03
9.900000000000000000e+01 4.837095299974669693e-03
1.010000000000000000e+02 4.935997078552412098e-03
1.030000000000000000e+02 5.033526689911749230e-03
1.050000000000000000e+02 5.130342799432252576e-03
1.070000000000000000e+02 5.226326633185784942e-03
1.090000000000000000e+02 5.321434818770010011e-03
1.110000000000000000e+02 5.415671002412691948e-03
1.130000000000000000e+02 5.509111074494699167e-03
1.150000000000000000e+02 5.601912459506031006e-03
1.170000000000000000e+02 5.693821360629125472e-03
1.190000000000000000e+02 5.784786634874028444e-03
1.210000000000000000e+02 5.874753603166915639e-03
1.230000000000000000e+02 5.963567413113879390e-03
1.250000000000000000e+02 6.051038632942984385e-03
1.270000000000000000e+02 6.137109084485836696e-03
1.290000000000000000e+02 6.222010509924880139e-03
1.310000000000000000e+02 6.305660938147106265e-03
1.330000000000000000e+02 6.388287242528156717e-03
1.350000000000000000e+02 6.470226088842179202e-03
1.370000000000000000e+02 6.551603614494361238e-03
1.390000000000000000e+02 6.632261829714880541e-03
1.410000000000000000e+02 6.712279530480702583e-03
1.430000000000000000e+02 6.791964632884894826e-03
1.450000000000000000e+02 6.871505085825679870e-03
1.470000000000000000e+02 6.951081201206243954e-03
1.490000000000000000e+02 7.031173808232593636e-03
