1.000000000000000000e+00 2.904490665289749529e-04
3.000000000000000000e+00 2.855568203474767586e-04
5.000000000000000000e+00 2.821823774347143043e-04
7.000000000000000000e+00 2.839783737874634895e-04
9.000000000000000000e+00 2.814815013003624244e-04
1.100000000000000000e+01 2.739696497700006006e-04
1.300000000000000000e+01 2.665340551992745333e-04
1.500000000000000000e+01 2.603986047660100667e-04
1.700000000000000000e+01 2.557271764486168664e-04
1.900000000000000000e+01 2.528704259828762346e-04
2.100000000000000000e+01 2.519713423644320827e-04
2.300000000000000000e+01 2.521956981598183489e-04
2.500000000000000000e+01 2.531288498159867117e-04
2.700000000000000000e+01 2.548813837681684902e-04
2.900000000000000000e+01 2.576314247753064279e-04
3.100000000000000000e+01 2.612702939036593008e-04
3.300000000000000000e+01 2.657414428622884017e-04
3.500000000000000000e+01 2.710898004681938644e-04
3.700000000000000000e+01 2.772048091421730476e-04
3.900000000000000000e+01 2.837903939866270875e-04
4.100000000000000000e+01 2.909113925506634502e-04
4.300000000000000000e+01 2.985642884807404585e-04
4.500000000000000000e+01 3.065739657847066368e-04
4.700000000000000000e+01 3.147069393445445229e-04
4.900000000000000000e+01 3.231759858217664316e-04
5.100000000000000000e+01 3.320394929272607598e-04
5.300000000000000000e+01 3.413592161192191554e-04
5.500000000000000000e+01 3.510176685292965004e-04
5.700000000000000000e+01 3.608837968804845531e-04
5.900000000000000000e+01 3.709234362566649068e-04
6.100000000000000000e+01 3.810052464320312637e-04
6.300000000000000000e+01 3.910510089258911748e-04
6.500000000000000000e+01 4.010736926547409098e-04
6.700000000000000000e+01 4.111254255751983777e-04
6.900000000000000000e+01 4.212423113080232540e-04
7.100000000000000000e+01 4.314163334327991706e-04
7.300000000000000000e+01 4.416082942287902213e-04
7.500000000000000000e+01 4.517783646433848332e-04
7.700000000000000000e+01 4.618981673475408556e-04
7.900000000000000000e+01 4.719469108039886507e-04
8.100000000000000000e+01 4.819223674177308681e-04
8.300000000000000000e+01 4.918531972839534916e-04
8.500000000000000000e+01 5.017814006882392874e-04
8.700000000000000000e+01 5.117705159433105777e-04
8.900000000000000000e+01 5.218548659925437150e-04
9.100000000000000000e+01 5.320505241394046791e-04
9.300000000000000000e+01 5.423732425784422162e-04
9.500000000000000000e+01 5.528207603651136282e-04
9.700000000000000000e+01 5.633221861680581810e-04
9.900000000000000000e+01 5.738746010760520377e-04
1.010000000000000000e+02 5.844751318575536203e-04
1.030000000000000000e+02 5.951361026660384468e-04
1.050000000000000000e+02 6.058914152340388881e-04
1.070000000000000000e+02 6.167700877007797899e-04
1.090000000000000000e+02 6.277917826530421408e-04
1.110000000000000000e+02 6.389747839538051366e-04
1.130000000000000000e+02 6.503255611786107337e-04
1.150000000000000000e+02 6.618351788673093594e-04
1.170000000000000000e+02 6.735202608243451294e-04
1.190000000000000000e+02 6.853551812499025786e-04
1.210000000000000000e+02 6.973452481386921420e-04
1.230000000000000000e+02 7.095314254024209788e-04
1.250000000000000000e+02 7.219326251732827160e-04
1.270000000000000000e+02 7.345440848771644937e-04
1.290000000000000000e+02 7.474005977780029397e-04
1.310000000000000000e+02 7.605028602745145250e-04
1.330000000000000000e+02 7.738270874968478097e-04
1.350000000000000000e+02 7.873656596490974380e-04
1.370000000000000000e+02 8.011034789542348378e-04
1.390000000000000000e+02 8.150443526927508842e-04
1.410000000000000000e+02 8.291828155444491699e-04
1.430000000000000000e+02 8.434389034757128201e-04
1.450000000000000000e+02 8.578068444862196884e-04
1.470000000000000000e+02 8.722820691735577725e-04
1.490000000000000000e+02 8.869184129736140676e-04
