1.000000000000000000e+00 9.314586994727591662e-02
3.000000000000000000e+00 1.005127334465195643e-01
5.000000000000000000e+00 1.041656388623901641e-01
7.000000000000000000e+00 1.064221152243906010e-01
9.000000000000000000e+00 1.079474159115209053e-01
1.100000000000000000e+01 1.091607704016656077e-01
1.300000000000000000e+01 1.102135843765275069e-01
1.500000000000000000e+01 1.111150227080699437e-01
1.700000000000000000e+01 1.118741751316638666e-01
1.900000000000000000e+01 1.125429855571069560e-01
2.100000000000000000e+01 1.131035480125301973e-01
2.300000000000000000e+01 1.135667995480350578e-01
2.500000000000000000e+01 1.139577666115952903e-01
2.700000000000000000e+01 1.142972563048589851e-01
2.900000000000000000e+01 1.145888180816421187e-01
3.100000000000000000e+01 1.148365016698252861e-01
3.300000000000000000e+01 1.150396853390144303e-01
3.500000000000000000e+01 1.152021301319761104e-01
3.700000000000000000e+01 1.153215817052331005e-01
3.900000000000000000e+01 1.154121870550054441e-01
4.100000000000000000e+01 1.154795647759643273e-01
4.300000000000000000e+01 1.155139294170290931e-01
4.500000000000000000e+01 1.155411569107900327e-01
4.700000000000000000e+01 1.155628294524925215e-01
4.900000000000000000e+01 1.155656591634816044e-01
5.100000000000000000e+01 1.155538634449121416e-01
5.300000000000000000e+01 1.155277535372247755e-01
5.500000000000000000e+01 1.154878552522964341e-01
5.700000000000000000e+01 1.154375180432224424e-01
5.900000000000000000e+01 1.153913172482913252e-01
6.100000000000000000e+01 1.153502279313771695e-01
6.300000000000000000e+01 1.153021131091321871e-01
6.500000000000000000e+01 1.152469763739497610e-01
6.700000000000000000e+01 1.151967328617815589e-01
6.900000000000000000e+01 1.151446553732782263e-01
7.100000000000000000e+01 1.150975250072767686e-01
7.300000000000000000e+01 1.150516813578280617e-01
7.500000000000000000e+01 1.150086157958665201e-01
7.700000000000000000e+01 1.149575733219141416e-01
7.900000000000000000e+01 1.149109793780800359e-01
8.100000000000000000e+01 1.148691768009685310e-01
8.300000000000000000e+01 1.148262606977066280e-01
8.500000000000000000e+01 1.147800572636415994e-01
8.700000000000000000e+01 1.147340436473669456e-01
8.900000000000000000e+01 1.146913849150219544e-01
9.100000000000000000e+01 1.146513105362518825e-01
9.300000000000000000e+01 1.146024690508294919e-01
9.500000000000000000e+01 1.145451935870822613e-01
9.700000000000000000e+01 1.144897336584919101e-01
9.900000000000000000e+01 1.144331819134516426e-01
1.010000000000000000e+02 1.143751521329060550e-01
1.030000000000000000e+02 1.143152518217941394e-01
1.050000000000000000e+02 1.142581074197079882e-01
1.070000000000000000e+02 1.142037283297657746e-01
1.090000000000000000e+02 1.141507674230917146e-01
1.110000000000000000e+02 1.140917929965403754e-01
1.130000000000000000e+02 1.140272239965854917e-01
1.150000000000000000e+02 1.139629486303735950e-01
1.170000000000000000e+02 1.139031235246217300e-01
1.190000000000000000e+02 1.138364256671066110e-01
1.210000000000000000e+02 1.137704439382702937e-01
1.230000000000000000e+02 1.137057609578863149e-01
1.250000000000000000e+02 1.136306840700702647e-01
1.270000000000000000e+02 1.135438699384822003e-01
1.290000000000000000e+02 1.134502150826425249e-01
1.310000000000000000e+02 1.133544028013059313e-01
1.330000000000000000e+02 1.132524121986950849e-01
1.350000000000000000e+02 1.131474839113026931e-01
1.370000000000000000e+02 1.130442648555461949e-01
1.390000000000000000e+02 1.129429015530596381e-01
1.410000000000000000e+02 1.128437635191638089e-01
1.430000000000000000e+02 1.127569404078913040e-01
1.450000000000000000e+02 1.126859808612094005e-01
1.470000000000000000e+02 1.126260147730746564e-01
1.490000000000000000e+02 1.125786828445274335e-01
