1.000000000000000000e+00 0.000000000000000000e+00
3.000000000000000000e+00 0.000000000000000000e+00
5.000000000000000000e+00 0.000000000000000000e+00
7.000000000000000000e+00 0.000000000000000000e+00
9.000000000000000000e+00 7.101014150245887890e-06
1.100000000000000000e+01 2.354323568309890646e-05
1.300000000000000000e+01 3.981760102511611166e-05
1.500000000000000000e+01 6.225013874094909028e-05
1.700000000000000000e+01 9.866312828565870774e-05
1.900000000000000000e+01 1.460526427008446149e-04
2.100000000000000000e+01 2.059145378027205098e-04
2.300000000000000000e+01 2.782570667344552717e-04
2.500000000000000000e+01 3.632040132691694012e-04
2.700000000000000000e+01 4.596498457160036466e-04
2.900000000000000000e+01 5.640517315489423922e-04
3.100000000000000000e+01 6.728627213157256648e-04
3.300000000000000000e+01 7.840413576467586410e-04
3.500000000000000000e+01 8.965771476903139359e-04
3.700000000000000000e+01 1.009986786907113299e-03
3.900000000000000000e+01 1.124054458340739693e-03
4.100000000000000000e+01 1.238505276173862413e-03
4.300000000000000000e+01 1.352161779779814665e-03
4.500000000000000000e+01 1.464574193156709114e-03
4.700000000000000000e+01 1.575345114593229567e-03
4.900000000000000000e+01 1.683932501388096803e-03
5.100000000000000000e+01 1.789581777703830312e-03
5.300000000000000000e+01 1.891766795663829548e-03
5.500000000000000000e+01 1.990608391246206921e-03
5.700000000000000000e+01 2.086705746441319675e-03
5.900000000000000000e+01 2.180771558241478836e-03
6.100000000000000000e+01 2.273457874169104720e-03
6.300000000000000000e+01 2.366094076196034734e-03
6.500000000000000000e+01 2.458926238846359524e-03
6.700000000000000000e+01 2.551971792602358846e-03
6.900000000000000000e+01 2.645194251208238256e-03
7.100000000000000000e+01 2.738582230990771471e-03
7.300000000000000000e+01 2.832059865305103230e-03
7.500000000000000000e+01 2.925547420166152435e-03
7.700000000000000000e+01 3.019146363682501111e-03
7.900000000000000000e+01 3.112557225971035457e-03
8.100000000000000000e+01 3.205936698403411000e-03
8.300000000000000000e+01 3.299329636134107346e-03
8.500000000000000000e+01 3.392700785737279290e-03
8.700000000000000000e+01 3.485323487920966024e-03
8.900000000000000000e+01 3.577104771518957449e-03
9.100000000000000000e+01 3.667933853790161791e-03
9.300000000000000000e+01 3.757818753834518688e-03
9.500000000000000000e+01 3.846776726744827180e-03
9.700000000000000000e+01 3.934894770247998608e-03
9.900000000000000000e+01 4.022301970617703226e-03
1.010000000000000000e+02 4.109356233995664631e-03
1.030000000000000000e+02 4.196093204084205830e-03
1.050000000000000000e+02 4.282586338285154781e-03
1.070000000000000000e+02 4.369725226987974942e-03
1.090000000000000000e+02 4.457472670963968930e-03
1.110000000000000000e+02 4.545843339709421116e-03
1.130000000000000000e+02 4.634960725825254535e-03
1.150000000000000000e+02 4.725021069004964325e-03
1.170000000000000000e+02 4.816099460687506273e-03
1.190000000000000000e+02 4.908142112831304082e-03
1.210000000000000000e+02 5.001075322097814357e-03
1.230000000000000000e+02 5.094794283471038021e-03
1.250000000000000000e+02 5.189279644898014965e-03
1.270000000000000000e+02 5.284054635160573277e-03
1.290000000000000000e+02 5.379197568535554197e-03
1.310000000000000000e+02 5.474766758682192425e-03
1.330000000000000000e+02 5.570644820259706975e-03
1.350000000000000000e+02 5.666951644420659129e-03
1.370000000000000000e+02 5.763696076546143132e-03
1.390000000000000000e+02 5.860580747442445393e-03
1.410000000000000000e+02 5.957494615653202708e-03
1.430000000000000000e+02 6.054403272559460980e-03
1.450000000000000000e+02 6.151567712605499061e-03
1.470000000000000000e+02 6.248794552403569291e-03
1.490000000000000000e+02 6.346132128784764959e-03
