1.000000000000000000e+00 4.767469034821214535e-02
3.000000000000000000e+00 5.019815808001892865e-02
5.000000000000000000e+00 5.155559491858419108e-02
7.000000000000000000e+00 5.256658367741873228e-02
9.000000000000000000e+00 5.345380030172797170e-02
1.100000000000000000e+01 5.426224604099616489e-02
1.300000000000000000e+01 5.499453896658990093e-02
1.500000000000000000e+01 5.564841909053475089e-02
1.700000000000000000e+01 5.622956918512667102e-02
1.900000000000000000e+01 5.674366792432294915e-02
2.100000000000000000e+01 5.719595727218806935e-02
2.300000000000000000e+01 5.759990603400300113e-02
2.500000000000000000e+01 5.796656918448883644e-02
2.700000000000000000e+01 5.830263231535937063e-02
2.900000000000000000e+01 5.861260264219547711e-02
3.100000000000000000e+01 5.890195853044122298e-02
3.300000000000000000e+01 5.917714789743999670e-02
3.500000000000000000e+01 5.944040750922319205e-02
3.700000000000000000e+01 5.969280743290628077e-02
3.900000000000000000e+01 5.993314343671407585e-02
4.100000000000000000e+01 6.016162838850891426e-02
4.300000000000000000e+01 6.037969382134045215e-02
4.500000000000000000e+01 6.058841770748957245e-02
4.700000000000000000e+01 6.078829336230973102e-02
4.900000000000000000e+01 6.098020384339442046e-02
5.100000000000000000e+01 6.116459662094853034e-02
5.300000000000000000e+01 6.134153225663829812e-02
5.500000000000000000e+01 6.151119769003587923e-02
5.700000000000000000e+01 6.167400276564294348e-02
5.900000000000000000e+01 6.183079224215648484e-02
6.100000000000000000e+01 6.198197294861262918e-02
6.300000000000000000e+01 6.212818780618678538e-02
6.500000000000000000e+01 6.227004816755588035e-02
6.700000000000000000e+01 6.240761772647474004e-02
6.900000000000000000e+01 6.254110966293746632e-02
7.100000000000000000e+01 6.267033306465097375e-02
7.300000000000000000e+01 6.279497696538327567e-02
7.500000000000000000e+01 6.291470300920221081e-02
7.700000000000000000e+01 6.302957690737731600e-02
7.900000000000000000e+01 6.313928175119709607e-02
8.100000000000000000e+01 6.324355898528222220e-02
8.300000000000000000e+01 6.334195373547646390e-02
8.500000000000000000e+01 6.343460854607763100e-02
8.700000000000000000e+01 6.352161904882125398e-02
8.900000000000000000e+01 6.360259395016432116e-02
9.100000000000000000e+01 6.367744483878612360e-02
9.300000000000000000e+01 6.374613070946499871e-02
9.500000000000000000e+01 6.380850879776289730e-02
9.700000000000000000e+01 6.386465355915760256e-02
9.900000000000000000e+01 6.391469950262040900e-02
1.010000000000000000e+02 6.395876404359279732e-02
1.030000000000000000e+02 6.399716666596555470e-02
1.050000000000000000e+02 6.403024813068169951e-02
1.070000000000000000e+02 6.405818729487433583e-02
1.090000000000000000e+02 6.408136203136682862e-02
1.110000000000000000e+02 6.410005187193335008e-02
1.130000000000000000e+02 6.411473744772522299e-02
1.150000000000000000e+02 6.412617737761183712e-02
1.170000000000000000e+02 6.413450677001208966e-02
1.190000000000000000e+02 6.414016915189935109e-02
1.210000000000000000e+02 6.414325559973843571e-02
1.230000000000000000e+02 6.414431509931672881e-02
1.250000000000000000e+02 6.414309593158673550e-02
1.270000000000000000e+02 6.414005899799979371e-02
1.290000000000000000e+02 6.413551901976233260e-02
1.310000000000000000e+02 6.412987134424563695e-02
1.330000000000000000e+02 6.412352052461900431e-02
1.350000000000000000e+02 6.411640306136867640e-02
1.370000000000000000e+02 6.410890526292600811e-02
1.390000000000000000e+02 6.410137290568673762e-02
1.410000000000000000e+02 6.409415806777540858e-02
1.430000000000000000e+02 6.408735943985466310e-02
1.450000000000000000e+02 6.408116754046977448e-02
1.470000000000000000e+02 6.407593068303263362e-02
1.490000000000000000e+02 6.407217470672632587e-02
