1.000000000000000000e+00 3.078610603290676817e-01
3.000000000000000000e+00 3.607120665756756717e-01
5.000000000000000000e+00 3.843184438024429550e-01
7.000000000000000000e+00 3.987966782159160228e-01
9.000000000000000000e+00 4.103546356623807290e-01
1.100000000000000000e+01 4.206301129423833940e-01
1.300000000000000000e+01 4.299105283307067538e-01
1.500000000000000000e+01 4.385737728569174543e-01
1.700000000000000000e+01 4.467653148496472104e-01
1.900000000000000000e+01 4.545595524331148551e-01
2.100000000000000000e+01 4.619941716595171721e-01
2.300000000000000000e+01 4.691164515827985770e-01
2.500000000000000000e+01 4.759798225121761872e-01
2.700000000000000000e+01 4.826569574637801230e-01
2.900000000000000000e+01 4.892643641704120805e-01
3.100000000000000000e+01 4.958937221161024977e-01
3.300000000000000000e+01 5.025845005618447825e-01
3.500000000000000000e+01 5.093752228499275336e-01
3.700000000000000000e+01 5.163566051114818478e-01
3.900000000000000000e+01 5.235622998114899396e-01
4.100000000000000000e+01 5.309788433256628082e-01
4.300000000000000000e+01 5.385852512536735137e-01
4.500000000000000000e+01 5.463494944462630176e-01
4.700000000000000000e+01 5.542729019118163292e-01
4.900000000000000000e+01 5.623265556802985454e-01
5.100000000000000000e+01 5.704910407520636939e-01
5.300000000000000000e+01 5.787427853548940959e-01
5.500000000000000000e+01 5.870696764792011635e-01
5.700000000000000000e+01 5.954132744778506403e-01
5.900000000000000000e+01 6.037551408851606904e-01
6.100000000000000000e+01 6.121235793572458173e-01
6.300000000000000000e+01 6.204946225708674046e-01
6.500000000000000000e+01 6.287911604544739186e-01
6.700000000000000000e+01 6.369979431964398753e-01
6.900000000000000000e+01 6.451190936269781684e-01
7.100000000000000000e+01 6.531327019037318493e-01
7.300000000000000000e+01 6.610333147593204783e-01
7.500000000000000000e+01 6.688047031779476015e-01
7.700000000000000000e+01 6.763747535840561875e-01
7.900000000000000000e+01 6.837143583087053056e-01
8.100000000000000000e+01 6.908195179062230906e-01
8.300000000000000000e+01 6.976750503190800590e-01
8.500000000000000000e+01 7.042951870747956589e-01
8.700000000000000000e+01 7.106925410616109495e-01
8.900000000000000000e+01 7.168788258483455023e-01
9.100000000000000000e+01 7.228736617002093912e-01
9.300000000000000000e+01 7.286462362972008222e-01
9.500000000000000000e+01 7.342110694706414087e-01
9.700000000000000000e+01 7.395767786894383855e-01
9.900000000000000000e+01 7.447866169482352250e-01
1.010000000000000000e+02 7.498688354438963755e-01
1.030000000000000000e+02 7.548083054092514788e-01
1.050000000000000000e+02 7.596126645058784987e-01
1.070000000000000000e+02 7.642667372026493711e-01
1.090000000000000000e+02 7.687771486215356775e-01
1.110000000000000000e+02 7.731420279998946210e-01
1.130000000000000000e+02 7.773578990486449403e-01
1.150000000000000000e+02 7.814647126842130254e-01
1.170000000000000000e+02 7.854710486588720730e-01
1.190000000000000000e+02 7.893760648286463066e-01
1.210000000000000000e+02 7.932110560598190085e-01
1.230000000000000000e+02 7.969871841335132157e-01
1.250000000000000000e+02 8.006668811657994267e-01
1.270000000000000000e+02 8.042591556588265522e-01
1.290000000000000000e+02 8.077465772417882217e-01
1.310000000000000000e+02 8.111463208469831265e-01
1.330000000000000000e+02 8.144606706268091578e-01
1.350000000000000000e+02 8.177047201308542679e-01
1.370000000000000000e+02 8.208123231638324580e-01
1.390000000000000000e+02 8.238002671324112791e-01
1.410000000000000000e+02 8.266893280432130453e-01
1.430000000000000000e+02 8.294845051014829718e-01
1.450000000000000000e+02 8.321521771364958076e-01
1.470000000000000000e+02 8.346876503468797504e-01
1.490000000000000000e+02 8.370988255491040864e-01
