1.000000000000000000e+00 4.713698749890724571e-01
3.000000000000000000e+00 5.311773630413429981e-01
5.000000000000000000e+00 5.573129113714452298e-01
7.000000000000000000e+00 5.729523397755109659e-01
9.000000000000000000e+00 5.849377786329076345e-01
1.100000000000000000e+01 5.957144895836633536e-01
1.300000000000000000e+01 6.061484575268236696e-01
1.500000000000000000e+01 6.165575096144322309e-01
1.700000000000000000e+01 6.269273544160298695e-01
1.900000000000000000e+01 6.373211143565591374e-01
2.100000000000000000e+01 6.477839686520527884e-01
2.300000000000000000e+01 6.582980206400506074e-01
2.500000000000000000e+01 6.689137949478221046e-01
2.700000000000000000e+01 6.795922054700418435e-01
2.900000000000000000e+01 6.903123079941716478e-01
3.100000000000000000e+01 7.010340327770419044e-01
3.300000000000000000e+01 7.116809659367862029e-01
3.500000000000000000e+01 7.221866127557803328e-01
3.700000000000000000e+01 7.324798589259233772e-01
3.900000000000000000e+01 7.425007495920946665e-01
4.100000000000000000e+01 7.522181139925648852e-01
4.300000000000000000e+01 7.615533845843617256e-01
4.500000000000000000e+01 7.704944945387033339e-01
4.700000000000000000e+01 7.790270507415256729e-01
4.900000000000000000e+01 7.871289514575553481e-01
5.100000000000000000e+01 7.948018614141963978e-01
5.300000000000000000e+01 8.020399583857145132e-01
5.500000000000000000e+01 8.087652545341688093e-01
5.700000000000000000e+01 8.149993271100941516e-01
5.900000000000000000e+01 8.207621992849691850e-01
6.100000000000000000e+01 8.260364454641925258e-01
6.300000000000000000e+01 8.308551616253415650e-01
6.500000000000000000e+01 8.352091528089337080e-01
6.700000000000000000e+01 8.391536968086501513e-01
6.900000000000000000e+01 8.427382575421247246e-01
7.100000000000000000e+01 8.459652594683021443e-01
7.300000000000000000e+01 8.488793515819439417e-01
7.500000000000000000e+01 8.515397608096291204e-01
7.700000000000000000e+01 8.539833205562583629e-01
7.900000000000000000e+01 8.562373306405794970e-01
8.100000000000000000e+01 8.582765828796958818e-01
8.300000000000000000e+01 8.601273379172083011e-01
8.500000000000000000e+01 8.617992791971915700e-01
8.700000000000000000e+01 8.633065413255840426e-01
8.900000000000000000e+01 8.646754719587831373e-01
9.100000000000000000e+01 8.658998905751280617e-01
9.300000000000000000e+01 8.669917852712080153e-01
9.500000000000000000e+01 8.679516281843399073e-01
9.700000000000000000e+01 8.687970088797649648e-01
9.900000000000000000e+01 8.695264210072995992e-01
1.010000000000000000e+02 8.701515749993582460e-01
1.030000000000000000e+02 8.706747359488172799e-01
1.050000000000000000e+02 8.711030897214415702e-01
1.070000000000000000e+02 8.714355201474484058e-01
1.090000000000000000e+02 8.716911741119237611e-01
1.110000000000000000e+02 8.718747776240008962e-01
1.130000000000000000e+02 8.719789354239737555e-01
1.150000000000000000e+02 8.720078266890526342e-01
1.170000000000000000e+02 8.719915922579704048e-01
1.190000000000000000e+02 8.719274889230628212e-01
1.210000000000000000e+02 8.718171018351235091e-01
1.230000000000000000e+02 8.716838004154652264e-01
1.250000000000000000e+02 8.715276026286569167e-01
1.270000000000000000e+02 8.713633022565534514e-01
1.290000000000000000e+02 8.711979087495365093e-01
1.310000000000000000e+02 8.710428512101608955e-01
1.330000000000000000e+02 8.708985780712301672e-01
1.350000000000000000e+02 8.707538346757643932e-01
1.370000000000000000e+02 8.706245435491081208e-01
1.390000000000000000e+02 8.705086818045641994e-01
1.410000000000000000e+02 8.704016427275560464e-01
1.430000000000000000e+02 8.703026405069587135e-01
1.450000000000000000e+02 8.702108175027968295e-01
1.470000000000000000e+02 8.701255733063892883e-01
1.490000000000000000e+02 8.700536488561465553e-01
