1.000000000000000000e+00 2.409186899421444927e-02
3.000000000000000000e+00 2.730792477593391165e-02
5.000000000000000000e+00 2.894606775252361874e-02
7.000000000000000000e+00 2.995610484711230814e-02
9.000000000000000000e+00 3.069369431023494244e-02
1.100000000000000000e+01 3.129006434992775976e-02
1.300000000000000000e+01 3.177105710198713240e-02
1.500000000000000000e+01 3.216735502639456179e-02
1.700000000000000000e+01 3.251798900081803723e-02
1.900000000000000000e+01 3.284807531080502496e-02
2.100000000000000000e+01 3.316984512607445978e-02
2.300000000000000000e+01 3.349368216065429227e-02
2.500000000000000000e+01 3.382320407337346957e-02
2.700000000000000000e+01 3.415322954305621828e-02
2.900000000000000000e+01 3.447904861644324193e-02
3.100000000000000000e+01 3.480173384135387682e-02
3.300000000000000000e+01 3.512106409885296099e-02
3.500000000000000000e+01 3.543725997869207056e-02
3.700000000000000000e+01 3.575089014793597642e-02
3.900000000000000000e+01 3.606381861260377075e-02
4.100000000000000000e+01 3.637779955000619569e-02
4.300000000000000000e+01 3.669382908205365279e-02
4.500000000000000000e+01 3.701200826650463682e-02
4.700000000000000000e+01 3.733309241013982316e-02
4.900000000000000000e+01 3.765780860152101450e-02
5.100000000000000000e+01 3.798628331239684019e-02
5.300000000000000000e+01 3.831776362052563556e-02
5.500000000000000000e+01 3.865140015211288027e-02
5.700000000000000000e+01 3.898707101061238411e-02
5.900000000000000000e+01 3.932531466122612951e-02
6.100000000000000000e+01 3.966625122235467593e-02
6.300000000000000000e+01 4.000975418651264714e-02
6.500000000000000000e+01 4.035591743066724302e-02
6.700000000000000000e+01 4.070465930793676357e-02
6.900000000000000000e+01 4.105586559392493395e-02
7.100000000000000000e+01 4.140994529408836833e-02
7.300000000000000000e+01 4.176764436635116429e-02
7.500000000000000000e+01 4.212962303942613396e-02
7.700000000000000000e+01 4.249623918905609532e-02
7.900000000000000000e+01 4.286750660939853130e-02
8.100000000000000000e+01 4.324341326708869282e-02
8.300000000000000000e+01 4.362444741427351502e-02
8.500000000000000000e+01 4.401099139429676121e-02
8.700000000000000000e+01 4.440333720560174502e-02
8.900000000000000000e+01 4.480163718698315645e-02
9.100000000000000000e+01 4.520632971602822625e-02
9.300000000000000000e+01 4.561742951342373509e-02
9.500000000000000000e+01 4.603479504719987236e-02
9.700000000000000000e+01 4.645831290554258697e-02
9.900000000000000000e+01 4.688812548764131893e-02
1.010000000000000000e+02 4.732428455774218001e-02
1.030000000000000000e+02 4.776670149536887955e-02
1.050000000000000000e+02 4.821534066704691313e-02
1.070000000000000000e+02 4.867025534305990941e-02
1.090000000000000000e+02 4.913118393112048121e-02
1.110000000000000000e+02 4.959803211141455836e-02
1.130000000000000000e+02 5.007069902415706153e-02
1.150000000000000000e+02 5.054916429155420499e-02
1.170000000000000000e+02 5.103338870919571502e-02
1.190000000000000000e+02 5.152336372695776046e-02
1.210000000000000000e+02 5.201904472022067516e-02
1.230000000000000000e+02 5.252039401648045391e-02
1.250000000000000000e+02 5.302736696864229771e-02
1.270000000000000000e+02 5.353994379810489423e-02
1.290000000000000000e+02 5.405828319414263117e-02
1.310000000000000000e+02 5.458240562145777464e-02
1.330000000000000000e+02 5.511235561518268433e-02
1.350000000000000000e+02 5.564746311931456635e-02
1.370000000000000000e+02 5.618782748660522408e-02
1.390000000000000000e+02 5.673353275353387737e-02
1.410000000000000000e+02 5.728472452653055047e-02
1.430000000000000000e+02 5.784148035264724541e-02
1.450000000000000000e+02 5.840396110615708736e-02
1.470000000000000000e+02 5.897260795337577743e-02
1.490000000000000000e+02 5.954760406722781063e-02
