1.000000000000000000e+00 8.385004452958311205e-03
3.000000000000000000e+00 1.219340981810590474e-02
5.000000000000000000e+00 1.419203059039464421e-02
7.000000000000000000e+00 1.529136661812002806e-02
9.000000000000000000e+00 1.605616654582453506e-02
1.100000000000000000e+01 1.670844341467792038e-02
1.300000000000000000e+01 1.732328862955667681e-02
1.500000000000000000e+01 1.793669804860320571e-02
1.700000000000000000e+01 1.857075973512145595e-02
1.900000000000000000e+01 1.923421621675125426e-02
2.100000000000000000e+01 1.992679416524256730e-02
2.300000000000000000e+01 2.064357040255193620e-02
2.500000000000000000e+01 2.138037197520747945e-02
2.700000000000000000e+01 2.213456488729959037e-02
2.900000000000000000e+01 2.290490977568160336e-02
3.100000000000000000e+01 2.368970434337835940e-02
3.300000000000000000e+01 2.448780303947017956e-02
3.500000000000000000e+01 2.529910510650412725e-02
3.700000000000000000e+01 2.612382842239968639e-02
3.900000000000000000e+01 2.695953030611242252e-02
4.100000000000000000e+01 2.780587999241013186e-02
4.300000000000000000e+01 2.866315551509956983e-02
4.500000000000000000e+01 2.953098417243549267e-02
4.700000000000000000e+01 3.040620175051955698e-02
4.900000000000000000e+01 3.128805525880340443e-02
5.100000000000000000e+01 3.217687045765715848e-02
5.300000000000000000e+01 3.307209742844985367e-02
5.500000000000000000e+01 3.397378338225498506e-02
5.700000000000000000e+01 3.488231050524703836e-02
5.900000000000000000e+01 3.579853759963325111e-02
6.100000000000000000e+01 3.672486481160319727e-02
6.300000000000000000e+01 3.766272059862996180e-02
6.500000000000000000e+01 3.861313343515559993e-02
6.700000000000000000e+01 3.957618473589608055e-02
6.900000000000000000e+01 4.055158964110572306e-02
7.100000000000000000e+01 4.153900567964408097e-02
7.300000000000000000e+01 4.253573947912436815e-02
7.500000000000000000e+01 4.354229088921279800e-02
7.700000000000000000e+01 4.455873651336350605e-02
7.900000000000000000e+01 4.558640098368793581e-02
8.100000000000000000e+01 4.662523541949603612e-02
8.300000000000000000e+01 4.767347187680492926e-02
8.500000000000000000e+01 4.873130006900905364e-02
8.700000000000000000e+01 4.979873072527685185e-02
8.900000000000000000e+01 5.087425118136945645e-02
9.100000000000000000e+01 5.195899308034046538e-02
9.300000000000000000e+01 5.305369273248772277e-02
9.500000000000000000e+01 5.416008584583809071e-02
9.700000000000000000e+01 5.527840951914320122e-02
9.900000000000000000e+01 5.640963461237458176e-02
1.010000000000000000e+02 5.755367997950100456e-02
1.030000000000000000e+02 5.870851696830747812e-02
1.050000000000000000e+02 5.987402594474910966e-02
1.070000000000000000e+02 6.104988070401617950e-02
1.090000000000000000e+02 6.223726243303417949e-02
1.110000000000000000e+02 6.343607850714660934e-02
1.130000000000000000e+02 6.464464600592390031e-02
1.150000000000000000e+02 6.586286385866768622e-02
1.170000000000000000e+02 6.709064689331201148e-02
1.190000000000000000e+02 6.832769221810108817e-02
1.210000000000000000e+02 6.957448658306719658e-02
1.230000000000000000e+02 7.083067897225880927e-02
1.250000000000000000e+02 7.209596462878986589e-02
1.270000000000000000e+02 7.336976492781732695e-02
1.290000000000000000e+02 7.465006687262143448e-02
1.310000000000000000e+02 7.593634170042895537e-02
1.330000000000000000e+02 7.722775076207100131e-02
1.350000000000000000e+02 7.852210847357510293e-02
1.370000000000000000e+02 7.981897923352898605e-02
1.390000000000000000e+02 8.111769640001809112e-02
1.410000000000000000e+02 8.241760365869310601e-02
1.430000000000000000e+02 8.371803333408578407e-02
1.450000000000000000e+02 8.501854342042036716e-02
1.470000000000000000e+02 8.631911234777289721e-02
1.490000000000000000e+02 8.761917363948179549e-02
