1.000000000000000000e+00 1.815623921641495997e-02
3.000000000000000000e+00 1.910071203918506377e-02
5.000000000000000000e+00 1.955720798471016764e-02
7.000000000000000000e+00 1.985732610665191800e-02
9.000000000000000000e+00 2.012406878575423441e-02
1.100000000000000000e+01 2.037400052946558571e-02
1.300000000000000000e+01 2.059672422193292718e-02
1.500000000000000000e+01 2.077896836090431520e-02
1.700000000000000000e+01 2.091072735776444702e-02
1.900000000000000000e+01 2.100002331241246356e-02
2.100000000000000000e+01 2.105479806205845517e-02
2.300000000000000000e+01 2.108760948391319445e-02
2.500000000000000000e+01 2.110719954819029187e-02
2.700000000000000000e+01 2.111618846033747054e-02
2.900000000000000000e+01 2.111799908641343038e-02
3.100000000000000000e+01 2.110948274015467252e-02
3.300000000000000000e+01 2.109122200465995967e-02
3.500000000000000000e+01 2.106769500876437551e-02
3.700000000000000000e+01 2.104001843704350616e-02
3.900000000000000000e+01 2.100853622321463554e-02
4.100000000000000000e+01 2.097403519860929766e-02
4.300000000000000000e+01 2.093677443406416483e-02
4.500000000000000000e+01 2.089790006046499116e-02
4.700000000000000000e+01 2.085709603280250235e-02
4.900000000000000000e+01 2.081317395637194423e-02
5.100000000000000000e+01 2.076647859878910651e-02
5.300000000000000000e+01 2.071676059786287105e-02
5.500000000000000000e+01 2.066388311103084519e-02
5.700000000000000000e+01 2.060998067846797621e-02
5.900000000000000000e+01 2.055503108753731212e-02
6.100000000000000000e+01 2.049681709341688585e-02
6.300000000000000000e+01 2.043546554533492987e-02
6.500000000000000000e+01 2.037209073116086344e-02
6.700000000000000000e+01 2.030643137687249133e-02
6.900000000000000000e+01 2.023721951136758790e-02
7.100000000000000000e+01 2.016458254908726211e-02
7.300000000000000000e+01 2.008746139428962962e-02
7.500000000000000000e+01 2.000888813072687622e-02
7.700000000000000000e+01 1.992891240472571823e-02
7.900000000000000000e+01 1.984761762786124706e-02
8.100000000000000000e+01 1.976518404058491551e-02
8.300000000000000000e+01 1.968054732512292127e-02
8.500000000000000000e+01 1.959411959204371279e-02
8.700000000000000000e+01 1.950665574676169189e-02
8.900000000000000000e+01 1.941854537462539554e-02
9.100000000000000000e+01 1.932912547424070482e-02
9.300000000000000000e+01 1.923997297583290855e-02
9.500000000000000000e+01 1.915118685122663145e-02
9.700000000000000000e+01 1.906362508944148271e-02
9.900000000000000000e+01 1.897649561899084070e-02
1.010000000000000000e+02 1.888995845143537355e-02
1.030000000000000000e+02 1.880302707189795974e-02
1.050000000000000000e+02 1.871584729280451054e-02
1.070000000000000000e+02 1.862825336370510509e-02
1.090000000000000000e+02 1.854163977543754616e-02
1.110000000000000000e+02 1.845680371458646718e-02
1.130000000000000000e+02 1.837382623417471716e-02
1.150000000000000000e+02 1.829110591313576339e-02
1.170000000000000000e+02 1.820917994516546567e-02
1.190000000000000000e+02 1.812819473866322806e-02
1.210000000000000000e+02 1.804927405269518559e-02
1.230000000000000000e+02 1.797241814419481276e-02
1.250000000000000000e+02 1.789711882369249274e-02
1.270000000000000000e+02 1.782271161152293448e-02
1.290000000000000000e+02 1.774820711701796672e-02
1.310000000000000000e+02 1.767442095353277676e-02
1.330000000000000000e+02 1.760300166274941791e-02
1.350000000000000000e+02 1.753404986892825868e-02
1.370000000000000000e+02 1.746481771025287788e-02
1.390000000000000000e+02 1.739626091728951884e-02
1.410000000000000000e+02 1.732951640627955481e-02
1.430000000000000000e+02 1.726455637693802281e-02
1.450000000000000000e+02 1.719884388267678421e-02
1.470000000000000000e+02 1.713249078571688067e-02
1.490000000000000000e+02 1.706472567417005592e-02
