1.000000000000000000e+00 1.578063041871093919e-01
3.000000000000000000e+00 1.759412015496690795e-01
5.000000000000000000e+00 1.833922571087451825e-01
7.000000000000000000e+00 1.870786781388791287e-01
9.000000000000000000e+00 1.895951537982117907e-01
1.100000000000000000e+01 1.915080265438188212e-01
1.300000000000000000e+01 1.931726912496819493e-01
1.500000000000000000e+01 1.946846606367585997e-01
1.700000000000000000e+01 1.961357899039859465e-01
1.900000000000000000e+01 1.975219759331929836e-01
2.100000000000000000e+01 1.989323939870151214e-01
2.300000000000000000e+01 2.003991725528290191e-01
2.500000000000000000e+01 2.019417699659917798e-01
2.700000000000000000e+01 2.035436626561129003e-01
2.900000000000000000e+01 2.052231872425764880e-01
3.100000000000000000e+01 2.070073976175234032e-01
3.300000000000000000e+01 2.088891038467145522e-01
3.500000000000000000e+01 2.108847516465828242e-01
3.700000000000000000e+01 2.130079519266885324e-01
3.900000000000000000e+01 2.152600843037828504e-01
4.100000000000000000e+01 2.176369274750264982e-01
4.300000000000000000e+01 2.201248984994703672e-01
4.500000000000000000e+01 2.227128000443295841e-01
4.700000000000000000e+01 2.254091534815471087e-01
4.900000000000000000e+01 2.282031880972356097e-01
5.100000000000000000e+01 2.311071270915640019e-01
5.300000000000000000e+01 2.341323925959039043e-01
5.500000000000000000e+01 2.372843622064051416e-01
5.700000000000000000e+01 2.405674288007335626e-01
5.900000000000000000e+01 2.439683389848099626e-01
6.100000000000000000e+01 2.474890502197317765e-01
6.300000000000000000e+01 2.511273743592598029e-01
6.500000000000000000e+01 2.548914184316171117e-01
6.700000000000000000e+01 2.587773592474431616e-01
6.900000000000000000e+01 2.627993159612115326e-01
7.100000000000000000e+01 2.669472788430462540e-01
7.300000000000000000e+01 2.712234350037003860e-01
7.500000000000000000e+01 2.756263645994783129e-01
7.700000000000000000e+01 2.801421264056231930e-01
7.900000000000000000e+01 2.847726259617358036e-01
8.100000000000000000e+01 2.895230187401818256e-01
8.300000000000000000e+01 2.943954906009470518e-01
8.500000000000000000e+01 2.993868025841467384e-01
8.700000000000000000e+01 3.045007213431160098e-01
8.900000000000000000e+01 3.097392082621197584e-01
9.100000000000000000e+01 3.151017256073641581e-01
9.300000000000000000e+01 3.205818478465036758e-01
9.500000000000000000e+01 3.261739403900392187e-01
9.700000000000000000e+01 3.318827867990042924e-01
9.900000000000000000e+01 3.377150232091723492e-01
1.010000000000000000e+02 3.436569553508385111e-01
1.030000000000000000e+02 3.497034721121760059e-01
1.050000000000000000e+02 3.558506904811785665e-01
1.070000000000000000e+02 3.620883949212986286e-01
1.090000000000000000e+02 3.684099589173128741e-01
1.110000000000000000e+02 3.748074491974192624e-01
1.130000000000000000e+02 3.812758994026895776e-01
1.150000000000000000e+02 3.878140656122487373e-01
1.170000000000000000e+02 3.944154502247407823e-01
1.190000000000000000e+02 4.010756833059151427e-01
1.210000000000000000e+02 4.077933731487350943e-01
1.230000000000000000e+02 4.145416049062310426e-01
1.250000000000000000e+02 4.213109692827674557e-01
1.270000000000000000e+02 4.280937344338143768e-01
1.290000000000000000e+02 4.348852370484815877e-01
1.310000000000000000e+02 4.416823502653969280e-01
1.330000000000000000e+02 4.484759677638708864e-01
1.350000000000000000e+02 4.552564259594854557e-01
1.370000000000000000e+02 4.620135241114389224e-01
1.390000000000000000e+02 4.687497219245713165e-01
1.410000000000000000e+02 4.754681415607887596e-01
1.430000000000000000e+02 4.821624010315870290e-01
1.450000000000000000e+02 4.888035617640947850e-01
1.470000000000000000e+02 4.953901550899357797e-01
1.490000000000000000e+02 5.019191378259475478e-01
