1.000000000000000000e+00 8.404143871493419127e-02
3.000000000000000000e+00 8.889534484158967409e-02
5.000000000000000000e+00 9.153684151830743243e-02
7.000000000000000000e+00 9.318612146814642117e-02
9.000000000000000000e+00 9.449850570786777482e-02
1.100000000000000000e+01 9.550854605158975996e-02
1.300000000000000000e+01 9.630912377570166605e-02
1.500000000000000000e+01 9.693903891875654821e-02
1.700000000000000000e+01 9.737468826297734914e-02
1.900000000000000000e+01 9.766169853685569002e-02
2.100000000000000000e+01 9.784465119066831917e-02
2.300000000000000000e+01 9.793480523886577416e-02
2.500000000000000000e+01 9.795977812406109209e-02
2.700000000000000000e+01 9.795944571406534074e-02
2.900000000000000000e+01 9.795272763386997372e-02
3.100000000000000000e+01 9.793486848606780537e-02
3.300000000000000000e+01 9.790913847867954711e-02
3.500000000000000000e+01 9.788869574698300102e-02
3.700000000000000000e+01 9.787408114791718017e-02
3.900000000000000000e+01 9.786404440793250448e-02
4.100000000000000000e+01 9.786900926318586880e-02
4.300000000000000000e+01 9.789255665240115256e-02
4.500000000000000000e+01 9.792799403962815230e-02
4.700000000000000000e+01 9.797419573967014461e-02
4.900000000000000000e+01 9.803251163552262337e-02
5.100000000000000000e+01 9.810333201854881668e-02
5.300000000000000000e+01 9.817353399408812464e-02
5.500000000000000000e+01 9.824039101071868618e-02
5.700000000000000000e+01 9.830620383154542452e-02
5.900000000000000000e+01 9.839395437094333730e-02
6.100000000000000000e+01 9.850080076254252859e-02
6.300000000000000000e+01 9.861468764049874380e-02
6.500000000000000000e+01 9.873073277694832672e-02
6.700000000000000000e+01 9.885610926839349943e-02
6.900000000000000000e+01 9.899413056059236382e-02
7.100000000000000000e+01 9.914213150489403770e-02
7.300000000000000000e+01 9.929756863387340093e-02
7.500000000000000000e+01 9.945724450407689154e-02
7.700000000000000000e+01 9.960030391875751565e-02
7.900000000000000000e+01 9.974891783801809186e-02
8.100000000000000000e+01 9.990241231400676103e-02
8.300000000000000000e+01 1.000463868087125840e-01
8.500000000000000000e+01 1.001817927349737403e-01
8.700000000000000000e+01 1.003103852883570068e-01
8.900000000000000000e+01 1.004325692158737349e-01
9.100000000000000000e+01 1.005497825844944293e-01
9.300000000000000000e+01 1.006583725199170498e-01
9.500000000000000000e+01 1.007667833599161789e-01
9.700000000000000000e+01 1.008742980736843098e-01
9.900000000000000000e+01 1.009841671699592824e-01
1.010000000000000000e+02 1.010917123000129036e-01
1.030000000000000000e+02 1.012007478214465017e-01
1.050000000000000000e+02 1.013109368549067746e-01
1.070000000000000000e+02 1.014237065684101546e-01
1.090000000000000000e+02 1.015391207528085760e-01
1.110000000000000000e+02 1.016525913646094681e-01
1.130000000000000000e+02 1.017637783813957197e-01
1.150000000000000000e+02 1.018725361538057594e-01
1.170000000000000000e+02 1.019825946377248549e-01
1.190000000000000000e+02 1.020899249454615410e-01
1.210000000000000000e+02 1.021919462777562959e-01
1.230000000000000000e+02 1.022891399565029058e-01
1.250000000000000000e+02 1.023788031282254485e-01
1.270000000000000000e+02 1.024577377011963719e-01
1.290000000000000000e+02 1.025310580456628706e-01
1.310000000000000000e+02 1.025988686897538749e-01
1.330000000000000000e+02 1.026678910774152520e-01
1.350000000000000000e+02 1.027384471355132778e-01
1.370000000000000000e+02 1.028108296991572246e-01
1.390000000000000000e+02 1.028797534393390833e-01
1.410000000000000000e+02 1.029455408618140666e-01
1.430000000000000000e+02 1.030042920653684302e-01
1.450000000000000000e+02 1.030621243712606105e-01
1.470000000000000000e+02 1.031175840757083684e-01
1.490000000000000000e+02 1.031772132959901667e-01
