1.000000000000000000e+00 2.263083451202263507e-02
3.000000000000000000e+00 2.392654928291226835e-02
5.000000000000000000e+00 2.459507904058766403e-02
7.000000000000000000e+00 2.496074006174020532e-02
9.000000000000000000e+00 2.526372491532080655e-02
1.100000000000000000e+01 2.557267692593412356e-02
1.300000000000000000e+01 2.589218877395549345e-02
1.500000000000000000e+01 2.622075270007395709e-02
1.700000000000000000e+01 2.655247496103774196e-02
1.900000000000000000e+01 2.688575055532316238e-02
2.100000000000000000e+01 2.721842943404562121e-02
2.300000000000000000e+01 2.754642337919954720e-02
2.500000000000000000e+01 2.786696788610854014e-02
2.700000000000000000e+01 2.818112620441448612e-02
2.900000000000000000e+01 2.849064984007154688e-02
3.100000000000000000e+01 2.879686943173498381e-02
3.300000000000000000e+01 2.910500371222934923e-02
3.500000000000000000e+01 2.941678874268838229e-02
3.700000000000000000e+01 2.973404579717753293e-02
3.900000000000000000e+01 3.005691424868583983e-02
4.100000000000000000e+01 3.038519210294321482e-02
4.300000000000000000e+01 3.071956029965172696e-02
4.500000000000000000e+01 3.105940756626301980e-02
4.700000000000000000e+01 3.140375368754122487e-02
4.900000000000000000e+01 3.175186852658418157e-02
5.100000000000000000e+01 3.210306690654574080e-02
5.300000000000000000e+01 3.245701773888454156e-02
5.500000000000000000e+01 3.281288117424241424e-02
5.700000000000000000e+01 3.317033014193049301e-02
5.900000000000000000e+01 3.352926436547842837e-02
6.100000000000000000e+01 3.388958611706227586e-02
6.300000000000000000e+01 3.425191634129653995e-02
6.500000000000000000e+01 3.461599214788113610e-02
6.700000000000000000e+01 3.498148389762978372e-02
6.900000000000000000e+01 3.534832643584950862e-02
7.100000000000000000e+01 3.571610561521321170e-02
7.300000000000000000e+01 3.608474392087679394e-02
7.500000000000000000e+01 3.645431394796883051e-02
7.700000000000000000e+01 3.682478435534941585e-02
7.900000000000000000e+01 3.719599547074570189e-02
8.100000000000000000e+01 3.756805489884640359e-02
8.300000000000000000e+01 3.794091909674102148e-02
8.500000000000000000e+01 3.831461578444284033e-02
8.700000000000000000e+01 3.868911040001654644e-02
8.900000000000000000e+01 3.906425495401089076e-02
9.100000000000000000e+01 3.943985296577401378e-02
9.300000000000000000e+01 3.981563751808836482e-02
9.500000000000000000e+01 4.019155875115520971e-02
9.700000000000000000e+01 4.056763778922012342e-02
9.900000000000000000e+01 4.094367958868105895e-02
1.010000000000000000e+02 4.131944888327987453e-02
1.030000000000000000e+02 4.169476911868852387e-02
1.050000000000000000e+02 4.206946785374721109e-02
1.070000000000000000e+02 4.244337094222727647e-02
1.090000000000000000e+02 4.281636640177199915e-02
1.110000000000000000e+02 4.318827553560999899e-02
1.130000000000000000e+02 4.355889695586889765e-02
1.150000000000000000e+02 4.392807331856729558e-02
1.170000000000000000e+02 4.429573337398839961e-02
1.190000000000000000e+02 4.466134242865615889e-02
1.210000000000000000e+02 4.502457975047813310e-02
1.230000000000000000e+02 4.538550645213690338e-02
1.250000000000000000e+02 4.574398476849594886e-02
1.270000000000000000e+02 4.610009984601248778e-02
1.290000000000000000e+02 4.645375246175698081e-02
1.310000000000000000e+02 4.680531594777237459e-02
1.330000000000000000e+02 4.715511302617991785e-02
1.350000000000000000e+02 4.750334539274536638e-02
1.370000000000000000e+02 4.785032331600624911e-02
1.390000000000000000e+02 4.819581173755860259e-02
1.410000000000000000e+02 4.853968413452347530e-02
1.430000000000000000e+02 4.888194106039933651e-02
1.450000000000000000e+02 4.922270415568530399e-02
1.470000000000000000e+02 4.956159363692258513e-02
1.490000000000000000e+02 4.989877960704725002e-02
