1.000000000000000000e+00 1.779821476873140185e-01
3.000000000000000000e+00 1.986475586651910152e-01
5.000000000000000000e+00 2.070009434669887183e-01
7.000000000000000000e+00 2.110429668430332528e-01
9.000000000000000000e+00 2.133550643234835009e-01
1.100000000000000000e+01 2.148496211162833625e-01
1.300000000000000000e+01 2.159541072503660120e-01
1.500000000000000000e+01 2.169252206047691534e-01
1.700000000000000000e+01 2.178036349678187378e-01
1.900000000000000000e+01 2.186708324485889809e-01
2.100000000000000000e+01 2.196007166322635484e-01
2.300000000000000000e+01 2.206423749424745173e-01
2.500000000000000000e+01 2.218546247869814803e-01
2.700000000000000000e+01 2.232309601036324143e-01
2.900000000000000000e+01 2.247367988275104089e-01
3.100000000000000000e+01 2.263951394880935331e-01
3.300000000000000000e+01 2.282163763027095227e-01
3.500000000000000000e+01 2.302158528851819819e-01
3.700000000000000000e+01 2.323925952113795601e-01
3.900000000000000000e+01 2.347294652725782083e-01
4.100000000000000000e+01 2.372272119275644631e-01
4.300000000000000000e+01 2.398774287090138513e-01
4.500000000000000000e+01 2.426787888266508375e-01
4.700000000000000000e+01 2.456055207266777396e-01
4.900000000000000000e+01 2.486581493688313493e-01
5.100000000000000000e+01 2.518297978774001189e-01
5.300000000000000000e+01 2.551196701568505532e-01
5.500000000000000000e+01 2.585365915820900806e-01
5.700000000000000000e+01 2.620762528293588689e-01
5.900000000000000000e+01 2.657410969242258725e-01
6.100000000000000000e+01 2.695354896997781413e-01
6.300000000000000000e+01 2.734531185276755094e-01
6.500000000000000000e+01 2.774917604619858702e-01
6.700000000000000000e+01 2.816426817513851821e-01
6.900000000000000000e+01 2.858917652045102065e-01
7.100000000000000000e+01 2.902429679223920145e-01
7.300000000000000000e+01 2.946939347931938347e-01
7.500000000000000000e+01 2.992531070943018623e-01
7.700000000000000000e+01 3.039159672059404960e-01
7.900000000000000000e+01 3.086820910093608372e-01
8.100000000000000000e+01 3.135488441342163535e-01
8.300000000000000000e+01 3.185219547700498532e-01
8.500000000000000000e+01 3.235980995319851505e-01
8.700000000000000000e+01 3.287780350051813238e-01
8.900000000000000000e+01 3.340580135154962438e-01
9.100000000000000000e+01 3.394298977975263032e-01
9.300000000000000000e+01 3.448818677921740017e-01
9.500000000000000000e+01 3.504109586988178870e-01
9.700000000000000000e+01 3.560270777721354918e-01
9.900000000000000000e+01 3.617279004373523676e-01
1.010000000000000000e+02 3.675059769769530860e-01
1.030000000000000000e+02 3.733357480698158426e-01
1.050000000000000000e+02 3.792093778638209178e-01
1.070000000000000000e+02 3.851391860126774924e-01
1.090000000000000000e+02 3.911229522189191288e-01
1.110000000000000000e+02 3.971536635428885020e-01
1.130000000000000000e+02 4.032272993551256901e-01
1.150000000000000000e+02 4.093306377756938952e-01
1.170000000000000000e+02 4.154571216089870678e-01
1.190000000000000000e+02 4.216004970875281144e-01
1.210000000000000000e+02 4.277465526617493241e-01
1.230000000000000000e+02 4.338908110007586583e-01
1.250000000000000000e+02 4.400314741739379532e-01
1.270000000000000000e+02 4.461800919015620481e-01
1.290000000000000000e+02 4.523280660841249023e-01
1.310000000000000000e+02 4.584746172859893720e-01
1.330000000000000000e+02 4.646078835739024804e-01
1.350000000000000000e+02 4.707226802416594191e-01
1.370000000000000000e+02 4.768182680804199380e-01
1.390000000000000000e+02 4.828916463508250434e-01
1.410000000000000000e+02 4.889386404129583141e-01
1.430000000000000000e+02 4.949471294535912058e-01
1.450000000000000000e+02 5.009129137106389518e-01
1.470000000000000000e+02 5.068308247918722476e-01
1.490000000000000000e+02 5.126979578101416024e-01
