1.000000000000000000e+00 5.678638594559881625e-02
3.000000000000000000e+00 6.041053443654387234e-02
5.000000000000000000e+00 6.226250590950366259e-02
7.000000000000000000e+00 6.387726029847984321e-02
9.000000000000000000e+00 6.545129918036773908e-02
1.100000000000000000e+01 6.706633410328621814e-02
1.300000000000000000e+01 6.874907350140013751e-02
1.500000000000000000e+01 7.045470691419353226e-02
1.700000000000000000e+01 7.216250345865415916e-02
1.900000000000000000e+01 7.389519776066311163e-02
2.100000000000000000e+01 7.566520471831661432e-02
2.300000000000000000e+01 7.747757730668980436e-02
2.500000000000000000e+01 7.931053099268869921e-02
2.700000000000000000e+01 8.113421778285268005e-02
2.900000000000000000e+01 8.293272389180539328e-02
3.100000000000000000e+01 8.470382922974295514e-02
3.300000000000000000e+01 8.644999093453942240e-02
3.500000000000000000e+01 8.816194066519122963e-02
3.700000000000000000e+01 8.982679648459412913e-02
3.900000000000000000e+01 9.144322528900394875e-02
4.100000000000000000e+01 9.301643253422109403e-02
4.300000000000000000e+01 9.455095828276138814e-02
4.500000000000000000e+01 9.604879809171940064e-02
4.700000000000000000e+01 9.751121791625105839e-02
4.900000000000000000e+01 9.893889921079679350e-02
5.100000000000000000e+01 1.003338483666141867e-01
5.300000000000000000e+01 1.016986245668901612e-01
5.500000000000000000e+01 1.030355582307478368e-01
5.700000000000000000e+01 1.043449438549841624e-01
5.900000000000000000e+01 1.056283796674871711e-01
6.100000000000000000e+01 1.068860732879902686e-01
6.300000000000000000e+01 1.081197789387985386e-01
6.500000000000000000e+01 1.093309396334709582e-01
6.700000000000000000e+01 1.105214272702971234e-01
6.900000000000000000e+01 1.116937959761530319e-01
7.100000000000000000e+01 1.128512666426421118e-01
7.300000000000000000e+01 1.139977509244675113e-01
7.500000000000000000e+01 1.151359517762335916e-01
7.700000000000000000e+01 1.162662748386408262e-01
7.900000000000000000e+01 1.173895289693881461e-01
8.100000000000000000e+01 1.185065971111105565e-01
8.300000000000000000e+01 1.196179531418732900e-01
8.500000000000000000e+01 1.207237835620075250e-01
8.700000000000000000e+01 1.218227458439700150e-01
8.900000000000000000e+01 1.229154904012842442e-01
9.100000000000000000e+01 1.240031605581489726e-01
9.300000000000000000e+01 1.250868164015959128e-01
9.500000000000000000e+01 1.261657554445088092e-01
9.700000000000000000e+01 1.272394302865612614e-01
9.900000000000000000e+01 1.283078438671112487e-01
1.010000000000000000e+02 1.293711376685414693e-01
1.030000000000000000e+02 1.304276459079705131e-01
1.050000000000000000e+02 1.314770388882814389e-01
1.070000000000000000e+02 1.325190916539983332e-01
1.090000000000000000e+02 1.335539319030447647e-01
1.110000000000000000e+02 1.345811090524424714e-01
1.130000000000000000e+02 1.356027368534483690e-01
1.150000000000000000e+02 1.366188552964870961e-01
1.170000000000000000e+02 1.376297926029994567e-01
1.190000000000000000e+02 1.386353914187430370e-01
1.210000000000000000e+02 1.396353898246435188e-01
1.230000000000000000e+02 1.406296718368682530e-01
1.250000000000000000e+02 1.416166226248619653e-01
1.270000000000000000e+02 1.425961172992662451e-01
1.290000000000000000e+02 1.435677978908238561e-01
1.310000000000000000e+02 1.445314707536107246e-01
1.330000000000000000e+02 1.454870366312811525e-01
1.350000000000000000e+02 1.464354606045936702e-01
1.370000000000000000e+02 1.473765086449936312e-01
1.390000000000000000e+02 1.483105787984633217e-01
1.410000000000000000e+02 1.492376647052118255e-01
1.430000000000000000e+02 1.501574483792378345e-01
1.450000000000000000e+02 1.510697375816032473e-01
1.470000000000000000e+02 1.519732822642598791e-01
1.490000000000000000e+02 1.528680134423210379e-01
