1.000000000000000000e+00 0.000000000000000000e+00
3.000000000000000000e+00 0.000000000000000000e+00
5.000000000000000000e+00 2.595947589334457462e-06
7.000000000000000000e+00 8.388528827230068430e-06
9.000000000000000000e+00 1.938263211154200860e-05
1.100000000000000000e+01 3.576431929963597156e-05
1.300000000000000000e+01 5.420861883853600460e-05
1.500000000000000000e+01 7.241638294408492271e-05
1.700000000000000000e+01 8.990332340907958297e-05
1.900000000000000000e+01 1.092417454915395325e-04
2.100000000000000000e+01 1.308849253085497821e-04
2.300000000000000000e+01 1.539110290150746962e-04
2.500000000000000000e+01 1.783840909956868614e-04
2.700000000000000000e+01 2.039280243545382731e-04
2.900000000000000000e+01 2.308635122341140544e-04
3.100000000000000000e+01 2.594218334903697354e-04
3.300000000000000000e+01 2.894197696859945879e-04
3.500000000000000000e+01 3.207406835101789255e-04
3.700000000000000000e+01 3.530624330577714076e-04
3.900000000000000000e+01 3.860660812894378680e-04
4.100000000000000000e+01 4.195220257902088079e-04
4.300000000000000000e+01 4.532224552391550532e-04
4.500000000000000000e+01 4.870302805251025546e-04
4.700000000000000000e+01 5.208682735483582960e-04
4.900000000000000000e+01 5.545950272919375479e-04
5.100000000000000000e+01 5.880829213649185760e-04
5.300000000000000000e+01 6.213582188762112324e-04
5.500000000000000000e+01 6.544538753431305977e-04
5.700000000000000000e+01 6.874079057499482559e-04
5.900000000000000000e+01 7.202460959345735603e-04
6.100000000000000000e+01 7.529317768992793702e-04
6.300000000000000000e+01 7.854634969445273285e-04
6.500000000000000000e+01 8.178530813300888269e-04
6.700000000000000000e+01 8.501051199457654306e-04
6.900000000000000000e+01 8.822543993407538920e-04
7.100000000000000000e+01 9.143758502662135967e-04
7.300000000000000000e+01 9.465700616632100051e-04
7.500000000000000000e+01 9.789466072692709631e-04
7.700000000000000000e+01 1.011597599836933092e-03
7.900000000000000000e+01 1.044583332610482529e-03
8.100000000000000000e+01 1.077929521496656662e-03
8.300000000000000000e+01 1.111615252643693985e-03
8.500000000000000000e+01 1.145583738734523571e-03
8.700000000000000000e+01 1.179773446514209567e-03
8.900000000000000000e+01 1.214143350491636575e-03
9.100000000000000000e+01 1.248669066686747264e-03
9.300000000000000000e+01 1.283345193928142614e-03
9.500000000000000000e+01 1.318189146563675251e-03
9.700000000000000000e+01 1.353221782244395932e-03
9.900000000000000000e+01 1.388443246903570127e-03
1.010000000000000000e+02 1.423835193322009474e-03
1.030000000000000000e+02 1.459289235462124523e-03
1.050000000000000000e+02 1.494573812751975872e-03
1.070000000000000000e+02 1.529779218782945094e-03
1.090000000000000000e+02 1.564667765606597705e-03
1.110000000000000000e+02 1.599519771353197228e-03
1.130000000000000000e+02 1.634329115095201068e-03
1.150000000000000000e+02 1.669226246173050043e-03
1.170000000000000000e+02 1.704233768391349990e-03
1.190000000000000000e+02 1.739397873815051732e-03
1.210000000000000000e+02 1.774773454291000974e-03
1.230000000000000000e+02 1.810413512434050354e-03
1.250000000000000000e+02 1.846354916673287327e-03
1.270000000000000000e+02 1.882607476714981409e-03
1.290000000000000000e+02 1.919194220625142222e-03
1.310000000000000000e+02 1.956104910444955713e-03
1.330000000000000000e+02 1.993343335303099373e-03
1.350000000000000000e+02 2.030921620896353197e-03
1.370000000000000000e+02 2.068890285633284698e-03
1.390000000000000000e+02 2.107298933926360363e-03
1.410000000000000000e+02 2.146131045618560051e-03
1.430000000000000000e+02 2.185419173347469268e-03
1.450000000000000000e+02 2.225187826827568216e-03
1.470000000000000000e+02 2.265461726054796010e-03
1.490000000000000000e+02 2.306253156099780099e-03
