0.000000000000000000e+00 3.591707128351384881e+01 3.517217916601133965e+01 1.000000000000000000e+00 nan nan
1.000000000000000000e+00 3.591707128351384881e+01 3.517354280237510977e+01 1.000000000000000000e+00 nan nan
2.000000000000000000e+00 3.591707128351385592e+01 3.517490643873890122e+01 1.000000000000000000e+00 nan nan
3.000000000000000000e+00 3.591707128351385592e+01 3.517627007510267845e+01 1.000000000000000000e+00 nan nan
4.000000000000000000e+00 3.591707128351384881e+01 3.517763371146646278e+01 nan nan nan
5.000000000000000000e+00 3.591707128351384881e+01 3.517899734783024712e+01 nan nan nan
6.000000000000000000e+00 3.591707128351385592e+01 3.518036098419402435e+01 nan nan nan
7.000000000000000000e+00 3.591707128351385592e+01 3.518172462055780869e+01 nan nan nan
8.000000000000000000e+00 3.591707128351385592e+01 3.518308825692159303e+01 nan nan nan
9.000000000000000000e+00 3.591707128351385592e+01 3.518445189328537737e+01 nan nan nan
1.000000000000000000e+01 3.591707128351384881e+01 3.518581552964914039e+01 nan nan nan
1.100000000000000000e+01 3.591707128351385592e+01 3.518717916601292472e+01 nan nan nan
1.200000000000000000e+01 3.591707128351384881e+01 3.518854280237671617e+01 nan nan nan
1.300000000000000000e+01 3.591707128351384171e+01 3.518990643874048629e+01 nan nan nan
1.400000000000000000e+01 3.591707128351384171e+01 3.519127007510426353e+01 nan nan nan
1.500000000000000000e+01 3.591843491987749104e+01 3.517217916601133965e+01 1.000000000000000000e+00 nan nan
1.600000000000000000e+01 3.591843491987748394e+01 3.517354280237510977e+01 1.000000000000000000e+00 nan nan
1.700000000000000000e+01 3.591843491987748394e+01 3.517490643873890122e+01 1.000000000000000000e+00 nan nan
1.800000000000000000e+01 3.591843491987748394e+01 3.517627007510267845e+01 1.000000000000000000e+00 nan nan
1.900000000000000000e+01 3.591843491987748394e+01 3.517763371146646278e+01 nan nan nan
2.000000000000000000e+01 3.591843491987749104e+01 3.517899734783024712e+01 nan nan nan
2.100000000000000000e+01 3.591843491987748394e+01 3.518036098419402435e+01 nan nan nan
2.200000000000000000e+01 3.591843491987747683e+01 3.518172462055780869e+01 nan nan nan
2.300000000000000000e+01 3.591843491987749104e+01 3.518308825692159303e+01 nan nan nan
2.400000000000000000e+01 3.591843491987748394e+01 3.518445189328537737e+01 nan nan nan
2.500000000000000000e+01 3.591843491987748394e+01 3.518581552964914039e+01 nan nan nan
2.600000000000000000e+01 3.591843491987748394e+01 3.518717916601292472e+01 nan nan nan
2.700000000000000000e+01 3.591843491987749104e+01 3.518854280237671617e+01 nan nan nan
2.800000000000000000e+01 3.591843491987747683e+01 3.518990643874048629e+01 nan nan nan
2.900000000000000000e+01 3.591843491987748394e+01 3.519127007510426353e+01 nan nan nan
3.000000000000000000e+01 3.591979855624111906e+01 3.517217916601133965e+01 1.000000000000000000e+00 nan nan
3.100000000000000000e+01 3.591979855624111906e+01 3.517354280237510977e+01 1.000000000000000000e+00 nan nan
3.200000000000000000e+01 3.591979855624111906e+01 3.517490643873890122e+01 1.000000000000000000e+00 nan nan
3.300000000000000000e+01 3.591979855624111906e+01 3.517627007510267845e+01 1.000000000000000000e+00 nan nan
3.400000000000000000e+01 3.591979855624111906e+01 3.517763371146646278e+01 1.000000000000000000e+00 nan nan
3.500000000000000000e+01 3.591979855624111906e+01 3.517899734783024712e+01 nan nan nan
3.600000000000000000e+01 3.591979855624111906e+01 3.518036098419401725e+01 1.000000000000000000e+00 nan nan
3.700000000000000000e+01 3.591979855624111195e+01 3.518172462055780869e+01 nan nan nan
3.800000000000000000e+01 3.591979855624111906e+01 3.518308825692158592e+01 nan nan nan
3.900000000000000000e+01 3.591979855624111906e+01 3.518445189328537737e+01 nan nan nan
4.000000000000000000e+01 3.591979855624111906e+01 3.518581552964914039e+01 nan nan nan
4.100000000000000000e+01 3.591979855624111906e+01 3.518717916601292472e+01 nan nan nan
4.200000000000000000e+01 3.591979855624111906e+01 3.518854280237671617e+01 nan nan nan
4.300000000000000000e+01 3.591979855624111906e+01 3.518990643874048629e+01 nan nan nan
4.400000000000000000e+01 3.591979855624111906e+01 3.519127007510427063e+01 nan nan nan
4.500000000000000000e+01 3.592116219260476129e+01 3.517217916601133965e+01 1.000000000000000000e+00 nan nan
4.600000000000000000e+01 3.592116219260476129e+01 3.517354280237510977e+01 1.000000000000000000e+00 nan nan
4.700000000000000000e+01 3.592116219260476129e+01 3.517490643873890122e+01 1.000000000000000000e+00 nan nan
4.800000000000000000e+01 3.592116219260476129e+01 3.517627007510267845e+01 1.000000000000000000e+00 nan nan
4.900000000000000000e+01 3.592116219260476129e+01 3.517763371146646278e+01 1.000000000000000000e+00 nan nan
5.000000000000000000e+01 3.592116219260476129e+01 3.517899734783024002e+01 1.000000000000000000e+00 nan nan
5.100000000000000000e+01 3.592116219260476129e+01 3.518036098419401014e+01 nan nan nan
5.200000000000000000e+01 3.592116219260476129e+01 3.518172462055780869e+01 nan nan nan
5.300000000000000000e+01 3.592116219260476129e+01 3.518308825692159303e+01 nan nan nan
5.400000000000000000e+01 3.592116219260475418e+01 3.518445189328537737e+01 nan nan nan
5.500000000000000000e+01 3.592116219260475418e+01 3.518581552964914039e+01 nan nan nan
5.600000000000000000e+01 3.592116219260474708e+01 3.518717916601292472e+01 nan nan nan
5.700000000000000000e+01 3.592116219260476129e+01 3.518854280237670906e+01 nan nan nan
5.800000000000000000e+01 3.592116219260476129e+01 3.518990643874049340e+01 nan nan nan
5.900000000000000000e+01 3.592116219260476129e+01 3.519127007510426353e+01 nan nan nan
6.000000000000000000e+01 3.592252582896840352e+01 3.517217916601133965e+01 1.000000000000000000e+00 nan nan
6.100000000000000000e+01 3.592252582896840352e+01 3.517354280237510977e+01 1.000000000000000000e+00 nan nan
6.200000000000000000e+01 3.592252582896840352e+01 3.517490643873890122e+01 1.000000000000000000e+00 nan nan
6.300000000000000000e+01 3.592252582896840352e+01 3.517627007510267845e+01 1.000000000000000000e+00 nan nan
6.400000000000000000e+01 3.592252582896840352e+01 3.517763371146646278e+01 1.000000000000000000e+00 nan nan
6.500000000000000000e+01 3.592252582896839641e+01 3.517899734783024002e+01 nan nan nan
6.600000000000000000e+01 3.592252582896840352e+01 3.518036098419401014e+01 nan nan nan
6.700000000000000000e+01 3.592252582896839641e+01 3.518172462055780869e+01 nan nan nan
6.800000000000000000e+01 3.592252582896839641e+01 3.518308825692159303e+01 nan nan nan
6.900000000000000000e+01 3.592252582896840352e+01 3.518445189328537737e+01 nan nan nan
7.000000000000000000e+01 3.592252582896840352e+01 3.518581552964914039e+01 nan nan nan
7.100000000000000000e+01 3.592252582896840352e+01 3.518717916601292472e+01 nan nan nan
7.200000000000000000e+01 3.592252582896840352e+01 3.518854280237670906e+01 nan nan nan
7.300000000000000000e+01 3.592252582896839641e+01 3.518990643874049340e+01 nan nan nan
7.400000000000000000e+01 3.592252582896840352e+01 3.519127007510426353e+01 nan nan nan
7.500000000000000000e+01 3.592388946533203864e+01 3.517217916601133965e+01 1.000000000000000000e+00 nan nan
7.600000000000000000e+01 3.592388946533203153e+01 3.517354280237510977e+01 1.000000000000000000e+00 nan nan
7.700000000000000000e+01 3.592388946533203864e+01 3.517490643873890122e+01 1.000000000000000000e+00 nan nan
7.800000000000000000e+01 3.592388946533203864e+01 3.517627007510267845e+01 1.000000000000000000e+00 1.000000000000000000e+00 1.000000000000000000e+00
7.900000000000000000e+01 3.592388946533203153e+01 3.517763371146646278e+01 1.000000000000000000e+00 1.000000000000000000e+00 1.000000000000000000e+00
8.000000000000000000e+01 3.592388946533203153e+01 3.517899734783024002e+01 1.000000000000000000e+00 1.000000000000000000e+00 1.000000000000000000e+00
8.100000000000000000e+01 3.592388946533203153e+01 3.518036098419401014e+01 1.000000000000000000e+00 1.000000000000000000e+00 1.000000000000000000e+00
8.200000000000000000e+01 3.592388946533203153e+01 3.518172462055780869e+01 nan 1.000000000000000000e+00 nan
8.300000000000000000e+01 3.592388946533203153e+01 3.518308825692159303e+01 nan 1.000000000000000000e+00 nan
8.400000000000000000e+01 3.592388946533203153e+01 3.518445189328537737e+01 nan nan nan
8.500000000000000000e+01 3.592388946533203153e+01 3.518581552964914039e+01 nan nan nan
8.600000000000000000e+01 3.592388946533202443e+01 3.518717916601292472e+01 1.000000000000000000e+00 nan nan
8.700000000000000000e+01 3.592388946533203153e+01 3.518854280237670906e+01 nan nan nan
8.800000000000000000e+01 3.592388946533203153e+01 3.518990643874049340e+01 nan nan nan
8.900000000000000000e+01 3.592388946533203153e+01 3.519127007510426353e+01 nan nan nan
9.000000000000000000e+01 3.592525310169567376e+01 3.517217916601133965e+01 1.000000000000000000e+00 nan nan
9.100000000000000000e+01 3.592525310169565955e+01 3.517354280237510977e+01 1.000000000000000000e+00 nan nan
9.200000000000000000e+01 3.592525310169566666e+01 3.517490643873890122e+01 1.000000000000000000e+00 1.000000000000000000e+00 1.000000000000000000e+00
9.300000000000000000e+01 3.592525310169566666e+01 3.517627007510267845e+01 1.000000000000000000e+00 1.000000000000000000e+00 1.000000000000000000e+00
9.400000000000000000e+01 3.592525310169566666e+01 3.517763371146646278e+01 1.000000000000000000e+00 1.000000000000000000e+00 1.000000000000000000e+00
9.500000000000000000e+01 3.592525310169566666e+01 3.517899734783024712e+01 1.000000000000000000e+00 1.000000000000000000e+00 1.000000000000000000e+00
9.600000000000000000e+01 3.592525310169566666e+01 3.518036098419402435e+01 1.000000000000000000e+00 1.000000000000000000e+00 1.000000000000000000e+00
9.700000000000000000e+01 3.592525310169566666e+01 3.518172462055780869e+01 1.000000000000000000e+00 1.000000000000000000e+00 1.000000000000000000e+00
9.800000000000000000e+01 3.592525310169566666e+01 3.518308825692159303e+01 nan 1.000000000000000000e+00 nan
9.900000000000000000e+01 3.592525310169566666e+01 3.518445189328537737e+01 1.000000000000000000e+00 1.000000000000000000e+00 1.000000000000000000e+00
1.000000000000000000e+02 3.592525310169566666e+01 3.518581552964914039e+01 1.000000000000000000e+00 1.000000000000000000e+00 1.000000000000000000e+00
1.010000000000000000e+02 3.592525310169566666e+01 3.518717916601292472e+01 1.000000000000000000e+00 1.000000000000000000e+00 1.000000000000000000e+00
1.020000000000000000e+02 3.592525310169566666e+01 3.518854280237671617e+01 nan nan nan
1.030000000000000000e+02 3.592525310169567376e+01 3.518990643874048629e+01 nan nan nan
1.040000000000000000e+02 3.592525310169566666e+01 3.519127007510426353e+01 nan nan nan
1.050000000000000000e+02 3.592661673805930178e+01 3.517217916601133965e+01 1.000000000000000000e+00 nan nan
1.060000000000000000e+02 3.592661673805930178e+01 3.517354280237510977e+01 1.000000000000000000e+00 nan nan
1.070000000000000000e+02 3.592661673805930178e+01 3.517490643873890122e+01 1.000000000000000000e+00 1.000000000000000000e+00 1.000000000000000000e+00
1.080000000000000000e+02 3.592661673805930178e+01 3.517627007510267845e+01 1.000000000000000000e+00 1.000000000000000000e+00 1.000000000000000000e+00
1.090000000000000000e+02 3.592661673805930178e+01 3.517763371146646278e+01 1.000000000000000000e+00 1.000000000000000000e+00 1.000000000000000000e+00
1.100000000000000000e+02 3.592661673805930178e+01 3.517899734783024002e+01 1.000000000000000000e+00 1.000000000000000000e+00 1.000000000000000000e+00
1.110000000000000000e+02 3.592661673805930178e+01 3.518036098419401014e+01 1.000000000000000000e+00 1.000000000000000000e+00 1.000000000000000000e+00
1.120000000000000000e+02 3.592661673805930178e+01 3.518172462055780869e+01 1.000000000000000000e+00 1.000000000000000000e+00 1.000000000000000000e+00
1.130000000000000000e+02 3.592661673805930178e+01 3.518308825692159303e+01 1.000000000000000000e+00 1.000000000000000000e+00 1.000000000000000000e+00
1.140000000000000000e+02 3.592661673805930178e+01 3.518445189328537737e+01 1.000000000000000000e+00 1.000000000000000000e+00 1.000000000000000000e+00
1.150000000000000000e+02 3.592661673805930178e+01 3.518581552964914039e+01 1.000000000000000000e+00 1.000000000000000000e+00 1.000000000000000000e+00
1.160000000000000000e+02 3.592661673805930178e+01 3.518717916601292472e+01 1.000000000000000000e+00 1.000000000000000000e+00 1.000000000000000000e+00
1.170000000000000000e+02 3.592661673805930178e+01 3.518854280237670906e+01 1.000000000000000000e+00 1.000000000000000000e+00 1.000000000000000000e+00
1.180000000000000000e+02 3.592661673805930178e+01 3.518990643874049340e+01 nan 1.000000000000000000e+00 nan
1.190000000000000000e+02 3.592661673805930178e+01 3.519127007510426353e+01 nan nan nan
1.200000000000000000e+02 3.592798037442293690e+01 3.517217916601133965e+01 1.000000000000000000e+00 nan nan
1.210000000000000000e+02 3.592798037442294401e+01 3.517354280237510977e+01 1.000000000000000000e+00 nan nan
1.220000000000000000e+02 3.592798037442293690e+01 3.517490643873890122e+01 1.000000000000000000e+00 nan nan
1.230000000000000000e+02 3.592798037442295112e+01 3.517627007510267845e+01 1.000000000000000000e+00 1.000000000000000000e+00 1.000000000000000000e+00
1.240000000000000000e+02 3.592798037442293690e+01 3.517763371146646278e+01 1.000000000000000000e+00 1.000000000000000000e+00 1.000000000000000000e+00
1.250000000000000000e+02 3.592798037442293690e+01 3.517899734783024002e+01 1.000000000000000000e+00 1.000000000000000000e+00 1.000000000000000000e+00
1.260000000000000000e+02 3.592798037442293690e+01 3.518036098419401014e+01 1.000000000000000000e+00 1.000000000000000000e+00 1.000000000000000000e+00
1.270000000000000000e+02 3.592798037442294401e+01 3.518172462055780159e+01 1.000000000000000000e+00 1.000000000000000000e+00 1.000000000000000000e+00
1.280000000000000000e+02 3.592798037442294401e+01 3.518308825692159303e+01 1.000000000000000000e+00 1.000000000000000000e+00 1.000000000000000000e+00
1.290000000000000000e+02 3.592798037442294401e+01 3.518445189328537026e+01 1.000000000000000000e+00 1.000000000000000000e+00 1.000000000000000000e+00
1.300000000000000000e+02 3.592798037442293690e+01 3.518581552964914039e+01 1.000000000000000000e+00 1.000000000000000000e+00 1.000000000000000000e+00
1.310000000000000000e+02 3.592798037442293690e+01 3.518717916601292472e+01 1.000000000000000000e+00 1.000000000000000000e+00 1.000000000000000000e+00
1.320000000000000000e+02 3.592798037442293690e+01 3.518854280237670906e+01 1.000000000000000000e+00 1.000000000000000000e+00 1.000000000000000000e+00
1.330000000000000000e+02 3.592798037442293690e+01 3.518990643874048629e+01 1.000000000000000000e+00 1.000000000000000000e+00 1.000000000000000000e+00
1.340000000000000000e+02 3.592798037442294401e+01 3.519127007510426353e+01 1.000000000000000000e+00 1.000000000000000000e+00 1.000000000000000000e+00
1.350000000000000000e+02 3.592934401078657913e+01 3.517217916601133965e+01 1.000000000000000000e+00 nan nan
1.360000000000000000e+02 3.592934401078657913e+01 3.517354280237510977e+01 1.000000000000000000e+00 nan nan
1.370000000000000000e+02 3.592934401078658624e+01 3.517490643873890122e+01 1.000000000000000000e+00 nan nan
1.380000000000000000e+02 3.592934401078658624e+01 3.517627007510267845e+01 1.000000000000000000e+00 nan nan
1.390000000000000000e+02 3.592934401078658624e+01 3.517763371146646278e+01 1.000000000000000000e+00 1.000000000000000000e+00 1.000000000000000000e+00
1.400000000000000000e+02 3.592934401078658624e+01 3.517899734783024002e+01 1.000000000000000000e+00 1.000000000000000000e+00 1.000000000000000000e+00
1.410000000000000000e+02 3.592934401078658624e+01 3.518036098419401014e+01 1.000000000000000000e+00 1.000000000000000000e+00 1.000000000000000000e+00
1.420000000000000000e+02 3.592934401078658624e+01 3.518172462055780159e+01 1.000000000000000000e+00 1.000000000000000000e+00 1.000000000000000000e+00
1.430000000000000000e+02 3.592934401078658624e+01 3.518308825692159303e+01 1.000000000000000000e+00 1.000000000000000000e+00 1.000000000000000000e+00
1.440000000000000000e+02 3.592934401078658624e+01 3.518445189328537026e+01 1.000000000000000000e+00 1.000000000000000000e+00 1.000000000000000000e+00
1.450000000000000000e+02 3.592934401078658624e+01 3.518581552964914039e+01 1.000000000000000000e+00 1.000000000000000000e+00 1.000000000000000000e+00
1.460000000000000000e+02 3.592934401078658624e+01 3.518717916601292472e+01 1.000000000000000000e+00 1.000000000000000000e+00 1.000000000000000000e+00
1.470000000000000000e+02 3.592934401078657913e+01 3.518854280237670906e+01 1.000000000000000000e+00 1.000000000000000000e+00 1.000000000000000000e+00
1.480000000000000000e+02 3.592934401078658624e+01 3.518990643874048629e+01 1.000000000000000000e+00 1.000000000000000000e+00 1.000000000000000000e+00
1.490000000000000000e+02 3.592934401078658624e+01 3.519127007510426353e+01 nan 1.000000000000000000e+00 nan
1.500000000000000000e+02 3.593070764715021426e+01 3.517217916601133965e+01 1.000000000000000000e+00 nan nan
1.510000000000000000e+02 3.593070764715020715e+01 3.517354280237510977e+01 nan nan nan
1.520000000000000000e+02 3.593070764715021426e+01 3.517490643873890122e+01 1.000000000000000000e+00 nan nan
1.530000000000000000e+02 3.593070764715022136e+01 3.517627007510267845e+01 1.000000000000000000e+00 nan nan
1.540000000000000000e+02 3.593070764715020715e+01 3.517763371146646278e+01 1.000000000000000000e+00 nan nan
1.550000000000000000e+02 3.593070764715022136e+01 3.517899734783024712e+01 1.000000000000000000e+00 1.000000000000000000e+00 1.000000000000000000e+00
1.560000000000000000e+02 3.593070764715022136e+01 3.518036098419402435e+01 1.000000000000000000e+00 1.000000000000000000e+00 1.000000000000000000e+00
1.570000000000000000e+02 3.593070764715022136e+01 3.518172462055780869e+01 1.000000000000000000e+00 1.000000000000000000e+00 1.000000000000000000e+00
1.580000000000000000e+02 3.593070764715022136e+01 3.518308825692159303e+01 1.000000000000000000e+00 1.000000000000000000e+00 1.000000000000000000e+00
1.590000000000000000e+02 3.593070764715021426e+01 3.518445189328537737e+01 1.000000000000000000e+00 1.000000000000000000e+00 1.000000000000000000e+00
1.600000000000000000e+02 3.593070764715021426e+01 3.518581552964914039e+01 1.000000000000000000e+00 1.000000000000000000e+00 1.000000000000000000e+00
1.610000000000000000e+02 3.593070764715021426e+01 3.518717916601292472e+01 1.000000000000000000e+00 1.000000000000000000e+00 1.000000000000000000e+00
1.620000000000000000e+02 3.593070764715020715e+01 3.518854280237671617e+01 1.000000000000000000e+00 1.000000000000000000e+00 1.000000000000000000e+00
1.630000000000000000e+02 3.593070764715021426e+01 3.518990643874048629e+01 nan 1.000000000000000000e+00 nan
1.640000000000000000e+02 3.593070764715021426e+01 3.519127007510426353e+01 nan 1.000000000000000000e+00 nan
1.650000000000000000e+02 3.593207128351384938e+01 3.517217916601133965e+01 nan nan nan
1.660000000000000000e+02 3.593207128351385649e+01 3.517354280237510977e+01 1.000000000000000000e+00 nan nan
1.670000000000000000e+02 3.593207128351384938e+01 3.517490643873890122e+01 1.000000000000000000e+00 nan nan
1.680000000000000000e+02 3.593207128351385649e+01 3.517627007510267845e+01 1.000000000000000000e+00 nan nan
1.690000000000000000e+02 3.593207128351385649e+01 3.517763371146646278e+01 1.000000000000000000e+00 nan nan
1.700000000000000000e+02 3.593207128351384938e+01 3.517899734783024712e+01 nan nan nan
1.710000000000000000e+02 3.593207128351384227e+01 3.518036098419402435e+01 1.000000000000000000e+00 1.000000000000000000e+00 1.000000000000000000e+00
1.720000000000000000e+02 3.593207128351384938e+01 3.518172462055780869e+01 1.000000000000000000e+00 1.000000000000000000e+00 1.000000000000000000e+00
1.730000000000000000e+02 3.593207128351384227e+01 3.518308825692159303e+01 1.000000000000000000e+00 1.000000000000000000e+00 1.000000000000000000e+00
1.740000000000000000e+02 3.593207128351385649e+01 3.518445189328537737e+01 1.000000000000000000e+00 1.000000000000000000e+00 1.000000000000000000e+00
1.750000000000000000e+02 3.593207128351384227e+01 3.518581552964914039e+01 nan 1.000000000000000000e+00 nan
1.760000000000000000e+02 3.593207128351385649e+01 3.518717916601292472e+01 1.000000000000000000e+00 1.000000000000000000e+00 1.000000000000000000e+00
1.770000000000000000e+02 3.593207128351384938e+01 3.518854280237671617e+01 1.000000000000000000e+00 1.000000000000000000e+00 1.000000000000000000e+00
1.780000000000000000e+02 3.593207128351384938e+01 3.518990643874048629e+01 1.000000000000000000e+00 1.000000000000000000e+00 1.000000000000000000e+00
1.790000000000000000e+02 3.593207128351385649e+01 3.519127007510426353e+01 nan 1.000000000000000000e+00 nan
1.800000000000000000e+02 3.593343491987748450e+01 3.517217916601133965e+01 nan nan nan
1.810000000000000000e+02 3.593343491987748450e+01 3.517354280237510977e+01 nan nan nan
1.820000000000000000e+02 3.593343491987748450e+01 3.517490643873890122e+01 nan nan nan
1.830000000000000000e+02 3.593343491987748450e+01 3.517627007510267845e+01 nan nan nan
1.840000000000000000e+02 3.593343491987748450e+01 3.517763371146646278e+01 1.000000000000000000e+00 nan nan
1.850000000000000000e+02 3.593343491987748450e+01 3.517899734783024002e+01 1.000000000000000000e+00 nan nan
1.860000000000000000e+02 3.593343491987748450e+01 3.518036098419401014e+01 1.000000000000000000e+00 1.000000000000000000e+00 1.000000000000000000e+00
1.870000000000000000e+02 3.593343491987748450e+01 3.518172462055780159e+01 1.000000000000000000e+00 1.000000000000000000e+00 1.000000000000000000e+00
1.880000000000000000e+02 3.593343491987748450e+01 3.518308825692159303e+01 1.000000000000000000e+00 1.000000000000000000e+00 1.000000000000000000e+00
1.890000000000000000e+02 3.593343491987748450e+01 3.518445189328537026e+01 1.000000000000000000e+00 1.000000000000000000e+00 1.000000000000000000e+00
1.900000000000000000e+02 3.593343491987748450e+01 3.518581552964914039e+01 nan 1.000000000000000000e+00 nan
1.910000000000000000e+02 3.593343491987748450e+01 3.518717916601292472e+01 nan 1.000000000000000000e+00 nan
1.920000000000000000e+02 3.593343491987748450e+01 3.518854280237670906e+01 nan 1.000000000000000000e+00 nan
1.930000000000000000e+02 3.593343491987748450e+01 3.518990643874048629e+01 nan 1.000000000000000000e+00 nan
1.940000000000000000e+02 3.593343491987748450e+01 3.519127007510426353e+01 nan 1.000000000000000000e+00 nan
1.950000000000000000e+02 3.593479855624111252e+01 3.517217916601133965e+01 nan nan nan
1.960000000000000000e+02 3.593479855624111963e+01 3.517354280237510977e+01 nan nan nan
1.970000000000000000e+02 3.593479855624111963e+01 3.517490643873890122e+01 nan nan nan
1.980000000000000000e+02 3.593479855624112673e+01 3.517627007510267845e+01 nan nan nan
1.990000000000000000e+02 3.593479855624112673e+01 3.517763371146646278e+01 nan nan nan
2.000000000000000000e+02 3.593479855624112673e+01 3.517899734783024712e+01 1.000000000000000000e+00 nan nan
2.010000000000000000e+02 3.593479855624112673e+01 3.518036098419402435e+01 1.000000000000000000e+00 nan nan
2.020000000000000000e+02 3.593479855624112673e+01 3.518172462055780869e+01 nan 1.000000000000000000e+00 nan
2.030000000000000000e+02 3.593479855624111963e+01 3.518308825692159303e+01 1.000000000000000000e+00 1.000000000000000000e+00 1.000000000000000000e+00
2.040000000000000000e+02 3.593479855624112673e+01 3.518445189328537737e+01 nan 1.000000000000000000e+00 nan
2.050000000000000000e+02 3.593479855624111963e+01 3.518581552964914039e+01 nan 1.000000000000000000e+00 nan
2.060000000000000000e+02 3.593479855624112673e+01 3.518717916601292472e+01 nan 1.000000000000000000e+00 nan
2.070000000000000000e+02 3.593479855624111963e+01 3.518854280237671617e+01 nan 1.000000000000000000e+00 nan
2.080000000000000000e+02 3.593479855624111963e+01 3.518990643874048629e+01 nan 1.000000000000000000e+00 nan
2.090000000000000000e+02 3.593479855624111252e+01 3.519127007510426353e+01 nan 1.000000000000000000e+00 nan
2.100000000000000000e+02 3.593616219260476896e+01 3.517217916601133965e+01 nan nan nan
2.110000000000000000e+02 3.593616219260475475e+01 3.517354280237510977e+01 nan nan nan
2.120000000000000000e+02 3.593616219260476186e+01 3.517490643873890122e+01 nan nan nan
2.130000000000000000e+02 3.593616219260475475e+01 3.517627007510267845e+01 nan nan nan
2.140000000000000000e+02 3.593616219260476186e+01 3.517763371146646278e+01 1.000000000000000000e+00 nan nan
2.150000000000000000e+02 3.593616219260476186e+01 3.517899734783024712e+01 nan nan nan
2.160000000000000000e+02 3.593616219260475475e+01 3.518036098419401725e+01 nan nan nan
2.170000000000000000e+02 3.593616219260475475e+01 3.518172462055780869e+01 nan 1.000000000000000000e+00 nan
2.180000000000000000e+02 3.593616219260476186e+01 3.518308825692158592e+01 nan 1.000000000000000000e+00 nan
2.190000000000000000e+02 3.593616219260476186e+01 3.518445189328537737e+01 nan 1.000000000000000000e+00 nan
2.200000000000000000e+02 3.593616219260475475e+01 3.518581552964914039e+01 nan 1.000000000000000000e+00 nan
2.210000000000000000e+02 3.593616219260475475e+01 3.518717916601292472e+01 nan 1.000000000000000000e+00 nan
2.220000000000000000e+02 3.593616219260475475e+01 3.518854280237671617e+01 nan 1.000000000000000000e+00 nan
2.230000000000000000e+02 3.593616219260476186e+01 3.518990643874048629e+01 nan 1.000000000000000000e+00 nan
2.240000000000000000e+02 3.593616219260476186e+01 3.519127007510427063e+01 nan 1.000000000000000000e+00 nan
