1.000000000000000000e+00 6.650943396226415283e-01
3.000000000000000000e+00 7.431897477187332512e-01
5.000000000000000000e+00 7.931125093761793865e-01
7.000000000000000000e+00 8.303450747873619697e-01
9.000000000000000000e+00 8.590457441522241222e-01
1.100000000000000000e+01 8.821529862222599050e-01
1.300000000000000000e+01 9.010677476438427869e-01
1.500000000000000000e+01 9.164843996378397861e-01
1.700000000000000000e+01 9.288076047556178549e-01
1.900000000000000000e+01 9.386111517474211574e-01
2.100000000000000000e+01 9.469759574306013672e-01
2.300000000000000000e+01 9.539707223946536363e-01
2.500000000000000000e+01 9.598783715909495751e-01
2.700000000000000000e+01 9.650650095811312834e-01
2.900000000000000000e+01 9.697403003638153107e-01
3.100000000000000000e+01 9.738916299990066916e-01
3.300000000000000000e+01 9.775662021537713242e-01
3.500000000000000000e+01 9.807474544975428588e-01
3.700000000000000000e+01 9.835720050222306332e-01
3.900000000000000000e+01 9.860196023882241700e-01
4.100000000000000000e+01 9.879573474348933848e-01
4.300000000000000000e+01 9.894592847123507839e-01
4.500000000000000000e+01 9.906030322947337874e-01
4.700000000000000000e+01 9.915451556987627812e-01
4.900000000000000000e+01 9.924700476355745593e-01
5.100000000000000000e+01 9.933520892048595119e-01
5.300000000000000000e+01 9.941442571420936458e-01
5.500000000000000000e+01 9.948599840917463633e-01
5.700000000000000000e+01 9.955002999229214389e-01
5.900000000000000000e+01 9.960936037709565705e-01
6.100000000000000000e+01 9.966528411598392090e-01
6.300000000000000000e+01 9.971883244819570447e-01
6.500000000000000000e+01 9.976387700099739186e-01
6.700000000000000000e+01 9.979984144186377915e-01
6.900000000000000000e+01 9.982799287464273474e-01
7.100000000000000000e+01 9.984951005449713701e-01
7.300000000000000000e+01 9.986106952520895641e-01
7.500000000000000000e+01 9.986547857940932804e-01
7.700000000000000000e+01 9.986547857940931694e-01
7.900000000000000000e+01 9.986547857940929473e-01
8.100000000000000000e+01 9.986547857940932804e-01
8.300000000000000000e+01 9.986547857940933914e-01
8.500000000000000000e+01 9.986547857940936135e-01
8.700000000000000000e+01 9.986547857940933914e-01
8.900000000000000000e+01 9.986547857940935025e-01
9.100000000000000000e+01 9.986547857940931694e-01
9.300000000000000000e+01 9.986547857940932804e-01
9.500000000000000000e+01 9.986547857940936135e-01
9.700000000000000000e+01 9.986547857940930584e-01
9.900000000000000000e+01 9.986547857940932804e-01
1.010000000000000000e+02 9.986547857940932804e-01
1.030000000000000000e+02 9.986547857940935025e-01
1.050000000000000000e+02 9.986547857940936135e-01
1.070000000000000000e+02 9.986547857940931694e-01
1.090000000000000000e+02 9.986547857940931694e-01
1.110000000000000000e+02 9.986547857940935025e-01
1.130000000000000000e+02 9.986547857940935025e-01
1.150000000000000000e+02 9.986547857940937245e-01
1.170000000000000000e+02 9.986547857940932804e-01
1.190000000000000000e+02 9.986547857940935025e-01
1.210000000000000000e+02 9.986547857940932804e-01
1.230000000000000000e+02 9.986547857940929473e-01
1.250000000000000000e+02 9.986547857940931694e-01
1.270000000000000000e+02 9.986547857940932804e-01
1.290000000000000000e+02 9.986547857940931694e-01
1.310000000000000000e+02 9.986547857940935025e-01
1.330000000000000000e+02 9.986547857940930584e-01
1.350000000000000000e+02 9.986547857940930584e-01
1.370000000000000000e+02 9.986547857940927253e-01
1.390000000000000000e+02 9.986547857940933914e-01
1.410000000000000000e+02 9.986547857940939465e-01
1.430000000000000000e+02 9.986547857940935025e-01
1.450000000000000000e+02 9.986547857940928363e-01
1.470000000000000000e+02 9.986547857940933914e-01
1.490000000000000000e+02 9.986547857940930584e-01
