1.000000000000000000e+00 3.350583146674905866e-01
3.000000000000000000e+00 3.636322087893709698e-01
5.000000000000000000e+00 3.760061974279108599e-01
7.000000000000000000e+00 3.831432530349498933e-01
9.000000000000000000e+00 3.882700502662942421e-01
1.100000000000000000e+01 3.924907152959602463e-01
1.300000000000000000e+01 3.961756776615588116e-01
1.500000000000000000e+01 3.995092049654300759e-01
1.700000000000000000e+01 4.025627109080847088e-01
1.900000000000000000e+01 4.054265122497469065e-01
2.100000000000000000e+01 4.081981227630915310e-01
2.300000000000000000e+01 4.108461762628479175e-01
2.500000000000000000e+01 4.134593130892293411e-01
2.700000000000000000e+01 4.161079915491746606e-01
2.900000000000000000e+01 4.188484571723257721e-01
3.100000000000000000e+01 4.217023309686651622e-01
3.300000000000000000e+01 4.246801502708333897e-01
3.500000000000000000e+01 4.278001718721338165e-01
3.700000000000000000e+01 4.310796705959315522e-01
3.900000000000000000e+01 4.345060654647905363e-01
4.100000000000000000e+01 4.380861820009915863e-01
4.300000000000000000e+01 4.418203067630774861e-01
4.500000000000000000e+01 4.457080485806820258e-01
4.700000000000000000e+01 4.497530275048404746e-01
4.900000000000000000e+01 4.539507798913386960e-01
5.100000000000000000e+01 4.582870369831663071e-01
5.300000000000000000e+01 4.627541395583160133e-01
5.500000000000000000e+01 4.673602765741635690e-01
5.700000000000000000e+01 4.721002853805074118e-01
5.900000000000000000e+01 4.769769132073506945e-01
6.100000000000000000e+01 4.819798295811973388e-01
6.300000000000000000e+01 4.871110895701949994e-01
6.500000000000000000e+01 4.923764755987772856e-01
6.700000000000000000e+01 4.977665379608636753e-01
6.900000000000000000e+01 5.032593619674575747e-01
7.100000000000000000e+01 5.088499335594602879e-01
7.300000000000000000e+01 5.145337044255291481e-01
7.500000000000000000e+01 5.202951707425715888e-01
7.700000000000000000e+01 5.261323923439056305e-01
7.900000000000000000e+01 5.320381973740098136e-01
8.100000000000000000e+01 5.380041309675132055e-01
8.300000000000000000e+01 5.440298870513333718e-01
8.500000000000000000e+01 5.501102702578212211e-01
8.700000000000000000e+01 5.562396463758128018e-01
8.900000000000000000e+01 5.624130221559893172e-01
9.100000000000000000e+01 5.686156337225594104e-01
9.300000000000000000e+01 5.748394536603866900e-01
9.500000000000000000e+01 5.810564443062825601e-01
9.700000000000000000e+01 5.872559984927947507e-01
9.900000000000000000e+01 5.934231616535634579e-01
1.010000000000000000e+02 5.995401544627714241e-01
1.030000000000000000e+02 6.055866776930067807e-01
1.050000000000000000e+02 6.115576280492543981e-01
1.070000000000000000e+02 6.174521040347016321e-01
1.090000000000000000e+02 6.232597996508867366e-01
1.110000000000000000e+02 6.289843079273285120e-01
1.130000000000000000e+02 6.346114232589341597e-01
1.150000000000000000e+02 6.401305016320965047e-01
1.170000000000000000e+02 6.455465031811997711e-01
1.190000000000000000e+02 6.508351138970365213e-01
1.210000000000000000e+02 6.559777796559015384e-01
1.230000000000000000e+02 6.609684252660534831e-01
1.250000000000000000e+02 6.658146680198060441e-01
1.270000000000000000e+02 6.705192550971500465e-01
1.290000000000000000e+02 6.750834826396956423e-01
1.310000000000000000e+02 6.794927650686706233e-01
1.330000000000000000e+02 6.837228974733156051e-01
1.350000000000000000e+02 6.877799652279195097e-01
1.370000000000000000e+02 6.916902318114337422e-01
1.390000000000000000e+02 6.954596224060058951e-01
1.410000000000000000e+02 6.990771206663596304e-01
1.430000000000000000e+02 7.025682590936828120e-01
1.450000000000000000e+02 7.059447246883593374e-01
1.470000000000000000e+02 7.092011141080794001e-01
1.490000000000000000e+02 7.123491045871022109e-01
