1.000000000000000000e+00 4.902721413225108460e-02
3.000000000000000000e+00 5.128171594499020269e-02
5.000000000000000000e+00 5.248184605178696227e-02
7.000000000000000000e+00 5.337249716846315106e-02
9.000000000000000000e+00 5.412107902277729643e-02
1.100000000000000000e+01 5.479119807515120399e-02
1.300000000000000000e+01 5.540438557942184428e-02
1.500000000000000000e+01 5.597354963293921237e-02
1.700000000000000000e+01 5.650856669533754761e-02
1.900000000000000000e+01 5.700095374577440754e-02
2.100000000000000000e+01 5.744291023719128031e-02
2.300000000000000000e+01 5.783439349510277605e-02
2.500000000000000000e+01 5.818154374409156837e-02
2.700000000000000000e+01 5.849468183124262310e-02
2.900000000000000000e+01 5.877908895335259842e-02
3.100000000000000000e+01 5.904086485116721850e-02
3.300000000000000000e+01 5.928233422683126808e-02
3.500000000000000000e+01 5.950523078708147562e-02
3.700000000000000000e+01 5.971043820841659411e-02
3.900000000000000000e+01 5.989909926291114850e-02
4.100000000000000000e+01 6.007414254623111294e-02
4.300000000000000000e+01 6.023814587166731460e-02
4.500000000000000000e+01 6.039278252215540821e-02
4.700000000000000000e+01 6.053951556632708453e-02
4.900000000000000000e+01 6.067930098693319341e-02
5.100000000000000000e+01 6.081270470343735912e-02
5.300000000000000000e+01 6.094009616026074827e-02
5.500000000000000000e+01 6.106154028891574992e-02
5.700000000000000000e+01 6.117715114109900654e-02
5.900000000000000000e+01 6.128714209021712822e-02
6.100000000000000000e+01 6.139166776868820730e-02
6.300000000000000000e+01 6.149089388987960536e-02
6.500000000000000000e+01 6.158519867638723166e-02
6.700000000000000000e+01 6.167513948544267599e-02
6.900000000000000000e+01 6.176128117518753236e-02
7.100000000000000000e+01 6.184393012031985659e-02
7.300000000000000000e+01 6.192323387869358431e-02
7.500000000000000000e+01 6.199907430287632248e-02
7.700000000000000000e+01 6.207150282905560257e-02
7.900000000000000000e+01 6.214014788977173520e-02
8.100000000000000000e+01 6.220485688631360865e-02
8.300000000000000000e+01 6.226540205961750285e-02
8.500000000000000000e+01 6.232184116399219764e-02
8.700000000000000000e+01 6.237422127664216109e-02
8.900000000000000000e+01 6.242287573633731323e-02
9.100000000000000000e+01 6.246792891735064579e-02
9.300000000000000000e+01 6.250883141072083315e-02
9.500000000000000000e+01 6.254612001304482582e-02
9.700000000000000000e+01 6.257996710176549904e-02
9.900000000000000000e+01 6.260978167794506444e-02
1.010000000000000000e+02 6.263545272601223068e-02
1.030000000000000000e+02 6.265746204916655682e-02
1.050000000000000000e+02 6.267581742466188377e-02
1.070000000000000000e+02 6.269031103823663464e-02
1.090000000000000000e+02 6.270026138644824165e-02
1.110000000000000000e+02 6.270588174425162364e-02
1.130000000000000000e+02 6.270782022933218958e-02
1.150000000000000000e+02 6.270619319289028049e-02
1.170000000000000000e+02 6.270121846573806224e-02
1.190000000000000000e+02 6.269305430747296182e-02
1.210000000000000000e+02 6.268197987891765965e-02
1.230000000000000000e+02 6.266814248435215173e-02
1.250000000000000000e+02 6.265115108167373936e-02
1.270000000000000000e+02 6.263120159923440955e-02
1.290000000000000000e+02 6.260808693538322256e-02
1.310000000000000000e+02 6.258196365614521195e-02
1.330000000000000000e+02 6.255444839551715930e-02
1.350000000000000000e+02 6.252573741403488761e-02
1.370000000000000000e+02 6.249525517177278999e-02
1.390000000000000000e+02 6.246296745830492991e-02
1.410000000000000000e+02 6.242898996207657536e-02
1.430000000000000000e+02 6.239326178208781659e-02
1.450000000000000000e+02 6.235595307206154292e-02
1.470000000000000000e+02 6.231720648250482775e-02
1.490000000000000000e+02 6.227672904781023089e-02
