1.000000000000000000e+00 2.445226235675224125e-02
3.000000000000000000e+00 2.720857344804872291e-02
5.000000000000000000e+00 2.840404154707687479e-02
7.000000000000000000e+00 2.899041546277503212e-02
9.000000000000000000e+00 2.935645185757085329e-02
1.100000000000000000e+01 2.962180094744115699e-02
1.300000000000000000e+01 2.984061262832560235e-02
1.500000000000000000e+01 3.004956709174533280e-02
1.700000000000000000e+01 3.026383315681591135e-02
1.900000000000000000e+01 3.048382019955042654e-02
2.100000000000000000e+01 3.071220536502183851e-02
2.300000000000000000e+01 3.094109474322459530e-02
2.500000000000000000e+01 3.116777373543089258e-02
2.700000000000000000e+01 3.139752929380690283e-02
2.900000000000000000e+01 3.163242139447908219e-02
3.100000000000000000e+01 3.187142332524295352e-02
3.300000000000000000e+01 3.211167986166019173e-02
3.500000000000000000e+01 3.235150845179013412e-02
3.700000000000000000e+01 3.258910199132858398e-02
3.900000000000000000e+01 3.282267440144570614e-02
4.100000000000000000e+01 3.305282086558081200e-02
4.300000000000000000e+01 3.328113476842953222e-02
4.500000000000000000e+01 3.350857856396405321e-02
4.700000000000000000e+01 3.373627012605262543e-02
4.900000000000000000e+01 3.396522392562040249e-02
5.100000000000000000e+01 3.419552887514698547e-02
5.300000000000000000e+01 3.442793432480384386e-02
5.500000000000000000e+01 3.466234993328387581e-02
5.700000000000000000e+01 3.489887636361388434e-02
5.900000000000000000e+01 3.513789483745555220e-02
6.100000000000000000e+01 3.537955835751571687e-02
6.300000000000000000e+01 3.562414351391340883e-02
6.500000000000000000e+01 3.587234639833314365e-02
6.700000000000000000e+01 3.612491392389327594e-02
6.900000000000000000e+01 3.638234244614724222e-02
7.100000000000000000e+01 3.664497607462890993e-02
7.300000000000000000e+01 3.691232453476778197e-02
7.500000000000000000e+01 3.718467889000509619e-02
7.700000000000000000e+01 3.746240921752796993e-02
7.900000000000000000e+01 3.774633940317506653e-02
8.100000000000000000e+01 3.803700533467402334e-02
8.300000000000000000e+01 3.833477860160894313e-02
8.500000000000000000e+01 3.864005391446334592e-02
8.700000000000000000e+01 3.895285718487795368e-02
8.900000000000000000e+01 3.927316151662618715e-02
9.100000000000000000e+01 3.960095773032212829e-02
9.300000000000000000e+01 3.993634293471370889e-02
9.500000000000000000e+01 4.027934466973648320e-02
9.700000000000000000e+01 4.062991327031062472e-02
9.900000000000000000e+01 4.098797646603125067e-02
1.010000000000000000e+02 4.135372335504128305e-02
1.030000000000000000e+02 4.172693476113686906e-02
1.050000000000000000e+02 4.210731820286850446e-02
1.070000000000000000e+02 4.249443591246870877e-02
1.090000000000000000e+02 4.288807280803197397e-02
1.110000000000000000e+02 4.328799463065979847e-02
1.130000000000000000e+02 4.369392970651153618e-02
1.150000000000000000e+02 4.410583596602801748e-02
1.170000000000000000e+02 4.452353674971154529e-02
1.190000000000000000e+02 4.494681512323039918e-02
1.210000000000000000e+02 4.537560356658920657e-02
1.230000000000000000e+02 4.580981864484856558e-02
1.250000000000000000e+02 4.624930118253600675e-02
1.270000000000000000e+02 4.669386864925395564e-02
1.290000000000000000e+02 4.714334665175690109e-02
1.310000000000000000e+02 4.759761372462867346e-02
1.330000000000000000e+02 4.805653082141492227e-02
1.350000000000000000e+02 4.852000304173553769e-02
1.370000000000000000e+02 4.898797129999343802e-02
1.390000000000000000e+02 4.946045177886870814e-02
1.410000000000000000e+02 4.993745072813426944e-02
1.430000000000000000e+02 5.041868810387462041e-02
1.450000000000000000e+02 5.090426196523412106e-02
1.470000000000000000e+02 5.139435693455540743e-02
1.490000000000000000e+02 5.188904606855726520e-02
