1.000000000000000000e+00 1.738308927727917341e-01
3.000000000000000000e+00 1.977799668118922494e-01
5.000000000000000000e+00 2.100115263385029518e-01
7.000000000000000000e+00 2.192193732496557912e-01
9.000000000000000000e+00 2.269919643013659227e-01
1.100000000000000000e+01 2.342169491917081015e-01
1.300000000000000000e+01 2.410371656785338379e-01
1.500000000000000000e+01 2.475932048828963783e-01
1.700000000000000000e+01 2.537867536439660787e-01
1.900000000000000000e+01 2.597394539135878810e-01
2.100000000000000000e+01 2.655124012066598649e-01
2.300000000000000000e+01 2.710267242659697429e-01
2.500000000000000000e+01 2.762813901957601459e-01
2.700000000000000000e+01 2.812691311636671410e-01
2.900000000000000000e+01 2.860236069826416205e-01
3.100000000000000000e+01 2.905392654613340175e-01
3.300000000000000000e+01 2.947835515613750346e-01
3.500000000000000000e+01 2.987859322307244714e-01
3.700000000000000000e+01 3.025560063401134814e-01
3.900000000000000000e+01 3.060480260205025171e-01
4.100000000000000000e+01 3.092544433869531817e-01
4.300000000000000000e+01 3.121803526365909409e-01
4.500000000000000000e+01 3.147905434541627967e-01
4.700000000000000000e+01 3.170810098854864867e-01
4.900000000000000000e+01 3.190397896913399478e-01
5.100000000000000000e+01 3.207201313276802912e-01
5.300000000000000000e+01 3.221098682318225270e-01
5.500000000000000000e+01 3.232425441131807631e-01
5.700000000000000000e+01 3.242418904649264633e-01
5.900000000000000000e+01 3.251392397328380923e-01
6.100000000000000000e+01 3.258876632838525467e-01
6.300000000000000000e+01 3.265307798235492776e-01
6.500000000000000000e+01 3.270460132442444268e-01
6.700000000000000000e+01 3.274527995078153619e-01
6.900000000000000000e+01 3.277828144871740568e-01
7.100000000000000000e+01 3.279855296520661767e-01
7.300000000000000000e+01 3.280833330363274181e-01
7.500000000000000000e+01 3.280943226961967607e-01
7.700000000000000000e+01 3.280298743955004648e-01
7.900000000000000000e+01 3.279218361128970471e-01
8.100000000000000000e+01 3.277585235289229848e-01
8.300000000000000000e+01 3.275427102965899895e-01
8.500000000000000000e+01 3.273212533708038663e-01
8.700000000000000000e+01 3.270429910696559528e-01
8.900000000000000000e+01 3.267743153604606432e-01
9.100000000000000000e+01 3.265012698508792388e-01
9.300000000000000000e+01 3.261963018962782401e-01
9.500000000000000000e+01 3.258478871053569481e-01
9.700000000000000000e+01 3.254496027011598569e-01
9.900000000000000000e+01 3.250461666788319048e-01
1.010000000000000000e+02 3.246283558161788818e-01
1.030000000000000000e+02 3.241965031637157324e-01
1.050000000000000000e+02 3.237545482535831853e-01
1.070000000000000000e+02 3.232729650029341206e-01
1.090000000000000000e+02 3.227516725956933730e-01
1.110000000000000000e+02 3.222356601433099543e-01
1.130000000000000000e+02 3.217443008049963860e-01
1.150000000000000000e+02 3.211891485629742027e-01
1.170000000000000000e+02 3.205174375051182967e-01
1.190000000000000000e+02 3.198061732497236020e-01
1.210000000000000000e+02 3.190575732320032332e-01
1.230000000000000000e+02 3.182809530739373338e-01
1.250000000000000000e+02 3.174823017989288898e-01
1.270000000000000000e+02 3.166571867627563375e-01
1.290000000000000000e+02 3.158341794876510233e-01
1.310000000000000000e+02 3.150367243309620813e-01
1.330000000000000000e+02 3.142971344907744546e-01
1.350000000000000000e+02 3.136256756728902362e-01
1.370000000000000000e+02 3.130092333044146580e-01
1.390000000000000000e+02 3.124487384703323878e-01
1.410000000000000000e+02 3.119762725351030719e-01
1.430000000000000000e+02 3.115397836079391025e-01
1.450000000000000000e+02 3.111590634030030333e-01
1.470000000000000000e+02 3.108413234666125291e-01
1.490000000000000000e+02 3.105379310477487387e-01
