1.000000000000000000e+00 5.066225165562914245e-01
3.000000000000000000e+00 5.786206250292836861e-01
5.000000000000000000e+00 6.149002240777392547e-01
7.000000000000000000e+00 6.384670149224729307e-01
9.000000000000000000e+00 6.575643820247296656e-01
1.100000000000000000e+01 6.743720855018604521e-01
1.300000000000000000e+01 6.897789468184734041e-01
1.500000000000000000e+01 7.040436802412757267e-01
1.700000000000000000e+01 7.174136737432228461e-01
1.900000000000000000e+01 7.298930388373512379e-01
2.100000000000000000e+01 7.413570021257560594e-01
2.300000000000000000e+01 7.518220538139335218e-01
2.500000000000000000e+01 7.612716783303615786e-01
2.700000000000000000e+01 7.697258140419431793e-01
2.900000000000000000e+01 7.772350057161914183e-01
3.100000000000000000e+01 7.838244729287721091e-01
3.300000000000000000e+01 7.896619811846044001e-01
3.500000000000000000e+01 7.948999848150409830e-01
3.700000000000000000e+01 7.995314364119168182e-01
3.900000000000000000e+01 8.036124337379014770e-01
4.100000000000000000e+01 8.072219107899555324e-01
4.300000000000000000e+01 8.104888507341588832e-01
4.500000000000000000e+01 8.135197203273575317e-01
4.700000000000000000e+01 8.163725027900778919e-01
4.900000000000000000e+01 8.190518101244550486e-01
5.100000000000000000e+01 8.216178513417120577e-01
5.300000000000000000e+01 8.241212819148112656e-01
5.500000000000000000e+01 8.265413204000140457e-01
5.700000000000000000e+01 8.289032704455631118e-01
5.900000000000000000e+01 8.311950128725096310e-01
6.100000000000000000e+01 8.334380929354270329e-01
6.300000000000000000e+01 8.356371767534145345e-01
6.500000000000000000e+01 8.377386485902355018e-01
6.700000000000000000e+01 8.397000648475153595e-01
6.900000000000000000e+01 8.414839568250431778e-01
7.100000000000000000e+01 8.430557039453154822e-01
7.300000000000000000e+01 8.444620013158391503e-01
7.500000000000000000e+01 8.457196280643470843e-01
7.700000000000000000e+01 8.468810273696363300e-01
7.900000000000000000e+01 8.480209457804559481e-01
8.100000000000000000e+01 8.491496292354058228e-01
8.300000000000000000e+01 8.502423452279903593e-01
8.500000000000000000e+01 8.513413296327059232e-01
8.700000000000000000e+01 8.524546871362111977e-01
8.900000000000000000e+01 8.536015288880693941e-01
9.100000000000000000e+01 8.547276537640067229e-01
9.300000000000000000e+01 8.558047848037902972e-01
9.500000000000000000e+01 8.568419767716480839e-01
9.700000000000000000e+01 8.578408796529156666e-01
9.900000000000000000e+01 8.588045499520123860e-01
1.010000000000000000e+02 8.596926556950981180e-01
1.030000000000000000e+02 8.605059375990092851e-01
1.050000000000000000e+02 8.612540710381919595e-01
1.070000000000000000e+02 8.619050978069275892e-01
1.090000000000000000e+02 8.624624823351032532e-01
1.110000000000000000e+02 8.629021100182290294e-01
1.130000000000000000e+02 8.632161044230914904e-01
1.150000000000000000e+02 8.634179208386675297e-01
1.170000000000000000e+02 8.634761688203035357e-01
1.190000000000000000e+02 8.634151119142214892e-01
1.210000000000000000e+02 8.633051582441708671e-01
1.230000000000000000e+02 8.631522653809899914e-01
1.250000000000000000e+02 8.629484047450626250e-01
1.270000000000000000e+02 8.627073193539293028e-01
1.290000000000000000e+02 8.623729235415444894e-01
1.310000000000000000e+02 8.619683265092902280e-01
1.330000000000000000e+02 8.614972858262608391e-01
1.350000000000000000e+02 8.610727877198802727e-01
1.370000000000000000e+02 8.607044775202953302e-01
1.390000000000000000e+02 8.603755569037994100e-01
1.410000000000000000e+02 8.600656683927350166e-01
1.430000000000000000e+02 8.597767516479756233e-01
1.450000000000000000e+02 8.594971748371694753e-01
1.470000000000000000e+02 8.592272265576148538e-01
1.490000000000000000e+02 8.589851202938898478e-01
