1.000000000000000000e+00 1.098828937287950058e-01
3.000000000000000000e+00 1.185460182887637659e-01
5.000000000000000000e+00 1.229924254360788005e-01
7.000000000000000000e+00 1.257682432174813680e-01
9.000000000000000000e+00 1.273989806502995314e-01
1.100000000000000000e+01 1.281515590399480153e-01
1.300000000000000000e+01 1.283839231929125857e-01
1.500000000000000000e+01 1.283604809027328875e-01
1.700000000000000000e+01 1.281694521667555708e-01
1.900000000000000000e+01 1.279134371687693505e-01
2.100000000000000000e+01 1.276204826115391322e-01
2.300000000000000000e+01 1.272728220822103573e-01
2.500000000000000000e+01 1.269097417627238489e-01
2.700000000000000000e+01 1.265448492437030170e-01
2.900000000000000000e+01 1.261848273618474403e-01
3.100000000000000000e+01 1.258435563577134930e-01
3.300000000000000000e+01 1.255200379080648743e-01
3.500000000000000000e+01 1.252148943631843370e-01
3.700000000000000000e+01 1.249277484321084097e-01
3.900000000000000000e+01 1.246779064966814232e-01
4.100000000000000000e+01 1.244668326424177573e-01
4.300000000000000000e+01 1.242859519024988035e-01
4.500000000000000000e+01 1.241376511836183028e-01
4.700000000000000000e+01 1.240189885500767586e-01
4.900000000000000000e+01 1.239261084849244687e-01
5.100000000000000000e+01 1.238447503370880831e-01
5.300000000000000000e+01 1.237712552369836239e-01
5.500000000000000000e+01 1.236996431924818340e-01
5.700000000000000000e+01 1.236239894132822315e-01
5.900000000000000000e+01 1.235430531871056781e-01
6.100000000000000000e+01 1.234563828570212074e-01
6.300000000000000000e+01 1.233892631463825440e-01
6.500000000000000000e+01 1.233401965872765738e-01
6.700000000000000000e+01 1.232942225331921104e-01
6.900000000000000000e+01 1.232473247488764523e-01
7.100000000000000000e+01 1.232133822842739201e-01
7.300000000000000000e+01 1.231636279585270888e-01
7.500000000000000000e+01 1.231082628897599562e-01
7.700000000000000000e+01 1.230472861934640560e-01
7.900000000000000000e+01 1.229929407491613391e-01
8.100000000000000000e+01 1.229456164286131248e-01
8.300000000000000000e+01 1.228996925406363738e-01
8.500000000000000000e+01 1.228554153174078456e-01
8.700000000000000000e+01 1.228117849606794598e-01
8.900000000000000000e+01 1.227681523308452594e-01
9.100000000000000000e+01 1.227243948344706181e-01
9.300000000000000000e+01 1.226741386245471244e-01
9.500000000000000000e+01 1.226181101428647224e-01
9.700000000000000000e+01 1.225557210621494031e-01
9.900000000000000000e+01 1.224952052628824894e-01
1.010000000000000000e+02 1.224303935289423606e-01
1.030000000000000000e+02 1.223643519777928290e-01
1.050000000000000000e+02 1.223040257579987022e-01
1.070000000000000000e+02 1.222489129877024627e-01
1.090000000000000000e+02 1.221980463394278793e-01
1.110000000000000000e+02 1.221510288019299617e-01
1.130000000000000000e+02 1.221091431750750411e-01
1.150000000000000000e+02 1.220699418793655955e-01
1.170000000000000000e+02 1.220325910609880715e-01
1.190000000000000000e+02 1.219984525077593140e-01
1.210000000000000000e+02 1.219674276354622000e-01
1.230000000000000000e+02 1.219399789662383160e-01
1.250000000000000000e+02 1.219165012978850049e-01
1.270000000000000000e+02 1.218966052335641592e-01
1.290000000000000000e+02 1.218794675560284091e-01
1.310000000000000000e+02 1.218649719747840754e-01
1.330000000000000000e+02 1.218580949396497193e-01
1.350000000000000000e+02 1.218571113757401791e-01
1.370000000000000000e+02 1.218618423879469503e-01
1.390000000000000000e+02 1.218688108906773593e-01
1.410000000000000000e+02 1.218791361616291535e-01
1.430000000000000000e+02 1.218956353673443793e-01
1.450000000000000000e+02 1.219184959687481529e-01
1.470000000000000000e+02 1.219500984684446232e-01
1.490000000000000000e+02 1.219909041389376503e-01
