1.000000000000000000e+00 5.034338608539863369e-01
3.000000000000000000e+00 5.668540525154771581e-01
5.000000000000000000e+00 5.949747657766342179e-01
7.000000000000000000e+00 6.132907524271882238e-01
9.000000000000000000e+00 6.274919912038783298e-01
1.100000000000000000e+01 6.394960579631898678e-01
1.300000000000000000e+01 6.497905516263833281e-01
1.500000000000000000e+01 6.584947011134829609e-01
1.700000000000000000e+01 6.659775682150189668e-01
1.900000000000000000e+01 6.725056711720402980e-01
2.100000000000000000e+01 6.779861959348616463e-01
2.300000000000000000e+01 6.824109410920025098e-01
2.500000000000000000e+01 6.857705525268007474e-01
2.700000000000000000e+01 6.882999098630557810e-01
2.900000000000000000e+01 6.901417227020477663e-01
3.100000000000000000e+01 6.914836449732750800e-01
3.300000000000000000e+01 6.924624498897445912e-01
3.500000000000000000e+01 6.929083394155319819e-01
3.700000000000000000e+01 6.929828471289914971e-01
3.900000000000000000e+01 6.928972019611334687e-01
4.100000000000000000e+01 6.926708708417876892e-01
4.300000000000000000e+01 6.923624389251299416e-01
4.500000000000000000e+01 6.919019020653089935e-01
4.700000000000000000e+01 6.913357477360131398e-01
4.900000000000000000e+01 6.907685061971968743e-01
5.100000000000000000e+01 6.902637899440932090e-01
5.300000000000000000e+01 6.898126664242699713e-01
5.500000000000000000e+01 6.893468435273248929e-01
5.700000000000000000e+01 6.889547328499134871e-01
5.900000000000000000e+01 6.885692274867314389e-01
6.100000000000000000e+01 6.881865986605463226e-01
6.300000000000000000e+01 6.878482465469395457e-01
6.500000000000000000e+01 6.874899822675030192e-01
6.700000000000000000e+01 6.870753925901245118e-01
6.900000000000000000e+01 6.866131272199318403e-01
7.100000000000000000e+01 6.861748533289809826e-01
7.300000000000000000e+01 6.857715494334442052e-01
7.500000000000000000e+01 6.853889835807509545e-01
7.700000000000000000e+01 6.850571597991611528e-01
7.900000000000000000e+01 6.847015031097902771e-01
8.100000000000000000e+01 6.843301139329234228e-01
8.300000000000000000e+01 6.839094582095522901e-01
8.500000000000000000e+01 6.833661941768002235e-01
8.700000000000000000e+01 6.827747360623491746e-01
8.900000000000000000e+01 6.821573563262434137e-01
9.100000000000000000e+01 6.814647253771172197e-01
9.300000000000000000e+01 6.806922404529525128e-01
9.500000000000000000e+01 6.798716028423743563e-01
9.700000000000000000e+01 6.790453755492313892e-01
9.900000000000000000e+01 6.782174230151061245e-01
1.010000000000000000e+02 6.774597138236362337e-01
1.030000000000000000e+02 6.766845142353439257e-01
1.050000000000000000e+02 6.758799318875454709e-01
1.070000000000000000e+02 6.750484747876497327e-01
1.090000000000000000e+02 6.742452590158400927e-01
1.110000000000000000e+02 6.735059021358680287e-01
1.130000000000000000e+02 6.728252283170077508e-01
1.150000000000000000e+02 6.723072814235244721e-01
1.170000000000000000e+02 6.719372418888288623e-01
1.190000000000000000e+02 6.716622075813453163e-01
1.210000000000000000e+02 6.714741056102260242e-01
1.230000000000000000e+02 6.713775832041460889e-01
1.250000000000000000e+02 6.713775832041456448e-01
1.270000000000000000e+02 6.713775832041448677e-01
1.290000000000000000e+02 6.713775832041459779e-01
1.310000000000000000e+02 6.713775832041453118e-01
1.330000000000000000e+02 6.713775832041450897e-01
1.350000000000000000e+02 6.713775832041459779e-01
1.370000000000000000e+02 6.713775832041454228e-01
1.390000000000000000e+02 6.713775832041457559e-01
1.410000000000000000e+02 6.713775832041450897e-01
1.430000000000000000e+02 6.713775832041452007e-01
1.450000000000000000e+02 6.713775832041453118e-01
1.470000000000000000e+02 6.713775832041455338e-01
1.490000000000000000e+02 6.713775832041455338e-01
