1.000000000000000000e+00 6.531125550199119445e-01
3.000000000000000000e+00 6.896602329583940705e-01
5.000000000000000000e+00 7.070142946946933460e-01
7.000000000000000000e+00 7.179099870079596046e-01
9.000000000000000000e+00 7.262619711858797622e-01
1.100000000000000000e+01 7.334793396616881012e-01
1.300000000000000000e+01 7.399561352228680722e-01
1.500000000000000000e+01 7.458034115709415435e-01
1.700000000000000000e+01 7.511088704666231131e-01
1.900000000000000000e+01 7.559628063930315944e-01
2.100000000000000000e+01 7.604481851329657482e-01
2.300000000000000000e+01 7.646307860697091341e-01
2.500000000000000000e+01 7.685667467449169843e-01
2.700000000000000000e+01 7.722983724076091239e-01
2.900000000000000000e+01 7.758549244109531617e-01
3.100000000000000000e+01 7.792675073165833410e-01
3.300000000000000000e+01 7.825531744411606816e-01
3.500000000000000000e+01 7.857225743560420916e-01
3.700000000000000000e+01 7.887779009021209653e-01
3.900000000000000000e+01 7.917337198092423423e-01
4.100000000000000000e+01 7.945919681040936045e-01
4.300000000000000000e+01 7.973426095917688361e-01
4.500000000000000000e+01 7.999921665664357917e-01
4.700000000000000000e+01 8.025399000328653498e-01
4.900000000000000000e+01 8.049869534574071173e-01
5.100000000000000000e+01 8.073383279881939378e-01
5.300000000000000000e+01 8.096013791357523637e-01
5.500000000000000000e+01 8.117690115822425723e-01
5.700000000000000000e+01 8.138456444590103089e-01
5.900000000000000000e+01 8.158236842414730017e-01
6.100000000000000000e+01 8.177012080485659418e-01
6.300000000000000000e+01 8.194841670233573572e-01
6.500000000000000000e+01 8.211803617339641370e-01
6.700000000000000000e+01 8.227985835855674557e-01
6.900000000000000000e+01 8.243435167302143318e-01
7.100000000000000000e+01 8.258152932741639196e-01
7.300000000000000000e+01 8.272150866334833097e-01
7.500000000000000000e+01 8.285407322297669852e-01
7.700000000000000000e+01 8.297967607344983731e-01
7.900000000000000000e+01 8.309871835305892018e-01
8.100000000000000000e+01 8.321120148369219871e-01
8.300000000000000000e+01 8.331745020681200486e-01
8.500000000000000000e+01 8.341725735916563078e-01
8.700000000000000000e+01 8.351113957105406049e-01
8.900000000000000000e+01 8.359986080688662780e-01
9.100000000000000000e+01 8.368374423512808802e-01
9.300000000000000000e+01 8.376314554033600368e-01
9.500000000000000000e+01 8.383808829107887162e-01
9.700000000000000000e+01 8.390881748919620797e-01
9.900000000000000000e+01 8.397596062541422546e-01
1.010000000000000000e+02 8.403949591166585131e-01
1.030000000000000000e+02 8.409998311136090976e-01
1.050000000000000000e+02 8.415774177941741652e-01
1.070000000000000000e+02 8.421304411733097073e-01
1.090000000000000000e+02 8.426568293459139047e-01
1.110000000000000000e+02 8.431605644076517470e-01
1.130000000000000000e+02 8.436489516247427378e-01
1.150000000000000000e+02 8.441246290730383128e-01
1.170000000000000000e+02 8.445889388758132110e-01
1.190000000000000000e+02 8.450396388108513124e-01
1.210000000000000000e+02 8.454783363465481205e-01
1.230000000000000000e+02 8.458975340121511755e-01
1.250000000000000000e+02 8.462979397755374666e-01
1.270000000000000000e+02 8.466805412943851916e-01
1.290000000000000000e+02 8.470485751356811033e-01
1.310000000000000000e+02 8.474034138768549163e-01
1.330000000000000000e+02 8.477409088756295841e-01
1.350000000000000000e+02 8.480625035777452636e-01
1.370000000000000000e+02 8.483685553139925783e-01
1.390000000000000000e+02 8.486648881569075487e-01
1.410000000000000000e+02 8.489491566559257407e-01
1.430000000000000000e+02 8.492206712087193576e-01
1.450000000000000000e+02 8.494804466578136370e-01
1.470000000000000000e+02 8.497297646174586383e-01
1.490000000000000000e+02 8.499682030535675725e-01
