1.000000000000000000e+00 1.764531961445212627e-01
3.000000000000000000e+00 1.891075031780500293e-01
5.000000000000000000e+00 1.941299967388928627e-01
7.000000000000000000e+00 1.967714246098201114e-01
9.000000000000000000e+00 1.986903791066186864e-01
1.100000000000000000e+01 2.002783600052016055e-01
1.300000000000000000e+01 2.016800701521481720e-01
1.500000000000000000e+01 2.029457162690003758e-01
1.700000000000000000e+01 2.040910370080473157e-01
1.900000000000000000e+01 2.051366892511413687e-01
2.100000000000000000e+01 2.061017720214554094e-01
2.300000000000000000e+01 2.070025542565416821e-01
2.500000000000000000e+01 2.078575972442014974e-01
2.700000000000000000e+01 2.087009975434443998e-01
2.900000000000000000e+01 2.095597501432642229e-01
3.100000000000000000e+01 2.104630414835990670e-01
3.300000000000000000e+01 2.114256392880962121e-01
3.500000000000000000e+01 2.124461729155758816e-01
3.700000000000000000e+01 2.135332022110015826e-01
3.900000000000000000e+01 2.146966448421548934e-01
4.100000000000000000e+01 2.159362129372742745e-01
4.300000000000000000e+01 2.172539437133388374e-01
4.500000000000000000e+01 2.186547965535673432e-01
4.700000000000000000e+01 2.201377199911996874e-01
4.900000000000000000e+01 2.217070888625580771e-01
5.100000000000000000e+01 2.233659944413579623e-01
5.300000000000000000e+01 2.251104831947113860e-01
5.500000000000000000e+01 2.269398193348792780e-01
5.700000000000000000e+01 2.288491694884658978e-01
5.900000000000000000e+01 2.308352012416090560e-01
6.100000000000000000e+01 2.328803709340149242e-01
6.300000000000000000e+01 2.349835695950449610e-01
6.500000000000000000e+01 2.371402255616211763e-01
6.700000000000000000e+01 2.393414013510568594e-01
6.900000000000000000e+01 2.415863326121376886e-01
7.100000000000000000e+01 2.438717185953580557e-01
7.300000000000000000e+01 2.461989234879780053e-01
7.500000000000000000e+01 2.485635753321531194e-01
7.700000000000000000e+01 2.509625176919633160e-01
7.900000000000000000e+01 2.533931525838345467e-01
8.100000000000000000e+01 2.558502640646881376e-01
8.300000000000000000e+01 2.583308055727877584e-01
8.500000000000000000e+01 2.608390186474758288e-01
8.700000000000000000e+01 2.633707895850196934e-01
8.900000000000000000e+01 2.659247892224368970e-01
9.100000000000000000e+01 2.685035844782093228e-01
9.300000000000000000e+01 2.711104869422523711e-01
9.500000000000000000e+01 2.737462181803648198e-01
9.700000000000000000e+01 2.764041364769869169e-01
9.900000000000000000e+01 2.790852015810463271e-01
1.010000000000000000e+02 2.817918423411176487e-01
1.030000000000000000e+02 2.845258430169945729e-01
1.050000000000000000e+02 2.872874214284854011e-01
1.070000000000000000e+02 2.900788544578656314e-01
1.090000000000000000e+02 2.929069245426387802e-01
1.110000000000000000e+02 2.957742665821809780e-01
1.130000000000000000e+02 2.986820862305378244e-01
1.150000000000000000e+02 3.016360397585030606e-01
1.170000000000000000e+02 3.046380788919201832e-01
1.190000000000000000e+02 3.076870484959149943e-01
1.210000000000000000e+02 3.107847894819700807e-01
1.230000000000000000e+02 3.139355203707879793e-01
1.250000000000000000e+02 3.171388763619348294e-01
1.270000000000000000e+02 3.203933763017913217e-01
1.290000000000000000e+02 3.236995983025300339e-01
1.310000000000000000e+02 3.270573770941626046e-01
1.330000000000000000e+02 3.304652270516448276e-01
1.350000000000000000e+02 3.339211582699925795e-01
1.370000000000000000e+02 3.374223785226051486e-01
1.390000000000000000e+02 3.409655497268733182e-01
1.410000000000000000e+02 3.445457370111366657e-01
1.430000000000000000e+02 3.481591420270971904e-01
1.450000000000000000e+02 3.518019000019657616e-01
1.470000000000000000e+02 3.554718005761038357e-01
1.490000000000000000e+02 3.591665305307166767e-01
