1.000000000000000000e+00 2.524762089726162451e-02
3.000000000000000000e+00 2.782410215010666654e-02
5.000000000000000000e+00 2.887506934349659549e-02
7.000000000000000000e+00 2.944698916131627264e-02
9.000000000000000000e+00 2.984347649266361202e-02
1.100000000000000000e+01 3.018965592432454326e-02
1.300000000000000000e+01 3.050592981487554312e-02
1.500000000000000000e+01 3.079522542711876643e-02
1.700000000000000000e+01 3.106210018145694196e-02
1.900000000000000000e+01 3.131275196729910171e-02
2.100000000000000000e+01 3.154907228893821802e-02
2.300000000000000000e+01 3.177476811744484042e-02
2.500000000000000000e+01 3.198983119691123367e-02
2.700000000000000000e+01 3.219783154950517368e-02
2.900000000000000000e+01 3.240182741289898694e-02
3.100000000000000000e+01 3.260599696775645651e-02
3.300000000000000000e+01 3.281130150349842456e-02
3.500000000000000000e+01 3.301696892304561981e-02
3.700000000000000000e+01 3.322250705964824302e-02
3.900000000000000000e+01 3.342837621191885322e-02
4.100000000000000000e+01 3.363452992134985386e-02
4.300000000000000000e+01 3.383993281383979035e-02
4.500000000000000000e+01 3.404443874376750223e-02
4.700000000000000000e+01 3.424902331195534000e-02
4.900000000000000000e+01 3.445588777611752196e-02
5.100000000000000000e+01 3.466625199546591318e-02
5.300000000000000000e+01 3.488097489065578038e-02
5.500000000000000000e+01 3.510040797224478482e-02
5.700000000000000000e+01 3.532490284608780229e-02
5.900000000000000000e+01 3.555421183670548491e-02
6.100000000000000000e+01 3.578890334845363785e-02
6.300000000000000000e+01 3.602933211252645762e-02
6.500000000000000000e+01 3.627592349902342139e-02
6.700000000000000000e+01 3.652883768363879291e-02
6.900000000000000000e+01 3.678883338726057772e-02
7.100000000000000000e+01 3.705616231134656324e-02
7.300000000000000000e+01 3.733108829348863456e-02
7.500000000000000000e+01 3.761413567432603244e-02
7.700000000000000000e+01 3.790530820005122425e-02
7.900000000000000000e+01 3.820465513121429346e-02
8.100000000000000000e+01 3.851170193457431612e-02
8.300000000000000000e+01 3.882629627870637368e-02
8.500000000000000000e+01 3.914822110033977509e-02
8.700000000000000000e+01 3.947768855237476782e-02
8.900000000000000000e+01 3.981453508499521732e-02
9.100000000000000000e+01 4.015839889883066061e-02
9.300000000000000000e+01 4.050897580040579982e-02
9.500000000000000000e+01 4.086632196259343264e-02
9.700000000000000000e+01 4.123017788621063939e-02
9.900000000000000000e+01 4.160021523720036640e-02
1.010000000000000000e+02 4.197616345395527304e-02
1.030000000000000000e+02 4.235784701196620983e-02
1.050000000000000000e+02 4.274509527274950038e-02
1.070000000000000000e+02 4.313773280041321989e-02
1.090000000000000000e+02 4.353561046205745022e-02
1.110000000000000000e+02 4.393858795393612571e-02
1.130000000000000000e+02 4.434644669632192837e-02
1.150000000000000000e+02 4.475874701551840751e-02
1.170000000000000000e+02 4.517522074971958013e-02
1.190000000000000000e+02 4.559564560408757572e-02
1.210000000000000000e+02 4.601968597838734798e-02
1.230000000000000000e+02 4.644716875816723434e-02
1.250000000000000000e+02 4.687797188184728014e-02
1.270000000000000000e+02 4.731213789110544354e-02
1.290000000000000000e+02 4.774966699061966580e-02
1.310000000000000000e+02 4.819048405618420183e-02
1.330000000000000000e+02 4.863460607929215307e-02
1.350000000000000000e+02 4.908205608871896164e-02
1.370000000000000000e+02 4.953281835386547094e-02
1.390000000000000000e+02 4.998695369165495617e-02
1.410000000000000000e+02 5.044447968701770701e-02
1.430000000000000000e+02 5.090533855122447715e-02
1.450000000000000000e+02 5.136963923242099384e-02
1.470000000000000000e+02 5.183731977536987223e-02
1.490000000000000000e+02 5.230830562066102196e-02
