1.000000000000000000e+00 4.925516578567996628e-01
3.000000000000000000e+00 5.550889203466027322e-01
5.000000000000000000e+00 5.873872686247851860e-01
7.000000000000000000e+00 6.093365521948506114e-01
9.000000000000000000e+00 6.281334296060028244e-01
1.100000000000000000e+01 6.449456210595497785e-01
1.300000000000000000e+01 6.605254980345710569e-01
1.500000000000000000e+01 6.751008908794891017e-01
1.700000000000000000e+01 6.888279989848011819e-01
1.900000000000000000e+01 7.016005737193715674e-01
2.100000000000000000e+01 7.133467826395420985e-01
2.300000000000000000e+01 7.240517786038739301e-01
2.500000000000000000e+01 7.337803355258760707e-01
2.700000000000000000e+01 7.425476890062820967e-01
2.900000000000000000e+01 7.504714108093164526e-01
3.100000000000000000e+01 7.575696077723057531e-01
3.300000000000000000e+01 7.639096703883178074e-01
3.500000000000000000e+01 7.695043741094107492e-01
3.700000000000000000e+01 7.744501876643098415e-01
3.900000000000000000e+01 7.788064098269362745e-01
4.100000000000000000e+01 7.826611549796339551e-01
4.300000000000000000e+01 7.860859092116567748e-01
4.500000000000000000e+01 7.891510726446628876e-01
4.700000000000000000e+01 7.918958286499935273e-01
4.900000000000000000e+01 7.943734416055792114e-01
5.100000000000000000e+01 7.966415256410268597e-01
5.300000000000000000e+01 7.987133539775563840e-01
5.500000000000000000e+01 8.006314747423022293e-01
5.700000000000000000e+01 8.024930935509124730e-01
5.900000000000000000e+01 8.043200304527318156e-01
6.100000000000000000e+01 8.061192089265003524e-01
6.300000000000000000e+01 8.079261529783334783e-01
6.500000000000000000e+01 8.096585725717032611e-01
6.700000000000000000e+01 8.113185298713230242e-01
6.900000000000000000e+01 8.129280428992488039e-01
7.100000000000000000e+01 8.144226433820126454e-01
7.300000000000000000e+01 8.157604545881196323e-01
7.500000000000000000e+01 8.169427665052302334e-01
7.700000000000000000e+01 8.180256460049903922e-01
7.900000000000000000e+01 8.190577934699082574e-01
8.100000000000000000e+01 8.200176440404647327e-01
8.300000000000000000e+01 8.208668649437403930e-01
8.500000000000000000e+01 8.216339266281340592e-01
8.700000000000000000e+01 8.222897165342583081e-01
8.900000000000000000e+01 8.228737260467837711e-01
9.100000000000000000e+01 8.234501645123319946e-01
9.300000000000000000e+01 8.239676554027552946e-01
9.500000000000000000e+01 8.244347431338943100e-01
9.700000000000000000e+01 8.248913949315886951e-01
9.900000000000000000e+01 8.253626904510691364e-01
1.010000000000000000e+02 8.258805937366132666e-01
1.030000000000000000e+02 8.263495003524803373e-01
1.050000000000000000e+02 8.267574915381092904e-01
1.070000000000000000e+02 8.271188925574037842e-01
1.090000000000000000e+02 8.274921474622853879e-01
1.110000000000000000e+02 8.278500069443939235e-01
1.130000000000000000e+02 8.281169037833467916e-01
1.150000000000000000e+02 8.283389822824293036e-01
1.170000000000000000e+02 8.285178675412336879e-01
1.190000000000000000e+02 8.286617588674507484e-01
1.210000000000000000e+02 8.287602985690478707e-01
1.230000000000000000e+02 8.288316791596416211e-01
1.250000000000000000e+02 8.288592974352996245e-01
1.270000000000000000e+02 8.288250248909769802e-01
1.290000000000000000e+02 8.287247718326620216e-01
1.310000000000000000e+02 8.285393023968414816e-01
1.330000000000000000e+02 8.282994897914941479e-01
1.350000000000000000e+02 8.279760322283423735e-01
1.370000000000000000e+02 8.276050928218515734e-01
1.390000000000000000e+02 8.272254872732587305e-01
1.410000000000000000e+02 8.268762315744850877e-01
1.430000000000000000e+02 8.265822245860137141e-01
1.450000000000000000e+02 8.263609169808845412e-01
1.470000000000000000e+02 8.261639329710668278e-01
1.490000000000000000e+02 8.259680869895524857e-01
