1.000000000000000000e+00 2.510972746759210228e-02
3.000000000000000000e+00 2.606896348346376957e-02
5.000000000000000000e+00 2.657732095647924453e-02
7.000000000000000000e+00 2.696029584102743737e-02
9.000000000000000000e+00 2.725832076374723467e-02
1.100000000000000000e+01 2.749150254305765539e-02
1.300000000000000000e+01 2.767656871045354183e-02
1.500000000000000000e+01 2.780979508022540792e-02
1.700000000000000000e+01 2.789930952969077449e-02
1.900000000000000000e+01 2.795505291595279385e-02
2.100000000000000000e+01 2.798233174750464070e-02
2.300000000000000000e+01 2.798461124887241525e-02
2.500000000000000000e+01 2.796423513131962579e-02
2.700000000000000000e+01 2.791899617708348824e-02
2.900000000000000000e+01 2.785074980019897062e-02
3.100000000000000000e+01 2.776208344612707268e-02
3.300000000000000000e+01 2.765374836837808381e-02
3.500000000000000000e+01 2.752463785708814115e-02
3.700000000000000000e+01 2.737509613687028054e-02
3.900000000000000000e+01 2.720558413689200261e-02
4.100000000000000000e+01 2.702296465700670947e-02
4.300000000000000000e+01 2.683032631301685011e-02
4.500000000000000000e+01 2.662967657357884210e-02
4.700000000000000000e+01 2.642286810792915386e-02
4.900000000000000000e+01 2.621134818080073092e-02
5.100000000000000000e+01 2.599824234793868261e-02
5.300000000000000000e+01 2.578481759528716832e-02
5.500000000000000000e+01 2.557177263603283013e-02
5.700000000000000000e+01 2.535711681136343376e-02
5.900000000000000000e+01 2.513921584150635713e-02
6.100000000000000000e+01 2.491843887011013781e-02
6.300000000000000000e+01 2.469554715276833790e-02
6.500000000000000000e+01 2.447429541520873553e-02
6.700000000000000000e+01 2.425510757164495157e-02
6.900000000000000000e+01 2.403694907203346443e-02
7.100000000000000000e+01 2.381835871393556125e-02
7.300000000000000000e+01 2.360153826139588240e-02
7.500000000000000000e+01 2.338684590145945208e-02
7.700000000000000000e+01 2.317452941298825397e-02
7.900000000000000000e+01 2.296533578449200252e-02
8.100000000000000000e+01 2.276159441195158006e-02
8.300000000000000000e+01 2.255792145722257391e-02
8.500000000000000000e+01 2.235480551788404657e-02
8.700000000000000000e+01 2.215261516349886772e-02
8.900000000000000000e+01 2.195491036634789062e-02
9.100000000000000000e+01 2.176213462401366261e-02
9.300000000000000000e+01 2.157469658985333716e-02
9.500000000000000000e+01 2.139189250343742632e-02
9.700000000000000000e+01 2.121224445553782090e-02
9.900000000000000000e+01 2.103574061641533266e-02
1.010000000000000000e+02 2.086107335993392375e-02
1.030000000000000000e+02 2.069028200802602857e-02
1.050000000000000000e+02 2.052296448888990543e-02
1.070000000000000000e+02 2.035908530841423758e-02
1.090000000000000000e+02 2.020057835696498216e-02
1.110000000000000000e+02 2.004684434246428726e-02
1.130000000000000000e+02 1.989768545272641020e-02
1.150000000000000000e+02 1.975293342953454712e-02
1.170000000000000000e+02 1.961069667288162233e-02
1.190000000000000000e+02 1.947278803304364203e-02
1.210000000000000000e+02 1.933894650912426627e-02
1.230000000000000000e+02 1.920704426697561473e-02
1.250000000000000000e+02 1.907700557915292805e-02
1.270000000000000000e+02 1.894872288041693498e-02
1.290000000000000000e+02 1.882379120565780273e-02
1.310000000000000000e+02 1.870207755355834944e-02
1.330000000000000000e+02 1.858381980715606563e-02
1.350000000000000000e+02 1.846909612455926997e-02
1.370000000000000000e+02 1.835804454342004899e-02
1.390000000000000000e+02 1.824940480836878542e-02
1.410000000000000000e+02 1.814210716798692058e-02
1.430000000000000000e+02 1.803614349317961274e-02
1.450000000000000000e+02 1.793209160718767237e-02
1.470000000000000000e+02 1.783117460420835521e-02
1.490000000000000000e+02 1.773250193238229411e-02
