1.000000000000000000e+00 3.211738332993682166e-01
3.000000000000000000e+00 3.552141247287549097e-01
5.000000000000000000e+00 3.700730882509229991e-01
7.000000000000000000e+00 3.788156347145021918e-01
9.000000000000000000e+00 3.857051754634848173e-01
1.100000000000000000e+01 3.917183324109949627e-01
1.300000000000000000e+01 3.970418858717910116e-01
1.500000000000000000e+01 4.020006825456743371e-01
1.700000000000000000e+01 4.068501738413724533e-01
1.900000000000000000e+01 4.117407997892215121e-01
2.100000000000000000e+01 4.167597008735592912e-01
2.300000000000000000e+01 4.219645340574161851e-01
2.500000000000000000e+01 4.273921868292359649e-01
2.700000000000000000e+01 4.330618084918630428e-01
2.900000000000000000e+01 4.389974511159180359e-01
3.100000000000000000e+01 4.451884635942342516e-01
3.300000000000000000e+01 4.516267183091875470e-01
3.500000000000000000e+01 4.583071425104128238e-01
3.700000000000000000e+01 4.652090593694230281e-01
3.900000000000000000e+01 4.723336098837017660e-01
4.100000000000000000e+01 4.796904480249920555e-01
4.300000000000000000e+01 4.872429015857987489e-01
4.500000000000000000e+01 4.949812247883780270e-01
4.700000000000000000e+01 5.028852995469772491e-01
4.900000000000000000e+01 5.109301968358422874e-01
5.100000000000000000e+01 5.190808666207420430e-01
5.300000000000000000e+01 5.273299143409433398e-01
5.500000000000000000e+01 5.356730566280365480e-01
5.700000000000000000e+01 5.440883956664510634e-01
5.900000000000000000e+01 5.525632175019321579e-01
6.100000000000000000e+01 5.610692745577378071e-01
6.300000000000000000e+01 5.695954803498228802e-01
6.500000000000000000e+01 5.781006849116210322e-01
6.700000000000000000e+01 5.865736641632887105e-01
6.900000000000000000e+01 5.949853455388307566e-01
7.100000000000000000e+01 6.033442171085445782e-01
7.300000000000000000e+01 6.116390933851233447e-01
7.500000000000000000e+01 6.198643822849729812e-01
7.700000000000000000e+01 6.280213825872469346e-01
7.900000000000000000e+01 6.361062761249951514e-01
8.100000000000000000e+01 6.441146121251393186e-01
8.300000000000000000e+01 6.520523835868803353e-01
8.500000000000000000e+01 6.599093370056723362e-01
8.700000000000000000e+01 6.676951732683655827e-01
8.900000000000000000e+01 6.754133156326533882e-01
9.100000000000000000e+01 6.830607156749324282e-01
9.300000000000000000e+01 6.906328231011453767e-01
9.500000000000000000e+01 6.981042732998793410e-01
9.700000000000000000e+01 7.054716097390782981e-01
9.900000000000000000e+01 7.127339549826836596e-01
1.010000000000000000e+02 7.198617884779268117e-01
1.030000000000000000e+02 7.268641773913767645e-01
1.050000000000000000e+02 7.337305561028653056e-01
1.070000000000000000e+02 7.404571373682621305e-01
1.090000000000000000e+02 7.470443577894163578e-01
1.110000000000000000e+02 7.535249669172878750e-01
1.130000000000000000e+02 7.598936748156125409e-01
1.150000000000000000e+02 7.661093357607379195e-01
1.170000000000000000e+02 7.721478109813295632e-01
1.190000000000000000e+02 7.780123106087106777e-01
1.210000000000000000e+02 7.837452237321484994e-01
1.230000000000000000e+02 7.893476843637819984e-01
1.250000000000000000e+02 7.948085425710118557e-01
1.270000000000000000e+02 8.001286149938953152e-01
1.290000000000000000e+02 8.052903465525820259e-01
1.310000000000000000e+02 8.102830284785624837e-01
1.330000000000000000e+02 8.150925643785349450e-01
1.350000000000000000e+02 8.197425622550041924e-01
1.370000000000000000e+02 8.242531537886957915e-01
1.390000000000000000e+02 8.286333181467304687e-01
1.410000000000000000e+02 8.328804976217697442e-01
1.430000000000000000e+02 8.370163801051414554e-01
1.450000000000000000e+02 8.410499017074126726e-01
1.470000000000000000e+02 8.449914007129885052e-01
1.490000000000000000e+02 8.488672570093269698e-01
