1.000000000000000000e+00 5.452795894365447538e-02
3.000000000000000000e+00 6.024499250850523513e-02
5.000000000000000000e+00 6.397321609671979825e-02
7.000000000000000000e+00 6.701295931125950123e-02
9.000000000000000000e+00 6.959408923721388529e-02
1.100000000000000000e+01 7.196886315759387642e-02
1.300000000000000000e+01 7.427912756522936366e-02
1.500000000000000000e+01 7.656362245827730284e-02
1.700000000000000000e+01 7.879682437934254491e-02
1.900000000000000000e+01 8.096754253078775054e-02
2.100000000000000000e+01 8.304694110711252630e-02
2.300000000000000000e+01 8.503472812168388906e-02
2.500000000000000000e+01 8.692992021779311074e-02
2.700000000000000000e+01 8.869839348358943276e-02
2.900000000000000000e+01 9.028524451072050816e-02
3.100000000000000000e+01 9.170496057191956929e-02
3.300000000000000000e+01 9.297550601587634134e-02
3.500000000000000000e+01 9.412998536476357980e-02
3.700000000000000000e+01 9.518493126819560501e-02
3.900000000000000000e+01 9.617588787350839219e-02
4.100000000000000000e+01 9.711059788837939077e-02
4.300000000000000000e+01 9.799851725698538463e-02
4.500000000000000000e+01 9.883515008790599854e-02
4.700000000000000000e+01 9.962659515583605074e-02
4.900000000000000000e+01 1.003739472815448064e-01
5.100000000000000000e+01 1.010959911740976214e-01
5.300000000000000000e+01 1.017956317815993383e-01
5.500000000000000000e+01 1.024514339068339774e-01
5.700000000000000000e+01 1.030673055590534126e-01
5.900000000000000000e+01 1.036433296595687947e-01
6.100000000000000000e+01 1.041791460681827930e-01
6.300000000000000000e+01 1.046750815623379571e-01
6.500000000000000000e+01 1.051398289920378870e-01
6.700000000000000000e+01 1.055799317069823218e-01
6.900000000000000000e+01 1.059844731516954575e-01
7.100000000000000000e+01 1.063537691697529208e-01
7.300000000000000000e+01 1.066957580420506702e-01
7.500000000000000000e+01 1.070085919511526429e-01
7.700000000000000000e+01 1.073060353297272673e-01
7.900000000000000000e+01 1.075947652429161128e-01
8.100000000000000000e+01 1.078673635984290780e-01
8.300000000000000000e+01 1.081270599494125184e-01
8.500000000000000000e+01 1.083659328516751730e-01
8.700000000000000000e+01 1.085776822540654996e-01
8.900000000000000000e+01 1.087771408217379498e-01
9.100000000000000000e+01 1.089654290335528852e-01
9.300000000000000000e+01 1.091437265915726762e-01
9.500000000000000000e+01 1.093108354659247938e-01
9.700000000000000000e+01 1.094671456535847298e-01
9.900000000000000000e+01 1.096230692817190544e-01
1.010000000000000000e+02 1.097796798662113993e-01
1.030000000000000000e+02 1.099231058970157049e-01
1.050000000000000000e+02 1.100556441133936358e-01
1.070000000000000000e+02 1.101808056700238625e-01
1.090000000000000000e+02 1.102874978721782862e-01
1.110000000000000000e+02 1.103784450924748528e-01
1.130000000000000000e+02 1.104548701677693368e-01
1.150000000000000000e+02 1.105147624813906937e-01
1.170000000000000000e+02 1.105576256349847242e-01
1.190000000000000000e+02 1.105876882125982341e-01
1.210000000000000000e+02 1.106063128540464291e-01
1.230000000000000000e+02 1.106127195996755574e-01
1.250000000000000000e+02 1.106087623424834021e-01
1.270000000000000000e+02 1.105995142966784694e-01
1.290000000000000000e+02 1.105857486214262275e-01
1.310000000000000000e+02 1.105713383631214963e-01
1.330000000000000000e+02 1.105440938098747328e-01
1.350000000000000000e+02 1.105101565748636272e-01
1.370000000000000000e+02 1.104839726423905155e-01
1.390000000000000000e+02 1.104649643757994459e-01
1.410000000000000000e+02 1.104532510792398670e-01
1.430000000000000000e+02 1.104466766590446181e-01
1.450000000000000000e+02 1.104483978204540140e-01
1.470000000000000000e+02 1.104635735976001731e-01
1.490000000000000000e+02 1.104891389851090366e-01
