1.000000000000000000e+00 1.827790304396843535e-01
3.000000000000000000e+00 2.034066521246884474e-01
5.000000000000000000e+00 2.118907788641271051e-01
7.000000000000000000e+00 2.160226774535710659e-01
9.000000000000000000e+00 2.185606156585355730e-01
1.100000000000000000e+01 2.204705429604230105e-01
1.300000000000000000e+01 2.221025480256689777e-01
1.500000000000000000e+01 2.235364415470586508e-01
1.700000000000000000e+01 2.249141246664663196e-01
1.900000000000000000e+01 2.261768135201172036e-01
2.100000000000000000e+01 2.273549375582657461e-01
2.300000000000000000e+01 2.285073053290186396e-01
2.500000000000000000e+01 2.296937771091617231e-01
2.700000000000000000e+01 2.309633568448318242e-01
2.900000000000000000e+01 2.323475926505753630e-01
3.100000000000000000e+01 2.338596886671798769e-01
3.300000000000000000e+01 2.355086084183942718e-01
3.500000000000000000e+01 2.373045526008557005e-01
3.700000000000000000e+01 2.392462577868762486e-01
3.900000000000000000e+01 2.413254875937158594e-01
4.100000000000000000e+01 2.435399494687313648e-01
4.300000000000000000e+01 2.458843153663532455e-01
4.500000000000000000e+01 2.483854390808259982e-01
4.700000000000000000e+01 2.510418083743028994e-01
4.900000000000000000e+01 2.538597715334456328e-01
5.100000000000000000e+01 2.568283717762026575e-01
5.300000000000000000e+01 2.599216113448402643e-01
5.500000000000000000e+01 2.631346306599879892e-01
5.700000000000000000e+01 2.664578809245032875e-01
5.900000000000000000e+01 2.699071801541154114e-01
6.100000000000000000e+01 2.734790968365975461e-01
6.300000000000000000e+01 2.771766617516281395e-01
6.500000000000000000e+01 2.809908538396547195e-01
6.700000000000000000e+01 2.849293431219198647e-01
6.900000000000000000e+01 2.889966267388205390e-01
7.100000000000000000e+01 2.931920747840234265e-01
7.300000000000000000e+01 2.975224463097105865e-01
7.500000000000000000e+01 3.019914040657423193e-01
7.700000000000000000e+01 3.065905233210598491e-01
7.900000000000000000e+01 3.113150270399210884e-01
8.100000000000000000e+01 3.161739072102087711e-01
8.300000000000000000e+01 3.211691614195210098e-01
8.500000000000000000e+01 3.263114704209746364e-01
8.700000000000000000e+01 3.315971675666022911e-01
8.900000000000000000e+01 3.370251998363402723e-01
9.100000000000000000e+01 3.425918232913063299e-01
9.300000000000000000e+01 3.482944268530769882e-01
9.500000000000000000e+01 3.541252330509586654e-01
9.700000000000000000e+01 3.600627052727906063e-01
9.900000000000000000e+01 3.661004559578541206e-01
1.010000000000000000e+02 3.722410995462381855e-01
1.030000000000000000e+02 3.784787430021359089e-01
1.050000000000000000e+02 3.848081816246211595e-01
1.070000000000000000e+02 3.912238035000306091e-01
1.090000000000000000e+02 3.977258264765654028e-01
1.110000000000000000e+02 4.043074958648052997e-01
1.130000000000000000e+02 4.109539047286195901e-01
1.150000000000000000e+02 4.176630159127123765e-01
1.170000000000000000e+02 4.244258347161449230e-01
1.190000000000000000e+02 4.312263180220764491e-01
1.210000000000000000e+02 4.380549710934266150e-01
1.230000000000000000e+02 4.449003574756419388e-01
1.250000000000000000e+02 4.517460955810860268e-01
1.270000000000000000e+02 4.585821042497760791e-01
1.290000000000000000e+02 4.653994714614139161e-01
1.310000000000000000e+02 4.721913207266027479e-01
1.330000000000000000e+02 4.789489334592517134e-01
1.350000000000000000e+02 4.856688106718207720e-01
1.370000000000000000e+02 4.923515667488921332e-01
1.390000000000000000e+02 4.989968816088818926e-01
1.410000000000000000e+02 5.056025906581050888e-01
1.430000000000000000e+02 5.121652619573211496e-01
1.450000000000000000e+02 5.186739059695146814e-01
1.470000000000000000e+02 5.251327433225020380e-01
1.490000000000000000e+02 5.315383773132231759e-01
