1.000000000000000000e+00 1.887884778311211820e-01
3.000000000000000000e+00 2.125456150589390969e-01
5.000000000000000000e+00 2.226720005058310248e-01
7.000000000000000000e+00 2.276976271994405332e-01
9.000000000000000000e+00 2.310571955193515548e-01
1.100000000000000000e+01 2.338467356532927255e-01
1.300000000000000000e+01 2.361854794301234683e-01
1.500000000000000000e+01 2.381771089645692285e-01
1.700000000000000000e+01 2.398999901718833483e-01
1.900000000000000000e+01 2.414676023734525501e-01
2.100000000000000000e+01 2.429691193428094032e-01
2.300000000000000000e+01 2.444660445907748114e-01
2.500000000000000000e+01 2.459911124180776953e-01
2.700000000000000000e+01 2.475650554223828292e-01
2.900000000000000000e+01 2.492458264773310672e-01
3.100000000000000000e+01 2.510489600766969698e-01
3.300000000000000000e+01 2.529875162417678514e-01
3.500000000000000000e+01 2.550829664152268750e-01
3.700000000000000000e+01 2.573307480908803013e-01
3.900000000000000000e+01 2.597221817447501468e-01
4.100000000000000000e+01 2.622566466348760228e-01
4.300000000000000000e+01 2.649359896819312166e-01
4.500000000000000000e+01 2.677546066247449286e-01
4.700000000000000000e+01 2.707090360616232205e-01
4.900000000000000000e+01 2.737973189159644827e-01
5.100000000000000000e+01 2.770281354022963161e-01
5.300000000000000000e+01 2.803891191602728705e-01
5.500000000000000000e+01 2.838508201094253058e-01
5.700000000000000000e+01 2.874212661745567665e-01
5.900000000000000000e+01 2.910981304529745017e-01
6.100000000000000000e+01 2.948811311518221290e-01
6.300000000000000000e+01 2.987664304064521215e-01
6.500000000000000000e+01 3.027568985048468830e-01
6.700000000000000000e+01 3.068450382925385078e-01
6.900000000000000000e+01 3.110276475855946465e-01
7.100000000000000000e+01 3.153107974480084952e-01
7.300000000000000000e+01 3.196873101274954054e-01
7.500000000000000000e+01 3.241496293290259123e-01
7.700000000000000000e+01 3.286938745220783220e-01
7.900000000000000000e+01 3.333122318032314402e-01
8.100000000000000000e+01 3.380085843776453602e-01
8.300000000000000000e+01 3.427942945265141095e-01
8.500000000000000000e+01 3.476724091984231269e-01
8.700000000000000000e+01 3.526345544246680674e-01
8.900000000000000000e+01 3.576784033524922357e-01
9.100000000000000000e+01 3.627909737877511587e-01
9.300000000000000000e+01 3.679694587791016991e-01
9.500000000000000000e+01 3.732117478155508872e-01
9.700000000000000000e+01 3.785118617157439136e-01
9.900000000000000000e+01 3.838699232193905075e-01
1.010000000000000000e+02 3.892878263230225011e-01
1.030000000000000000e+02 3.947612708584374852e-01
1.050000000000000000e+02 4.002922739126704155e-01
1.070000000000000000e+02 4.058782088002114152e-01
1.090000000000000000e+02 4.115280974291050109e-01
1.110000000000000000e+02 4.172372746838770574e-01
1.130000000000000000e+02 4.229967140719687047e-01
1.150000000000000000e+02 4.288141307900347199e-01
1.170000000000000000e+02 4.346837712854860758e-01
1.190000000000000000e+02 4.406007820024074872e-01
1.210000000000000000e+02 4.465641708737250193e-01
1.230000000000000000e+02 4.525728534708536310e-01
1.250000000000000000e+02 4.586123629539832214e-01
1.270000000000000000e+02 4.646788904305377832e-01
1.290000000000000000e+02 4.707695828912352720e-01
1.310000000000000000e+02 4.768852943252490650e-01
1.330000000000000000e+02 4.830175697576204463e-01
1.350000000000000000e+02 4.891555181719894341e-01
1.370000000000000000e+02 4.952934228253130788e-01
1.390000000000000000e+02 5.014149918903791914e-01
1.410000000000000000e+02 5.075165824886411770e-01
1.430000000000000000e+02 5.135975933783497593e-01
1.450000000000000000e+02 5.196619596767628746e-01
1.470000000000000000e+02 5.257109878343839693e-01
1.490000000000000000e+02 5.317401004068669224e-01
