1.000000000000000000e+00 0.000000000000000000e+00
3.000000000000000000e+00 2.417875135418690036e-05
5.000000000000000000e+00 3.951853645678404803e-05
7.000000000000000000e+00 5.971321186570843764e-05
9.000000000000000000e+00 8.241798981822867631e-05
1.100000000000000000e+01 1.023676814653207146e-04
1.300000000000000000e+01 1.207171795969408379e-04
1.500000000000000000e+01 1.399546053502120913e-04
1.700000000000000000e+01 1.600074210396096319e-04
1.900000000000000000e+01 1.799298824377570938e-04
2.100000000000000000e+01 1.993743972102945961e-04
2.300000000000000000e+01 2.196921881501001650e-04
2.500000000000000000e+01 2.425699970463046640e-04
2.700000000000000000e+01 2.695684363830386232e-04
2.900000000000000000e+01 3.005612542177349411e-04
3.100000000000000000e+01 3.345387428158597132e-04
3.300000000000000000e+01 3.705625860520589399e-04
3.500000000000000000e+01 4.077536674002013584e-04
3.700000000000000000e+01 4.454232442079320009e-04
3.900000000000000000e+01 4.831104441728184540e-04
4.100000000000000000e+01 5.205271312503922942e-04
4.300000000000000000e+01 5.575200560765658508e-04
4.500000000000000000e+01 5.940454524754334997e-04
4.700000000000000000e+01 6.301093619512920796e-04
4.900000000000000000e+01 6.657525358427784923e-04
5.100000000000000000e+01 7.010064447725561365e-04
5.300000000000000000e+01 7.359756198085376511e-04
5.500000000000000000e+01 7.707970805888031407e-04
5.700000000000000000e+01 8.055271748824699429e-04
5.900000000000000000e+01 8.401374815022455422e-04
6.100000000000000000e+01 8.745746011834532041e-04
6.300000000000000000e+01 9.088239681634968647e-04
6.500000000000000000e+01 9.428793127810308761e-04
6.700000000000000000e+01 9.767602796363350492e-04
6.900000000000000000e+01 1.010469621501086657e-03
7.100000000000000000e+01 1.043998230354725720e-03
7.300000000000000000e+01 1.077369746612544255e-03
7.500000000000000000e+01 1.110624691070372094e-03
7.700000000000000000e+01 1.143806486752163565e-03
7.900000000000000000e+01 1.176936643793036197e-03
8.100000000000000000e+01 1.210007216367214866e-03
8.300000000000000000e+01 1.242998944670725692e-03
8.500000000000000000e+01 1.275917743207011235e-03
8.700000000000000000e+01 1.308779732507869831e-03
8.900000000000000000e+01 1.341585575845405387e-03
9.100000000000000000e+01 1.374325948963361910e-03
9.300000000000000000e+01 1.406991939161827965e-03
9.500000000000000000e+01 1.439558908630456102e-03
9.700000000000000000e+01 1.472034856322523844e-03
9.900000000000000000e+01 1.504448201637309523e-03
1.010000000000000000e+02 1.536839287921254460e-03
1.030000000000000000e+02 1.569266258698132077e-03
1.050000000000000000e+02 1.601770000273727845e-03
1.070000000000000000e+02 1.634367169653039298e-03
1.090000000000000000e+02 1.667053169620125175e-03
1.110000000000000000e+02 1.699800131955586657e-03
1.130000000000000000e+02 1.732576300014665449e-03
1.150000000000000000e+02 1.765340501116430261e-03
1.170000000000000000e+02 1.798009185634996676e-03
1.190000000000000000e+02 1.830480631147102244e-03
1.210000000000000000e+02 1.862747863098479506e-03
1.230000000000000000e+02 1.894858717274683357e-03
1.250000000000000000e+02 1.926875773603731190e-03
1.270000000000000000e+02 1.958857763403876184e-03
1.290000000000000000e+02 1.990856304304844393e-03
1.310000000000000000e+02 2.022915418198989457e-03
1.330000000000000000e+02 2.055064496015668318e-03
1.350000000000000000e+02 2.087326640172526560e-03
1.370000000000000000e+02 2.119704124671772938e-03
1.390000000000000000e+02 2.152188690707323993e-03
1.410000000000000000e+02 2.184765254073184337e-03
1.430000000000000000e+02 2.217423863735579204e-03
1.450000000000000000e+02 2.250158748099306827e-03
1.470000000000000000e+02 2.282969418487046376e-03
1.490000000000000000e+02 2.315869201471643102e-03
