1.000000000000000000e+00 2.431778273456409734e-01
3.000000000000000000e+00 2.837062394224414419e-01
5.000000000000000000e+00 3.005791636575606551e-01
7.000000000000000000e+00 3.088692687006266979e-01
9.000000000000000000e+00 3.144496233717434253e-01
1.100000000000000000e+01 3.190604318472934908e-01
1.300000000000000000e+01 3.232540517148438930e-01
1.500000000000000000e+01 3.272661129199337937e-01
1.700000000000000000e+01 3.311703054991159689e-01
1.900000000000000000e+01 3.349837352538598267e-01
2.100000000000000000e+01 3.387192966230226920e-01
2.300000000000000000e+01 3.423511972627312216e-01
2.500000000000000000e+01 3.458701485965217648e-01
2.700000000000000000e+01 3.492923849392828295e-01
2.900000000000000000e+01 3.526364832081401168e-01
3.100000000000000000e+01 3.558962701978304333e-01
3.300000000000000000e+01 3.590796290018729575e-01
3.500000000000000000e+01 3.621902977076055796e-01
3.700000000000000000e+01 3.652434951636881477e-01
3.900000000000000000e+01 3.682561909134168809e-01
4.100000000000000000e+01 3.712387741734397562e-01
4.300000000000000000e+01 3.741930469251729674e-01
4.500000000000000000e+01 3.771284479839558390e-01
4.700000000000000000e+01 3.800466145008799534e-01
4.900000000000000000e+01 3.829473682446991045e-01
5.100000000000000000e+01 3.858286725746321588e-01
5.300000000000000000e+01 3.886859691837513120e-01
5.500000000000000000e+01 3.915210229301009370e-01
5.700000000000000000e+01 3.943308159819026715e-01
5.900000000000000000e+01 3.971204479702584722e-01
6.100000000000000000e+01 3.998980266080056634e-01
6.300000000000000000e+01 4.026652011223250671e-01
6.500000000000000000e+01 4.054230741129919435e-01
6.700000000000000000e+01 4.081724218533745452e-01
6.900000000000000000e+01 4.109206056140310981e-01
7.100000000000000000e+01 4.136632708004506220e-01
7.300000000000000000e+01 4.164000688407800688e-01
7.500000000000000000e+01 4.191375764556654060e-01
7.700000000000000000e+01 4.218712284981028793e-01
7.900000000000000000e+01 4.246021491045509633e-01
8.100000000000000000e+01 4.273305797550875917e-01
8.300000000000000000e+01 4.300586613905555966e-01
8.500000000000000000e+01 4.327815219764293841e-01
8.700000000000000000e+01 4.354996731174887170e-01
8.900000000000000000e+01 4.382281113400172678e-01
9.100000000000000000e+01 4.409653530216315342e-01
9.300000000000000000e+01 4.437029531951899308e-01
9.500000000000000000e+01 4.464459894368801862e-01
9.700000000000000000e+01 4.491951795004152093e-01
9.900000000000000000e+01 4.519551743375000985e-01
1.010000000000000000e+02 4.547278937460257353e-01
1.030000000000000000e+02 4.575116634406358740e-01
1.050000000000000000e+02 4.603126195781853669e-01
1.070000000000000000e+02 4.631309269653364202e-01
1.090000000000000000e+02 4.659657720864185393e-01
1.110000000000000000e+02 4.688236119733103502e-01
1.130000000000000000e+02 4.717050557169972791e-01
1.150000000000000000e+02 4.746107464213328297e-01
1.170000000000000000e+02 4.775385272621598398e-01
1.190000000000000000e+02 4.804925261349251020e-01
1.210000000000000000e+02 4.834727542494833274e-01
1.230000000000000000e+02 4.864788242973806520e-01
1.250000000000000000e+02 4.895083503806090253e-01
1.270000000000000000e+02 4.925643485652527742e-01
1.290000000000000000e+02 4.956311986236975331e-01
1.310000000000000000e+02 4.987107936352136450e-01
1.330000000000000000e+02 5.018056543251714352e-01
1.350000000000000000e+02 5.049084896611339968e-01
1.370000000000000000e+02 5.080145142732704899e-01
1.390000000000000000e+02 5.111211221088973744e-01
1.410000000000000000e+02 5.142317243559193507e-01
1.430000000000000000e+02 5.173440655406204014e-01
1.450000000000000000e+02 5.204610621774452550e-01
1.470000000000000000e+02 5.235778244524631475e-01
1.490000000000000000e+02 5.266878389804191540e-01
