0.000000000000000000e+00 3.591599935358220819e+01 3.517310995214425162e+01 1.000000000000000000e+00 nan nan
1.000000000000000000e+00 3.591599935358220819e+01 3.517447358850802885e+01 1.000000000000000000e+00 nan nan
2.000000000000000000e+00 3.591599935358220819e+01 3.517583722487181319e+01 1.000000000000000000e+00 nan nan
3.000000000000000000e+00 3.591599935358220819e+01 3.517720086123559042e+01 1.000000000000000000e+00 nan nan
4.000000000000000000e+00 3.591599935358220819e+01 3.517856449759938187e+01 1.000000000000000000e+00 nan nan
5.000000000000000000e+00 3.591599935358220819e+01 3.517992813396315199e+01 nan 1.000000000000000000e+00 nan
6.000000000000000000e+00 3.591599935358220819e+01 3.518129177032693633e+01 nan 1.000000000000000000e+00 nan
7.000000000000000000e+00 3.591599935358221529e+01 3.518265540669071356e+01 nan 1.000000000000000000e+00 nan
8.000000000000000000e+00 3.591599935358220819e+01 3.518401904305449079e+01 nan 1.000000000000000000e+00 nan
9.000000000000000000e+00 3.591599935358220819e+01 3.518538267941828224e+01 1.000000000000000000e+00 1.000000000000000000e+00 1.000000000000000000e+00
1.000000000000000000e+01 3.591599935358220819e+01 3.518674631578205236e+01 1.000000000000000000e+00 1.000000000000000000e+00 1.000000000000000000e+00
1.100000000000000000e+01 3.591599935358220819e+01 3.518810995214583670e+01 nan 1.000000000000000000e+00 nan
1.200000000000000000e+01 3.591599935358220819e+01 3.518947358850962104e+01 nan 1.000000000000000000e+00 nan
1.300000000000000000e+01 3.591599935358220819e+01 3.519083722487339827e+01 nan 1.000000000000000000e+00 nan
1.400000000000000000e+01 3.591599935358220819e+01 3.519220086123718261e+01 nan 1.000000000000000000e+00 nan
1.500000000000000000e+01 3.591599935358220819e+01 3.519356449760096694e+01 nan 1.000000000000000000e+00 nan
1.600000000000000000e+01 3.591599935358220819e+01 3.519492813396475128e+01 nan 1.000000000000000000e+00 nan
1.700000000000000000e+01 3.591599935358220819e+01 3.519629177032853562e+01 nan 1.000000000000000000e+00 nan
1.800000000000000000e+01 3.591599935358220819e+01 3.519765540669230575e+01 nan 1.000000000000000000e+00 nan
1.900000000000000000e+01 3.591599935358220819e+01 3.519901904305608298e+01 nan 1.000000000000000000e+00 nan
2.000000000000000000e+01 3.591599935358220819e+01 3.520038267941986732e+01 nan 1.000000000000000000e+00 nan
2.100000000000000000e+01 3.591599935358221529e+01 3.520174631578365876e+01 nan 1.000000000000000000e+00 nan
2.200000000000000000e+01 3.591736298994584331e+01 3.517310995214425162e+01 1.000000000000000000e+00 nan nan
2.300000000000000000e+01 3.591736298994583620e+01 3.517447358850802885e+01 1.000000000000000000e+00 nan nan
2.400000000000000000e+01 3.591736298994584331e+01 3.517583722487181319e+01 1.000000000000000000e+00 nan nan
2.500000000000000000e+01 3.591736298994584331e+01 3.517720086123559042e+01 1.000000000000000000e+00 nan nan
2.600000000000000000e+01 3.591736298994584331e+01 3.517856449759937476e+01 1.000000000000000000e+00 1.000000000000000000e+00 1.000000000000000000e+00
2.700000000000000000e+01 3.591736298994584331e+01 3.517992813396315199e+01 1.000000000000000000e+00 1.000000000000000000e+00 1.000000000000000000e+00
2.800000000000000000e+01 3.591736298994583620e+01 3.518129177032693633e+01 nan 1.000000000000000000e+00 nan
2.900000000000000000e+01 3.591736298994584331e+01 3.518265540669071356e+01 1.000000000000000000e+00 1.000000000000000000e+00 1.000000000000000000e+00
3.000000000000000000e+01 3.591736298994584331e+01 3.518401904305449079e+01 1.000000000000000000e+00 1.000000000000000000e+00 1.000000000000000000e+00
3.100000000000000000e+01 3.591736298994583620e+01 3.518538267941828224e+01 1.000000000000000000e+00 1.000000000000000000e+00 1.000000000000000000e+00
3.200000000000000000e+01 3.591736298994584331e+01 3.518674631578205236e+01 1.000000000000000000e+00 1.000000000000000000e+00 1.000000000000000000e+00
3.300000000000000000e+01 3.591736298994584331e+01 3.518810995214583670e+01 nan 1.000000000000000000e+00 nan
3.400000000000000000e+01 3.591736298994584331e+01 3.518947358850962104e+01 1.000000000000000000e+00 1.000000000000000000e+00 1.000000000000000000e+00
3.500000000000000000e+01 3.591736298994584331e+01 3.519083722487339827e+01 nan 1.000000000000000000e+00 nan
3.600000000000000000e+01 3.591736298994584331e+01 3.519220086123717550e+01 nan 1.000000000000000000e+00 nan
3.700000000000000000e+01 3.591736298994583620e+01 3.519356449760095984e+01 nan 1.000000000000000000e+00 nan
3.800000000000000000e+01 3.591736298994584331e+01 3.519492813396475128e+01 nan 1.000000000000000000e+00 nan
3.900000000000000000e+01 3.591736298994583620e+01 3.519629177032852851e+01 nan 1.000000000000000000e+00 nan
4.000000000000000000e+01 3.591736298994584331e+01 3.519765540669229864e+01 nan 1.000000000000000000e+00 nan
4.100000000000000000e+01 3.591736298994584331e+01 3.519901904305608298e+01 nan 1.000000000000000000e+00 nan
4.200000000000000000e+01 3.591736298994583620e+01 3.520038267941986732e+01 nan 1.000000000000000000e+00 nan
4.300000000000000000e+01 3.591736298994583620e+01 3.520174631578365876e+01 nan 1.000000000000000000e+00 nan
4.400000000000000000e+01 3.591872662630948554e+01 3.517310995214424452e+01 1.000000000000000000e+00 nan nan
4.500000000000000000e+01 3.591872662630948554e+01 3.517447358850802885e+01 1.000000000000000000e+00 1.000000000000000000e+00 1.000000000000000000e+00
4.600000000000000000e+01 3.591872662630948554e+01 3.517583722487181319e+01 1.000000000000000000e+00 1.000000000000000000e+00 1.000000000000000000e+00
4.700000000000000000e+01 3.591872662630948554e+01 3.517720086123559042e+01 1.000000000000000000e+00 1.000000000000000000e+00 1.000000000000000000e+00
4.800000000000000000e+01 3.591872662630948554e+01 3.517856449759938187e+01 1.000000000000000000e+00 1.000000000000000000e+00 1.000000000000000000e+00
4.900000000000000000e+01 3.591872662630949264e+01 3.517992813396315199e+01 1.000000000000000000e+00 1.000000000000000000e+00 1.000000000000000000e+00
5.000000000000000000e+01 3.591872662630948554e+01 3.518129177032693633e+01 1.000000000000000000e+00 1.000000000000000000e+00 1.000000000000000000e+00
5.100000000000000000e+01 3.591872662630948554e+01 3.518265540669071356e+01 1.000000000000000000e+00 1.000000000000000000e+00 1.000000000000000000e+00
5.200000000000000000e+01 3.591872662630948554e+01 3.518401904305450500e+01 1.000000000000000000e+00 1.000000000000000000e+00 1.000000000000000000e+00
5.300000000000000000e+01 3.591872662630948554e+01 3.518538267941827513e+01 1.000000000000000000e+00 1.000000000000000000e+00 1.000000000000000000e+00
5.400000000000000000e+01 3.591872662630948554e+01 3.518674631578205236e+01 1.000000000000000000e+00 1.000000000000000000e+00 1.000000000000000000e+00
5.500000000000000000e+01 3.591872662630949264e+01 3.518810995214582960e+01 1.000000000000000000e+00 1.000000000000000000e+00 1.000000000000000000e+00
5.600000000000000000e+01 3.591872662630948554e+01 3.518947358850962104e+01 nan 1.000000000000000000e+00 nan
5.700000000000000000e+01 3.591872662630948554e+01 3.519083722487339116e+01 nan 1.000000000000000000e+00 nan
5.800000000000000000e+01 3.591872662630949264e+01 3.519220086123717550e+01 nan 1.000000000000000000e+00 nan
5.900000000000000000e+01 3.591872662630948554e+01 3.519356449760095984e+01 nan 1.000000000000000000e+00 nan
6.000000000000000000e+01 3.591872662630948554e+01 3.519492813396474418e+01 nan 1.000000000000000000e+00 nan
6.100000000000000000e+01 3.591872662630949264e+01 3.519629177032852851e+01 nan 1.000000000000000000e+00 nan
6.200000000000000000e+01 3.591872662630948554e+01 3.519765540669230575e+01 nan 1.000000000000000000e+00 nan
6.300000000000000000e+01 3.591872662630948554e+01 3.519901904305608298e+01 nan 1.000000000000000000e+00 nan
6.400000000000000000e+01 3.591872662630949264e+01 3.520038267941986732e+01 nan 1.000000000000000000e+00 nan
6.500000000000000000e+01 3.591872662630948554e+01 3.520174631578365165e+01 nan 1.000000000000000000e+00 nan
6.600000000000000000e+01 3.592009026267312066e+01 3.517310995214425162e+01 nan nan nan
6.700000000000000000e+01 3.592009026267312066e+01 3.517447358850802885e+01 1.000000000000000000e+00 1.000000000000000000e+00 1.000000000000000000e+00
6.800000000000000000e+01 3.592009026267312066e+01 3.517583722487181319e+01 1.000000000000000000e+00 1.000000000000000000e+00 1.000000000000000000e+00
6.900000000000000000e+01 3.592009026267312066e+01 3.517720086123559042e+01 1.000000000000000000e+00 1.000000000000000000e+00 1.000000000000000000e+00
7.000000000000000000e+01 3.592009026267312777e+01 3.517856449759937476e+01 1.000000000000000000e+00 1.000000000000000000e+00 1.000000000000000000e+00
7.100000000000000000e+01 3.592009026267312066e+01 3.517992813396315199e+01 1.000000000000000000e+00 1.000000000000000000e+00 1.000000000000000000e+00
7.200000000000000000e+01 3.592009026267312777e+01 3.518129177032693633e+01 1.000000000000000000e+00 1.000000000000000000e+00 1.000000000000000000e+00
7.300000000000000000e+01 3.592009026267312066e+01 3.518265540669071356e+01 1.000000000000000000e+00 1.000000000000000000e+00 1.000000000000000000e+00
7.400000000000000000e+01 3.592009026267312777e+01 3.518401904305449079e+01 1.000000000000000000e+00 1.000000000000000000e+00 1.000000000000000000e+00
7.500000000000000000e+01 3.592009026267312066e+01 3.518538267941828224e+01 1.000000000000000000e+00 1.000000000000000000e+00 1.000000000000000000e+00
7.600000000000000000e+01 3.592009026267312066e+01 3.518674631578205236e+01 1.000000000000000000e+00 1.000000000000000000e+00 1.000000000000000000e+00
7.700000000000000000e+01 3.592009026267312066e+01 3.518810995214583670e+01 1.000000000000000000e+00 1.000000000000000000e+00 1.000000000000000000e+00
7.800000000000000000e+01 3.592009026267311356e+01 3.518947358850962104e+01 1.000000000000000000e+00 1.000000000000000000e+00 1.000000000000000000e+00
7.900000000000000000e+01 3.592009026267312066e+01 3.519083722487339827e+01 nan 1.000000000000000000e+00 nan
8.000000000000000000e+01 3.592009026267312066e+01 3.519220086123717550e+01 1.000000000000000000e+00 1.000000000000000000e+00 1.000000000000000000e+00
8.100000000000000000e+01 3.592009026267312777e+01 3.519356449760095984e+01 nan 1.000000000000000000e+00 nan
8.200000000000000000e+01 3.592009026267312777e+01 3.519492813396475128e+01 nan 1.000000000000000000e+00 nan
8.300000000000000000e+01 3.592009026267311356e+01 3.519629177032852851e+01 nan 1.000000000000000000e+00 nan
8.400000000000000000e+01 3.592009026267312777e+01 3.519765540669229864e+01 nan 1.000000000000000000e+00 nan
8.500000000000000000e+01 3.592009026267312777e+01 3.519901904305608298e+01 nan 1.000000000000000000e+00 nan
8.600000000000000000e+01 3.592009026267312066e+01 3.520038267941986732e+01 nan 1.000000000000000000e+00 nan
8.700000000000000000e+01 3.592009026267311356e+01 3.520174631578365876e+01 nan 1.000000000000000000e+00 nan
8.800000000000000000e+01 3.592145389903675579e+01 3.517310995214424452e+01 nan 1.000000000000000000e+00 nan
8.900000000000000000e+01 3.592145389903675579e+01 3.517447358850802885e+01 nan 1.000000000000000000e+00 nan
9.000000000000000000e+01 3.592145389903675579e+01 3.517583722487180609e+01 1.000000000000000000e+00 1.000000000000000000e+00 1.000000000000000000e+00
9.100000000000000000e+01 3.592145389903675579e+01 3.517720086123559042e+01 1.000000000000000000e+00 1.000000000000000000e+00 1.000000000000000000e+00
9.200000000000000000e+01 3.592145389903675579e+01 3.517856449759938187e+01 1.000000000000000000e+00 1.000000000000000000e+00 1.000000000000000000e+00
9.300000000000000000e+01 3.592145389903675579e+01 3.517992813396315199e+01 1.000000000000000000e+00 1.000000000000000000e+00 1.000000000000000000e+00
9.400000000000000000e+01 3.592145389903675579e+01 3.518129177032693633e+01 1.000000000000000000e+00 1.000000000000000000e+00 1.000000000000000000e+00
9.500000000000000000e+01 3.592145389903676289e+01 3.518265540669071356e+01 1.000000000000000000e+00 1.000000000000000000e+00 1.000000000000000000e+00
9.600000000000000000e+01 3.592145389903676289e+01 3.518401904305450500e+01 1.000000000000000000e+00 1.000000000000000000e+00 1.000000000000000000e+00
9.700000000000000000e+01 3.592145389903675579e+01 3.518538267941828224e+01 1.000000000000000000e+00 1.000000000000000000e+00 1.000000000000000000e+00
9.800000000000000000e+01 3.592145389903675579e+01 3.518674631578205236e+01 1.000000000000000000e+00 1.000000000000000000e+00 1.000000000000000000e+00
9.900000000000000000e+01 3.592145389903676289e+01 3.518810995214583670e+01 1.000000000000000000e+00 1.000000000000000000e+00 1.000000000000000000e+00
1.000000000000000000e+02 3.592145389903675579e+01 3.518947358850962104e+01 1.000000000000000000e+00 1.000000000000000000e+00 1.000000000000000000e+00
1.010000000000000000e+02 3.592145389903675579e+01 3.519083722487339116e+01 1.000000000000000000e+00 1.000000000000000000e+00 1.000000000000000000e+00
1.020000000000000000e+02 3.592145389903675579e+01 3.519220086123718261e+01 1.000000000000000000e+00 1.000000000000000000e+00 1.000000000000000000e+00
1.030000000000000000e+02 3.592145389903676289e+01 3.519356449760095984e+01 1.000000000000000000e+00 1.000000000000000000e+00 1.000000000000000000e+00
1.040000000000000000e+02 3.592145389903675579e+01 3.519492813396475128e+01 nan 1.000000000000000000e+00 nan
1.050000000000000000e+02 3.592145389903675579e+01 3.519629177032852851e+01 nan 1.000000000000000000e+00 nan
1.060000000000000000e+02 3.592145389903675579e+01 3.519765540669229864e+01 1.000000000000000000e+00 1.000000000000000000e+00 1.000000000000000000e+00
1.070000000000000000e+02 3.592145389903675579e+01 3.519901904305608298e+01 nan 1.000000000000000000e+00 nan
1.080000000000000000e+02 3.592145389903675579e+01 3.520038267941986732e+01 nan 1.000000000000000000e+00 nan
1.090000000000000000e+02 3.592145389903675579e+01 3.520174631578365876e+01 nan 1.000000000000000000e+00 nan
1.100000000000000000e+02 3.592281753540039091e+01 3.517310995214424452e+01 nan 1.000000000000000000e+00 nan
1.110000000000000000e+02 3.592281753540039801e+01 3.517447358850802885e+01 nan 1.000000000000000000e+00 nan
1.120000000000000000e+02 3.592281753540039091e+01 3.517583722487180609e+01 nan 1.000000000000000000e+00 nan
1.130000000000000000e+02 3.592281753540039091e+01 3.517720086123559042e+01 1.000000000000000000e+00 1.000000000000000000e+00 1.000000000000000000e+00
1.140000000000000000e+02 3.592281753540039801e+01 3.517856449759938187e+01 1.000000000000000000e+00 1.000000000000000000e+00 1.000000000000000000e+00
1.150000000000000000e+02 3.592281753540039801e+01 3.517992813396315199e+01 nan 1.000000000000000000e+00 nan
1.160000000000000000e+02 3.592281753540039801e+01 3.518129177032693633e+01 1.000000000000000000e+00 1.000000000000000000e+00 1.000000000000000000e+00
1.170000000000000000e+02 3.592281753540039801e+01 3.518265540669071356e+01 1.000000000000000000e+00 1.000000000000000000e+00 1.000000000000000000e+00
1.180000000000000000e+02 3.592281753540039801e+01 3.518401904305450500e+01 1.000000000000000000e+00 1.000000000000000000e+00 1.000000000000000000e+00
1.190000000000000000e+02 3.592281753540039801e+01 3.518538267941828224e+01 1.000000000000000000e+00 1.000000000000000000e+00 1.000000000000000000e+00
1.200000000000000000e+02 3.592281753540039801e+01 3.518674631578205236e+01 1.000000000000000000e+00 1.000000000000000000e+00 1.000000000000000000e+00
1.210000000000000000e+02 3.592281753540039801e+01 3.518810995214583670e+01 1.000000000000000000e+00 1.000000000000000000e+00 1.000000000000000000e+00
1.220000000000000000e+02 3.592281753540039091e+01 3.518947358850962104e+01 1.000000000000000000e+00 1.000000000000000000e+00 1.000000000000000000e+00
1.230000000000000000e+02 3.592281753540039091e+01 3.519083722487339116e+01 1.000000000000000000e+00 1.000000000000000000e+00 1.000000000000000000e+00
1.240000000000000000e+02 3.592281753540039091e+01 3.519220086123718261e+01 1.000000000000000000e+00 1.000000000000000000e+00 1.000000000000000000e+00
1.250000000000000000e+02 3.592281753540039091e+01 3.519356449760095984e+01 1.000000000000000000e+00 1.000000000000000000e+00 1.000000000000000000e+00
1.260000000000000000e+02 3.592281753540039801e+01 3.519492813396475128e+01 nan 1.000000000000000000e+00 nan
1.270000000000000000e+02 3.592281753540039091e+01 3.519629177032852851e+01 nan 1.000000000000000000e+00 nan
1.280000000000000000e+02 3.592281753540039801e+01 3.519765540669229864e+01 1.000000000000000000e+00 1.000000000000000000e+00 1.000000000000000000e+00
1.290000000000000000e+02 3.592281753540039091e+01 3.519901904305608298e+01 nan 1.000000000000000000e+00 nan
1.300000000000000000e+02 3.592281753540039801e+01 3.520038267941986732e+01 nan 1.000000000000000000e+00 nan
1.310000000000000000e+02 3.592281753540039091e+01 3.520174631578365876e+01 nan 1.000000000000000000e+00 nan
1.320000000000000000e+02 3.592418117176402603e+01 3.517310995214424452e+01 nan nan nan
1.330000000000000000e+02 3.592418117176402603e+01 3.517447358850802885e+01 nan nan nan
1.340000000000000000e+02 3.592418117176402603e+01 3.517583722487180609e+01 nan 1.000000000000000000e+00 nan
1.350000000000000000e+02 3.592418117176403314e+01 3.517720086123559042e+01 nan 1.000000000000000000e+00 nan
1.360000000000000000e+02 3.592418117176403314e+01 3.517856449759938187e+01 1.000000000000000000e+00 1.000000000000000000e+00 1.000000000000000000e+00
1.370000000000000000e+02 3.592418117176403314e+01 3.517992813396315199e+01 nan 1.000000000000000000e+00 nan
1.380000000000000000e+02 3.592418117176402603e+01 3.518129177032693633e+01 1.000000000000000000e+00 1.000000000000000000e+00 1.000000000000000000e+00
1.390000000000000000e+02 3.592418117176402603e+01 3.518265540669071356e+01 nan 1.000000000000000000e+00 nan
1.400000000000000000e+02 3.592418117176402603e+01 3.518401904305450500e+01 1.000000000000000000e+00 1.000000000000000000e+00 1.000000000000000000e+00
1.410000000000000000e+02 3.592418117176402603e+01 3.518538267941828224e+01 1.000000000000000000e+00 1.000000000000000000e+00 1.000000000000000000e+00
1.420000000000000000e+02 3.592418117176402603e+01 3.518674631578205236e+01 1.000000000000000000e+00 1.000000000000000000e+00 1.000000000000000000e+00
1.430000000000000000e+02 3.592418117176403314e+01 3.518810995214583670e+01 1.000000000000000000e+00 1.000000000000000000e+00 1.000000000000000000e+00
1.440000000000000000e+02 3.592418117176402603e+01 3.518947358850962104e+01 1.000000000000000000e+00 1.000000000000000000e+00 1.000000000000000000e+00
1.450000000000000000e+02 3.592418117176402603e+01 3.519083722487339116e+01 1.000000000000000000e+00 1.000000000000000000e+00 1.000000000000000000e+00
1.460000000000000000e+02 3.592418117176402603e+01 3.519220086123718261e+01 1.000000000000000000e+00 1.000000000000000000e+00 1.000000000000000000e+00
1.470000000000000000e+02 3.592418117176402603e+01 3.519356449760095984e+01 1.000000000000000000e+00 1.000000000000000000e+00 1.000000000000000000e+00
1.480000000000000000e+02 3.592418117176403314e+01 3.519492813396475128e+01 1.000000000000000000e+00 1.000000000000000000e+00 1.000000000000000000e+00
1.490000000000000000e+02 3.592418117176402603e+01 3.519629177032852851e+01 nan 1.000000000000000000e+00 nan
1.500000000000000000e+02 3.592418117176402603e+01 3.519765540669229864e+01 1.000000000000000000e+00 1.000000000000000000e+00 1.000000000000000000e+00
1.510000000000000000e+02 3.592418117176402603e+01 3.519901904305608298e+01 nan 1.000000000000000000e+00 nan
1.520000000000000000e+02 3.592418117176402603e+01 3.520038267941986732e+01 nan 1.000000000000000000e+00 nan
1.530000000000000000e+02 3.592418117176403314e+01 3.520174631578365876e+01 nan 1.000000000000000000e+00 nan
1.540000000000000000e+02 3.592554480812766116e+01 3.517310995214425162e+01 nan nan nan
1.550000000000000000e+02 3.592554480812766116e+01 3.517447358850802885e+01 nan nan nan
1.560000000000000000e+02 3.592554480812766116e+01 3.517583722487181319e+01 nan nan nan
1.570000000000000000e+02 3.592554480812766116e+01 3.517720086123559042e+01 nan 1.000000000000000000e+00 nan
1.580000000000000000e+02 3.592554480812766116e+01 3.517856449759937476e+01 nan 1.000000000000000000e+00 nan
1.590000000000000000e+02 3.592554480812766116e+01 3.517992813396315199e+01 nan 1.000000000000000000e+00 nan
1.600000000000000000e+02 3.592554480812766116e+01 3.518129177032693633e+01 1.000000000000000000e+00 1.000000000000000000e+00 1.000000000000000000e+00
1.610000000000000000e+02 3.592554480812766826e+01 3.518265540669071356e+01 1.000000000000000000e+00 1.000000000000000000e+00 1.000000000000000000e+00
1.620000000000000000e+02 3.592554480812766116e+01 3.518401904305449079e+01 1.000000000000000000e+00 1.000000000000000000e+00 1.000000000000000000e+00
1.630000000000000000e+02 3.592554480812766116e+01 3.518538267941828224e+01 nan 1.000000000000000000e+00 nan
1.640000000000000000e+02 3.592554480812766116e+01 3.518674631578205236e+01 1.000000000000000000e+00 1.000000000000000000e+00 1.000000000000000000e+00
1.650000000000000000e+02 3.592554480812766116e+01 3.518810995214583670e+01 1.000000000000000000e+00 1.000000000000000000e+00 1.000000000000000000e+00
1.660000000000000000e+02 3.592554480812766826e+01 3.518947358850962104e+01 1.000000000000000000e+00 1.000000000000000000e+00 1.000000000000000000e+00
1.670000000000000000e+02 3.592554480812766116e+01 3.519083722487339827e+01 1.000000000000000000e+00 1.000000000000000000e+00 1.000000000000000000e+00
1.680000000000000000e+02 3.592554480812766116e+01 3.519220086123717550e+01 nan 1.000000000000000000e+00 nan
1.690000000000000000e+02 3.592554480812766116e+01 3.519356449760095984e+01 1.000000000000000000e+00 1.000000000000000000e+00 1.000000000000000000e+00
1.700000000000000000e+02 3.592554480812766116e+01 3.519492813396475128e+01 nan 1.000000000000000000e+00 nan
1.710000000000000000e+02 3.592554480812766116e+01 3.519629177032852851e+01 1.000000000000000000e+00 1.000000000000000000e+00 1.000000000000000000e+00
1.720000000000000000e+02 3.592554480812766116e+01 3.519765540669229864e+01 1.000000000000000000e+00 1.000000000000000000e+00 1.000000000000000000e+00
1.730000000000000000e+02 3.592554480812766116e+01 3.519901904305608298e+01 1.000000000000000000e+00 1.000000000000000000e+00 1.000000000000000000e+00
1.740000000000000000e+02 3.592554480812766116e+01 3.520038267941986732e+01 nan 1.000000000000000000e+00 nan
1.750000000000000000e+02 3.592554480812766116e+01 3.520174631578365876e+01 nan 1.000000000000000000e+00 nan
1.760000000000000000e+02 3.592690844449129628e+01 3.517310995214424452e+01 nan nan nan
1.770000000000000000e+02 3.592690844449130338e+01 3.517447358850802885e+01 nan nan nan
1.780000000000000000e+02 3.592690844449129628e+01 3.517583722487181319e+01 nan nan nan
1.790000000000000000e+02 3.592690844449129628e+01 3.517720086123559042e+01 nan nan nan
1.800000000000000000e+02 3.592690844449129628e+01 3.517856449759938187e+01 nan nan nan
1.810000000000000000e+02 3.592690844449129628e+01 3.517992813396315199e+01 nan 1.000000000000000000e+00 nan
1.820000000000000000e+02 3.592690844449129628e+01 3.518129177032693633e+01 nan 1.000000000000000000e+00 nan
1.830000000000000000e+02 3.592690844449130338e+01 3.518265540669071356e+01 1.000000000000000000e+00 1.000000000000000000e+00 1.000000000000000000e+00
1.840000000000000000e+02 3.592690844449129628e+01 3.518401904305450500e+01 nan 1.000000000000000000e+00 nan
1.850000000000000000e+02 3.592690844449129628e+01 3.518538267941827513e+01 1.000000000000000000e+00 1.000000000000000000e+00 1.000000000000000000e+00
1.860000000000000000e+02 3.592690844449130338e+01 3.518674631578205236e+01 1.000000000000000000e+00 1.000000000000000000e+00 1.000000000000000000e+00
1.870000000000000000e+02 3.592690844449129628e+01 3.518810995214582960e+01 1.000000000000000000e+00 1.000000000000000000e+00 1.000000000000000000e+00
1.880000000000000000e+02 3.592690844449129628e+01 3.518947358850962104e+01 1.000000000000000000e+00 1.000000000000000000e+00 1.000000000000000000e+00
1.890000000000000000e+02 3.592690844449129628e+01 3.519083722487339116e+01 1.000000000000000000e+00 1.000000000000000000e+00 1.000000000000000000e+00
1.900000000000000000e+02 3.592690844449130338e+01 3.519220086123717550e+01 1.000000000000000000e+00 1.000000000000000000e+00 1.000000000000000000e+00
1.910000000000000000e+02 3.592690844449129628e+01 3.519356449760095984e+01 nan 1.000000000000000000e+00 nan
1.920000000000000000e+02 3.592690844449130338e+01 3.519492813396474418e+01 1.000000000000000000e+00 1.000000000000000000e+00 1.000000000000000000e+00
1.930000000000000000e+02 3.592690844449129628e+01 3.519629177032852851e+01 1.000000000000000000e+00 1.000000000000000000e+00 1.000000000000000000e+00
1.940000000000000000e+02 3.592690844449129628e+01 3.519765540669230575e+01 1.000000000000000000e+00 1.000000000000000000e+00 1.000000000000000000e+00
1.950000000000000000e+02 3.592690844449129628e+01 3.519901904305608298e+01 nan 1.000000000000000000e+00 nan
1.960000000000000000e+02 3.592690844449129628e+01 3.520038267941986732e+01 nan 1.000000000000000000e+00 nan
1.970000000000000000e+02 3.592690844449129628e+01 3.520174631578365165e+01 nan 1.000000000000000000e+00 nan
1.980000000000000000e+02 3.592827208085493851e+01 3.517310995214425162e+01 nan nan nan
1.990000000000000000e+02 3.592827208085493140e+01 3.517447358850802885e+01 nan nan nan
2.000000000000000000e+02 3.592827208085493851e+01 3.517583722487181319e+01 nan nan nan
2.010000000000000000e+02 3.592827208085494561e+01 3.517720086123559042e+01 nan nan nan
2.020000000000000000e+02 3.592827208085493851e+01 3.517856449759937476e+01 nan nan nan
2.030000000000000000e+02 3.592827208085493851e+01 3.517992813396315199e+01 nan nan nan
2.040000000000000000e+02 3.592827208085494561e+01 3.518129177032693633e+01 nan 1.000000000000000000e+00 nan
2.050000000000000000e+02 3.592827208085493851e+01 3.518265540669071356e+01 nan 1.000000000000000000e+00 nan
2.060000000000000000e+02 3.592827208085493140e+01 3.518401904305449079e+01 nan 1.000000000000000000e+00 nan
2.070000000000000000e+02 3.592827208085494561e+01 3.518538267941828224e+01 1.000000000000000000e+00 1.000000000000000000e+00 1.000000000000000000e+00
2.080000000000000000e+02 3.592827208085493851e+01 3.518674631578205236e+01 1.000000000000000000e+00 1.000000000000000000e+00 1.000000000000000000e+00
2.090000000000000000e+02 3.592827208085493851e+01 3.518810995214583670e+01 1.000000000000000000e+00 1.000000000000000000e+00 1.000000000000000000e+00
2.100000000000000000e+02 3.592827208085493851e+01 3.518947358850962104e+01 1.000000000000000000e+00 1.000000000000000000e+00 1.000000000000000000e+00
2.110000000000000000e+02 3.592827208085493140e+01 3.519083722487339827e+01 1.000000000000000000e+00 1.000000000000000000e+00 1.000000000000000000e+00
2.120000000000000000e+02 3.592827208085493140e+01 3.519220086123717550e+01 1.000000000000000000e+00 1.000000000000000000e+00 1.000000000000000000e+00
2.130000000000000000e+02 3.592827208085493140e+01 3.519356449760095984e+01 1.000000000000000000e+00 1.000000000000000000e+00 1.000000000000000000e+00
2.140000000000000000e+02 3.592827208085493851e+01 3.519492813396475128e+01 1.000000000000000000e+00 1.000000000000000000e+00 1.000000000000000000e+00
2.150000000000000000e+02 3.592827208085493140e+01 3.519629177032852851e+01 1.000000000000000000e+00 1.000000000000000000e+00 1.000000000000000000e+00
2.160000000000000000e+02 3.592827208085493140e+01 3.519765540669229864e+01 nan 1.000000000000000000e+00 nan
2.170000000000000000e+02 3.592827208085493140e+01 3.519901904305608298e+01 1.000000000000000000e+00 1.000000000000000000e+00 1.000000000000000000e+00
2.180000000000000000e+02 3.592827208085493851e+01 3.520038267941986732e+01 1.000000000000000000e+00 1.000000000000000000e+00 1.000000000000000000e+00
2.190000000000000000e+02 3.592827208085493140e+01 3.520174631578365876e+01 nan 1.000000000000000000e+00 nan
2.200000000000000000e+02 3.592963571721858074e+01 3.517310995214425162e+01 nan nan nan
2.210000000000000000e+02 3.592963571721858074e+01 3.517447358850802885e+01 nan nan nan
2.220000000000000000e+02 3.592963571721858074e+01 3.517583722487181319e+01 nan nan nan
2.230000000000000000e+02 3.592963571721858074e+01 3.517720086123559042e+01 nan nan nan
2.240000000000000000e+02 3.592963571721858074e+01 3.517856449759938187e+01 nan nan nan
2.250000000000000000e+02 3.592963571721858074e+01 3.517992813396315199e+01 nan nan nan
2.260000000000000000e+02 3.592963571721858074e+01 3.518129177032693633e+01 nan 1.000000000000000000e+00 nan
2.270000000000000000e+02 3.592963571721857363e+01 3.518265540669071356e+01 nan 1.000000000000000000e+00 nan
2.280000000000000000e+02 3.592963571721857363e+01 3.518401904305449079e+01 nan 1.000000000000000000e+00 nan
2.290000000000000000e+02 3.592963571721858074e+01 3.518538267941828224e+01 nan 1.000000000000000000e+00 nan
2.300000000000000000e+02 3.592963571721858074e+01 3.518674631578205236e+01 nan 1.000000000000000000e+00 nan
2.310000000000000000e+02 3.592963571721858074e+01 3.518810995214583670e+01 nan 1.000000000000000000e+00 nan
2.320000000000000000e+02 3.592963571721857363e+01 3.518947358850962104e+01 1.000000000000000000e+00 1.000000000000000000e+00 1.000000000000000000e+00
2.330000000000000000e+02 3.592963571721858074e+01 3.519083722487339827e+01 1.000000000000000000e+00 1.000000000000000000e+00 1.000000000000000000e+00
2.340000000000000000e+02 3.592963571721858074e+01 3.519220086123718261e+01 1.000000000000000000e+00 1.000000000000000000e+00 1.000000000000000000e+00
2.350000000000000000e+02 3.592963571721857363e+01 3.519356449760096694e+01 1.000000000000000000e+00 1.000000000000000000e+00 1.000000000000000000e+00
2.360000000000000000e+02 3.592963571721858074e+01 3.519492813396475128e+01 1.000000000000000000e+00 1.000000000000000000e+00 1.000000000000000000e+00
2.370000000000000000e+02 3.592963571721857363e+01 3.519629177032853562e+01 1.000000000000000000e+00 1.000000000000000000e+00 1.000000000000000000e+00
2.380000000000000000e+02 3.592963571721857363e+01 3.519765540669230575e+01 1.000000000000000000e+00 1.000000000000000000e+00 1.000000000000000000e+00
2.390000000000000000e+02 3.592963571721858074e+01 3.519901904305608298e+01 nan 1.000000000000000000e+00 nan
2.400000000000000000e+02 3.592963571721858074e+01 3.520038267941986732e+01 1.000000000000000000e+00 1.000000000000000000e+00 1.000000000000000000e+00
2.410000000000000000e+02 3.592963571721858074e+01 3.520174631578365876e+01 nan 1.000000000000000000e+00 nan
2.420000000000000000e+02 3.593099935358220876e+01 3.517310995214425162e+01 nan nan nan
2.430000000000000000e+02 3.593099935358221586e+01 3.517447358850802885e+01 nan nan nan
2.440000000000000000e+02 3.593099935358220876e+01 3.517583722487181319e+01 nan nan nan
2.450000000000000000e+02 3.593099935358221586e+01 3.517720086123559042e+01 nan nan nan
2.460000000000000000e+02 3.593099935358220165e+01 3.517856449759937476e+01 nan nan nan
2.470000000000000000e+02 3.593099935358220876e+01 3.517992813396315199e+01 nan nan nan
2.480000000000000000e+02 3.593099935358220876e+01 3.518129177032693633e+01 nan 1.000000000000000000e+00 nan
2.490000000000000000e+02 3.593099935358221586e+01 3.518265540669071356e+01 nan 1.000000000000000000e+00 nan
2.500000000000000000e+02 3.593099935358221586e+01 3.518401904305449079e+01 1.000000000000000000e+00 1.000000000000000000e+00 1.000000000000000000e+00
2.510000000000000000e+02 3.593099935358220876e+01 3.518538267941828224e+01 nan 1.000000000000000000e+00 nan
2.520000000000000000e+02 3.593099935358221586e+01 3.518674631578205236e+01 nan 1.000000000000000000e+00 nan
2.530000000000000000e+02 3.593099935358220876e+01 3.518810995214583670e+01 nan 1.000000000000000000e+00 nan
2.540000000000000000e+02 3.593099935358220876e+01 3.518947358850962104e+01 1.000000000000000000e+00 1.000000000000000000e+00 1.000000000000000000e+00
2.550000000000000000e+02 3.593099935358220165e+01 3.519083722487339827e+01 1.000000000000000000e+00 1.000000000000000000e+00 1.000000000000000000e+00
2.560000000000000000e+02 3.593099935358220165e+01 3.519220086123717550e+01 1.000000000000000000e+00 1.000000000000000000e+00 1.000000000000000000e+00
2.570000000000000000e+02 3.593099935358220876e+01 3.519356449760095984e+01 1.000000000000000000e+00 1.000000000000000000e+00 1.000000000000000000e+00
2.580000000000000000e+02 3.593099935358220876e+01 3.519492813396475128e+01 1.000000000000000000e+00 1.000000000000000000e+00 1.000000000000000000e+00
2.590000000000000000e+02 3.593099935358221586e+01 3.519629177032852851e+01 1.000000000000000000e+00 1.000000000000000000e+00 1.000000000000000000e+00
2.600000000000000000e+02 3.593099935358220876e+01 3.519765540669229864e+01 1.000000000000000000e+00 1.000000000000000000e+00 1.000000000000000000e+00
2.610000000000000000e+02 3.593099935358220876e+01 3.519901904305608298e+01 1.000000000000000000e+00 1.000000000000000000e+00 1.000000000000000000e+00
2.620000000000000000e+02 3.593099935358220876e+01 3.520038267941986732e+01 nan 1.000000000000000000e+00 nan
2.630000000000000000e+02 3.593099935358221586e+01 3.520174631578365876e+01 1.000000000000000000e+00 1.000000000000000000e+00 1.000000000000000000e+00
2.640000000000000000e+02 3.593236298994584388e+01 3.517310995214425162e+01 nan nan nan
2.650000000000000000e+02 3.593236298994583677e+01 3.517447358850802885e+01 nan nan nan
2.660000000000000000e+02 3.593236298994584388e+01 3.517583722487181319e+01 nan nan nan
2.670000000000000000e+02 3.593236298994585098e+01 3.517720086123559042e+01 nan nan nan
2.680000000000000000e+02 3.593236298994584388e+01 3.517856449759937476e+01 nan nan nan
2.690000000000000000e+02 3.593236298994584388e+01 3.517992813396315199e+01 nan nan nan
2.700000000000000000e+02 3.593236298994583677e+01 3.518129177032693633e+01 nan nan nan
2.710000000000000000e+02 3.593236298994584388e+01 3.518265540669071356e+01 nan 1.000000000000000000e+00 nan
2.720000000000000000e+02 3.593236298994583677e+01 3.518401904305449079e+01 nan 1.000000000000000000e+00 nan
2.730000000000000000e+02 3.593236298994585098e+01 3.518538267941828224e+01 nan 1.000000000000000000e+00 nan
2.740000000000000000e+02 3.593236298994584388e+01 3.518674631578205236e+01 nan 1.000000000000000000e+00 nan
2.750000000000000000e+02 3.593236298994584388e+01 3.518810995214583670e+01 nan 1.000000000000000000e+00 nan
2.760000000000000000e+02 3.593236298994584388e+01 3.518947358850962104e+01 1.000000000000000000e+00 1.000000000000000000e+00 1.000000000000000000e+00
2.770000000000000000e+02 3.593236298994584388e+01 3.519083722487339827e+01 nan 1.000000000000000000e+00 nan
2.780000000000000000e+02 3.593236298994584388e+01 3.519220086123717550e+01 1.000000000000000000e+00 1.000000000000000000e+00 1.000000000000000000e+00
2.790000000000000000e+02 3.593236298994584388e+01 3.519356449760095984e+01 1.000000000000000000e+00 1.000000000000000000e+00 1.000000000000000000e+00
2.800000000000000000e+02 3.593236298994584388e+01 3.519492813396475128e+01 1.000000000000000000e+00 1.000000000000000000e+00 1.000000000000000000e+00
2.810000000000000000e+02 3.593236298994585098e+01 3.519629177032852851e+01 1.000000000000000000e+00 1.000000000000000000e+00 1.000000000000000000e+00
2.820000000000000000e+02 3.593236298994584388e+01 3.519765540669229864e+01 1.000000000000000000e+00 1.000000000000000000e+00 1.000000000000000000e+00
2.830000000000000000e+02 3.593236298994583677e+01 3.519901904305608298e+01 nan 1.000000000000000000e+00 nan
2.840000000000000000e+02 3.593236298994585098e+01 3.520038267941986732e+01 1.000000000000000000e+00 1.000000000000000000e+00 1.000000000000000000e+00
2.850000000000000000e+02 3.593236298994584388e+01 3.520174631578365876e+01 nan nan nan
2.860000000000000000e+02 3.593372662630947900e+01 3.517310995214425162e+01 nan nan nan
2.870000000000000000e+02 3.593372662630947900e+01 3.517447358850802885e+01 nan nan nan
2.880000000000000000e+02 3.593372662630948611e+01 3.517583722487181319e+01 nan nan nan
2.890000000000000000e+02 3.593372662630948611e+01 3.517720086123559042e+01 nan nan nan
2.900000000000000000e+02 3.593372662630947900e+01 3.517856449759938187e+01 nan nan nan
2.910000000000000000e+02 3.593372662630947900e+01 3.517992813396315199e+01 nan nan nan
2.920000000000000000e+02 3.593372662630947900e+01 3.518129177032693633e+01 nan nan nan
2.930000000000000000e+02 3.593372662630947900e+01 3.518265540669071356e+01 nan 1.000000000000000000e+00 nan
2.940000000000000000e+02 3.593372662630947900e+01 3.518401904305449079e+01 nan 1.000000000000000000e+00 nan
2.950000000000000000e+02 3.593372662630947900e+01 3.518538267941828224e+01 nan nan nan
2.960000000000000000e+02 3.593372662630947900e+01 3.518674631578205236e+01 nan 1.000000000000000000e+00 nan
2.970000000000000000e+02 3.593372662630947900e+01 3.518810995214583670e+01 1.000000000000000000e+00 nan nan
2.980000000000000000e+02 3.593372662630947900e+01 3.518947358850962104e+01 1.000000000000000000e+00 nan nan
2.990000000000000000e+02 3.593372662630948611e+01 3.519083722487339827e+01 nan nan nan
3.000000000000000000e+02 3.593372662630947900e+01 3.519220086123718261e+01 1.000000000000000000e+00 1.000000000000000000e+00 1.000000000000000000e+00
3.010000000000000000e+02 3.593372662630947900e+01 3.519356449760096694e+01 nan 1.000000000000000000e+00 nan
3.020000000000000000e+02 3.593372662630948611e+01 3.519492813396475128e+01 1.000000000000000000e+00 nan nan
3.030000000000000000e+02 3.593372662630947900e+01 3.519629177032853562e+01 1.000000000000000000e+00 1.000000000000000000e+00 1.000000000000000000e+00
3.040000000000000000e+02 3.593372662630948611e+01 3.519765540669230575e+01 nan 1.000000000000000000e+00 nan
3.050000000000000000e+02 3.593372662630948611e+01 3.519901904305608298e+01 nan 1.000000000000000000e+00 nan
3.060000000000000000e+02 3.593372662630947900e+01 3.520038267941986732e+01 1.000000000000000000e+00 nan nan
3.070000000000000000e+02 3.593372662630947900e+01 3.520174631578365876e+01 1.000000000000000000e+00 1.000000000000000000e+00 1.000000000000000000e+00
3.080000000000000000e+02 3.593509026267312123e+01 3.517310995214425162e+01 nan nan nan
3.090000000000000000e+02 3.593509026267311413e+01 3.517447358850802885e+01 nan nan nan
3.100000000000000000e+02 3.593509026267312123e+01 3.517583722487181319e+01 nan nan nan
3.110000000000000000e+02 3.593509026267312123e+01 3.517720086123559042e+01 nan nan nan
3.120000000000000000e+02 3.593509026267312123e+01 3.517856449759938187e+01 nan nan nan
3.130000000000000000e+02 3.593509026267312123e+01 3.517992813396315199e+01 nan nan nan
3.140000000000000000e+02 3.593509026267312123e+01 3.518129177032693633e+01 nan nan nan
3.150000000000000000e+02 3.593509026267312123e+01 3.518265540669071356e+01 nan nan nan
3.160000000000000000e+02 3.593509026267311413e+01 3.518401904305449079e+01 nan nan nan
3.170000000000000000e+02 3.593509026267312123e+01 3.518538267941828224e+01 nan nan nan
3.180000000000000000e+02 3.593509026267312123e+01 3.518674631578205236e+01 nan nan nan
3.190000000000000000e+02 3.593509026267311413e+01 3.518810995214583670e+01 nan nan nan
3.200000000000000000e+02 3.593509026267312123e+01 3.518947358850962104e+01 nan nan nan
3.210000000000000000e+02 3.593509026267312123e+01 3.519083722487339827e+01 1.000000000000000000e+00 nan nan
3.220000000000000000e+02 3.593509026267312123e+01 3.519220086123718261e+01 1.000000000000000000e+00 nan nan
3.230000000000000000e+02 3.593509026267312123e+01 3.519356449760096694e+01 nan nan nan
3.240000000000000000e+02 3.593509026267312123e+01 3.519492813396475128e+01 1.000000000000000000e+00 nan nan
3.250000000000000000e+02 3.593509026267312123e+01 3.519629177032853562e+01 nan 1.000000000000000000e+00 nan
3.260000000000000000e+02 3.593509026267312123e+01 3.519765540669230575e+01 1.000000000000000000e+00 nan nan
3.270000000000000000e+02 3.593509026267312123e+01 3.519901904305608298e+01 nan 1.000000000000000000e+00 nan
3.280000000000000000e+02 3.593509026267311413e+01 3.520038267941986732e+01 nan nan nan
3.290000000000000000e+02 3.593509026267312123e+01 3.520174631578365876e+01 nan 1.000000000000000000e+00 nan
3.300000000000000000e+02 3.593645389903676346e+01 3.517310995214424452e+01 nan nan nan
3.310000000000000000e+02 3.593645389903676346e+01 3.517447358850802885e+01 nan nan nan
3.320000000000000000e+02 3.593645389903676346e+01 3.517583722487180609e+01 nan nan nan
3.330000000000000000e+02 3.593645389903676346e+01 3.517720086123559042e+01 nan nan nan
3.340000000000000000e+02 3.593645389903675635e+01 3.517856449759938187e+01 nan nan nan
3.350000000000000000e+02 3.593645389903675635e+01 3.517992813396315199e+01 nan nan nan
3.360000000000000000e+02 3.593645389903676346e+01 3.518129177032693633e+01 nan nan nan
3.370000000000000000e+02 3.593645389903675635e+01 3.518265540669071356e+01 nan nan nan
3.380000000000000000e+02 3.593645389903676346e+01 3.518401904305450500e+01 nan nan nan
3.390000000000000000e+02 3.593645389903675635e+01 3.518538267941828224e+01 nan nan nan
3.400000000000000000e+02 3.593645389903675635e+01 3.518674631578205236e+01 nan nan nan
3.410000000000000000e+02 3.593645389903676346e+01 3.518810995214583670e+01 nan nan nan
3.420000000000000000e+02 3.593645389903675635e+01 3.518947358850962104e+01 nan nan nan
3.430000000000000000e+02 3.593645389903675635e+01 3.519083722487339116e+01 nan nan nan
3.440000000000000000e+02 3.593645389903676346e+01 3.519220086123718261e+01 1.000000000000000000e+00 nan nan
3.450000000000000000e+02 3.593645389903676346e+01 3.519356449760095984e+01 nan nan nan
3.460000000000000000e+02 3.593645389903675635e+01 3.519492813396475128e+01 1.000000000000000000e+00 nan nan
3.470000000000000000e+02 3.593645389903675635e+01 3.519629177032852851e+01 nan nan nan
3.480000000000000000e+02 3.593645389903676346e+01 3.519765540669229864e+01 nan nan nan
3.490000000000000000e+02 3.593645389903675635e+01 3.519901904305608298e+01 1.000000000000000000e+00 nan nan
3.500000000000000000e+02 3.593645389903675635e+01 3.520038267941986732e+01 nan 1.000000000000000000e+00 nan
3.510000000000000000e+02 3.593645389903676346e+01 3.520174631578365876e+01 nan 1.000000000000000000e+00 nan
3.520000000000000000e+02 3.593781753540039148e+01 3.517310995214424452e+01 nan nan nan
3.530000000000000000e+02 3.593781753540039148e+01 3.517447358850802885e+01 nan nan nan
3.540000000000000000e+02 3.593781753540039148e+01 3.517583722487180609e+01 nan nan nan
3.550000000000000000e+02 3.593781753540039148e+01 3.517720086123559042e+01 nan nan nan
3.560000000000000000e+02 3.593781753540039148e+01 3.517856449759938187e+01 nan nan nan
3.570000000000000000e+02 3.593781753540039148e+01 3.517992813396315199e+01 nan nan nan
3.580000000000000000e+02 3.593781753540039148e+01 3.518129177032693633e+01 nan nan nan
3.590000000000000000e+02 3.593781753540039148e+01 3.518265540669071356e+01 nan nan nan
3.600000000000000000e+02 3.593781753540038437e+01 3.518401904305450500e+01 nan nan nan
3.610000000000000000e+02 3.593781753540039148e+01 3.518538267941828224e+01 nan nan nan
3.620000000000000000e+02 3.593781753540039148e+01 3.518674631578205236e+01 nan nan nan
3.630000000000000000e+02 3.593781753540039148e+01 3.518810995214583670e+01 nan nan nan
3.640000000000000000e+02 3.593781753540039148e+01 3.518947358850962104e+01 nan nan nan
3.650000000000000000e+02 3.593781753540039148e+01 3.519083722487339116e+01 1.000000000000000000e+00 nan nan
3.660000000000000000e+02 3.593781753540039148e+01 3.519220086123718261e+01 nan nan nan
3.670000000000000000e+02 3.593781753540039148e+01 3.519356449760095984e+01 nan nan nan
3.680000000000000000e+02 3.593781753540039148e+01 3.519492813396475128e+01 nan nan nan
3.690000000000000000e+02 3.593781753540039148e+01 3.519629177032852851e+01 nan nan nan
3.700000000000000000e+02 3.593781753540039148e+01 3.519765540669229864e+01 nan 1.000000000000000000e+00 nan
3.710000000000000000e+02 3.593781753540039148e+01 3.519901904305608298e+01 nan 1.000000000000000000e+00 nan
3.720000000000000000e+02 3.593781753540039148e+01 3.520038267941986732e+01 nan 1.000000000000000000e+00 nan
3.730000000000000000e+02 3.593781753540038437e+01 3.520174631578365876e+01 nan 1.000000000000000000e+00 nan
