1.000000000000000000e+00 6.640053226879574222e-01
3.000000000000000000e+00 7.563700546407045033e-01
5.000000000000000000e+00 7.972419225682934041e-01
7.000000000000000000e+00 8.228155094752721554e-01
9.000000000000000000e+00 8.425180394165669995e-01
1.100000000000000000e+01 8.584750877781146539e-01
1.300000000000000000e+01 8.712416682779913213e-01
1.500000000000000000e+01 8.811087119767208042e-01
1.700000000000000000e+01 8.886065568048704399e-01
1.900000000000000000e+01 8.940260965700670415e-01
2.100000000000000000e+01 8.976173621858444251e-01
2.300000000000000000e+01 8.997709213947198137e-01
2.500000000000000000e+01 9.009189512392903332e-01
2.700000000000000000e+01 9.014519459063994322e-01
2.900000000000000000e+01 9.016748690465956617e-01
3.100000000000000000e+01 9.018093214029608840e-01
3.300000000000000000e+01 9.019697073203434279e-01
3.500000000000000000e+01 9.019428621696365944e-01
3.700000000000000000e+01 9.018024218369034006e-01
3.900000000000000000e+01 9.014769966156988001e-01
4.100000000000000000e+01 9.010323414016075949e-01
4.300000000000000000e+01 9.005129084467097256e-01
4.500000000000000000e+01 8.998982502245514992e-01
4.700000000000000000e+01 8.993225394376339610e-01
4.900000000000000000e+01 8.988265218366798814e-01
5.100000000000000000e+01 8.984002512698161524e-01
5.300000000000000000e+01 8.980090485424554458e-01
5.500000000000000000e+01 8.976265485198717808e-01
5.700000000000000000e+01 8.971792945007843745e-01
5.900000000000000000e+01 8.966676398139460380e-01
6.100000000000000000e+01 8.961182199788060299e-01
6.300000000000000000e+01 8.954477123603017397e-01
6.500000000000000000e+01 8.948292811256217671e-01
6.700000000000000000e+01 8.942413673725659873e-01
6.900000000000000000e+01 8.938039106663581146e-01
7.100000000000000000e+01 8.935779919809951899e-01
7.300000000000000000e+01 8.933213930033486738e-01
7.500000000000000000e+01 8.931898235795472374e-01
7.700000000000000000e+01 8.931898235795476815e-01
7.900000000000000000e+01 8.931898235795475705e-01
8.100000000000000000e+01 8.931898235795476815e-01
8.300000000000000000e+01 8.931898235795474594e-01
8.500000000000000000e+01 8.931898235795476815e-01
8.700000000000000000e+01 8.931898235795474594e-01
8.900000000000000000e+01 8.931898235795479035e-01
9.100000000000000000e+01 8.931898235795475705e-01
9.300000000000000000e+01 8.931898235795473484e-01
9.500000000000000000e+01 8.931898235795474594e-01
9.700000000000000000e+01 8.931898235795476815e-01
9.900000000000000000e+01 8.931898235795470153e-01
1.010000000000000000e+02 8.931898235795476815e-01
1.030000000000000000e+02 8.931898235795475705e-01
1.050000000000000000e+02 8.931898235795476815e-01
1.070000000000000000e+02 8.931898235795472374e-01
1.090000000000000000e+02 8.931898235795480145e-01
1.110000000000000000e+02 8.931898235795472374e-01
1.130000000000000000e+02 8.931898235795480145e-01
1.150000000000000000e+02 8.931898235795474594e-01
1.170000000000000000e+02 8.931898235795473484e-01
1.190000000000000000e+02 8.931898235795473484e-01
1.210000000000000000e+02 8.931898235795472374e-01
1.230000000000000000e+02 8.931898235795479035e-01
1.250000000000000000e+02 8.931898235795474594e-01
1.270000000000000000e+02 8.931898235795482366e-01
1.290000000000000000e+02 8.931898235795473484e-01
1.310000000000000000e+02 8.931898235795474594e-01
1.330000000000000000e+02 8.931898235795475705e-01
1.350000000000000000e+02 8.931898235795476815e-01
1.370000000000000000e+02 8.931898235795475705e-01
1.390000000000000000e+02 8.931898235795479035e-01
1.410000000000000000e+02 8.931898235795473484e-01
1.430000000000000000e+02 8.931898235795475705e-01
1.450000000000000000e+02 8.931898235795475705e-01
1.470000000000000000e+02 8.931898235795484586e-01
1.490000000000000000e+02 8.931898235795473484e-01
