1.000000000000000000e+00 1.855717930874511978e-02
3.000000000000000000e+00 1.903604038168604795e-02
5.000000000000000000e+00 1.930912672864182333e-02
7.000000000000000000e+00 1.955460725454583049e-02
9.000000000000000000e+00 1.977517582740739854e-02
1.100000000000000000e+01 1.996494506773527355e-02
1.300000000000000000e+01 2.013325836191870444e-02
1.500000000000000000e+01 2.027979934501411563e-02
1.700000000000000000e+01 2.040799737888454590e-02
1.900000000000000000e+01 2.052433227686634165e-02
2.100000000000000000e+01 2.063478319390821270e-02
2.300000000000000000e+01 2.073876769568261391e-02
2.500000000000000000e+01 2.083615095224788938e-02
2.700000000000000000e+01 2.092693713371662767e-02
2.900000000000000000e+01 2.101149417580672196e-02
3.100000000000000000e+01 2.109006615904052140e-02
3.300000000000000000e+01 2.116419938132962919e-02
3.500000000000000000e+01 2.123381201890084391e-02
3.700000000000000000e+01 2.129905408502397179e-02
3.900000000000000000e+01 2.136031188980092033e-02
4.100000000000000000e+01 2.141737368040008693e-02
4.300000000000000000e+01 2.146941359951659578e-02
4.500000000000000000e+01 2.151470140886435622e-02
4.700000000000000000e+01 2.155245349804546517e-02
4.900000000000000000e+01 2.158261079137335781e-02
5.100000000000000000e+01 2.160557108491734102e-02
5.300000000000000000e+01 2.162113779120655721e-02
5.500000000000000000e+01 2.162907633229316229e-02
5.700000000000000000e+01 2.162926731202707842e-02
5.900000000000000000e+01 2.162214429662834281e-02
6.100000000000000000e+01 2.160740271989203265e-02
6.300000000000000000e+01 2.158502238470028090e-02
6.500000000000000000e+01 2.155327571447296364e-02
6.700000000000000000e+01 2.151272893940092690e-02
6.900000000000000000e+01 2.146337270892129112e-02
7.100000000000000000e+01 2.140343980721559625e-02
7.300000000000000000e+01 2.133288573317015935e-02
7.500000000000000000e+01 2.125296104180673940e-02
7.700000000000000000e+01 2.116404900249457821e-02
7.900000000000000000e+01 2.106653564402227730e-02
8.100000000000000000e+01 2.096076662091583831e-02
8.300000000000000000e+01 2.084789996617331109e-02
8.500000000000000000e+01 2.072863094645349680e-02
8.700000000000000000e+01 2.060384283215099810e-02
8.900000000000000000e+01 2.047422187202019295e-02
9.100000000000000000e+01 2.034001173475574742e-02
9.300000000000000000e+01 2.020342262517638154e-02
9.500000000000000000e+01 2.006512673433968885e-02
9.700000000000000000e+01 1.992573126060825928e-02
9.900000000000000000e+01 1.978485116187800319e-02
1.010000000000000000e+02 1.964307709927559653e-02
1.030000000000000000e+02 1.950131632202734000e-02
1.050000000000000000e+02 1.935961995878643371e-02
1.070000000000000000e+02 1.921761829872858929e-02
1.090000000000000000e+02 1.907627808704415173e-02
1.110000000000000000e+02 1.893588635655318875e-02
1.130000000000000000e+02 1.879713448814479548e-02
1.150000000000000000e+02 1.866022574731929229e-02
1.170000000000000000e+02 1.852604514690237014e-02
1.190000000000000000e+02 1.839473314189132847e-02
1.210000000000000000e+02 1.826574216736454037e-02
1.230000000000000000e+02 1.813893012613976286e-02
1.250000000000000000e+02 1.801395255364379722e-02
1.270000000000000000e+02 1.789194367856228318e-02
1.290000000000000000e+02 1.777294550224373104e-02
1.310000000000000000e+02 1.765569252837495551e-02
1.330000000000000000e+02 1.754050861099054615e-02
1.350000000000000000e+02 1.742736596916749647e-02
1.370000000000000000e+02 1.731701423351994507e-02
1.390000000000000000e+02 1.720798296477576983e-02
1.410000000000000000e+02 1.710037259430341461e-02
1.430000000000000000e+02 1.699560200490168871e-02
1.450000000000000000e+02 1.689235124432231228e-02
1.470000000000000000e+02 1.679076465706053067e-02
1.490000000000000000e+02 1.669083131208459747e-02
