1.000000000000000000e+00 1.449718550734491185e-02
3.000000000000000000e+00 1.506706627406007026e-02
5.000000000000000000e+00 1.533834035614134450e-02
7.000000000000000000e+00 1.547660407624162904e-02
9.000000000000000000e+00 1.555811092692993558e-02
1.100000000000000000e+01 1.562424355240343843e-02
1.300000000000000000e+01 1.569622964036621049e-02
1.500000000000000000e+01 1.577485184980875754e-02
1.700000000000000000e+01 1.586264550661575790e-02
1.900000000000000000e+01 1.595937678063408249e-02
2.100000000000000000e+01 1.606429450878732457e-02
2.300000000000000000e+01 1.617618329901349128e-02
2.500000000000000000e+01 1.629234765303599897e-02
2.700000000000000000e+01 1.641054698861899031e-02
2.900000000000000000e+01 1.653075333583431394e-02
3.100000000000000000e+01 1.665275459822268544e-02
3.300000000000000000e+01 1.677597983864764775e-02
3.500000000000000000e+01 1.690058142736516889e-02
3.700000000000000000e+01 1.702697002238207080e-02
3.900000000000000000e+01 1.715549247075465189e-02
4.100000000000000000e+01 1.728557467997005048e-02
4.300000000000000000e+01 1.741717448395307954e-02
4.500000000000000000e+01 1.755002806253769254e-02
4.700000000000000000e+01 1.768373088046049091e-02
4.900000000000000000e+01 1.781828293056009205e-02
5.100000000000000000e+01 1.795348506391647447e-02
5.300000000000000000e+01 1.808917035604296064e-02
5.500000000000000000e+01 1.822525524962081978e-02
5.700000000000000000e+01 1.836172812027991874e-02
5.900000000000000000e+01 1.849893532895241499e-02
6.100000000000000000e+01 1.863694708642971154e-02
6.300000000000000000e+01 1.877563806030102533e-02
6.500000000000000000e+01 1.891498374932565341e-02
6.700000000000000000e+01 1.905513137849634830e-02
6.900000000000000000e+01 1.919605323710504852e-02
7.100000000000000000e+01 1.933765684533117479e-02
7.300000000000000000e+01 1.947998109890924923e-02
7.500000000000000000e+01 1.962311395236826517e-02
7.700000000000000000e+01 1.976709764944550862e-02
7.900000000000000000e+01 1.991195215656071937e-02
8.100000000000000000e+01 2.005773255798748433e-02
8.300000000000000000e+01 2.020443898916179926e-02
8.500000000000000000e+01 2.035214481681768550e-02
8.700000000000000000e+01 2.050088173533715086e-02
8.900000000000000000e+01 2.065068878703524291e-02
9.100000000000000000e+01 2.080157743449029262e-02
9.300000000000000000e+01 2.095357572460354589e-02
9.500000000000000000e+01 2.110671710161671211e-02
9.700000000000000000e+01 2.126099687041305142e-02
9.900000000000000000e+01 2.141643024844441801e-02
1.010000000000000000e+02 2.157305115521457317e-02
1.030000000000000000e+02 2.173047786286230743e-02
1.050000000000000000e+02 2.188867123988247343e-02
1.070000000000000000e+02 2.204755837238092653e-02
1.090000000000000000e+02 2.220710654985869059e-02
1.110000000000000000e+02 2.236713553036184798e-02
1.130000000000000000e+02 2.252756541022438164e-02
1.150000000000000000e+02 2.268817587946370118e-02
1.170000000000000000e+02 2.284890214427537369e-02
1.190000000000000000e+02 2.300946283699234485e-02
1.210000000000000000e+02 2.316987554823568551e-02
1.230000000000000000e+02 2.332999555250281354e-02
1.250000000000000000e+02 2.348947372191745320e-02
1.270000000000000000e+02 2.364827501481614469e-02
1.290000000000000000e+02 2.380663746923061819e-02
1.310000000000000000e+02 2.396445880585218458e-02
1.330000000000000000e+02 2.412164813947703657e-02
1.350000000000000000e+02 2.427815939430144621e-02
1.370000000000000000e+02 2.443403654906761702e-02
1.390000000000000000e+02 2.458918126952325256e-02
1.410000000000000000e+02 2.474354192080252535e-02
1.430000000000000000e+02 2.489708550435332235e-02
1.450000000000000000e+02 2.504977803644525824e-02
1.470000000000000000e+02 2.520130518565288913e-02
1.490000000000000000e+02 2.535170669471586979e-02
