1.000000000000000000e+00 2.534104046242779962e-02
3.000000000000000000e+00 2.665422074644663297e-02
5.000000000000000000e+00 2.728413941067719950e-02
7.000000000000000000e+00 2.767648746414075323e-02
9.000000000000000000e+00 2.804125402295232217e-02
1.100000000000000000e+01 2.835611584699448962e-02
1.300000000000000000e+01 2.859353982204049238e-02
1.500000000000000000e+01 2.879006188163069080e-02
1.700000000000000000e+01 2.895978969975854245e-02
1.900000000000000000e+01 2.911752235739539785e-02
2.100000000000000000e+01 2.926533490375693436e-02
2.300000000000000000e+01 2.940178605215082452e-02
2.500000000000000000e+01 2.953099537413084175e-02
2.700000000000000000e+01 2.964563678130438529e-02
2.900000000000000000e+01 2.974085123138303643e-02
3.100000000000000000e+01 2.982174461711317726e-02
3.300000000000000000e+01 2.988996148262856867e-02
3.500000000000000000e+01 2.994835049737620825e-02
3.700000000000000000e+01 2.999907337394991380e-02
3.900000000000000000e+01 3.004252696128606459e-02
4.100000000000000000e+01 3.007759312205104951e-02
4.300000000000000000e+01 3.010956752787696811e-02
4.500000000000000000e+01 3.013802591449799007e-02
4.700000000000000000e+01 3.016285585828337723e-02
4.900000000000000000e+01 3.018371342881276398e-02
5.100000000000000000e+01 3.019984046741752692e-02
5.300000000000000000e+01 3.021070706656492355e-02
5.500000000000000000e+01 3.021578840753091910e-02
5.700000000000000000e+01 3.021733966235362612e-02
5.900000000000000000e+01 3.021562260644627962e-02
6.100000000000000000e+01 3.020520208354193770e-02
6.300000000000000000e+01 3.018569667544634960e-02
6.500000000000000000e+01 3.015612619350305224e-02
6.700000000000000000e+01 3.011677696800563186e-02
6.900000000000000000e+01 3.007107102103867557e-02
7.100000000000000000e+01 3.001972944428499268e-02
7.300000000000000000e+01 2.996327505748364040e-02
7.500000000000000000e+01 2.990254654514101773e-02
7.700000000000000000e+01 2.983767749849230988e-02
7.900000000000000000e+01 2.976784762182860256e-02
8.100000000000000000e+01 2.969514165230302538e-02
8.300000000000000000e+01 2.962007343317685226e-02
8.500000000000000000e+01 2.954401331245237738e-02
8.700000000000000000e+01 2.946746769121089127e-02
8.900000000000000000e+01 2.939182142886787030e-02
9.100000000000000000e+01 2.931675238109288095e-02
9.300000000000000000e+01 2.924284179959235619e-02
9.500000000000000000e+01 2.917056515302896003e-02
9.700000000000000000e+01 2.910054194732158983e-02
9.900000000000000000e+01 2.903047437378314388e-02
1.010000000000000000e+02 2.896084058018844054e-02
1.030000000000000000e+02 2.889198129980252716e-02
1.050000000000000000e+02 2.882334375019712791e-02
1.070000000000000000e+02 2.875657126717834355e-02
1.090000000000000000e+02 2.869330013319015826e-02
1.110000000000000000e+02 2.863366917757481644e-02
1.130000000000000000e+02 2.857777918196813260e-02
1.150000000000000000e+02 2.852034443064521696e-02
1.170000000000000000e+02 2.846172690602899458e-02
1.190000000000000000e+02 2.840158358061495303e-02
1.210000000000000000e+02 2.834069885896317587e-02
1.230000000000000000e+02 2.827950532918488413e-02
1.250000000000000000e+02 2.822257339515399366e-02
1.270000000000000000e+02 2.817003678959240087e-02
1.290000000000000000e+02 2.812194887643904018e-02
1.310000000000000000e+02 2.807681679356832660e-02
1.330000000000000000e+02 2.803476610377619860e-02
1.350000000000000000e+02 2.799590011253583199e-02
1.370000000000000000e+02 2.796195547242297241e-02
1.390000000000000000e+02 2.793288852629305374e-02
1.410000000000000000e+02 2.790864676886650741e-02
1.430000000000000000e+02 2.788979896424415017e-02
1.450000000000000000e+02 2.787628603726910459e-02
1.470000000000000000e+02 2.786889709486284339e-02
1.490000000000000000e+02 2.786555130043932849e-02
