1.000000000000000000e+00 0.000000000000000000e+00
3.000000000000000000e+00 1.294437011467586274e-06
5.000000000000000000e+00 8.199745807679903464e-06
7.000000000000000000e+00 2.042923608625013543e-05
9.000000000000000000e+00 4.209983133030004154e-05
1.100000000000000000e+01 6.390121637245282926e-05
1.300000000000000000e+01 8.330306742554416388e-05
1.500000000000000000e+01 1.007577501664913555e-04
1.700000000000000000e+01 1.169973565769977242e-04
1.900000000000000000e+01 1.323509910340359141e-04
2.100000000000000000e+01 1.473206159413598115e-04
2.300000000000000000e+01 1.620913246056510104e-04
2.500000000000000000e+01 1.766812092096614606e-04
2.700000000000000000e+01 1.912762057386663272e-04
2.900000000000000000e+01 2.063212202526587546e-04
3.100000000000000000e+01 2.227684822624365069e-04
3.300000000000000000e+01 2.421477981475739227e-04
3.500000000000000000e+01 2.654622188114075243e-04
3.700000000000000000e+01 2.924984600429780812e-04
3.900000000000000000e+01 3.223768108264746246e-04
4.100000000000000000e+01 3.542775045161095093e-04
4.300000000000000000e+01 3.875824360057844586e-04
4.500000000000000000e+01 4.217684924083808795e-04
4.700000000000000000e+01 4.564197968035532682e-04
4.900000000000000000e+01 4.912861514658750650e-04
5.100000000000000000e+01 5.262739746475508795e-04
5.300000000000000000e+01 5.612828065291175506e-04
5.500000000000000000e+01 5.962269200523451218e-04
5.700000000000000000e+01 6.310478423383614199e-04
5.900000000000000000e+01 6.657341330272847912e-04
6.100000000000000000e+01 7.003052870859782786e-04
6.300000000000000000e+01 7.348179010545630163e-04
6.500000000000000000e+01 7.693235156637223682e-04
6.700000000000000000e+01 8.038525475752011928e-04
6.900000000000000000e+01 8.383906549883635151e-04
7.100000000000000000e+01 8.728574435346025950e-04
7.300000000000000000e+01 9.071892613976562103e-04
7.500000000000000000e+01 9.413993187964431186e-04
7.700000000000000000e+01 9.755609047433777548e-04
7.900000000000000000e+01 1.009803953491261730e-03
8.100000000000000000e+01 1.044243957333601536e-03
8.300000000000000000e+01 1.078893782166523430e-03
8.500000000000000000e+01 1.113692365163010400e-03
8.700000000000000000e+01 1.148653366613516802e-03
8.900000000000000000e+01 1.183833975339942945e-03
9.100000000000000000e+01 1.219275659111729304e-03
9.300000000000000000e+01 1.254965970659993602e-03
9.500000000000000000e+01 1.290891653852099807e-03
9.700000000000000000e+01 1.327041868999789820e-03
9.900000000000000000e+01 1.363386150770584671e-03
1.010000000000000000e+02 1.399898281391309673e-03
1.030000000000000000e+02 1.436562316079470492e-03
1.050000000000000000e+02 1.473371864304739987e-03
1.070000000000000000e+02 1.510331519860463878e-03
1.090000000000000000e+02 1.547442571953827617e-03
1.110000000000000000e+02 1.584703537904186277e-03
1.130000000000000000e+02 1.622102191161212126e-03
1.150000000000000000e+02 1.659637444696659969e-03
1.170000000000000000e+02 1.697289033326110363e-03
1.190000000000000000e+02 1.735013846740351973e-03
1.210000000000000000e+02 1.772734201970660450e-03
1.230000000000000000e+02 1.810370260552640609e-03
1.250000000000000000e+02 1.847875170059354311e-03
1.270000000000000000e+02 1.885253263482655761e-03
1.290000000000000000e+02 1.922543549171651378e-03
1.310000000000000000e+02 1.959787633243115224e-03
1.330000000000000000e+02 1.997006319957805864e-03
1.350000000000000000e+02 2.034215691513630020e-03
1.370000000000000000e+02 2.071462760717457385e-03
1.390000000000000000e+02 2.108816694177062523e-03
1.410000000000000000e+02 2.146325019307671056e-03
1.430000000000000000e+02 2.184001178574423996e-03
1.450000000000000000e+02 2.221838539955722780e-03
1.470000000000000000e+02 2.259836813501725494e-03
1.490000000000000000e+02 2.298022113644493380e-03
