1.000000000000000000e+00 2.517236320962300544e-01
3.000000000000000000e+00 2.843687112006443307e-01
5.000000000000000000e+00 2.986285985207335347e-01
7.000000000000000000e+00 3.067847174069303628e-01
9.000000000000000000e+00 3.133554542409945354e-01
1.100000000000000000e+01 3.192400879225587573e-01
1.300000000000000000e+01 3.247084751378749301e-01
1.500000000000000000e+01 3.298257538111761811e-01
1.700000000000000000e+01 3.347460853292096861e-01
1.900000000000000000e+01 3.396182068127681086e-01
2.100000000000000000e+01 3.444605169792717136e-01
2.300000000000000000e+01 3.492858561643373827e-01
2.500000000000000000e+01 3.540988445337792667e-01
2.700000000000000000e+01 3.589185765163774855e-01
2.900000000000000000e+01 3.637267756818920450e-01
3.100000000000000000e+01 3.685334966169747650e-01
3.300000000000000000e+01 3.733462839784552623e-01
3.500000000000000000e+01 3.781564402234649513e-01
3.700000000000000000e+01 3.829714103371439915e-01
3.900000000000000000e+01 3.878111466194686940e-01
4.100000000000000000e+01 3.926664592414220722e-01
4.300000000000000000e+01 3.975613581963954868e-01
4.500000000000000000e+01 4.024993802539230670e-01
4.700000000000000000e+01 4.074909460016873375e-01
4.900000000000000000e+01 4.125321469617377890e-01
5.100000000000000000e+01 4.176292549283825428e-01
5.300000000000000000e+01 4.227574841982886245e-01
5.500000000000000000e+01 4.279071082715734109e-01
5.700000000000000000e+01 4.330707845038981318e-01
5.900000000000000000e+01 4.382324207495794655e-01
6.100000000000000000e+01 4.434075647085451433e-01
6.300000000000000000e+01 4.486191111043719149e-01
6.500000000000000000e+01 4.538628879338675315e-01
6.700000000000000000e+01 4.591108847283936756e-01
6.900000000000000000e+01 4.643617204523252662e-01
7.100000000000000000e+01 4.695445467185126454e-01
7.300000000000000000e+01 4.746480440628193520e-01
7.500000000000000000e+01 4.796933544979445907e-01
7.700000000000000000e+01 4.845916862026767857e-01
7.900000000000000000e+01 4.893272970009835410e-01
8.100000000000000000e+01 4.939887873300161658e-01
8.300000000000000000e+01 4.985070264027984255e-01
8.500000000000000000e+01 5.028806554614306812e-01
8.700000000000000000e+01 5.070872393788968813e-01
8.900000000000000000e+01 5.111238835953302306e-01
9.100000000000000000e+01 5.149670485663100372e-01
9.300000000000000000e+01 5.186287278495256281e-01
9.500000000000000000e+01 5.221166564707877544e-01
9.700000000000000000e+01 5.254094081131269744e-01
9.900000000000000000e+01 5.285221454335258251e-01
1.010000000000000000e+02 5.314398835716677150e-01
1.030000000000000000e+02 5.341822836377145833e-01
1.050000000000000000e+02 5.367842576331725013e-01
1.070000000000000000e+02 5.392601743916130008e-01
1.090000000000000000e+02 5.416006085224812638e-01
1.110000000000000000e+02 5.438021587203258900e-01
1.130000000000000000e+02 5.458729255428020899e-01
1.150000000000000000e+02 5.478319145442189786e-01
1.170000000000000000e+02 5.497032396601490012e-01
1.190000000000000000e+02 5.514901627000686757e-01
1.210000000000000000e+02 5.531926379493758983e-01
1.230000000000000000e+02 5.547706036841307808e-01
1.250000000000000000e+02 5.562596961801264950e-01
1.270000000000000000e+02 5.576650967176292051e-01
1.290000000000000000e+02 5.589429404214151242e-01
1.310000000000000000e+02 5.600982128463128928e-01
1.330000000000000000e+02 5.611991772556652602e-01
1.350000000000000000e+02 5.622623370238001295e-01
1.370000000000000000e+02 5.632687403315058683e-01
1.390000000000000000e+02 5.642175686609196550e-01
1.410000000000000000e+02 5.650585153532103888e-01
1.430000000000000000e+02 5.658231542813860759e-01
1.450000000000000000e+02 5.664919227863824958e-01
1.470000000000000000e+02 5.670476834540045807e-01
1.490000000000000000e+02 5.674947557941747434e-01
