1.000000000000000000e+00 2.457174249612947836e-02
3.000000000000000000e+00 2.647362762800686831e-02
5.000000000000000000e+00 2.744063150538378348e-02
7.000000000000000000e+00 2.813828215455405068e-02
9.000000000000000000e+00 2.876409867827334210e-02
1.100000000000000000e+01 2.940249636851677284e-02
1.300000000000000000e+01 3.006003817583213777e-02
1.500000000000000000e+01 3.073559082300181267e-02
1.700000000000000000e+01 3.142551826039763352e-02
1.900000000000000000e+01 3.211828778770409176e-02
2.100000000000000000e+01 3.279898729240182664e-02
2.300000000000000000e+01 3.346436813418096623e-02
2.500000000000000000e+01 3.411595635900621648e-02
2.700000000000000000e+01 3.475481251279211037e-02
2.900000000000000000e+01 3.538181597565659420e-02
3.100000000000000000e+01 3.599538078932784657e-02
3.300000000000000000e+01 3.659347381611943728e-02
3.500000000000000000e+01 3.717653068387394288e-02
3.700000000000000000e+01 3.774596385310402535e-02
3.900000000000000000e+01 3.830142594309571269e-02
4.100000000000000000e+01 3.884257507667987497e-02
4.300000000000000000e+01 3.937062827024562228e-02
4.500000000000000000e+01 3.988689257388167153e-02
4.700000000000000000e+01 4.039299455219802493e-02
4.900000000000000000e+01 4.088951096530524243e-02
5.100000000000000000e+01 4.137645401576495185e-02
5.300000000000000000e+01 4.185406212738085330e-02
5.500000000000000000e+01 4.232236856827986671e-02
5.700000000000000000e+01 4.278088421004755393e-02
5.900000000000000000e+01 4.322923063367956065e-02
6.100000000000000000e+01 4.366711908115894492e-02
6.300000000000000000e+01 4.409433693472930571e-02
6.500000000000000000e+01 4.451089590589440981e-02
6.700000000000000000e+01 4.491723066274044829e-02
6.900000000000000000e+01 4.531367421370147142e-02
7.100000000000000000e+01 4.570047884388628301e-02
7.300000000000000000e+01 4.607768350825292014e-02
7.500000000000000000e+01 4.644547180934410768e-02
7.700000000000000000e+01 4.680417118562008039e-02
7.900000000000000000e+01 4.715403491538328051e-02
8.100000000000000000e+01 4.749552511639665298e-02
8.300000000000000000e+01 4.782927816959714473e-02
8.500000000000000000e+01 4.815417016608714018e-02
8.700000000000000000e+01 4.847031154033687450e-02
8.900000000000000000e+01 4.877722277277551921e-02
9.100000000000000000e+01 4.907500985053270259e-02
9.300000000000000000e+01 4.936396163149225913e-02
9.500000000000000000e+01 4.964462400567626332e-02
9.700000000000000000e+01 4.991706129257378333e-02
9.900000000000000000e+01 5.018087659467684869e-02
1.010000000000000000e+02 5.043554282060758176e-02
1.030000000000000000e+02 5.068116429896663000e-02
1.050000000000000000e+02 5.091698754983331465e-02
1.070000000000000000e+02 5.114337947381786265e-02
1.090000000000000000e+02 5.135957443954608515e-02
1.110000000000000000e+02 5.156575527629347899e-02
1.130000000000000000e+02 5.176222255473583722e-02
1.150000000000000000e+02 5.195003643427675843e-02
1.170000000000000000e+02 5.212952485623523202e-02
1.190000000000000000e+02 5.230074741063150956e-02
1.210000000000000000e+02 5.246473052994504727e-02
1.230000000000000000e+02 5.262172034503975748e-02
1.250000000000000000e+02 5.277152327061029879e-02
1.270000000000000000e+02 5.291440399940816608e-02
1.290000000000000000e+02 5.305094746716376708e-02
1.310000000000000000e+02 5.318144907011268518e-02
1.330000000000000000e+02 5.330574550934708000e-02
1.350000000000000000e+02 5.342433521850131761e-02
1.370000000000000000e+02 5.353682098207390716e-02
1.390000000000000000e+02 5.364323502916223951e-02
1.410000000000000000e+02 5.374426829143574835e-02
1.430000000000000000e+02 5.384101056947965258e-02
1.450000000000000000e+02 5.393425127787576656e-02
1.470000000000000000e+02 5.402467296057078538e-02
1.490000000000000000e+02 5.411283527901411539e-02
