1.000000000000000000e+00 1.747376448548554340e-02
3.000000000000000000e+00 1.804303008413699061e-02
5.000000000000000000e+00 1.832639903079580357e-02
7.000000000000000000e+00 1.852390371588430451e-02
9.000000000000000000e+00 1.869092249667370087e-02
1.100000000000000000e+01 1.883612134079482026e-02
1.300000000000000000e+01 1.895591731077039821e-02
1.500000000000000000e+01 1.904519227942846893e-02
1.700000000000000000e+01 1.911010055025286203e-02
1.900000000000000000e+01 1.915353504076100499e-02
2.100000000000000000e+01 1.918342541579698413e-02
2.300000000000000000e+01 1.920438070970154065e-02
2.500000000000000000e+01 1.921745135138597238e-02
2.700000000000000000e+01 1.922272005171632436e-02
2.900000000000000000e+01 1.921978444617455928e-02
3.100000000000000000e+01 1.920950090428075185e-02
3.300000000000000000e+01 1.919160848729528634e-02
3.500000000000000000e+01 1.916745527368945989e-02
3.700000000000000000e+01 1.913746789884240851e-02
3.900000000000000000e+01 1.910306364976022131e-02
4.100000000000000000e+01 1.906433954937902797e-02
4.300000000000000000e+01 1.902128324057938968e-02
4.500000000000000000e+01 1.897342208983565648e-02
4.700000000000000000e+01 1.892127064203252829e-02
4.900000000000000000e+01 1.886559066440296473e-02
5.100000000000000000e+01 1.880707645360346625e-02
5.300000000000000000e+01 1.874650049562920362e-02
5.500000000000000000e+01 1.868436831060149572e-02
5.700000000000000000e+01 1.862043887313435953e-02
5.900000000000000000e+01 1.855378897490511658e-02
6.100000000000000000e+01 1.848477568330786358e-02
6.300000000000000000e+01 1.841342534344780901e-02
6.500000000000000000e+01 1.833925228145627528e-02
6.700000000000000000e+01 1.826280940775815154e-02
6.900000000000000000e+01 1.818395408717621287e-02
7.100000000000000000e+01 1.810135121253797497e-02
7.300000000000000000e+01 1.801520793758459860e-02
7.500000000000000000e+01 1.792542763629356717e-02
7.700000000000000000e+01 1.783211356351899202e-02
7.900000000000000000e+01 1.773536560797206452e-02
8.100000000000000000e+01 1.763534876160088860e-02
8.300000000000000000e+01 1.753294052419740456e-02
8.500000000000000000e+01 1.742821265029648181e-02
8.700000000000000000e+01 1.732132849422218790e-02
8.900000000000000000e+01 1.721319151854350249e-02
9.100000000000000000e+01 1.710338733462291039e-02
9.300000000000000000e+01 1.699089773451656349e-02
9.500000000000000000e+01 1.687655272950694396e-02
9.700000000000000000e+01 1.676067063748887254e-02
9.900000000000000000e+01 1.664331814233754869e-02
1.010000000000000000e+02 1.652379578988860676e-02
1.030000000000000000e+02 1.640396753959982856e-02
1.050000000000000000e+02 1.628388507933198337e-02
1.070000000000000000e+02 1.616237947025367383e-02
1.090000000000000000e+02 1.604057705554240432e-02
1.110000000000000000e+02 1.591873025882784010e-02
1.130000000000000000e+02 1.579787115296060751e-02
1.150000000000000000e+02 1.567741629757657407e-02
1.170000000000000000e+02 1.555758764579073805e-02
1.190000000000000000e+02 1.543854518116960506e-02
1.210000000000000000e+02 1.532078656379964876e-02
1.230000000000000000e+02 1.520318423558830734e-02
1.250000000000000000e+02 1.508754393042144315e-02
1.270000000000000000e+02 1.497405912897453728e-02
1.290000000000000000e+02 1.486283774617414011e-02
1.310000000000000000e+02 1.475348176353596941e-02
1.330000000000000000e+02 1.464629838010045315e-02
1.350000000000000000e+02 1.454125417081464366e-02
1.370000000000000000e+02 1.443716149588303299e-02
1.390000000000000000e+02 1.433470989892549063e-02
1.410000000000000000e+02 1.423418316110802717e-02
1.430000000000000000e+02 1.413560136265079592e-02
1.450000000000000000e+02 1.403917179489455602e-02
1.470000000000000000e+02 1.394477848299391365e-02
1.490000000000000000e+02 1.385239121931636230e-02
