1.000000000000000000e+00 1.113501202075161123e-01
3.000000000000000000e+00 1.201367035495550795e-01
5.000000000000000000e+00 1.235408773651630598e-01
7.000000000000000000e+00 1.254734073467564937e-01
9.000000000000000000e+00 1.265558473078970403e-01
1.100000000000000000e+01 1.271276025686087774e-01
1.300000000000000000e+01 1.274474492457822183e-01
1.500000000000000000e+01 1.276021544303133082e-01
1.700000000000000000e+01 1.276672620928808177e-01
1.900000000000000000e+01 1.276736330437773237e-01
2.100000000000000000e+01 1.276664086918024577e-01
2.300000000000000000e+01 1.276909238101995303e-01
2.500000000000000000e+01 1.277372552924647131e-01
2.700000000000000000e+01 1.277866421280585696e-01
2.900000000000000000e+01 1.278091937023413394e-01
3.100000000000000000e+01 1.278014908365017188e-01
3.300000000000000000e+01 1.277526427762379901e-01
3.500000000000000000e+01 1.276395273087438387e-01
3.700000000000000000e+01 1.274714210958028948e-01
3.900000000000000000e+01 1.272631262870959068e-01
4.100000000000000000e+01 1.270280343075713692e-01
4.300000000000000000e+01 1.267649367891319212e-01
4.500000000000000000e+01 1.264825529509921997e-01
4.700000000000000000e+01 1.261895367543391933e-01
4.900000000000000000e+01 1.258899747641527567e-01
5.100000000000000000e+01 1.255897040778859441e-01
5.300000000000000000e+01 1.252968894779097342e-01
5.500000000000000000e+01 1.250133210724158062e-01
5.700000000000000000e+01 1.247333049667537219e-01
5.900000000000000000e+01 1.244612357071906983e-01
6.100000000000000000e+01 1.241945859840459798e-01
6.300000000000000000e+01 1.239338845080623086e-01
6.500000000000000000e+01 1.236790976436383804e-01
6.700000000000000000e+01 1.234300224857221018e-01
6.900000000000000000e+01 1.231833355390833384e-01
7.100000000000000000e+01 1.229359257463772392e-01
7.300000000000000000e+01 1.226873142776290226e-01
7.500000000000000000e+01 1.224325505437841022e-01
7.700000000000000000e+01 1.221752722036345551e-01
7.900000000000000000e+01 1.219157435353219743e-01
8.100000000000000000e+01 1.216574486828364554e-01
8.300000000000000000e+01 1.214074447369331011e-01
8.500000000000000000e+01 1.211661187227828229e-01
8.700000000000000000e+01 1.209101739308195977e-01
8.900000000000000000e+01 1.206541797189979448e-01
9.100000000000000000e+01 1.203836388895600518e-01
9.300000000000000000e+01 1.200959204596347973e-01
9.500000000000000000e+01 1.197903822926342787e-01
9.700000000000000000e+01 1.194678079498838752e-01
9.900000000000000000e+01 1.191367448510659566e-01
1.010000000000000000e+02 1.188103525517455461e-01
1.030000000000000000e+02 1.184877803991026823e-01
1.050000000000000000e+02 1.181601991775386162e-01
1.070000000000000000e+02 1.178268573969148969e-01
1.090000000000000000e+02 1.174873557957424319e-01
1.110000000000000000e+02 1.171489538099520500e-01
1.130000000000000000e+02 1.168080503565175343e-01
1.150000000000000000e+02 1.164778825528357542e-01
1.170000000000000000e+02 1.161586900589546278e-01
1.190000000000000000e+02 1.158540822922504709e-01
1.210000000000000000e+02 1.155689359628248036e-01
1.230000000000000000e+02 1.153028089436273218e-01
1.250000000000000000e+02 1.150544357302506482e-01
1.270000000000000000e+02 1.148232655534362490e-01
1.290000000000000000e+02 1.146090066538173469e-01
1.310000000000000000e+02 1.144146062404042263e-01
1.330000000000000000e+02 1.142401955861898077e-01
1.350000000000000000e+02 1.140864908746865858e-01
1.370000000000000000e+02 1.139556430560364486e-01
1.390000000000000000e+02 1.138476085754412948e-01
1.410000000000000000e+02 1.137626384573064975e-01
1.430000000000000000e+02 1.137008426634498193e-01
1.450000000000000000e+02 1.136624666398934336e-01
1.470000000000000000e+02 1.136483824073508675e-01
1.490000000000000000e+02 1.136596140796906074e-01
