1.000000000000000000e+00 6.705143439144456430e-02
3.000000000000000000e+00 7.947723330550715559e-02
5.000000000000000000e+00 8.553985102199246349e-02
7.000000000000000000e+00 8.865655776883174521e-02
9.000000000000000000e+00 9.085367108117692325e-02
1.100000000000000000e+01 9.259728576677572764e-02
1.300000000000000000e+01 9.414490885429660505e-02
1.500000000000000000e+01 9.561291383539372024e-02
1.700000000000000000e+01 9.708810487336283490e-02
1.900000000000000000e+01 9.863334008959900867e-02
2.100000000000000000e+01 1.003140806910899352e-01
2.300000000000000000e+01 1.021783518608170294e-01
2.500000000000000000e+01 1.042373617642162742e-01
2.700000000000000000e+01 1.064820029654304223e-01
2.900000000000000000e+01 1.088996808720902321e-01
3.100000000000000000e+01 1.114694050948997761e-01
3.300000000000000000e+01 1.141702696238575676e-01
3.500000000000000000e+01 1.169905552970480489e-01
3.700000000000000000e+01 1.199143364191556094e-01
3.900000000000000000e+01 1.229279072801769956e-01
4.100000000000000000e+01 1.260225775625174460e-01
4.300000000000000000e+01 1.291998619082993516e-01
4.500000000000000000e+01 1.324618472406778880e-01
4.700000000000000000e+01 1.358100442270958608e-01
4.900000000000000000e+01 1.392415715356267736e-01
5.100000000000000000e+01 1.427528736415539790e-01
5.300000000000000000e+01 1.463474363464856154e-01
5.500000000000000000e+01 1.500273836294553353e-01
5.700000000000000000e+01 1.537930018777580177e-01
5.900000000000000000e+01 1.576434861927686892e-01
6.100000000000000000e+01 1.615787096899158337e-01
6.300000000000000000e+01 1.655971056105081107e-01
6.500000000000000000e+01 1.696951650714370041e-01
6.700000000000000000e+01 1.738701469181074266e-01
6.900000000000000000e+01 1.781175596230676339e-01
7.100000000000000000e+01 1.824328955912708494e-01
7.300000000000000000e+01 1.868126657442249483e-01
7.500000000000000000e+01 1.912537964821869885e-01
7.700000000000000000e+01 1.957514052330235899e-01
7.900000000000000000e+01 2.003005010082163917e-01
8.100000000000000000e+01 2.048970130931848654e-01
8.300000000000000000e+01 2.095357461958985423e-01
8.500000000000000000e+01 2.142113480392665581e-01
8.700000000000000000e+01 2.189210228593215790e-01
8.900000000000000000e+01 2.236609043416591946e-01
9.100000000000000000e+01 2.284263228177718652e-01
9.300000000000000000e+01 2.332139458459056014e-01
9.500000000000000000e+01 2.380192189558810734e-01
9.700000000000000000e+01 2.428367832965289130e-01
9.900000000000000000e+01 2.476591699859718165e-01
1.010000000000000000e+02 2.524805951742697951e-01
1.030000000000000000e+02 2.572961391895288719e-01
1.050000000000000000e+02 2.621014029933081968e-01
1.070000000000000000e+02 2.668914583383344974e-01
1.090000000000000000e+02 2.716611256136471919e-01
1.110000000000000000e+02 2.764083388407643227e-01
1.130000000000000000e+02 2.811291482808156994e-01
1.150000000000000000e+02 2.858189536790283203e-01
1.170000000000000000e+02 2.904735500256181435e-01
1.190000000000000000e+02 2.950894625398908788e-01
1.210000000000000000e+02 2.996621269402779397e-01
1.230000000000000000e+02 3.041878628892773495e-01
1.250000000000000000e+02 3.086637595410787194e-01
1.270000000000000000e+02 3.130872425283834914e-01
1.290000000000000000e+02 3.174564214643218474e-01
1.310000000000000000e+02 3.217699606992114880e-01
1.330000000000000000e+02 3.260265531350013957e-01
1.350000000000000000e+02 3.302248054182237436e-01
1.370000000000000000e+02 3.343643020810039834e-01
1.390000000000000000e+02 3.384429805323249107e-01
1.410000000000000000e+02 3.424609863072625160e-01
1.430000000000000000e+02 3.464192817261066981e-01
1.450000000000000000e+02 3.503178744383587118e-01
1.470000000000000000e+02 3.541568085279946931e-01
1.490000000000000000e+02 3.579365820537860898e-01
