1.000000000000000000e+00 7.221523761629369265e-01
3.000000000000000000e+00 7.645112024727267475e-01
5.000000000000000000e+00 7.899397287233447251e-01
7.000000000000000000e+00 8.110441317666960970e-01
9.000000000000000000e+00 8.301540616825857644e-01
1.100000000000000000e+01 8.473634446415707622e-01
1.300000000000000000e+01 8.626606055421954800e-01
1.500000000000000000e+01 8.761925911884954621e-01
1.700000000000000000e+01 8.880591343793111658e-01
1.900000000000000000e+01 8.985189438155012365e-01
2.100000000000000000e+01 9.077389904833156331e-01
2.300000000000000000e+01 9.156575985578525589e-01
2.500000000000000000e+01 9.223612531700076111e-01
2.700000000000000000e+01 9.280017015544329562e-01
2.900000000000000000e+01 9.327583203574809634e-01
3.100000000000000000e+01 9.367055761775241463e-01
3.300000000000000000e+01 9.400498750387978886e-01
3.500000000000000000e+01 9.429725162777954361e-01
3.700000000000000000e+01 9.456209784007318930e-01
3.900000000000000000e+01 9.480882497641077711e-01
4.100000000000000000e+01 9.504213655611698508e-01
4.300000000000000000e+01 9.527079774882518670e-01
4.500000000000000000e+01 9.549088908987402036e-01
4.700000000000000000e+01 9.570443177718866989e-01
4.900000000000000000e+01 9.591665008515440904e-01
5.100000000000000000e+01 9.613036070470838412e-01
5.300000000000000000e+01 9.634326010069882429e-01
5.500000000000000000e+01 9.655466935337428946e-01
5.700000000000000000e+01 9.676091713782496440e-01
5.900000000000000000e+01 9.695755675258241890e-01
6.100000000000000000e+01 9.714207626278631436e-01
6.300000000000000000e+01 9.731558953958080460e-01
6.500000000000000000e+01 9.747945927803901567e-01
6.700000000000000000e+01 9.763477333042875905e-01
6.900000000000000000e+01 9.778210506590517825e-01
7.100000000000000000e+01 9.792316150563202815e-01
7.300000000000000000e+01 9.805652735386335417e-01
7.500000000000000000e+01 9.818398681289915997e-01
7.700000000000000000e+01 9.830667615636671242e-01
7.900000000000000000e+01 9.842275416996877357e-01
8.100000000000000000e+01 9.853068152178477979e-01
8.300000000000000000e+01 9.863422382031290514e-01
8.500000000000000000e+01 9.873077350349380721e-01
8.700000000000000000e+01 9.882026798766047060e-01
8.900000000000000000e+01 9.890409292662579732e-01
9.100000000000000000e+01 9.898269055922783721e-01
9.300000000000000000e+01 9.905717340791021508e-01
9.500000000000000000e+01 9.912748595203449975e-01
9.700000000000000000e+01 9.919311947970770316e-01
9.900000000000000000e+01 9.925415362718451595e-01
1.010000000000000000e+02 9.930972815974371537e-01
1.030000000000000000e+02 9.935998364015810047e-01
1.050000000000000000e+02 9.940479954343116598e-01
1.070000000000000000e+02 9.944507345844542101e-01
1.090000000000000000e+02 9.947980584578308694e-01
1.110000000000000000e+02 9.950890097573010795e-01
1.130000000000000000e+02 9.953350189527274683e-01
1.150000000000000000e+02 9.955319547793043400e-01
1.170000000000000000e+02 9.956942834276975018e-01
1.190000000000000000e+02 9.958252215374415739e-01
1.210000000000000000e+02 9.959156840450762438e-01
1.230000000000000000e+02 9.960027925253238656e-01
1.250000000000000000e+02 9.960811805193541257e-01
1.270000000000000000e+02 9.961519176953632648e-01
1.290000000000000000e+02 9.962160402305989537e-01
1.310000000000000000e+02 9.962733671758449150e-01
1.330000000000000000e+02 9.963184741618366091e-01
1.350000000000000000e+02 9.963527223934265376e-01
1.370000000000000000e+02 9.963756961394635292e-01
1.390000000000000000e+02 9.963888720658988785e-01
1.410000000000000000e+02 9.963949715653243056e-01
1.430000000000000000e+02 9.963949715653239725e-01
1.450000000000000000e+02 9.963949715653237504e-01
1.470000000000000000e+02 9.963949715653244166e-01
1.490000000000000000e+02 9.963949715653239725e-01
