1.000000000000000000e+00 0.000000000000000000e+00
3.000000000000000000e+00 0.000000000000000000e+00
5.000000000000000000e+00 0.000000000000000000e+00
7.000000000000000000e+00 1.403829647272925030e-05
9.000000000000000000e+00 4.738791441905032542e-05
1.100000000000000000e+01 7.623116662069939764e-05
1.300000000000000000e+01 9.898295510191168489e-05
1.500000000000000000e+01 1.175182178895228802e-04
1.700000000000000000e+01 1.329877960323244679e-04
1.900000000000000000e+01 1.458772367286531590e-04
2.100000000000000000e+01 1.567453663157136745e-04
2.300000000000000000e+01 1.663561980617123126e-04
2.500000000000000000e+01 1.750390072584595558e-04
2.700000000000000000e+01 1.830553852859573283e-04
2.900000000000000000e+01 1.906155028719158651e-04
3.100000000000000000e+01 1.975870337537211086e-04
3.300000000000000000e+01 2.040375827625506844e-04
3.500000000000000000e+01 2.099819069009134509e-04
3.700000000000000000e+01 2.154370131817184841e-04
3.900000000000000000e+01 2.205334842310113785e-04
4.100000000000000000e+01 2.253997953587383307e-04
4.300000000000000000e+01 2.301699365716558532e-04
4.500000000000000000e+01 2.349258367903006572e-04
4.700000000000000000e+01 2.397612496057854869e-04
4.900000000000000000e+01 2.446794785891936996e-04
5.100000000000000000e+01 2.496521710207977307e-04
5.300000000000000000e+01 2.547117619106087361e-04
5.500000000000000000e+01 2.599223073858070165e-04
5.700000000000000000e+01 2.653296586282438696e-04
5.900000000000000000e+01 2.709711971409234366e-04
6.100000000000000000e+01 2.769385447419780988e-04
6.300000000000000000e+01 2.834021526471053321e-04
6.500000000000000000e+01 2.904758161859088972e-04
6.700000000000000000e+01 2.981405703054162970e-04
6.900000000000000000e+01 3.062885250399993708e-04
7.100000000000000000e+01 3.147798104653487528e-04
7.300000000000000000e+01 3.235842320106208092e-04
7.500000000000000000e+01 3.327340954142332663e-04
7.700000000000000000e+01 3.422169775090244670e-04
7.900000000000000000e+01 3.519977154409215103e-04
8.100000000000000000e+01 3.620887928503790931e-04
8.300000000000000000e+01 3.725416230651035221e-04
8.500000000000000000e+01 3.834037292831382615e-04
8.700000000000000000e+01 3.946956216461794398e-04
8.900000000000000000e+01 4.063998164978155359e-04
9.100000000000000000e+01 4.185675114972697841e-04
9.300000000000000000e+01 4.312199338698530227e-04
9.500000000000000000e+01 4.443274109198203092e-04
9.700000000000000000e+01 4.578294092493218059e-04
9.900000000000000000e+01 4.717159496291367660e-04
1.010000000000000000e+02 4.860370934959279410e-04
1.030000000000000000e+02 5.008907440845478121e-04
1.050000000000000000e+02 5.163281373817829589e-04
1.070000000000000000e+02 5.323989694048236743e-04
1.090000000000000000e+02 5.492416105409292371e-04
1.110000000000000000e+02 5.669985137930488861e-04
1.130000000000000000e+02 5.858422130360363411e-04
1.150000000000000000e+02 6.059784294125680759e-04
1.170000000000000000e+02 6.275825330274154012e-04
1.190000000000000000e+02 6.507641531176000527e-04
1.210000000000000000e+02 6.756220136107105034e-04
1.230000000000000000e+02 7.022674272580964328e-04
1.250000000000000000e+02 7.308201788873702753e-04
1.270000000000000000e+02 7.614463966209017443e-04
1.290000000000000000e+02 7.935728149545129284e-04
1.310000000000000000e+02 8.273490684723716626e-04
1.330000000000000000e+02 8.630022173146123521e-04
1.350000000000000000e+02 9.014921225807270844e-04
1.370000000000000000e+02 9.431359231372171692e-04
1.390000000000000000e+02 9.882020217722997657e-04
1.410000000000000000e+02 1.036964616880964307e-03
1.430000000000000000e+02 1.089686464369687968e-03
1.450000000000000000e+02 1.146651779634466628e-03
1.470000000000000000e+02 1.208144587737436382e-03
1.490000000000000000e+02 1.274282191023545785e-03
