1.000000000000000000e+00 1.019034800999807366e-02
3.000000000000000000e+00 1.058533709418174595e-02
5.000000000000000000e+00 1.080993676124808456e-02
7.000000000000000000e+00 1.092921685716818914e-02
9.000000000000000000e+00 1.091219408841392902e-02
1.100000000000000000e+01 1.084204128974453063e-02
1.300000000000000000e+01 1.073714017096727424e-02
1.500000000000000000e+01 1.058623443244832707e-02
1.700000000000000000e+01 1.039872902982008629e-02
1.900000000000000000e+01 1.018238543160632226e-02
2.100000000000000000e+01 9.948931736519561753e-03
2.300000000000000000e+01 9.710834846959892630e-03
2.500000000000000000e+01 9.483112963037831911e-03
2.700000000000000000e+01 9.268997206492657348e-03
2.900000000000000000e+01 9.064684487221641440e-03
3.100000000000000000e+01 8.864546982652488083e-03
3.300000000000000000e+01 8.668460393018717625e-03
3.500000000000000000e+01 8.484809333677456600e-03
3.700000000000000000e+01 8.315902081105885912e-03
3.900000000000000000e+01 8.156621258424978649e-03
4.100000000000000000e+01 8.006950989459804546e-03
4.300000000000000000e+01 7.865647221819260793e-03
4.500000000000000000e+01 7.732429837052023913e-03
4.700000000000000000e+01 7.609267138452557866e-03
4.900000000000000000e+01 7.494366913710415190e-03
5.100000000000000000e+01 7.386488334938379197e-03
5.300000000000000000e+01 7.280830097885160335e-03
5.500000000000000000e+01 7.177266495000833579e-03
5.700000000000000000e+01 7.074312313446462497e-03
5.900000000000000000e+01 6.974618701500623352e-03
6.100000000000000000e+01 6.877698553357403100e-03
6.300000000000000000e+01 6.786878148300257152e-03
6.500000000000000000e+01 6.700188146100294340e-03
6.700000000000000000e+01 6.617441340217022905e-03
6.900000000000000000e+01 6.538336156575730307e-03
7.100000000000000000e+01 6.463985626456558720e-03
7.300000000000000000e+01 6.392285283391307971e-03
7.500000000000000000e+01 6.320508908993383024e-03
7.700000000000000000e+01 6.251319854912007479e-03
7.900000000000000000e+01 6.184617459982555410e-03
8.100000000000000000e+01 6.121757228423119201e-03
8.300000000000000000e+01 6.062521050340330397e-03
8.500000000000000000e+01 6.006682192686518817e-03
8.700000000000000000e+01 5.952429245304813321e-03
8.900000000000000000e+01 5.899829638126630194e-03
9.100000000000000000e+01 5.847827586724529958e-03
9.300000000000000000e+01 5.796442198859996786e-03
9.500000000000000000e+01 5.745735658331696527e-03
9.700000000000000000e+01 5.695686243314179720e-03
9.900000000000000000e+01 5.647964509887248852e-03
1.010000000000000000e+02 5.602558734103646465e-03
1.030000000000000000e+02 5.559464392658419740e-03
1.050000000000000000e+02 5.518569594434641346e-03
1.070000000000000000e+02 5.480442767584303709e-03
1.090000000000000000e+02 5.444968644907510757e-03
1.110000000000000000e+02 5.412009372698700638e-03
1.130000000000000000e+02 5.381505646370743356e-03
1.150000000000000000e+02 5.353416071057992554e-03
1.170000000000000000e+02 5.326682114279113200e-03
1.190000000000000000e+02 5.301285445978187738e-03
1.210000000000000000e+02 5.277204492952214387e-03
1.230000000000000000e+02 5.254212030634475283e-03
1.250000000000000000e+02 5.232280425880642127e-03
1.270000000000000000e+02 5.211467188906082626e-03
1.290000000000000000e+02 5.192699363477326635e-03
1.310000000000000000e+02 5.175898631205377853e-03
1.330000000000000000e+02 5.161029738677602730e-03
1.350000000000000000e+02 5.148348222756671255e-03
1.370000000000000000e+02 5.137780508319700346e-03
1.390000000000000000e+02 5.129259621429849147e-03
1.410000000000000000e+02 5.122615458380441744e-03
1.430000000000000000e+02 5.117836529367814080e-03
1.450000000000000000e+02 5.114962685908164275e-03
1.470000000000000000e+02 5.113911981897367731e-03
1.490000000000000000e+02 5.114580858124329055e-03
