1.000000000000000000e+00 2.772548348451142619e-02
3.000000000000000000e+00 2.846399818119027536e-02
5.000000000000000000e+00 2.889557494126415715e-02
7.000000000000000000e+00 2.919673789895460558e-02
9.000000000000000000e+00 2.936367287892449607e-02
1.100000000000000000e+01 2.941626209474235143e-02
1.300000000000000000e+01 2.939022221159393045e-02
1.500000000000000000e+01 2.932108319946369335e-02
1.700000000000000000e+01 2.921722988038122359e-02
1.900000000000000000e+01 2.908230599785410764e-02
2.100000000000000000e+01 2.892041913083687188e-02
2.300000000000000000e+01 2.872998631983147977e-02
2.500000000000000000e+01 2.850646225459574357e-02
2.700000000000000000e+01 2.825859060858382232e-02
2.900000000000000000e+01 2.799028291272331881e-02
3.100000000000000000e+01 2.770523113684442151e-02
3.300000000000000000e+01 2.740451976247282317e-02
3.500000000000000000e+01 2.709226015875065841e-02
3.700000000000000000e+01 2.677427499310747194e-02
3.900000000000000000e+01 2.645350098654253301e-02
4.100000000000000000e+01 2.613513542665413247e-02
4.300000000000000000e+01 2.581898443653507513e-02
4.500000000000000000e+01 2.550519798506201141e-02
4.700000000000000000e+01 2.519524687681073960e-02
4.900000000000000000e+01 2.488964925811698592e-02
5.100000000000000000e+01 2.458952343824816200e-02
5.300000000000000000e+01 2.429547810859289392e-02
5.500000000000000000e+01 2.400510744145145647e-02
5.700000000000000000e+01 2.371966529644653487e-02
5.900000000000000000e+01 2.343933944858933582e-02
6.100000000000000000e+01 2.316167391191858993e-02
6.300000000000000000e+01 2.288706053902234139e-02
6.500000000000000000e+01 2.261574473092831106e-02
6.700000000000000000e+01 2.234983851210192718e-02
6.900000000000000000e+01 2.208916428448992608e-02
7.100000000000000000e+01 2.183169353125635759e-02
7.300000000000000000e+01 2.157869880774720972e-02
7.500000000000000000e+01 2.133311534734749770e-02
7.700000000000000000e+01 2.109235173820211973e-02
7.900000000000000000e+01 2.085696223986222009e-02
8.100000000000000000e+01 2.062691923682336004e-02
8.300000000000000000e+01 2.040295221211818610e-02
8.500000000000000000e+01 2.018425881106178377e-02
8.700000000000000000e+01 1.997018066101341471e-02
8.900000000000000000e+01 1.976072195178335544e-02
9.100000000000000000e+01 1.955655320743709957e-02
9.300000000000000000e+01 1.935704247571146119e-02
9.500000000000000000e+01 1.916201389376126496e-02
9.700000000000000000e+01 1.897120019429765492e-02
9.900000000000000000e+01 1.878500990903619883e-02
1.010000000000000000e+02 1.860331333670106613e-02
1.030000000000000000e+02 1.842650114477417667e-02
1.050000000000000000e+02 1.825440026778202274e-02
1.070000000000000000e+02 1.808667270825303763e-02
1.090000000000000000e+02 1.792317204004256759e-02
1.110000000000000000e+02 1.776470570240074043e-02
1.130000000000000000e+02 1.761106919535093684e-02
1.150000000000000000e+02 1.746151282527164117e-02
1.170000000000000000e+02 1.731588998470856566e-02
1.190000000000000000e+02 1.717495008030633930e-02
1.210000000000000000e+02 1.703806046519107387e-02
1.230000000000000000e+02 1.690503165363743676e-02
1.250000000000000000e+02 1.677570254163629482e-02
1.270000000000000000e+02 1.665026427232096928e-02
1.290000000000000000e+02 1.652908233490635315e-02
1.310000000000000000e+02 1.641197751846135144e-02
1.330000000000000000e+02 1.629876826556486691e-02
1.350000000000000000e+02 1.618853022531074881e-02
1.370000000000000000e+02 1.608114083076894740e-02
1.390000000000000000e+02 1.597684559139278537e-02
1.410000000000000000e+02 1.587632214645828821e-02
1.430000000000000000e+02 1.577937380412108848e-02
1.450000000000000000e+02 1.568540946512753109e-02
1.470000000000000000e+02 1.559429255122157798e-02
1.490000000000000000e+02 1.550616380269098649e-02
