1.000000000000000000e+00 4.694473688112577037e-02
3.000000000000000000e+00 4.871222197926228237e-02
5.000000000000000000e+00 4.964208122937563417e-02
7.000000000000000000e+00 5.029742807377135527e-02
9.000000000000000000e+00 5.082192554868492085e-02
1.100000000000000000e+01 5.129832202125939045e-02
1.300000000000000000e+01 5.173641280054563918e-02
1.500000000000000000e+01 5.212987825704151756e-02
1.700000000000000000e+01 5.248128755405156998e-02
1.900000000000000000e+01 5.279239314897277158e-02
2.100000000000000000e+01 5.306670523720424804e-02
2.300000000000000000e+01 5.331188069834713605e-02
2.500000000000000000e+01 5.353324994412356208e-02
2.700000000000000000e+01 5.373017553890846454e-02
2.900000000000000000e+01 5.390241870774015176e-02
3.100000000000000000e+01 5.405128934535352592e-02
3.300000000000000000e+01 5.417874331846939118e-02
3.500000000000000000e+01 5.428667937556996836e-02
3.700000000000000000e+01 5.437668011100238452e-02
3.900000000000000000e+01 5.445081273889995632e-02
4.100000000000000000e+01 5.451131000341691291e-02
4.300000000000000000e+01 5.456025755577276204e-02
4.500000000000000000e+01 5.459954523983034935e-02
4.700000000000000000e+01 5.463045423263701572e-02
4.900000000000000000e+01 5.465400246301888032e-02
5.100000000000000000e+01 5.467152461526025853e-02
5.300000000000000000e+01 5.468424339527810929e-02
5.500000000000000000e+01 5.469335721485568680e-02
5.700000000000000000e+01 5.469973175209852378e-02
5.900000000000000000e+01 5.470440643392127100e-02
6.100000000000000000e+01 5.470830254664749148e-02
6.300000000000000000e+01 5.471230325497344893e-02
6.500000000000000000e+01 5.471720620663300672e-02
6.700000000000000000e+01 5.472334307294057787e-02
6.900000000000000000e+01 5.473101483223596908e-02
7.100000000000000000e+01 5.474039632814797773e-02
7.300000000000000000e+01 5.475138970007409345e-02
7.500000000000000000e+01 5.476377785108177410e-02
7.700000000000000000e+01 5.477723656844413203e-02
7.900000000000000000e+01 5.479152147818111551e-02
8.100000000000000000e+01 5.480641170558042674e-02
8.300000000000000000e+01 5.482166498297968982e-02
8.500000000000000000e+01 5.483707732728260176e-02
8.700000000000000000e+01 5.485250962144117004e-02
8.900000000000000000e+01 5.486777461415370816e-02
9.100000000000000000e+01 5.488277609365754817e-02
9.300000000000000000e+01 5.489735016277430546e-02
9.500000000000000000e+01 5.491134265432384698e-02
9.700000000000000000e+01 5.492461088554656534e-02
9.900000000000000000e+01 5.493709162232840448e-02
1.010000000000000000e+02 5.494869127900836592e-02
1.030000000000000000e+02 5.495922977563716394e-02
1.050000000000000000e+02 5.496861749557113708e-02
1.070000000000000000e+02 5.497683042213985516e-02
1.090000000000000000e+02 5.498377110640995102e-02
1.110000000000000000e+02 5.498942715417487470e-02
1.130000000000000000e+02 5.499383391599155235e-02
1.150000000000000000e+02 5.499699652473044598e-02
1.170000000000000000e+02 5.499898654425072753e-02
1.190000000000000000e+02 5.499987103676884370e-02
1.210000000000000000e+02 5.499985250193295538e-02
1.230000000000000000e+02 5.499906830483614062e-02
1.250000000000000000e+02 5.499768588155751203e-02
1.270000000000000000e+02 5.499582282963344504e-02
1.290000000000000000e+02 5.499355743512968075e-02
1.310000000000000000e+02 5.499099058944967311e-02
1.330000000000000000e+02 5.498825910400473305e-02
1.350000000000000000e+02 5.498544519525438989e-02
1.370000000000000000e+02 5.498267594622918697e-02
1.390000000000000000e+02 5.498006146822520535e-02
1.410000000000000000e+02 5.497770575699467699e-02
1.430000000000000000e+02 5.497572468398026491e-02
1.450000000000000000e+02 5.497425015485113420e-02
1.470000000000000000e+02 5.497338554959829704e-02
1.490000000000000000e+02 5.497320553533491250e-02
