1.000000000000000000e+00 4.893246187363834432e-01
3.000000000000000000e+00 5.434196080790458794e-01
5.000000000000000000e+00 5.738223029371991579e-01
7.000000000000000000e+00 5.947132973948126011e-01
9.000000000000000000e+00 6.124964639203445138e-01
1.100000000000000000e+01 6.288000954747343663e-01
1.300000000000000000e+01 6.441017772539431308e-01
1.500000000000000000e+01 6.583667925025458167e-01
1.700000000000000000e+01 6.714422444243961507e-01
1.900000000000000000e+01 6.834116312022560091e-01
2.100000000000000000e+01 6.943793540829628075e-01
2.300000000000000000e+01 7.043485522086532225e-01
2.500000000000000000e+01 7.133599747578646122e-01
2.700000000000000000e+01 7.214678705165753492e-01
2.900000000000000000e+01 7.286986120557590318e-01
3.100000000000000000e+01 7.351273120792882754e-01
3.300000000000000000e+01 7.408826560202725897e-01
3.500000000000000000e+01 7.460194878799220053e-01
3.700000000000000000e+01 7.506134978053862206e-01
3.900000000000000000e+01 7.547405581413733078e-01
4.100000000000000000e+01 7.584494217077668576e-01
4.300000000000000000e+01 7.618418763531733529e-01
4.500000000000000000e+01 7.649604043213860116e-01
4.700000000000000000e+01 7.678866926010118332e-01
4.900000000000000000e+01 7.705838341653418189e-01
5.100000000000000000e+01 7.730146062829996723e-01
5.300000000000000000e+01 7.752067240425384309e-01
5.500000000000000000e+01 7.771982752177364340e-01
5.700000000000000000e+01 7.790241389218205414e-01
5.900000000000000000e+01 7.807146345026866330e-01
6.100000000000000000e+01 7.823406714706850895e-01
6.300000000000000000e+01 7.839396131568518999e-01
6.500000000000000000e+01 7.855547742344584083e-01
6.700000000000000000e+01 7.871019418057463302e-01
6.900000000000000000e+01 7.885661413027122979e-01
7.100000000000000000e+01 7.899504107315076240e-01
7.300000000000000000e+01 7.912407838741719601e-01
7.500000000000000000e+01 7.923796193687009382e-01
7.700000000000000000e+01 7.933593432963428338e-01
7.900000000000000000e+01 7.942007552541023863e-01
8.100000000000000000e+01 7.949398151899987885e-01
8.300000000000000000e+01 7.955985444750026669e-01
8.500000000000000000e+01 7.961847857761412683e-01
8.700000000000000000e+01 7.967070807087424100e-01
8.900000000000000000e+01 7.971698838370657736e-01
9.100000000000000000e+01 7.976317890408296529e-01
9.300000000000000000e+01 7.980479753892775197e-01
9.500000000000000000e+01 7.984235604183329560e-01
9.700000000000000000e+01 7.987284387171407207e-01
9.900000000000000000e+01 7.989754369883766971e-01
1.010000000000000000e+02 7.991899489374548748e-01
1.030000000000000000e+02 7.993781221261290204e-01
1.050000000000000000e+02 7.995363670765889275e-01
1.070000000000000000e+02 7.996747502339612845e-01
1.090000000000000000e+02 7.997927781104744449e-01
1.110000000000000000e+02 7.998501241420263863e-01
1.130000000000000000e+02 7.998837819556107176e-01
1.150000000000000000e+02 7.998886675287054659e-01
1.170000000000000000e+02 7.998733124259458371e-01
1.190000000000000000e+02 7.998326345048221153e-01
1.210000000000000000e+02 7.997682113238790969e-01
1.230000000000000000e+02 7.996947077698774997e-01
1.250000000000000000e+02 7.995877700874468585e-01
1.270000000000000000e+02 7.994482060380559973e-01
1.290000000000000000e+02 7.992337170271314184e-01
1.310000000000000000e+02 7.989487295655166577e-01
1.330000000000000000e+02 7.986057350594364390e-01
1.350000000000000000e+02 7.982272599549379288e-01
1.370000000000000000e+02 7.978882358484848947e-01
1.390000000000000000e+02 7.975824160800802920e-01
1.410000000000000000e+02 7.972955269048602744e-01
1.430000000000000000e+02 7.970347756854168075e-01
1.450000000000000000e+02 7.967848063274118875e-01
1.470000000000000000e+02 7.965305060057085162e-01
1.490000000000000000e+02 7.962834458095381374e-01
