1.000000000000000000e+00 1.751446239776580649e-01
3.000000000000000000e+00 1.820995958799082048e-01
5.000000000000000000e+00 1.849779684296476434e-01
7.000000000000000000e+00 1.864039339110233895e-01
9.000000000000000000e+00 1.870088655809930556e-01
1.100000000000000000e+01 1.870699310077863498e-01
1.300000000000000000e+01 1.867393687837648475e-01
1.500000000000000000e+01 1.861704602337843628e-01
1.700000000000000000e+01 1.856092071642172492e-01
1.900000000000000000e+01 1.852305365167074003e-01
2.100000000000000000e+01 1.851030941534473895e-01
2.300000000000000000e+01 1.852385176834878688e-01
2.500000000000000000e+01 1.856316495887505580e-01
2.700000000000000000e+01 1.862798627495017012e-01
2.900000000000000000e+01 1.871737888311395537e-01
3.100000000000000000e+01 1.882998415225284328e-01
3.300000000000000000e+01 1.896332609023151372e-01
3.500000000000000000e+01 1.911658469196686472e-01
3.700000000000000000e+01 1.928930667581980618e-01
3.900000000000000000e+01 1.948077131039952503e-01
4.100000000000000000e+01 1.969030617956020190e-01
4.300000000000000000e+01 1.991743196805795257e-01
4.500000000000000000e+01 2.016146467215447213e-01
4.700000000000000000e+01 2.042111295889366129e-01
4.900000000000000000e+01 2.069698484337069155e-01
5.100000000000000000e+01 2.098877438485083902e-01
5.300000000000000000e+01 2.129611829530798639e-01
5.500000000000000000e+01 2.161896307051351940e-01
5.700000000000000000e+01 2.195695437711447928e-01
5.900000000000000000e+01 2.231162566887190390e-01
6.100000000000000000e+01 2.268222589756468954e-01
6.300000000000000000e+01 2.306937290806415630e-01
6.500000000000000000e+01 2.347250654017725147e-01
6.700000000000000000e+01 2.389141417684448321e-01
6.900000000000000000e+01 2.432540758764678568e-01
7.100000000000000000e+01 2.477444360973284354e-01
7.300000000000000000e+01 2.523875415701253289e-01
7.500000000000000000e+01 2.571787568690725445e-01
7.700000000000000000e+01 2.621126509395045323e-01
7.900000000000000000e+01 2.671774823773562790e-01
8.100000000000000000e+01 2.723674613778797049e-01
8.300000000000000000e+01 2.776711006663445946e-01
8.500000000000000000e+01 2.830725594396346079e-01
8.700000000000000000e+01 2.885583220291467743e-01
8.900000000000000000e+01 2.941143820379257257e-01
9.100000000000000000e+01 2.997339922644061128e-01
9.300000000000000000e+01 3.054015391665628743e-01
9.500000000000000000e+01 3.111032179336801207e-01
9.700000000000000000e+01 3.168270616114217120e-01
9.900000000000000000e+01 3.225646804929547251e-01
1.010000000000000000e+02 3.283072911468440935e-01
1.030000000000000000e+02 3.340396244435028805e-01
1.050000000000000000e+02 3.397583491671050115e-01
1.070000000000000000e+02 3.454635942144734795e-01
1.090000000000000000e+02 3.511500402385252517e-01
1.110000000000000000e+02 3.568091688759194025e-01
1.130000000000000000e+02 3.624324353622979666e-01
1.150000000000000000e+02 3.680092374447437864e-01
1.170000000000000000e+02 3.735349771033088517e-01
1.190000000000000000e+02 3.790018787002168432e-01
1.210000000000000000e+02 3.844031281809089373e-01
1.230000000000000000e+02 3.897315806223261569e-01
1.250000000000000000e+02 3.949854226292299764e-01
1.270000000000000000e+02 4.001479884107533858e-01
1.290000000000000000e+02 4.052298344100018213e-01
1.310000000000000000e+02 4.102223113411310740e-01
1.330000000000000000e+02 4.151253778352758106e-01
1.350000000000000000e+02 4.199412197828312765e-01
1.370000000000000000e+02 4.246716851423951722e-01
1.390000000000000000e+02 4.293138768963552510e-01
1.410000000000000000e+02 4.338689923196279441e-01
1.430000000000000000e+02 4.383505835978706022e-01
1.450000000000000000e+02 4.427540562194769436e-01
1.470000000000000000e+02 4.470873779384481050e-01
1.490000000000000000e+02 4.513552104297546830e-01
