1.000000000000000000e+00 9.075043630017454177e-02
3.000000000000000000e+00 9.819995343650833597e-02
5.000000000000000000e+00 1.030367497189046411e-01
7.000000000000000000e+00 1.069008680857583826e-01
9.000000000000000000e+00 1.103747689645094843e-01
1.100000000000000000e+01 1.134321484898199728e-01
1.300000000000000000e+01 1.161110655453028162e-01
1.500000000000000000e+01 1.185564538916552557e-01
1.700000000000000000e+01 1.208344572916187909e-01
1.900000000000000000e+01 1.228575595930945230e-01
2.100000000000000000e+01 1.246325789858829802e-01
2.300000000000000000e+01 1.261481313320629294e-01
2.500000000000000000e+01 1.273396371001261906e-01
2.700000000000000000e+01 1.282463482611266858e-01
2.900000000000000000e+01 1.289137483360773828e-01
3.100000000000000000e+01 1.293709466285495324e-01
3.300000000000000000e+01 1.296444859075971401e-01
3.500000000000000000e+01 1.297709288893182933e-01
3.700000000000000000e+01 1.297879685572883579e-01
3.900000000000000000e+01 1.297272091787537995e-01
4.100000000000000000e+01 1.296154590233159487e-01
4.300000000000000000e+01 1.294676840448842903e-01
4.500000000000000000e+01 1.292895512233450672e-01
4.700000000000000000e+01 1.290867002410954756e-01
4.900000000000000000e+01 1.288774770869838271e-01
5.100000000000000000e+01 1.286659571887380782e-01
5.300000000000000000e+01 1.284413641632358161e-01
5.500000000000000000e+01 1.281732015066248120e-01
5.700000000000000000e+01 1.278842774476568467e-01
5.900000000000000000e+01 1.275793340133363207e-01
6.100000000000000000e+01 1.272534650808996304e-01
6.300000000000000000e+01 1.268980500396046374e-01
6.500000000000000000e+01 1.265160748700119298e-01
6.700000000000000000e+01 1.261191513454499313e-01
6.900000000000000000e+01 1.257087900654532131e-01
7.100000000000000000e+01 1.252908516189048527e-01
7.300000000000000000e+01 1.248644153727073158e-01
7.500000000000000000e+01 1.244465838429631432e-01
7.700000000000000000e+01 1.240113749379562202e-01
7.900000000000000000e+01 1.235805540135097580e-01
8.100000000000000000e+01 1.231528584220024092e-01
8.300000000000000000e+01 1.227358342559562443e-01
8.500000000000000000e+01 1.223294962965805199e-01
8.700000000000000000e+01 1.219309544486260055e-01
8.900000000000000000e+01 1.215219480358606940e-01
9.100000000000000000e+01 1.211030915687862919e-01
9.300000000000000000e+01 1.206841133338049099e-01
9.500000000000000000e+01 1.202647984994047459e-01
9.700000000000000000e+01 1.198428097792177960e-01
9.900000000000000000e+01 1.194189392307329900e-01
1.010000000000000000e+02 1.189941222107013807e-01
1.030000000000000000e+02 1.185761643138527610e-01
1.050000000000000000e+02 1.181657161296945091e-01
1.070000000000000000e+02 1.177611555644264563e-01
1.090000000000000000e+02 1.173643759963577393e-01
1.110000000000000000e+02 1.169859393591285990e-01
1.130000000000000000e+02 1.166262502858116390e-01
1.150000000000000000e+02 1.162805112738963809e-01
1.170000000000000000e+02 1.159366531122368871e-01
1.190000000000000000e+02 1.155968790058469198e-01
1.210000000000000000e+02 1.152584186286398360e-01
1.230000000000000000e+02 1.149380162083019075e-01
1.250000000000000000e+02 1.146380932163884037e-01
1.270000000000000000e+02 1.143613718250400257e-01
1.290000000000000000e+02 1.140980819162958904e-01
1.310000000000000000e+02 1.138508000644875562e-01
1.330000000000000000e+02 1.136198836151158797e-01
1.350000000000000000e+02 1.134034019646752434e-01
1.370000000000000000e+02 1.131983359088226671e-01
1.390000000000000000e+02 1.130072246888790266e-01
1.410000000000000000e+02 1.128365003237872255e-01
1.430000000000000000e+02 1.126857970823431643e-01
1.450000000000000000e+02 1.125519652038325935e-01
1.470000000000000000e+02 1.124372306145251521e-01
1.490000000000000000e+02 1.123434535354735919e-01
