1.000000000000000000e+00 3.170194425821282191e-02
3.000000000000000000e+00 3.382945824677241475e-02
5.000000000000000000e+00 3.505573209084555941e-02
7.000000000000000000e+00 3.595146812495941813e-02
9.000000000000000000e+00 3.664002477935313085e-02
1.100000000000000000e+01 3.723319464714669458e-02
1.300000000000000000e+01 3.776366940255904137e-02
1.500000000000000000e+01 3.826724517511415069e-02
1.700000000000000000e+01 3.876290940148963138e-02
1.900000000000000000e+01 3.927122357266210617e-02
2.100000000000000000e+01 3.979554415830943714e-02
2.300000000000000000e+01 4.032946986292373914e-02
2.500000000000000000e+01 4.086684723204969671e-02
2.700000000000000000e+01 4.139955504804482267e-02
2.900000000000000000e+01 4.192686846409354740e-02
3.100000000000000000e+01 4.244738242231116399e-02
3.300000000000000000e+01 4.296016455539697354e-02
3.500000000000000000e+01 4.346576035545490768e-02
3.700000000000000000e+01 4.396510402645259497e-02
3.900000000000000000e+01 4.445849331697893092e-02
4.100000000000000000e+01 4.494731606557800241e-02
4.300000000000000000e+01 4.543437598286315104e-02
4.500000000000000000e+01 4.592178674469959976e-02
4.700000000000000000e+01 4.640980654899284907e-02
4.900000000000000000e+01 4.689900805131563821e-02
5.100000000000000000e+01 4.738994112557493033e-02
5.300000000000000000e+01 4.788227861338223423e-02
5.500000000000000000e+01 4.837545747149007980e-02
5.700000000000000000e+01 4.886929562574626740e-02
5.900000000000000000e+01 4.936394212823136396e-02
6.100000000000000000e+01 4.985905245240340733e-02
6.300000000000000000e+01 5.035375027981336959e-02
6.500000000000000000e+01 5.084744953520015098e-02
6.700000000000000000e+01 5.133986379387511789e-02
6.900000000000000000e+01 5.182998590623777435e-02
7.100000000000000000e+01 5.231731852769194724e-02
7.300000000000000000e+01 5.280159834422126774e-02
7.500000000000000000e+01 5.328238902566118096e-02
7.700000000000000000e+01 5.375937242787032222e-02
7.900000000000000000e+01 5.423257822954663521e-02
8.100000000000000000e+01 5.470194711291076484e-02
8.300000000000000000e+01 5.516728296852069224e-02
8.500000000000000000e+01 5.562828710235223628e-02
8.700000000000000000e+01 5.608480871340504326e-02
8.900000000000000000e+01 5.653659451668602287e-02
9.100000000000000000e+01 5.698352430279529646e-02
9.300000000000000000e+01 5.742568653059731965e-02
9.500000000000000000e+01 5.786309769363395805e-02
9.700000000000000000e+01 5.829559454671551233e-02
9.900000000000000000e+01 5.872312161332038372e-02
1.010000000000000000e+02 5.914555285546341246e-02
1.030000000000000000e+02 5.956289433324346572e-02
1.050000000000000000e+02 5.997499368103897943e-02
1.070000000000000000e+02 6.038181614448390189e-02
1.090000000000000000e+02 6.078317516611431159e-02
1.110000000000000000e+02 6.117897368225222454e-02
1.130000000000000000e+02 6.156925101686439028e-02
1.150000000000000000e+02 6.195422087437307823e-02
1.170000000000000000e+02 6.233400196189986531e-02
1.190000000000000000e+02 6.270867016276260308e-02
1.210000000000000000e+02 6.307837047393827223e-02
1.230000000000000000e+02 6.344315546734835554e-02
1.250000000000000000e+02 6.380325367227301925e-02
1.270000000000000000e+02 6.415878108499073473e-02
1.290000000000000000e+02 6.450996764462335609e-02
1.310000000000000000e+02 6.485679669243549217e-02
1.330000000000000000e+02 6.519886003021080345e-02
1.350000000000000000e+02 6.553642177369789490e-02
1.370000000000000000e+02 6.586979826441996533e-02
1.390000000000000000e+02 6.619913306117630736e-02
1.410000000000000000e+02 6.652517249159872748e-02
1.430000000000000000e+02 6.684806297244461071e-02
1.450000000000000000e+02 6.716798867874673729e-02
1.470000000000000000e+02 6.748507458032615425e-02
1.490000000000000000e+02 6.779961664118616671e-02
