1.000000000000000000e+00 1.654149633995627422e-02
3.000000000000000000e+00 1.702438208078060899e-02
5.000000000000000000e+00 1.739375716408975148e-02
7.000000000000000000e+00 1.784436680889922577e-02
9.000000000000000000e+00 1.830766597451505273e-02
1.100000000000000000e+01 1.874017147813289430e-02
1.300000000000000000e+01 1.911043197244377545e-02
1.500000000000000000e+01 1.940903563350093730e-02
1.700000000000000000e+01 1.963510913201627073e-02
1.900000000000000000e+01 1.980266657453355617e-02
2.100000000000000000e+01 1.992462177736997742e-02
2.300000000000000000e+01 2.000826675900202467e-02
2.500000000000000000e+01 2.006103854830698641e-02
2.700000000000000000e+01 2.008639547814039528e-02
2.900000000000000000e+01 2.008757769983304797e-02
3.100000000000000000e+01 2.006558941477865066e-02
3.300000000000000000e+01 2.002013120061596485e-02
3.500000000000000000e+01 1.994791671065698768e-02
3.700000000000000000e+01 1.984945260168868852e-02
3.900000000000000000e+01 1.972396548966648400e-02
4.100000000000000000e+01 1.957242895545796557e-02
4.300000000000000000e+01 1.939366722405111432e-02
4.500000000000000000e+01 1.919815476942632326e-02
4.700000000000000000e+01 1.898895083194185318e-02
4.900000000000000000e+01 1.876827010077919411e-02
5.100000000000000000e+01 1.853782457852859444e-02
5.300000000000000000e+01 1.829988726132836252e-02
5.500000000000000000e+01 1.805700878140581445e-02
5.700000000000000000e+01 1.780626889779768351e-02
5.900000000000000000e+01 1.755052849897753564e-02
6.100000000000000000e+01 1.729007716926456162e-02
6.300000000000000000e+01 1.702869103482873570e-02
6.500000000000000000e+01 1.676891534308944109e-02
6.700000000000000000e+01 1.651174015544976115e-02
6.900000000000000000e+01 1.626308180214086629e-02
7.100000000000000000e+01 1.602126961445704545e-02
7.300000000000000000e+01 1.578661938135617060e-02
7.500000000000000000e+01 1.555899605658861429e-02
7.700000000000000000e+01 1.533835943661610024e-02
7.900000000000000000e+01 1.512493963474870196e-02
8.100000000000000000e+01 1.491964378178156636e-02
8.300000000000000000e+01 1.472258503966628052e-02
8.500000000000000000e+01 1.453006789031430213e-02
8.700000000000000000e+01 1.434331270792077451e-02
8.900000000000000000e+01 1.415898891597366926e-02
9.100000000000000000e+01 1.397757231646945542e-02
9.300000000000000000e+01 1.380402996419860528e-02
9.500000000000000000e+01 1.363823954006104788e-02
9.700000000000000000e+01 1.347999546041089847e-02
9.900000000000000000e+01 1.332904905929643835e-02
1.010000000000000000e+02 1.318519274202445413e-02
1.030000000000000000e+02 1.304830816012569894e-02
1.050000000000000000e+02 1.291494083287048067e-02
1.070000000000000000e+02 1.278499098530172517e-02
1.090000000000000000e+02 1.265848980830730497e-02
1.110000000000000000e+02 1.253452478191796615e-02
1.130000000000000000e+02 1.241483416748867530e-02
1.150000000000000000e+02 1.229938071761760288e-02
1.170000000000000000e+02 1.218981733961310709e-02
1.190000000000000000e+02 1.208828244640902660e-02
1.210000000000000000e+02 1.199431183938692858e-02
1.230000000000000000e+02 1.190745364218781521e-02
1.250000000000000000e+02 1.182610667009031946e-02
1.270000000000000000e+02 1.175011783822654809e-02
1.290000000000000000e+02 1.167934346634602605e-02
1.310000000000000000e+02 1.161371021497292766e-02
1.330000000000000000e+02 1.155309925725123144e-02
1.350000000000000000e+02 1.149732645896539562e-02
1.370000000000000000e+02 1.144742313979241199e-02
1.390000000000000000e+02 1.140314731049385522e-02
1.410000000000000000e+02 1.136478364862325563e-02
1.430000000000000000e+02 1.133206876051440215e-02
1.450000000000000000e+02 1.130483201361931478e-02
1.470000000000000000e+02 1.128276110435733059e-02
1.490000000000000000e+02 1.126539202279419616e-02
