1.000000000000000000e+00 1.646040358471012599e-02
3.000000000000000000e+00 1.682505772613551720e-02
5.000000000000000000e+00 1.703079079505476212e-02
7.000000000000000000e+00 1.719959425941119946e-02
9.000000000000000000e+00 1.734814692256159141e-02
1.100000000000000000e+01 1.747591896893052610e-02
1.300000000000000000e+01 1.758177063384691596e-02
1.500000000000000000e+01 1.766293251915285190e-02
1.700000000000000000e+01 1.771928924891874590e-02
1.900000000000000000e+01 1.775311681908309236e-02
2.100000000000000000e+01 1.776853472363926212e-02
2.300000000000000000e+01 1.777145766723864373e-02
2.500000000000000000e+01 1.776423834213503028e-02
2.700000000000000000e+01 1.775050453458204558e-02
2.900000000000000000e+01 1.773481110181973630e-02
3.100000000000000000e+01 1.771899830759693373e-02
3.300000000000000000e+01 1.770356531481109830e-02
3.500000000000000000e+01 1.768922842615194835e-02
3.700000000000000000e+01 1.767558306499328324e-02
3.900000000000000000e+01 1.766188944720459286e-02
4.100000000000000000e+01 1.764737066090005246e-02
4.300000000000000000e+01 1.763156515190167362e-02
4.500000000000000000e+01 1.761272248427125930e-02
4.700000000000000000e+01 1.759104705294245452e-02
4.900000000000000000e+01 1.756653728672641357e-02
5.100000000000000000e+01 1.753917703170060349e-02
5.300000000000000000e+01 1.750905107451328213e-02
5.500000000000000000e+01 1.747601797253128808e-02
5.700000000000000000e+01 1.744083428582221540e-02
5.900000000000000000e+01 1.740360636786031368e-02
6.100000000000000000e+01 1.736436199726765217e-02
6.300000000000000000e+01 1.732288015162031236e-02
6.500000000000000000e+01 1.727926728097772813e-02
6.700000000000000000e+01 1.723371672595208626e-02
6.900000000000000000e+01 1.718509800058365400e-02
7.100000000000000000e+01 1.713369118899021881e-02
7.300000000000000000e+01 1.707914760740503191e-02
7.500000000000000000e+01 1.702168196828379720e-02
7.700000000000000000e+01 1.696042067338943138e-02
7.900000000000000000e+01 1.689527209152141829e-02
8.100000000000000000e+01 1.682635571503909855e-02
8.300000000000000000e+01 1.675488585732165525e-02
8.500000000000000000e+01 1.667930823379215610e-02
8.700000000000000000e+01 1.660033416840889231e-02
8.900000000000000000e+01 1.651907418227338553e-02
9.100000000000000000e+01 1.643480419847653806e-02
9.300000000000000000e+01 1.634923609481453433e-02
9.500000000000000000e+01 1.626248844926703185e-02
9.700000000000000000e+01 1.617436761984003546e-02
9.900000000000000000e+01 1.608498253098766817e-02
1.010000000000000000e+02 1.599382687936157232e-02
1.030000000000000000e+02 1.590120006290951515e-02
1.050000000000000000e+02 1.580755587933069251e-02
1.070000000000000000e+02 1.571345539057733554e-02
1.090000000000000000e+02 1.561785022500616904e-02
1.110000000000000000e+02 1.552090379254711383e-02
1.130000000000000000e+02 1.542337376350566558e-02
1.150000000000000000e+02 1.532546718923866180e-02
1.170000000000000000e+02 1.522759645666416084e-02
1.190000000000000000e+02 1.512890501909025520e-02
1.210000000000000000e+02 1.502897854737139660e-02
1.230000000000000000e+02 1.492798972490583242e-02
1.250000000000000000e+02 1.482573080983928815e-02
1.270000000000000000e+02 1.472324976908678806e-02
1.290000000000000000e+02 1.462165490462929984e-02
1.310000000000000000e+02 1.452110129163530772e-02
1.330000000000000000e+02 1.442162651548328789e-02
1.350000000000000000e+02 1.432350364134693521e-02
1.370000000000000000e+02 1.422673331543233832e-02
1.390000000000000000e+02 1.413179188905377970e-02
1.410000000000000000e+02 1.403742216759129580e-02
1.430000000000000000e+02 1.394368339911200572e-02
1.450000000000000000e+02 1.385044573787530542e-02
1.470000000000000000e+02 1.375852751037087707e-02
1.490000000000000000e+02 1.366794720517405803e-02
