1.000000000000000000e+00 3.645533141210374195e-01
3.000000000000000000e+00 4.030770670350479756e-01
5.000000000000000000e+00 4.202266765467209675e-01
7.000000000000000000e+00 4.301775950752279032e-01
9.000000000000000000e+00 4.374811222348171658e-01
1.100000000000000000e+01 4.436686404247264237e-01
1.300000000000000000e+01 4.493181018523899617e-01
1.500000000000000000e+01 4.546209959246901855e-01
1.700000000000000000e+01 4.597480047182892493e-01
1.900000000000000000e+01 4.648510675189332364e-01
2.100000000000000000e+01 4.700263746762525230e-01
2.300000000000000000e+01 4.752934214056158124e-01
2.500000000000000000e+01 4.806305192955818706e-01
2.700000000000000000e+01 4.860697532581362834e-01
2.900000000000000000e+01 4.916497316707278964e-01
3.100000000000000000e+01 4.973390386457572365e-01
3.300000000000000000e+01 5.031088954892508625e-01
3.500000000000000000e+01 5.089681447902898448e-01
3.700000000000000000e+01 5.149432947570524721e-01
3.900000000000000000e+01 5.210558597206513820e-01
4.100000000000000000e+01 5.272915170333587476e-01
4.300000000000000000e+01 5.336335025276015553e-01
4.500000000000000000e+01 5.400701352736296812e-01
4.700000000000000000e+01 5.465927925708335966e-01
4.900000000000000000e+01 5.531926758076530781e-01
5.100000000000000000e+01 5.598544170539322407e-01
5.300000000000000000e+01 5.665691963051145974e-01
5.500000000000000000e+01 5.732703320930738755e-01
5.700000000000000000e+01 5.799405200439556873e-01
5.900000000000000000e+01 5.865478721474327584e-01
6.100000000000000000e+01 5.930806765425199467e-01
6.300000000000000000e+01 5.995603237437553412e-01
6.500000000000000000e+01 6.059510250539232867e-01
6.700000000000000000e+01 6.122460168180759998e-01
6.900000000000000000e+01 6.184390018783565424e-01
7.100000000000000000e+01 6.245227399410062663e-01
7.300000000000000000e+01 6.304823325725528171e-01
7.500000000000000000e+01 6.363292606198849288e-01
7.700000000000000000e+01 6.420293069652400764e-01
7.900000000000000000e+01 6.476182876708722613e-01
8.100000000000000000e+01 6.530986054943599406e-01
8.300000000000000000e+01 6.585064108061089438e-01
8.500000000000000000e+01 6.638315782258003006e-01
8.700000000000000000e+01 6.690911322285784113e-01
8.900000000000000000e+01 6.742558114004825187e-01
9.100000000000000000e+01 6.793714648004396395e-01
9.300000000000000000e+01 6.844364314399629112e-01
9.500000000000000000e+01 6.894638316473322703e-01
9.700000000000000000e+01 6.944249307705820939e-01
9.900000000000000000e+01 6.992944304617683127e-01
1.010000000000000000e+02 7.040775674683041885e-01
1.030000000000000000e+02 7.087800838543112381e-01
1.050000000000000000e+02 7.133967696295766547e-01
1.070000000000000000e+02 7.179345660401770246e-01
1.090000000000000000e+02 7.223999185061151795e-01
1.110000000000000000e+02 7.267963558273506930e-01
1.130000000000000000e+02 7.311181849086734186e-01
1.150000000000000000e+02 7.353497847165262336e-01
1.170000000000000000e+02 7.394997283715465386e-01
1.190000000000000000e+02 7.435511142643256299e-01
1.210000000000000000e+02 7.475117555673644887e-01
1.230000000000000000e+02 7.513395978290393629e-01
1.250000000000000000e+02 7.550547404989025324e-01
1.270000000000000000e+02 7.586496758329369650e-01
1.290000000000000000e+02 7.621342380911046988e-01
1.310000000000000000e+02 7.655084585311859868e-01
1.330000000000000000e+02 7.687663817976334579e-01
1.350000000000000000e+02 7.718870069511747367e-01
1.370000000000000000e+02 7.748742014348806162e-01
1.390000000000000000e+02 7.777408364506348537e-01
1.410000000000000000e+02 7.804796462332994622e-01
1.430000000000000000e+02 7.831108803750544967e-01
1.450000000000000000e+02 7.856442127359434258e-01
1.470000000000000000e+02 7.880872053439815783e-01
1.490000000000000000e+02 7.904474558037091203e-01
