1.000000000000000000e+00 2.725645849584723557e-02
3.000000000000000000e+00 2.747263120384957347e-02
5.000000000000000000e+00 2.765682439821526284e-02
7.000000000000000000e+00 2.784541012604058174e-02
9.000000000000000000e+00 2.807734773923509231e-02
1.100000000000000000e+01 2.829157674646487486e-02
1.300000000000000000e+01 2.847411839852564963e-02
1.500000000000000000e+01 2.862302256094195752e-02
1.700000000000000000e+01 2.876127964334784792e-02
1.900000000000000000e+01 2.889854283673753965e-02
2.100000000000000000e+01 2.903874212371415631e-02
2.300000000000000000e+01 2.918534256141513961e-02
2.500000000000000000e+01 2.933874735807717737e-02
2.700000000000000000e+01 2.949174247461860965e-02
2.900000000000000000e+01 2.964185931022722542e-02
3.100000000000000000e+01 2.978859471275296933e-02
3.300000000000000000e+01 2.993331122258557908e-02
3.500000000000000000e+01 3.007431784296032973e-02
3.700000000000000000e+01 3.021071889926618681e-02
3.900000000000000000e+01 3.033558074499642654e-02
4.100000000000000000e+01 3.045057027628483848e-02
4.300000000000000000e+01 3.055321458353532638e-02
4.500000000000000000e+01 3.064296166754909567e-02
4.700000000000000000e+01 3.071871832071082498e-02
4.900000000000000000e+01 3.078106732455165861e-02
5.100000000000000000e+01 3.083423332372026149e-02
5.300000000000000000e+01 3.087606834979439441e-02
5.500000000000000000e+01 3.090574716768745844e-02
5.700000000000000000e+01 3.092681812122244356e-02
5.900000000000000000e+01 3.093590986150396294e-02
6.100000000000000000e+01 3.093306141312912594e-02
6.300000000000000000e+01 3.091872096298620143e-02
6.500000000000000000e+01 3.089715625647704300e-02
6.700000000000000000e+01 3.086890267883912742e-02
6.900000000000000000e+01 3.083196391597242680e-02
7.100000000000000000e+01 3.078673871353543312e-02
7.300000000000000000e+01 3.073744751068097081e-02
7.500000000000000000e+01 3.068414202140723468e-02
7.700000000000000000e+01 3.062567598343424180e-02
7.900000000000000000e+01 3.056384076738238864e-02
8.100000000000000000e+01 3.050212451773404165e-02
8.300000000000000000e+01 3.043866498978209378e-02
8.500000000000000000e+01 3.037006885850490612e-02
8.700000000000000000e+01 3.029710079776060105e-02
8.900000000000000000e+01 3.022187788091645899e-02
9.100000000000000000e+01 3.014795697677175035e-02
9.300000000000000000e+01 3.007554447472737813e-02
9.500000000000000000e+01 3.000507264447438427e-02
9.700000000000000000e+01 2.993490806094212253e-02
9.900000000000000000e+01 2.986245301002610208e-02
1.010000000000000000e+02 2.978748187125024316e-02
1.030000000000000000e+02 2.971378133081692408e-02
1.050000000000000000e+02 2.963879585301398834e-02
1.070000000000000000e+02 2.956573452646871214e-02
1.090000000000000000e+02 2.949843673630536678e-02
1.110000000000000000e+02 2.943707428035535756e-02
1.130000000000000000e+02 2.937532560649003255e-02
1.150000000000000000e+02 2.931327231739511152e-02
1.170000000000000000e+02 2.925290670152524974e-02
1.190000000000000000e+02 2.919656869749875927e-02
1.210000000000000000e+02 2.914433865064114393e-02
1.230000000000000000e+02 2.909075035855257507e-02
1.250000000000000000e+02 2.903626234883249779e-02
1.270000000000000000e+02 2.898137438191283888e-02
1.290000000000000000e+02 2.892914591348028086e-02
1.310000000000000000e+02 2.887976207334452816e-02
1.330000000000000000e+02 2.883326470629121729e-02
1.350000000000000000e+02 2.879191290625215949e-02
1.370000000000000000e+02 2.875634018945105730e-02
1.390000000000000000e+02 2.872658891017720872e-02
1.410000000000000000e+02 2.870067777873730464e-02
1.430000000000000000e+02 2.867862037543833509e-02
1.450000000000000000e+02 2.866150730724315032e-02
1.470000000000000000e+02 2.864980194238808675e-02
1.490000000000000000e+02 2.864215530596381232e-02
