1.000000000000000000e+00 1.945751795888035485e-01
3.000000000000000000e+00 2.191258727770705184e-01
5.000000000000000000e+00 2.296932670596844028e-01
7.000000000000000000e+00 2.349455259322776879e-01
9.000000000000000000e+00 2.381736738222824945e-01
1.100000000000000000e+01 2.404599197764425433e-01
1.300000000000000000e+01 2.421700130860268141e-01
1.500000000000000000e+01 2.435057160125141396e-01
1.700000000000000000e+01 2.446641668263955793e-01
1.900000000000000000e+01 2.457663420956524014e-01
2.100000000000000000e+01 2.468252407461001274e-01
2.300000000000000000e+01 2.479049237658238480e-01
2.500000000000000000e+01 2.490492799973809124e-01
2.700000000000000000e+01 2.502959900412441430e-01
2.900000000000000000e+01 2.516638866280055398e-01
3.100000000000000000e+01 2.531747020191470465e-01
3.300000000000000000e+01 2.548306971648224284e-01
3.500000000000000000e+01 2.566287803814023549e-01
3.700000000000000000e+01 2.585607034903618651e-01
3.900000000000000000e+01 2.606053244521829848e-01
4.100000000000000000e+01 2.627493318989212456e-01
4.300000000000000000e+01 2.649942850940224526e-01
4.500000000000000000e+01 2.673447897297152043e-01
4.700000000000000000e+01 2.698146690865418362e-01
4.900000000000000000e+01 2.724088363138256197e-01
5.100000000000000000e+01 2.751059523831250742e-01
5.300000000000000000e+01 2.778913594566900791e-01
5.500000000000000000e+01 2.807651199277023668e-01
5.700000000000000000e+01 2.837246130419410761e-01
5.900000000000000000e+01 2.867706152335258718e-01
6.100000000000000000e+01 2.899004448122284305e-01
6.300000000000000000e+01 2.931147528881856701e-01
6.500000000000000000e+01 2.964129858471845624e-01
6.700000000000000000e+01 2.997850852749918138e-01
6.900000000000000000e+01 3.032300120739582772e-01
7.100000000000000000e+01 3.067465910768999438e-01
7.300000000000000000e+01 3.103314685294271680e-01
7.500000000000000000e+01 3.140020284347332380e-01
7.700000000000000000e+01 3.177571145234375782e-01
7.900000000000000000e+01 3.216012159760130995e-01
8.100000000000000000e+01 3.255312927939134626e-01
8.300000000000000000e+01 3.295302323419442292e-01
8.500000000000000000e+01 3.335946391685992163e-01
8.700000000000000000e+01 3.377252964269674695e-01
8.900000000000000000e+01 3.419258973932737256e-01
9.100000000000000000e+01 3.461991529314681904e-01
9.300000000000000000e+01 3.505421159129139541e-01
9.500000000000000000e+01 3.549535331167602559e-01
9.700000000000000000e+01 3.594325066174438588e-01
9.900000000000000000e+01 3.639815801533166084e-01
1.010000000000000000e+02 3.685998185304287800e-01
1.030000000000000000e+02 3.732883945872953468e-01
1.050000000000000000e+02 3.780455080744961061e-01
1.070000000000000000e+02 3.828677201890803294e-01
1.090000000000000000e+02 3.877498585980193591e-01
1.110000000000000000e+02 3.926841372055377422e-01
1.130000000000000000e+02 3.976789612269566732e-01
1.150000000000000000e+02 4.027308159053084591e-01
1.170000000000000000e+02 4.078356149613785453e-01
1.190000000000000000e+02 4.129940983749794681e-01
1.210000000000000000e+02 4.181987992860539682e-01
1.230000000000000000e+02 4.234452990350616730e-01
1.250000000000000000e+02 4.287274312009907717e-01
1.270000000000000000e+02 4.340366812076618119e-01
1.290000000000000000e+02 4.393570818531551403e-01
1.310000000000000000e+02 4.446826373152852341e-01
1.330000000000000000e+02 4.500172923629889299e-01
1.350000000000000000e+02 4.553570165412383908e-01
1.370000000000000000e+02 4.606979156781955131e-01
1.390000000000000000e+02 4.660365908282114722e-01
1.410000000000000000e+02 4.713714520395719809e-01
1.430000000000000000e+02 4.766888886861287977e-01
1.450000000000000000e+02 4.819816334187049245e-01
1.470000000000000000e+02 4.872520605736013755e-01
1.490000000000000000e+02 4.924954377615491374e-01
