1.000000000000000000e+00 3.340535651474800805e-01
3.000000000000000000e+00 3.772512697854772945e-01
5.000000000000000000e+00 3.960433486016199378e-01
7.000000000000000000e+00 4.062912208387852164e-01
9.000000000000000000e+00 4.136012993229385426e-01
1.100000000000000000e+01 4.197512700985888134e-01
1.300000000000000000e+01 4.254202379389093736e-01
1.500000000000000000e+01 4.307208980945812504e-01
1.700000000000000000e+01 4.356859843770453100e-01
1.900000000000000000e+01 4.403811205633626491e-01
2.100000000000000000e+01 4.448684288732209779e-01
2.300000000000000000e+01 4.491707510686804294e-01
2.500000000000000000e+01 4.533164176258372979e-01
2.700000000000000000e+01 4.573282197086777634e-01
2.900000000000000000e+01 4.612139676912043740e-01
3.100000000000000000e+01 4.649842804707090549e-01
3.300000000000000000e+01 4.686557827592618963e-01
3.500000000000000000e+01 4.722384436771100980e-01
3.700000000000000000e+01 4.757411840039200701e-01
3.900000000000000000e+01 4.791724744932059910e-01
4.100000000000000000e+01 4.825292238696415881e-01
4.300000000000000000e+01 4.858207435175708744e-01
4.500000000000000000e+01 4.890581907298243713e-01
4.700000000000000000e+01 4.922433445423708420e-01
4.900000000000000000e+01 4.953806531379787437e-01
5.100000000000000000e+01 4.984726658232504493e-01
5.300000000000000000e+01 5.015209152103921042e-01
5.500000000000000000e+01 5.045233161856081949e-01
5.700000000000000000e+01 5.074874990031125188e-01
5.900000000000000000e+01 5.104183590890134514e-01
6.100000000000000000e+01 5.133062167311400747e-01
6.300000000000000000e+01 5.161580104430526506e-01
6.500000000000000000e+01 5.189801840743946126e-01
6.700000000000000000e+01 5.217754900548287056e-01
6.900000000000000000e+01 5.245463637918680311e-01
7.100000000000000000e+01 5.272897180476703305e-01
7.300000000000000000e+01 5.300082735544973112e-01
7.500000000000000000e+01 5.327012054043607225e-01
7.700000000000000000e+01 5.353690551352798810e-01
7.900000000000000000e+01 5.380123475641981345e-01
8.100000000000000000e+01 5.406293623948748017e-01
8.300000000000000000e+01 5.432185918498295685e-01
8.500000000000000000e+01 5.457796595625141745e-01
8.700000000000000000e+01 5.483119248503531828e-01
8.900000000000000000e+01 5.508138715081898340e-01
9.100000000000000000e+01 5.532857329368379151e-01
9.300000000000000000e+01 5.557248654446989011e-01
9.500000000000000000e+01 5.581280983838486920e-01
9.700000000000000000e+01 5.605004129750987829e-01
9.900000000000000000e+01 5.628431428274960346e-01
1.010000000000000000e+02 5.651527026534084452e-01
1.030000000000000000e+02 5.674362089480824434e-01
1.050000000000000000e+02 5.696936652292367009e-01
1.070000000000000000e+02 5.719252572642792298e-01
1.090000000000000000e+02 5.741321947858144537e-01
1.110000000000000000e+02 5.763179210113840156e-01
1.130000000000000000e+02 5.784867901383572431e-01
1.150000000000000000e+02 5.806399453544711653e-01
1.170000000000000000e+02 5.827791505863497701e-01
1.190000000000000000e+02 5.849009010548964493e-01
1.210000000000000000e+02 5.870033230713265215e-01
1.230000000000000000e+02 5.890866177852793761e-01
1.250000000000000000e+02 5.911357355757641541e-01
1.270000000000000000e+02 5.931552240155530953e-01
1.290000000000000000e+02 5.951469433790073094e-01
1.310000000000000000e+02 5.971117353784107795e-01
1.330000000000000000e+02 5.990487289333277232e-01
1.350000000000000000e+02 6.009560553160864238e-01
1.370000000000000000e+02 6.028385287031141626e-01
1.390000000000000000e+02 6.046927581704208965e-01
1.410000000000000000e+02 6.065106376296198754e-01
1.430000000000000000e+02 6.082939645758866920e-01
1.450000000000000000e+02 6.100529524250069002e-01
1.470000000000000000e+02 6.117875484050663282e-01
1.490000000000000000e+02 6.134919450741187497e-01
