1.000000000000000000e+00 8.583786181656871683e-02
3.000000000000000000e+00 9.173887926054324904e-02
5.000000000000000000e+00 9.479533363536474244e-02
7.000000000000000000e+00 9.730944489534099073e-02
9.000000000000000000e+00 9.960077618156426560e-02
1.100000000000000000e+01 1.016127529468208168e-01
1.300000000000000000e+01 1.034017641633520057e-01
1.500000000000000000e+01 1.050415159147436439e-01
1.700000000000000000e+01 1.065402646340194437e-01
1.900000000000000000e+01 1.079023940105791057e-01
2.100000000000000000e+01 1.091934689817316562e-01
2.300000000000000000e+01 1.104398558060207813e-01
2.500000000000000000e+01 1.116525491989255325e-01
2.700000000000000000e+01 1.128358075329357613e-01
2.900000000000000000e+01 1.139487712988170864e-01
3.100000000000000000e+01 1.149884506615916901e-01
3.300000000000000000e+01 1.159603013460570597e-01
3.500000000000000000e+01 1.168619464686353471e-01
3.700000000000000000e+01 1.176853066372798295e-01
3.900000000000000000e+01 1.184342142695569144e-01
4.100000000000000000e+01 1.191156551549171771e-01
4.300000000000000000e+01 1.197417885760166945e-01
4.500000000000000000e+01 1.203271232320973771e-01
4.700000000000000000e+01 1.208598520454919889e-01
4.900000000000000000e+01 1.213551516549148390e-01
5.100000000000000000e+01 1.218165667210561187e-01
5.300000000000000000e+01 1.222548065599040612e-01
5.500000000000000000e+01 1.226686525935961614e-01
5.700000000000000000e+01 1.230447281630756562e-01
5.900000000000000000e+01 1.233875238374603223e-01
6.100000000000000000e+01 1.237074745693769184e-01
6.300000000000000000e+01 1.240161024490425978e-01
6.500000000000000000e+01 1.243118411547304847e-01
6.700000000000000000e+01 1.245919566670490308e-01
6.900000000000000000e+01 1.248533009698337137e-01
7.100000000000000000e+01 1.250961914830680533e-01
7.300000000000000000e+01 1.253155086947609353e-01
7.500000000000000000e+01 1.255126487476975194e-01
7.700000000000000000e+01 1.256999103308467092e-01
7.900000000000000000e+01 1.258779445944527842e-01
8.100000000000000000e+01 1.260474088749570232e-01
8.300000000000000000e+01 1.262097510805125777e-01
8.500000000000000000e+01 1.263648753645002509e-01
8.700000000000000000e+01 1.265085648284179909e-01
8.900000000000000000e+01 1.266424144223561310e-01
9.100000000000000000e+01 1.267459153513955661e-01
9.300000000000000000e+01 1.268113503731466141e-01
9.500000000000000000e+01 1.268410203092129596e-01
9.700000000000000000e+01 1.268476196643705256e-01
9.900000000000000000e+01 1.268387151284284808e-01
1.010000000000000000e+02 1.268147022292991366e-01
1.030000000000000000e+02 1.267879695139723095e-01
1.050000000000000000e+02 1.267565792046942974e-01
1.070000000000000000e+02 1.267160346717464137e-01
1.090000000000000000e+02 1.266705658703642934e-01
1.110000000000000000e+02 1.266416806523290584e-01
1.130000000000000000e+02 1.266278609295697910e-01
1.150000000000000000e+02 1.266257649584916489e-01
1.170000000000000000e+02 1.266338264386296375e-01
1.190000000000000000e+02 1.266392251985101192e-01
1.210000000000000000e+02 1.266477841970222729e-01
1.230000000000000000e+02 1.266599539691363185e-01
1.250000000000000000e+02 1.266765086836917353e-01
1.270000000000000000e+02 1.266961990858392895e-01
1.290000000000000000e+02 1.267129418584240774e-01
1.310000000000000000e+02 1.267292194488641721e-01
1.330000000000000000e+02 1.267467864525998467e-01
1.350000000000000000e+02 1.267744441910879649e-01
1.370000000000000000e+02 1.268102839630514955e-01
1.390000000000000000e+02 1.268493121972376070e-01
1.410000000000000000e+02 1.268812420492777537e-01
1.430000000000000000e+02 1.269061582702347701e-01
1.450000000000000000e+02 1.269276133743671986e-01
1.470000000000000000e+02 1.269462758822135218e-01
1.490000000000000000e+02 1.269607932057427169e-01
