1.000000000000000000e+00 2.149678546907184407e-01
3.000000000000000000e+00 2.411675066994348748e-01
5.000000000000000000e+00 2.518013540501061742e-01
7.000000000000000000e+00 2.574860985607975161e-01
9.000000000000000000e+00 2.613819025303351085e-01
1.100000000000000000e+01 2.645562136735152281e-01
1.300000000000000000e+01 2.673333655196005187e-01
1.500000000000000000e+01 2.698983505891252577e-01
1.700000000000000000e+01 2.723186108260863270e-01
1.900000000000000000e+01 2.746347888182840702e-01
2.100000000000000000e+01 2.768509304267889881e-01
2.300000000000000000e+01 2.789868981183424301e-01
2.500000000000000000e+01 2.810499783386590789e-01
2.700000000000000000e+01 2.830476165878478279e-01
2.900000000000000000e+01 2.849836060878451205e-01
3.100000000000000000e+01 2.868527732966457133e-01
3.300000000000000000e+01 2.886570036884730239e-01
3.500000000000000000e+01 2.903948593569412040e-01
3.700000000000000000e+01 2.920714711195288027e-01
3.900000000000000000e+01 2.936960892206350593e-01
4.100000000000000000e+01 2.952750429795787390e-01
4.300000000000000000e+01 2.968147188620169352e-01
4.500000000000000000e+01 2.983242625929840575e-01
4.700000000000000000e+01 2.998084324752635643e-01
4.900000000000000000e+01 3.012727513368562704e-01
5.100000000000000000e+01 3.027232621271926938e-01
5.300000000000000000e+01 3.041652849791895985e-01
5.500000000000000000e+01 3.056005647596955477e-01
5.700000000000000000e+01 3.070296759882665816e-01
5.900000000000000000e+01 3.084563497993090264e-01
6.100000000000000000e+01 3.098819918191658696e-01
6.300000000000000000e+01 3.113050279423351663e-01
6.500000000000000000e+01 3.127247865189957121e-01
6.700000000000000000e+01 3.141414671682607462e-01
6.900000000000000000e+01 3.155560718062057068e-01
7.100000000000000000e+01 3.169693880524178109e-01
7.300000000000000000e+01 3.183838913591361397e-01
7.500000000000000000e+01 3.197991350259709042e-01
7.700000000000000000e+01 3.212136160130467655e-01
7.900000000000000000e+01 3.226249749584474413e-01
8.100000000000000000e+01 3.240332910657183207e-01
8.300000000000000000e+01 3.254381292934350745e-01
8.500000000000000000e+01 3.268399992107965391e-01
8.700000000000000000e+01 3.282379755721734904e-01
8.900000000000000000e+01 3.296317669778721093e-01
9.100000000000000000e+01 3.310188809386280795e-01
9.300000000000000000e+01 3.324001863250636291e-01
9.500000000000000000e+01 3.337751870873205684e-01
9.700000000000000000e+01 3.351454179206440065e-01
9.900000000000000000e+01 3.365113649771579452e-01
1.010000000000000000e+02 3.378748635741624096e-01
1.030000000000000000e+02 3.392368306632282948e-01
1.050000000000000000e+02 3.405979723619145805e-01
1.070000000000000000e+02 3.419584194767788521e-01
1.090000000000000000e+02 3.433203224776224527e-01
1.110000000000000000e+02 3.446812703543964407e-01
1.130000000000000000e+02 3.460434238806346929e-01
1.150000000000000000e+02 3.474078805234221967e-01
1.170000000000000000e+02 3.487758501584764526e-01
1.190000000000000000e+02 3.501475717277071631e-01
1.210000000000000000e+02 3.515241412118687014e-01
1.230000000000000000e+02 3.529037425913353898e-01
1.250000000000000000e+02 3.542867093258765809e-01
1.270000000000000000e+02 3.556709606958570191e-01
1.290000000000000000e+02 3.570579492288494805e-01
1.310000000000000000e+02 3.584498162908558161e-01
1.330000000000000000e+02 3.598469292661642394e-01
1.350000000000000000e+02 3.612506530775068114e-01
1.370000000000000000e+02 3.626633580040874438e-01
1.390000000000000000e+02 3.640862221910727836e-01
1.410000000000000000e+02 3.655192557526697472e-01
1.430000000000000000e+02 3.669621252342740725e-01
1.450000000000000000e+02 3.684134968895234064e-01
1.470000000000000000e+02 3.698745070711864091e-01
1.490000000000000000e+02 3.713449604441600993e-01
