1.000000000000000000e+00 1.254111554342500767e-01
3.000000000000000000e+00 1.454511051690742240e-01
5.000000000000000000e+00 1.541833035111865868e-01
7.000000000000000000e+00 1.587330428648191516e-01
9.000000000000000000e+00 1.618343022509404205e-01
1.100000000000000000e+01 1.643420826506239996e-01
1.300000000000000000e+01 1.665617514401489530e-01
1.500000000000000000e+01 1.686249823569028194e-01
1.700000000000000000e+01 1.705740011814713686e-01
1.900000000000000000e+01 1.724379791767803871e-01
2.100000000000000000e+01 1.742557875534035405e-01
2.300000000000000000e+01 1.760300444213602766e-01
2.500000000000000000e+01 1.777749548506105670e-01
2.700000000000000000e+01 1.795064249511446608e-01
2.900000000000000000e+01 1.812302623473689422e-01
3.100000000000000000e+01 1.829523087785059898e-01
3.300000000000000000e+01 1.846834898541429570e-01
3.500000000000000000e+01 1.864233300993176634e-01
3.700000000000000000e+01 1.881545739198459133e-01
3.900000000000000000e+01 1.898749851692496105e-01
4.100000000000000000e+01 1.915937229726787372e-01
4.300000000000000000e+01 1.933090221715765278e-01
4.500000000000000000e+01 1.950202841867998416e-01
4.700000000000000000e+01 1.967282421872602605e-01
4.900000000000000000e+01 1.984312415571417576e-01
5.100000000000000000e+01 2.001343406274284087e-01
5.300000000000000000e+01 2.018528654646254417e-01
5.500000000000000000e+01 2.035849079208508217e-01
5.700000000000000000e+01 2.053147209490727709e-01
5.900000000000000000e+01 2.070453064922395114e-01
6.100000000000000000e+01 2.087791679601127548e-01
6.300000000000000000e+01 2.105153855991110934e-01
6.500000000000000000e+01 2.122581986311221636e-01
6.700000000000000000e+01 2.140091798511160048e-01
6.900000000000000000e+01 2.157610184551344013e-01
7.100000000000000000e+01 2.175139453218160046e-01
7.300000000000000000e+01 2.192686138995553202e-01
7.500000000000000000e+01 2.210241313268271890e-01
7.700000000000000000e+01 2.227863979982824816e-01
7.900000000000000000e+01 2.245547190418618611e-01
8.100000000000000000e+01 2.263188213289549777e-01
8.300000000000000000e+01 2.280782552384186257e-01
8.500000000000000000e+01 2.298383144782717435e-01
8.700000000000000000e+01 2.315990756635938341e-01
8.900000000000000000e+01 2.333575263371067132e-01
9.100000000000000000e+01 2.351144885208694690e-01
9.300000000000000000e+01 2.368727742300407169e-01
9.500000000000000000e+01 2.386288279553063774e-01
9.700000000000000000e+01 2.403826924253403829e-01
9.900000000000000000e+01 2.421411803484403436e-01
1.010000000000000000e+02 2.439055278302658669e-01
1.030000000000000000e+02 2.456677117053455150e-01
1.050000000000000000e+02 2.474291619167247047e-01
1.070000000000000000e+02 2.491917378809662686e-01
1.090000000000000000e+02 2.509621677726677769e-01
1.110000000000000000e+02 2.527432195823595684e-01
1.130000000000000000e+02 2.545353660038086607e-01
1.150000000000000000e+02 2.563408862699693147e-01
1.170000000000000000e+02 2.581593331605529507e-01
1.190000000000000000e+02 2.599917121716208701e-01
1.210000000000000000e+02 2.618389706719074228e-01
1.230000000000000000e+02 2.637132467481044795e-01
1.250000000000000000e+02 2.656154931964173072e-01
1.270000000000000000e+02 2.675416719872021343e-01
1.290000000000000000e+02 2.694894596703133471e-01
1.310000000000000000e+02 2.714659019911973559e-01
1.330000000000000000e+02 2.734716000396636426e-01
1.350000000000000000e+02 2.755097088285345386e-01
1.370000000000000000e+02 2.775800596997337610e-01
1.390000000000000000e+02 2.796837857270024763e-01
1.410000000000000000e+02 2.818199706927030368e-01
1.430000000000000000e+02 2.839879922793926426e-01
1.450000000000000000e+02 2.861884375072907272e-01
1.470000000000000000e+02 2.884237501399291581e-01
1.490000000000000000e+02 2.906939438134871212e-01
