1.000000000000000000e+00 1.706484641638228439e-02
3.000000000000000000e+00 1.750519005031114794e-02
5.000000000000000000e+00 1.774833498833827683e-02
7.000000000000000000e+00 1.794188432305066083e-02
9.000000000000000000e+00 1.810406230402372696e-02
1.100000000000000000e+01 1.824423129439356472e-02
1.300000000000000000e+01 1.836875787873670784e-02
1.500000000000000000e+01 1.847538918925883955e-02
1.700000000000000000e+01 1.856781760379311308e-02
1.900000000000000000e+01 1.864759127329729260e-02
2.100000000000000000e+01 1.871835080396522244e-02
2.300000000000000000e+01 1.878000926603673459e-02
2.500000000000000000e+01 1.883347418136460671e-02
2.700000000000000000e+01 1.887906080052703661e-02
2.900000000000000000e+01 1.891679520040423501e-02
3.100000000000000000e+01 1.894679115620789833e-02
3.300000000000000000e+01 1.896881721976162449e-02
3.500000000000000000e+01 1.898312939584978487e-02
3.700000000000000000e+01 1.898957643802179351e-02
3.900000000000000000e+01 1.898937239710241087e-02
4.100000000000000000e+01 1.898318303347634739e-02
4.300000000000000000e+01 1.897123759095764584e-02
4.500000000000000000e+01 1.895506656892109731e-02
4.700000000000000000e+01 1.893495315285342873e-02
4.900000000000000000e+01 1.891102731397487080e-02
5.100000000000000000e+01 1.888294752856634062e-02
5.300000000000000000e+01 1.885054066817470897e-02
5.500000000000000000e+01 1.881430528032579375e-02
5.700000000000000000e+01 1.877347336354484586e-02
5.900000000000000000e+01 1.872822124469952776e-02
6.100000000000000000e+01 1.867827055070703235e-02
6.300000000000000000e+01 1.862378444650569786e-02
6.500000000000000000e+01 1.856603653803434728e-02
6.700000000000000000e+01 1.850534818217630662e-02
6.900000000000000000e+01 1.844282407513897493e-02
7.100000000000000000e+01 1.837861343658742097e-02
7.300000000000000000e+01 1.831329997151431854e-02
7.500000000000000000e+01 1.824413102695721101e-02
7.700000000000000000e+01 1.817115228798260596e-02
7.900000000000000000e+01 1.809383747546755572e-02
8.100000000000000000e+01 1.801254850371025729e-02
8.300000000000000000e+01 1.792930358717315098e-02
8.500000000000000000e+01 1.784503884973442922e-02
8.700000000000000000e+01 1.776055952485966483e-02
8.900000000000000000e+01 1.767518701767534228e-02
9.100000000000000000e+01 1.758799297012136886e-02
9.300000000000000000e+01 1.749950547577594495e-02
9.500000000000000000e+01 1.740980418457060974e-02
9.700000000000000000e+01 1.731785376172034763e-02
9.900000000000000000e+01 1.722348144137741954e-02
1.010000000000000000e+02 1.712693171718082663e-02
1.030000000000000000e+02 1.702838465814704438e-02
1.050000000000000000e+02 1.692906948289674141e-02
1.070000000000000000e+02 1.682819554270376106e-02
1.090000000000000000e+02 1.672593418497947404e-02
1.110000000000000000e+02 1.662248505702135226e-02
1.130000000000000000e+02 1.651849239949298997e-02
1.150000000000000000e+02 1.641281281168183170e-02
1.170000000000000000e+02 1.630600259602466018e-02
1.190000000000000000e+02 1.619769928667880166e-02
1.210000000000000000e+02 1.608952786189721262e-02
1.230000000000000000e+02 1.598161745398518629e-02
1.250000000000000000e+02 1.587534124579259576e-02
1.270000000000000000e+02 1.577029174770727682e-02
1.290000000000000000e+02 1.566533680091275471e-02
1.310000000000000000e+02 1.556132596397263868e-02
1.330000000000000000e+02 1.545830353806065816e-02
1.350000000000000000e+02 1.535677580806704690e-02
1.370000000000000000e+02 1.525678447819622807e-02
1.390000000000000000e+02 1.515794115192403702e-02
1.410000000000000000e+02 1.505986169920481288e-02
1.430000000000000000e+02 1.496260060063936415e-02
1.450000000000000000e+02 1.486555552137114322e-02
1.470000000000000000e+02 1.476922170993655303e-02
1.490000000000000000e+02 1.467362915302272697e-02
