1.000000000000000000e+00 3.649959939464075820e-02
3.000000000000000000e+00 4.378579799070403400e-02
5.000000000000000000e+00 4.762795300011457567e-02
7.000000000000000000e+00 5.058891007030430487e-02
9.000000000000000000e+00 5.313934685223564713e-02
1.100000000000000000e+01 5.557410455605349409e-02
1.300000000000000000e+01 5.808138246171823393e-02
1.500000000000000000e+01 6.072280838082311227e-02
1.700000000000000000e+01 6.349275914064078652e-02
1.900000000000000000e+01 6.636784152168073714e-02
2.100000000000000000e+01 6.930701985885190375e-02
2.300000000000000000e+01 7.228473183249095602e-02
2.500000000000000000e+01 7.526178640652003704e-02
2.700000000000000000e+01 7.821571218309142370e-02
2.900000000000000000e+01 8.114778676397271795e-02
3.100000000000000000e+01 8.404848221627914118e-02
3.300000000000000000e+01 8.691166139697736881e-02
3.500000000000000000e+01 8.973063343093867772e-02
3.700000000000000000e+01 9.250332551945683601e-02
3.900000000000000000e+01 9.523785455060040928e-02
4.100000000000000000e+01 9.794376454508324503e-02
4.300000000000000000e+01 1.006336165008069328e-01
4.500000000000000000e+01 1.033197952689823840e-01
4.700000000000000000e+01 1.060158035844465108e-01
4.900000000000000000e+01 1.087284958586747230e-01
5.100000000000000000e+01 1.114642021951989248e-01
5.300000000000000000e+01 1.142294590926746789e-01
5.500000000000000000e+01 1.170284667181041849e-01
5.700000000000000000e+01 1.198645541425980010e-01
5.900000000000000000e+01 1.227370059142622871e-01
6.100000000000000000e+01 1.256476602826744893e-01
6.300000000000000000e+01 1.285966792208613763e-01
6.500000000000000000e+01 1.315818840616064245e-01
6.700000000000000000e+01 1.346005092476654230e-01
6.900000000000000000e+01 1.376486205288887099e-01
7.100000000000000000e+01 1.407238873635225929e-01
7.300000000000000000e+01 1.438217933130278015e-01
7.500000000000000000e+01 1.469395504361797888e-01
7.700000000000000000e+01 1.500796218599650400e-01
7.900000000000000000e+01 1.532408020100924917e-01
8.100000000000000000e+01 1.564190449151380280e-01
8.300000000000000000e+01 1.596121638288208189e-01
8.500000000000000000e+01 1.628184417552303032e-01
8.700000000000000000e+01 1.660327265042852440e-01
8.900000000000000000e+01 1.692381992714199201e-01
9.100000000000000000e+01 1.724325030504496592e-01
9.300000000000000000e+01 1.756128395520345498e-01
9.500000000000000000e+01 1.787714159784946633e-01
9.700000000000000000e+01 1.819083536577394966e-01
9.900000000000000000e+01 1.850207015040105096e-01
1.010000000000000000e+02 1.881044017203769014e-01
1.030000000000000000e+02 1.911542360723431644e-01
1.050000000000000000e+02 1.941753145257899549e-01
1.070000000000000000e+02 1.971678712361493169e-01
1.090000000000000000e+02 2.001290347806975456e-01
1.110000000000000000e+02 2.030602464208584035e-01
1.130000000000000000e+02 2.059587222117148508e-01
1.150000000000000000e+02 2.088210601344372419e-01
1.170000000000000000e+02 2.116485452445070470e-01
1.190000000000000000e+02 2.144417236886750899e-01
1.210000000000000000e+02 2.172041934564656884e-01
1.230000000000000000e+02 2.199365325627388179e-01
1.250000000000000000e+02 2.226418756675522248e-01
1.270000000000000000e+02 2.253210210461981111e-01
1.290000000000000000e+02 2.279764450506327478e-01
1.310000000000000000e+02 2.306147219879117749e-01
1.330000000000000000e+02 2.332369685243081969e-01
1.350000000000000000e+02 2.358423914289172751e-01
1.370000000000000000e+02 2.384333280693837764e-01
1.390000000000000000e+02 2.410078712279335456e-01
1.410000000000000000e+02 2.435674633122889565e-01
1.430000000000000000e+02 2.461119391511221721e-01
1.450000000000000000e+02 2.486426983947681579e-01
1.470000000000000000e+02 2.511570953158376307e-01
1.490000000000000000e+02 2.536537047398651490e-01
