1.000000000000000000e+00 1.263279519851077115e-01
3.000000000000000000e+00 1.438324015847617376e-01
5.000000000000000000e+00 1.516910992366639066e-01
7.000000000000000000e+00 1.558819237305749672e-01
9.000000000000000000e+00 1.587042368806662607e-01
1.100000000000000000e+01 1.609543330150162710e-01
1.300000000000000000e+01 1.629430715357469417e-01
1.500000000000000000e+01 1.647611497662072599e-01
1.700000000000000000e+01 1.664618577573582225e-01
1.900000000000000000e+01 1.680688988306366927e-01
2.100000000000000000e+01 1.695963653735488297e-01
2.300000000000000000e+01 1.710579907739303573e-01
2.500000000000000000e+01 1.724749201834265833e-01
2.700000000000000000e+01 1.738724685146522120e-01
2.900000000000000000e+01 1.752625391847455472e-01
3.100000000000000000e+01 1.766463791287897767e-01
3.300000000000000000e+01 1.780309001150763848e-01
3.500000000000000000e+01 1.794154083594329263e-01
3.700000000000000000e+01 1.807744797876886800e-01
3.900000000000000000e+01 1.821081590238922132e-01
4.100000000000000000e+01 1.834309771613241713e-01
4.300000000000000000e+01 1.847466562155875014e-01
4.500000000000000000e+01 1.860553623411882462e-01
4.700000000000000000e+01 1.873583626823633885e-01
4.900000000000000000e+01 1.886540796810753928e-01
5.100000000000000000e+01 1.899469579657925289e-01
5.300000000000000000e+01 1.912516129187751268e-01
5.500000000000000000e+01 1.925670539147212867e-01
5.700000000000000000e+01 1.938775868738354946e-01
5.900000000000000000e+01 1.951863428010361945e-01
6.100000000000000000e+01 1.964967823820915616e-01
6.300000000000000000e+01 1.978135163904799487e-01
6.500000000000000000e+01 1.991420557818979198e-01
6.700000000000000000e+01 2.004859941104455423e-01
6.900000000000000000e+01 2.018381717502427675e-01
7.100000000000000000e+01 2.031999037176718259e-01
7.300000000000000000e+01 2.045742063948698952e-01
7.500000000000000000e+01 2.059609324078690573e-01
7.700000000000000000e+01 2.073649531309152971e-01
7.900000000000000000e+01 2.087851340763422492e-01
8.100000000000000000e+01 2.102127701059981479e-01
8.300000000000000000e+01 2.116471392045502498e-01
8.500000000000000000e+01 2.130937327398840786e-01
8.700000000000000000e+01 2.145531903569171117e-01
8.900000000000000000e+01 2.160236527508456739e-01
9.100000000000000000e+01 2.175052216460340304e-01
9.300000000000000000e+01 2.189997011729816201e-01
9.500000000000000000e+01 2.205048663654245455e-01
9.700000000000000000e+01 2.220210334859022971e-01
9.900000000000000000e+01 2.235538783144470631e-01
1.010000000000000000e+02 2.251038405750861449e-01
1.030000000000000000e+02 2.266616252572171142e-01
1.050000000000000000e+02 2.282271566425508880e-01
1.070000000000000000e+02 2.298010957118630238e-01
1.090000000000000000e+02 2.313885654716403284e-01
1.110000000000000000e+02 2.329905005216432734e-01
1.130000000000000000e+02 2.346067880972599884e-01
1.150000000000000000e+02 2.362385379968650057e-01
1.170000000000000000e+02 2.378842959068795393e-01
1.190000000000000000e+02 2.395441747144557709e-01
1.210000000000000000e+02 2.412191373398744343e-01
1.230000000000000000e+02 2.429200367422535978e-01
1.250000000000000000e+02 2.446473600817014038e-01
1.270000000000000000e+02 2.463970957040010346e-01
1.290000000000000000e+02 2.481662432319947653e-01
1.310000000000000000e+02 2.499604882001283945e-01
1.330000000000000000e+02 2.517805642022756807e-01
1.350000000000000000e+02 2.536300286658337289e-01
1.370000000000000000e+02 2.555084993691713047e-01
1.390000000000000000e+02 2.574161311315011913e-01
1.410000000000000000e+02 2.593501648017846328e-01
1.430000000000000000e+02 2.613114500368068915e-01
1.450000000000000000e+02 2.632998789569730436e-01
1.470000000000000000e+02 2.653187293441642280e-01
1.490000000000000000e+02 2.673676415201197143e-01
