1.000000000000000000e+00 1.908295785846803039e-02
3.000000000000000000e+00 1.971166204227225993e-02
5.000000000000000000e+00 2.011171787697640934e-02
7.000000000000000000e+00 2.041962016053366913e-02
9.000000000000000000e+00 2.066470910469253575e-02
1.100000000000000000e+01 2.087197927029593725e-02
1.300000000000000000e+01 2.105044850885673391e-02
1.500000000000000000e+01 2.120829252340361570e-02
1.700000000000000000e+01 2.134408859424108407e-02
1.900000000000000000e+01 2.146430507726582171e-02
2.100000000000000000e+01 2.157481685458007004e-02
2.300000000000000000e+01 2.167956234510859392e-02
2.500000000000000000e+01 2.177867997415317003e-02
2.700000000000000000e+01 2.187341912174245451e-02
2.900000000000000000e+01 2.196437427537900611e-02
3.100000000000000000e+01 2.205168348590680338e-02
3.300000000000000000e+01 2.213443026742178965e-02
3.500000000000000000e+01 2.221289537683912574e-02
3.700000000000000000e+01 2.228717070976915515e-02
3.900000000000000000e+01 2.235766562310737005e-02
4.100000000000000000e+01 2.242403303081175192e-02
4.300000000000000000e+01 2.248534053361350704e-02
4.500000000000000000e+01 2.254077553302336057e-02
4.700000000000000000e+01 2.258944784445082732e-02
4.900000000000000000e+01 2.263065850352030672e-02
5.100000000000000000e+01 2.266436870654897628e-02
5.300000000000000000e+01 2.269029320703519481e-02
5.500000000000000000e+01 2.270799259800537762e-02
5.700000000000000000e+01 2.271695607180956866e-02
5.900000000000000000e+01 2.271710300015561401e-02
6.100000000000000000e+01 2.270825679569776767e-02
6.300000000000000000e+01 2.268989891808459447e-02
6.500000000000000000e+01 2.266159562855185605e-02
6.700000000000000000e+01 2.262216254656446157e-02
6.900000000000000000e+01 2.257159067006953013e-02
7.100000000000000000e+01 2.250998130274139974e-02
7.300000000000000000e+01 2.243718806338912408e-02
7.500000000000000000e+01 2.235318439556088776e-02
7.700000000000000000e+01 2.225865205456156737e-02
7.900000000000000000e+01 2.215402432944046929e-02
8.100000000000000000e+01 2.203949754500178493e-02
8.300000000000000000e+01 2.191665745546012012e-02
8.500000000000000000e+01 2.178632136573521727e-02
8.700000000000000000e+01 2.164924289581704464e-02
8.900000000000000000e+01 2.150752699730651418e-02
9.100000000000000000e+01 2.136015015054382182e-02
9.300000000000000000e+01 2.120886087908002704e-02
9.500000000000000000e+01 2.105393867918647910e-02
9.700000000000000000e+01 2.089617343719341047e-02
9.900000000000000000e+01 2.073681294695906008e-02
1.010000000000000000e+02 2.057637380211141398e-02
1.030000000000000000e+02 2.041617061085443385e-02
1.050000000000000000e+02 2.025651735520228591e-02
1.070000000000000000e+02 2.009709024125949650e-02
1.090000000000000000e+02 1.993870652554174949e-02
1.110000000000000000e+02 1.978176443810075735e-02
1.130000000000000000e+02 1.962637352790130851e-02
1.150000000000000000e+02 1.947295251105096714e-02
1.170000000000000000e+02 1.932126929556210460e-02
1.190000000000000000e+02 1.917158239470806436e-02
1.210000000000000000e+02 1.902366824932344436e-02
1.230000000000000000e+02 1.887828504400768104e-02
1.250000000000000000e+02 1.873497220483510972e-02
1.270000000000000000e+02 1.859342854223966501e-02
1.290000000000000000e+02 1.845379620790177366e-02
1.310000000000000000e+02 1.831568769972724553e-02
1.330000000000000000e+02 1.817952367217667842e-02
1.350000000000000000e+02 1.804525638495346751e-02
1.370000000000000000e+02 1.791424203065816734e-02
1.390000000000000000e+02 1.778526469486341188e-02
1.410000000000000000e+02 1.765872982159355509e-02
1.430000000000000000e+02 1.753463441674374401e-02
1.450000000000000000e+02 1.741306720071056358e-02
1.470000000000000000e+02 1.729330562077613376e-02
1.490000000000000000e+02 1.717533468222165460e-02
