1.000000000000000000e+00 4.578313253012048500e-01
3.000000000000000000e+00 5.003862795758564630e-01
5.000000000000000000e+00 5.197294478319225419e-01
7.000000000000000000e+00 5.318898934125753097e-01
9.000000000000000000e+00 5.415601193406409664e-01
1.100000000000000000e+01 5.501291177906975083e-01
1.300000000000000000e+01 5.581974070954442979e-01
1.500000000000000000e+01 5.658947285692847995e-01
1.700000000000000000e+01 5.732221875137542000e-01
1.900000000000000000e+01 5.801963567599017768e-01
2.100000000000000000e+01 5.867777170273793530e-01
2.300000000000000000e+01 5.929310024508167576e-01
2.500000000000000000e+01 5.986688536829023466e-01
2.700000000000000000e+01 6.040187279577431401e-01
2.900000000000000000e+01 6.089790612471746023e-01
3.100000000000000000e+01 6.135945818569420451e-01
3.300000000000000000e+01 6.178885593205616367e-01
3.500000000000000000e+01 6.218712372768180341e-01
3.700000000000000000e+01 6.255688381302393353e-01
3.900000000000000000e+01 6.290255881374212654e-01
4.100000000000000000e+01 6.322406209039145297e-01
4.300000000000000000e+01 6.352250830612753418e-01
4.500000000000000000e+01 6.380414917085044380e-01
4.700000000000000000e+01 6.407164937288964968e-01
4.900000000000000000e+01 6.432664868358257682e-01
5.100000000000000000e+01 6.457073837166941166e-01
5.300000000000000000e+01 6.480393140261375695e-01
5.500000000000000000e+01 6.502522321133816785e-01
5.700000000000000000e+01 6.523544023450420504e-01
5.900000000000000000e+01 6.543444092828560876e-01
6.100000000000000000e+01 6.562316372101070217e-01
6.300000000000000000e+01 6.580360243277429966e-01
6.500000000000000000e+01 6.597832946834638612e-01
6.700000000000000000e+01 6.614771803596406485e-01
6.900000000000000000e+01 6.631151811441903243e-01
7.100000000000000000e+01 6.646584202949381570e-01
7.300000000000000000e+01 6.661503800839090328e-01
7.500000000000000000e+01 6.675958485318648217e-01
7.700000000000000000e+01 6.689693305249981847e-01
7.900000000000000000e+01 6.702662028744359457e-01
8.100000000000000000e+01 6.715086297865271447e-01
8.300000000000000000e+01 6.727060220462692808e-01
8.500000000000000000e+01 6.738631643028241136e-01
8.700000000000000000e+01 6.749867793431690854e-01
8.900000000000000000e+01 6.760673919103373786e-01
9.100000000000000000e+01 6.771208636704746375e-01
9.300000000000000000e+01 6.781261634771125202e-01
9.500000000000000000e+01 6.790909506497935233e-01
9.700000000000000000e+01 6.800202366090551953e-01
9.900000000000000000e+01 6.808919277328211450e-01
1.010000000000000000e+02 6.817325314077278264e-01
1.030000000000000000e+02 6.825415991800227733e-01
1.050000000000000000e+02 6.832922832210339692e-01
1.070000000000000000e+02 6.839828657105049281e-01
1.090000000000000000e+02 6.846210574764979295e-01
1.110000000000000000e+02 6.851927264945172347e-01
1.130000000000000000e+02 6.856982591271392202e-01
1.150000000000000000e+02 6.861378389050767357e-01
1.170000000000000000e+02 6.865027928048329509e-01
1.190000000000000000e+02 6.868069979968433048e-01
1.210000000000000000e+02 6.870537570708719066e-01
1.230000000000000000e+02 6.872681562902005492e-01
1.250000000000000000e+02 6.874510872157024721e-01
1.270000000000000000e+02 6.876077225391499237e-01
1.290000000000000000e+02 6.877249005440660978e-01
1.310000000000000000e+02 6.877773508164788385e-01
1.330000000000000000e+02 6.877823280016653884e-01
1.350000000000000000e+02 6.877426507871458039e-01
1.370000000000000000e+02 6.876585907901806571e-01
1.390000000000000000e+02 6.875123576008799198e-01
1.410000000000000000e+02 6.873423372203337767e-01
1.430000000000000000e+02 6.871515450980232309e-01
1.450000000000000000e+02 6.869401736502308564e-01
1.470000000000000000e+02 6.867074292430286331e-01
1.490000000000000000e+02 6.864477517246992955e-01
