1.000000000000000000e+00 5.718432510885340658e-01
3.000000000000000000e+00 6.359012966626353958e-01
5.000000000000000000e+00 6.668806041829913323e-01
7.000000000000000000e+00 6.875221092071484019e-01
9.000000000000000000e+00 7.050803791997651837e-01
1.100000000000000000e+01 7.211400993439076590e-01
1.300000000000000000e+01 7.364674685924414987e-01
1.500000000000000000e+01 7.507875210494262541e-01
1.700000000000000000e+01 7.641836456806150313e-01
1.900000000000000000e+01 7.767177842910735208e-01
2.100000000000000000e+01 7.884643675085729608e-01
2.300000000000000000e+01 7.994519331201976886e-01
2.500000000000000000e+01 8.093030789399650038e-01
2.700000000000000000e+01 8.179271956686308132e-01
2.900000000000000000e+01 8.254954062929978909e-01
3.100000000000000000e+01 8.321437743600184067e-01
3.300000000000000000e+01 8.379791066807300570e-01
3.500000000000000000e+01 8.430820615293761477e-01
3.700000000000000000e+01 8.474760215011383213e-01
3.900000000000000000e+01 8.513069562137594026e-01
4.100000000000000000e+01 8.546963426899362171e-01
4.300000000000000000e+01 8.577883542150459562e-01
4.500000000000000000e+01 8.605434024081793920e-01
4.700000000000000000e+01 8.630520977933273663e-01
4.900000000000000000e+01 8.654222827717450439e-01
5.100000000000000000e+01 8.678038446427146502e-01
5.300000000000000000e+01 8.701901058698054969e-01
5.500000000000000000e+01 8.725598425906340161e-01
5.700000000000000000e+01 8.748451421915914850e-01
5.900000000000000000e+01 8.770121605461460579e-01
6.100000000000000000e+01 8.790659966197614805e-01
6.300000000000000000e+01 8.809702422763744378e-01
6.500000000000000000e+01 8.827137875442543358e-01
6.700000000000000000e+01 8.842933259944686375e-01
6.900000000000000000e+01 8.856633404881638638e-01
7.100000000000000000e+01 8.868279496989568411e-01
7.300000000000000000e+01 8.878159325813081981e-01
7.500000000000000000e+01 8.886701664573214421e-01
7.700000000000000000e+01 8.894437414626280569e-01
7.900000000000000000e+01 8.901282419153773162e-01
8.100000000000000000e+01 8.907181781513262564e-01
8.300000000000000000e+01 8.912034041599387058e-01
8.500000000000000000e+01 8.916415964040990128e-01
8.700000000000000000e+01 8.920475946480549423e-01
8.900000000000000000e+01 8.924159521740473444e-01
9.100000000000000000e+01 8.927430264601523557e-01
9.300000000000000000e+01 8.930210827077584845e-01
9.500000000000000000e+01 8.932161505971971671e-01
9.700000000000000000e+01 8.933305291425793770e-01
9.900000000000000000e+01 8.934195910194494550e-01
1.010000000000000000e+02 8.934251028135865580e-01
1.030000000000000000e+02 8.933460305942926283e-01
1.050000000000000000e+02 8.932298806366568700e-01
1.070000000000000000e+02 8.930235459564594969e-01
1.090000000000000000e+02 8.927385826404851121e-01
1.110000000000000000e+02 8.923529941297578816e-01
1.130000000000000000e+02 8.918712674053096423e-01
1.150000000000000000e+02 8.912897341149577102e-01
1.170000000000000000e+02 8.907060765244028122e-01
1.190000000000000000e+02 8.901410984787314629e-01
1.210000000000000000e+02 8.895990765683723378e-01
1.230000000000000000e+02 8.890959555365389733e-01
1.250000000000000000e+02 8.886334040551120417e-01
1.270000000000000000e+02 8.883001504692867867e-01
1.290000000000000000e+02 8.880115074408193587e-01
1.310000000000000000e+02 8.877746064048448460e-01
1.330000000000000000e+02 8.876026436400694664e-01
1.350000000000000000e+02 8.875127173843726514e-01
1.370000000000000000e+02 8.875127173843719852e-01
1.390000000000000000e+02 8.875127173843724293e-01
1.410000000000000000e+02 8.875127173843722073e-01
1.430000000000000000e+02 8.875127173843723183e-01
1.450000000000000000e+02 8.875127173843723183e-01
1.470000000000000000e+02 8.875127173843723183e-01
1.490000000000000000e+02 8.875127173843719852e-01
