1.000000000000000000e+00 4.773691097412935402e-02
3.000000000000000000e+00 5.021264036826234012e-02
5.000000000000000000e+00 5.160467466583673612e-02
7.000000000000000000e+00 5.264338012117975030e-02
9.000000000000000000e+00 5.354661937701121754e-02
1.100000000000000000e+01 5.438907054426067589e-02
1.300000000000000000e+01 5.517673557979063670e-02
1.500000000000000000e+01 5.590980632705089270e-02
1.700000000000000000e+01 5.659890361011210569e-02
1.900000000000000000e+01 5.723725935434931245e-02
2.100000000000000000e+01 5.782717417256588721e-02
2.300000000000000000e+01 5.837629890441209390e-02
2.500000000000000000e+01 5.888479499793086713e-02
2.700000000000000000e+01 5.935555764830968695e-02
2.900000000000000000e+01 5.979487571082686692e-02
3.100000000000000000e+01 6.021040451594350529e-02
3.300000000000000000e+01 6.060686495603306856e-02
3.500000000000000000e+01 6.098655441710409963e-02
3.700000000000000000e+01 6.135031658464851212e-02
3.900000000000000000e+01 6.169900161954655626e-02
4.100000000000000000e+01 6.203512821915846409e-02
4.300000000000000000e+01 6.235897704187443047e-02
4.500000000000000000e+01 6.267130591028002851e-02
4.700000000000000000e+01 6.297286323697715016e-02
4.900000000000000000e+01 6.326401460042874181e-02
5.100000000000000000e+01 6.354537060206399968e-02
5.300000000000000000e+01 6.381664275884724180e-02
5.500000000000000000e+01 6.407826597205401598e-02
5.700000000000000000e+01 6.433046088996086098e-02
5.900000000000000000e+01 6.457296705683035487e-02
6.100000000000000000e+01 6.480520857004756774e-02
6.300000000000000000e+01 6.502730625693675659e-02
6.500000000000000000e+01 6.523925570061195334e-02
6.700000000000000000e+01 6.544075025868612006e-02
6.900000000000000000e+01 6.563246388593324543e-02
7.100000000000000000e+01 6.581459813571033379e-02
7.300000000000000000e+01 6.598744874312989506e-02
7.500000000000000000e+01 6.615110352291408979e-02
7.700000000000000000e+01 6.630573430006037050e-02
7.900000000000000000e+01 6.645123078067149969e-02
8.100000000000000000e+01 6.658758443572376784e-02
8.300000000000000000e+01 6.671430281007140195e-02
8.500000000000000000e+01 6.683165260657053519e-02
8.700000000000000000e+01 6.693983171838568946e-02
8.900000000000000000e+01 6.703887167374367184e-02
9.100000000000000000e+01 6.712873267386632037e-02
9.300000000000000000e+01 6.720878000321328649e-02
9.500000000000000000e+01 6.727975284775755682e-02
9.700000000000000000e+01 6.734189759315245549e-02
9.900000000000000000e+01 6.739469319638546896e-02
1.010000000000000000e+02 6.743853273997546527e-02
1.030000000000000000e+02 6.747397464885929175e-02
1.050000000000000000e+02 6.750155299230309325e-02
1.070000000000000000e+02 6.752181911496568656e-02
1.090000000000000000e+02 6.753477007545982680e-02
1.110000000000000000e+02 6.754090004172008666e-02
1.130000000000000000e+02 6.754135681063322405e-02
1.150000000000000000e+02 6.753652846655033848e-02
1.170000000000000000e+02 6.752678568134606873e-02
1.190000000000000000e+02 6.751228901726447074e-02
1.210000000000000000e+02 6.749407545392593910e-02
1.230000000000000000e+02 6.747181579261196660e-02
1.250000000000000000e+02 6.744502640749439060e-02
1.270000000000000000e+02 6.741430521114688545e-02
1.290000000000000000e+02 6.737983737063268919e-02
1.310000000000000000e+02 6.734152123807501944e-02
1.330000000000000000e+02 6.730089627480217995e-02
1.350000000000000000e+02 6.725832882812621261e-02
1.370000000000000000e+02 6.721332160665327571e-02
1.390000000000000000e+02 6.716602399333349016e-02
1.410000000000000000e+02 6.711671082875081407e-02
1.430000000000000000e+02 6.706583292900802906e-02
1.450000000000000000e+02 6.701373503026020195e-02
1.470000000000000000e+02 6.696077334424410665e-02
1.490000000000000000e+02 6.690716594880474766e-02
