1.000000000000000000e+00 0.000000000000000000e+00
3.000000000000000000e+00 4.801832571232900193e-06
5.000000000000000000e+00 2.238172430135687563e-05
7.000000000000000000e+00 5.646240242707101231e-05
9.000000000000000000e+00 9.582119095152830113e-05
1.100000000000000000e+01 1.327134320847633830e-04
1.300000000000000000e+01 1.644739382938853467e-04
1.500000000000000000e+01 1.934331350388340809e-04
1.700000000000000000e+01 2.221856976004632500e-04
1.900000000000000000e+01 2.502900069660807247e-04
2.100000000000000000e+01 2.783362968646896363e-04
2.300000000000000000e+01 3.092718776295244609e-04
2.500000000000000000e+01 3.444320405612266711e-04
2.700000000000000000e+01 3.827703332904830447e-04
2.900000000000000000e+01 4.227530885839714259e-04
3.100000000000000000e+01 4.636910934828764042e-04
3.300000000000000000e+01 5.052819865581925640e-04
3.500000000000000000e+01 5.470628631814022924e-04
3.700000000000000000e+01 5.885795733501231197e-04
3.900000000000000000e+01 6.295082835904297625e-04
4.100000000000000000e+01 6.696739542566554348e-04
4.300000000000000000e+01 7.090236877290712059e-04
4.500000000000000000e+01 7.475792187972007952e-04
4.700000000000000000e+01 7.854008024823500023e-04
4.900000000000000000e+01 8.225706045241754083e-04
5.100000000000000000e+01 8.592169243228919839e-04
5.300000000000000000e+01 8.954405431413903216e-04
5.500000000000000000e+01 9.313079166896054417e-04
5.700000000000000000e+01 9.668820858668158991e-04
5.900000000000000000e+01 1.002217184954190543e-03
6.100000000000000000e+01 1.037291850801036475e-03
6.300000000000000000e+01 1.072001905252473186e-03
6.500000000000000000e+01 1.106267552546724708e-03
6.700000000000000000e+01 1.140096944074908691e-03
6.900000000000000000e+01 1.173534291617928105e-03
7.100000000000000000e+01 1.206618484761889931e-03
7.300000000000000000e+01 1.239373324945169941e-03
7.500000000000000000e+01 1.271849312154738065e-03
7.700000000000000000e+01 1.304111345577729786e-03
7.900000000000000000e+01 1.336216673755941109e-03
8.100000000000000000e+01 1.368197067027732139e-03
8.300000000000000000e+01 1.400069461058528475e-03
8.500000000000000000e+01 1.431828855300132375e-03
8.700000000000000000e+01 1.463458053585164897e-03
8.900000000000000000e+01 1.494938842062309980e-03
9.100000000000000000e+01 1.526256235218736990e-03
9.300000000000000000e+01 1.557409774537887870e-03
9.500000000000000000e+01 1.588409452648265052e-03
9.700000000000000000e+01 1.619255543255926355e-03
9.900000000000000000e+01 1.649943798077591062e-03
1.010000000000000000e+02 1.680499515365085905e-03
1.030000000000000000e+02 1.710967116660744303e-03
1.050000000000000000e+02 1.741401468135173047e-03
1.070000000000000000e+02 1.771855876498529270e-03
1.090000000000000000e+02 1.802368268309040289e-03
1.110000000000000000e+02 1.832952954983202432e-03
1.130000000000000000e+02 1.863600236682194655e-03
1.150000000000000000e+02 1.894281072828962742e-03
1.170000000000000000e+02 1.924950620736720630e-03
1.190000000000000000e+02 1.955577586209344965e-03
1.210000000000000000e+02 1.986131014844905174e-03
1.230000000000000000e+02 2.016596592068209404e-03
1.250000000000000000e+02 2.046973329210666215e-03
1.270000000000000000e+02 2.077268090461714678e-03
1.290000000000000000e+02 2.107480525269767035e-03
1.310000000000000000e+02 2.137623432157509384e-03
1.330000000000000000e+02 2.167722847009057041e-03
1.350000000000000000e+02 2.197810757383455993e-03
1.370000000000000000e+02 2.227921165899315881e-03
1.390000000000000000e+02 2.258080116180671837e-03
1.410000000000000000e+02 2.288301772219836216e-03
1.430000000000000000e+02 2.318586934394017973e-03
1.450000000000000000e+02 2.348936254262135037e-03
1.470000000000000000e+02 2.379343767002550791e-03
1.490000000000000000e+02 2.409802359637724933e-03
