1.000000000000000000e+00 1.684548169450281740e-01
3.000000000000000000e+00 1.860922745816238066e-01
5.000000000000000000e+00 1.932317825309100012e-01
7.000000000000000000e+00 1.968163047370864449e-01
9.000000000000000000e+00 1.992310624688286014e-01
1.100000000000000000e+01 2.011705670982598670e-01
1.300000000000000000e+01 2.028891035187769809e-01
1.500000000000000000e+01 2.044913861499402241e-01
1.700000000000000000e+01 2.060309012884210533e-01
1.900000000000000000e+01 2.075559516073796074e-01
2.100000000000000000e+01 2.090857255341184162e-01
2.300000000000000000e+01 2.106196173154085693e-01
2.500000000000000000e+01 2.121520909566056989e-01
2.700000000000000000e+01 2.136763666753228597e-01
2.900000000000000000e+01 2.151859855723654569e-01
3.100000000000000000e+01 2.166765394553086255e-01
3.300000000000000000e+01 2.181488237349116233e-01
3.500000000000000000e+01 2.196022129676102885e-01
3.700000000000000000e+01 2.210381063015993686e-01
3.900000000000000000e+01 2.224623092186649442e-01
4.100000000000000000e+01 2.238794801067744977e-01
4.300000000000000000e+01 2.252911889617600361e-01
4.500000000000000000e+01 2.266972712729441453e-01
4.700000000000000000e+01 2.280990610942570385e-01
4.900000000000000000e+01 2.294978491339463300e-01
5.100000000000000000e+01 2.308946565087874880e-01
5.300000000000000000e+01 2.322908265043293063e-01
5.500000000000000000e+01 2.336885967857688096e-01
5.700000000000000000e+01 2.350890892756302142e-01
5.900000000000000000e+01 2.364911364443692543e-01
6.100000000000000000e+01 2.378949023704943766e-01
6.300000000000000000e+01 2.393015430290662549e-01
6.500000000000000000e+01 2.407118580285863008e-01
6.700000000000000000e+01 2.421265360212860873e-01
6.900000000000000000e+01 2.435461977451862658e-01
7.100000000000000000e+01 2.449717785405389758e-01
7.300000000000000000e+01 2.464021001312854953e-01
7.500000000000000000e+01 2.478410429094356493e-01
7.700000000000000000e+01 2.492899286017346006e-01
7.900000000000000000e+01 2.507493958168801607e-01
8.100000000000000000e+01 2.522187051266223667e-01
8.300000000000000000e+01 2.536974617737809412e-01
8.500000000000000000e+01 2.551835350266703495e-01
8.700000000000000000e+01 2.566773599650611359e-01
8.900000000000000000e+01 2.581804870964576892e-01
9.100000000000000000e+01 2.596921063057867629e-01
9.300000000000000000e+01 2.612148168548757976e-01
9.500000000000000000e+01 2.627484568550330080e-01
9.700000000000000000e+01 2.642941377771473865e-01
9.900000000000000000e+01 2.658501753213814434e-01
1.010000000000000000e+02 2.674177931871232206e-01
1.030000000000000000e+02 2.689975610795148908e-01
1.050000000000000000e+02 2.705902829623570982e-01
1.070000000000000000e+02 2.721943351067006578e-01
1.090000000000000000e+02 2.738096953331613514e-01
1.110000000000000000e+02 2.754362766325373357e-01
1.130000000000000000e+02 2.770735727391936409e-01
1.150000000000000000e+02 2.787219379988754575e-01
1.170000000000000000e+02 2.803814149984832360e-01
1.190000000000000000e+02 2.820535501356544739e-01
1.210000000000000000e+02 2.837375532407319101e-01
1.230000000000000000e+02 2.854332934070814565e-01
1.250000000000000000e+02 2.871406114244631214e-01
1.270000000000000000e+02 2.888588852398238371e-01
1.290000000000000000e+02 2.905883138912696007e-01
1.310000000000000000e+02 2.923284529555789657e-01
1.330000000000000000e+02 2.940791139555686273e-01
1.350000000000000000e+02 2.958393746237077959e-01
1.370000000000000000e+02 2.976086731815108521e-01
1.390000000000000000e+02 2.993875123600799881e-01
1.410000000000000000e+02 3.011757716498491000e-01
1.430000000000000000e+02 3.029725635470247314e-01
1.450000000000000000e+02 3.047796617695606169e-01
1.470000000000000000e+02 3.065968099890222787e-01
1.490000000000000000e+02 3.084244011583728851e-01
