1.000000000000000000e+00 9.758871701546856237e-02
3.000000000000000000e+00 1.047355366258826415e-01
5.000000000000000000e+00 1.090830043549944062e-01
7.000000000000000000e+00 1.119398108348093057e-01
9.000000000000000000e+00 1.139495523252178621e-01
1.100000000000000000e+01 1.156532247720953865e-01
1.300000000000000000e+01 1.171687854616489943e-01
1.500000000000000000e+01 1.184952019600993278e-01
1.700000000000000000e+01 1.196630704818238966e-01
1.900000000000000000e+01 1.207324901761672731e-01
2.100000000000000000e+01 1.217146779759200603e-01
2.300000000000000000e+01 1.225763705323931196e-01
2.500000000000000000e+01 1.233254323682222431e-01
2.700000000000000000e+01 1.239927435182404114e-01
2.900000000000000000e+01 1.245779831108360103e-01
3.100000000000000000e+01 1.250852753598407086e-01
3.300000000000000000e+01 1.255155218738135403e-01
3.500000000000000000e+01 1.258944285425293019e-01
3.700000000000000000e+01 1.262258984185985478e-01
3.900000000000000000e+01 1.264999193910689712e-01
4.100000000000000000e+01 1.267197427650705865e-01
4.300000000000000000e+01 1.269022154193576446e-01
4.500000000000000000e+01 1.270515099276550153e-01
4.700000000000000000e+01 1.271803279602037318e-01
4.900000000000000000e+01 1.272883534746337419e-01
5.100000000000000000e+01 1.273774019285603964e-01
5.300000000000000000e+01 1.274714182463350109e-01
5.500000000000000000e+01 1.275600671783142515e-01
5.700000000000000000e+01 1.276462053224393101e-01
5.900000000000000000e+01 1.277314177995032551e-01
6.100000000000000000e+01 1.277997579714063026e-01
6.300000000000000000e+01 1.278408124367182985e-01
6.500000000000000000e+01 1.278612362886212273e-01
6.700000000000000000e+01 1.278540024917439455e-01
6.900000000000000000e+01 1.278347007403457525e-01
7.100000000000000000e+01 1.277917945783852982e-01
7.300000000000000000e+01 1.277090891661166738e-01
7.500000000000000000e+01 1.275867073268115437e-01
7.700000000000000000e+01 1.274293420998627857e-01
7.900000000000000000e+01 1.272356501677577301e-01
8.100000000000000000e+01 1.270062116602609370e-01
8.300000000000000000e+01 1.267423245867163040e-01
8.500000000000000000e+01 1.264645217994631032e-01
8.700000000000000000e+01 1.261901502421416410e-01
8.900000000000000000e+01 1.259062431793386283e-01
9.100000000000000000e+01 1.256147952126555056e-01
9.300000000000000000e+01 1.253101719029384720e-01
9.500000000000000000e+01 1.250081292672859945e-01
9.700000000000000000e+01 1.247047596290857818e-01
9.900000000000000000e+01 1.243986635066741675e-01
1.010000000000000000e+02 1.240975652260071227e-01
1.030000000000000000e+02 1.238023161540123818e-01
1.050000000000000000e+02 1.235010314129991738e-01
1.070000000000000000e+02 1.231988885819228496e-01
1.090000000000000000e+02 1.229126100549782219e-01
1.110000000000000000e+02 1.226418475946304820e-01
1.130000000000000000e+02 1.223657429460308643e-01
1.150000000000000000e+02 1.220919113276440759e-01
1.170000000000000000e+02 1.218154498332056912e-01
1.190000000000000000e+02 1.215609825215326900e-01
1.210000000000000000e+02 1.213277857672462323e-01
1.230000000000000000e+02 1.211156363352702270e-01
1.250000000000000000e+02 1.209183703428318157e-01
1.270000000000000000e+02 1.207349796904830797e-01
1.290000000000000000e+02 1.205650686569041952e-01
1.310000000000000000e+02 1.204175746122460033e-01
1.330000000000000000e+02 1.202873104003779892e-01
1.350000000000000000e+02 1.201608262871670663e-01
1.370000000000000000e+02 1.200367719755265350e-01
1.390000000000000000e+02 1.199197585472424610e-01
1.410000000000000000e+02 1.198138210530056424e-01
1.430000000000000000e+02 1.197182322780145913e-01
1.450000000000000000e+02 1.196301616006668622e-01
1.470000000000000000e+02 1.195279691133390720e-01
1.490000000000000000e+02 1.194136404509010818e-01
