1.000000000000000000e+00 2.984258038845055694e-04
3.000000000000000000e+00 3.101358918480290328e-04
5.000000000000000000e+00 2.971319788123150119e-04
7.000000000000000000e+00 2.826177941223084744e-04
9.000000000000000000e+00 2.847516849620035373e-04
1.100000000000000000e+01 2.967737022724348250e-04
1.300000000000000000e+01 3.112630764456891796e-04
1.500000000000000000e+01 3.262283120495368394e-04
1.700000000000000000e+01 3.390050511873354822e-04
1.900000000000000000e+01 3.488324580954715870e-04
2.100000000000000000e+01 3.568551780553930186e-04
2.300000000000000000e+01 3.636510221560751432e-04
2.500000000000000000e+01 3.699233376195376621e-04
2.700000000000000000e+01 3.758879461335240535e-04
2.900000000000000000e+01 3.817933326333289301e-04
3.100000000000000000e+01 3.876317782344207430e-04
3.300000000000000000e+01 3.933954926002014574e-04
3.500000000000000000e+01 3.989845195067065475e-04
3.700000000000000000e+01 4.044237059798172496e-04
3.900000000000000000e+01 4.097163473861797911e-04
4.100000000000000000e+01 4.148686207484653110e-04
4.300000000000000000e+01 4.198653687166320481e-04
4.500000000000000000e+01 4.247512283225285401e-04
4.700000000000000000e+01 4.295336425129692159e-04
4.900000000000000000e+01 4.342646533531668851e-04
5.100000000000000000e+01 4.389714019102930465e-04
5.300000000000000000e+01 4.436694315411715550e-04
5.500000000000000000e+01 4.483809775006619702e-04
5.700000000000000000e+01 4.531462720976930925e-04
5.900000000000000000e+01 4.579738636983909927e-04
6.100000000000000000e+01 4.628688698581351346e-04
6.300000000000000000e+01 4.678192749737464240e-04
6.500000000000000000e+01 4.728075803711595526e-04
6.700000000000000000e+01 4.778159972580464654e-04
6.900000000000000000e+01 4.828237253815537144e-04
7.100000000000000000e+01 4.878264052859959676e-04
7.300000000000000000e+01 4.928145799992789122e-04
7.500000000000000000e+01 4.977985384567729099e-04
7.700000000000000000e+01 5.027924641964887087e-04
7.900000000000000000e+01 5.077812180361851446e-04
8.100000000000000000e+01 5.127594469964691370e-04
8.300000000000000000e+01 5.177439826773433396e-04
8.500000000000000000e+01 5.227391615753029797e-04
8.700000000000000000e+01 5.277446965555876446e-04
8.900000000000000000e+01 5.327675731637837586e-04
9.100000000000000000e+01 5.378080296136733551e-04
9.300000000000000000e+01 5.428759746413103215e-04
9.500000000000000000e+01 5.479728070050260413e-04
9.700000000000000000e+01 5.530898161367758803e-04
9.900000000000000000e+01 5.582149048353191034e-04
1.010000000000000000e+02 5.633414013831439249e-04
1.030000000000000000e+02 5.684509031603779405e-04
1.050000000000000000e+02 5.735376208432230172e-04
1.070000000000000000e+02 5.785887105252962570e-04
1.090000000000000000e+02 5.835909468089317542e-04
1.110000000000000000e+02 5.885422157753117389e-04
1.130000000000000000e+02 5.934310672859322011e-04
1.150000000000000000e+02 5.982529528424374021e-04
1.170000000000000000e+02 6.030183741717598522e-04
1.190000000000000000e+02 6.077566612755491704e-04
1.210000000000000000e+02 6.124892973232709537e-04
1.230000000000000000e+02 6.172216188430335038e-04
1.250000000000000000e+02 6.219613370725962653e-04
1.270000000000000000e+02 6.267157330660522163e-04
1.290000000000000000e+02 6.315048154895697152e-04
1.310000000000000000e+02 6.363494744582309792e-04
1.330000000000000000e+02 6.410407916715987753e-04
1.350000000000000000e+02 6.455671449198119305e-04
1.370000000000000000e+02 6.499363705323446538e-04
1.390000000000000000e+02 6.541514665078240753e-04
1.410000000000000000e+02 6.584279165546824686e-04
1.430000000000000000e+02 6.627841997529637652e-04
1.450000000000000000e+02 6.672503568503351801e-04
1.470000000000000000e+02 6.718544211351540341e-04
1.490000000000000000e+02 6.766182415035570941e-04
