1.000000000000000000e+00 2.378925097401762834e-02
3.000000000000000000e+00 2.487356423843989361e-02
5.000000000000000000e+00 2.553946802162343488e-02
7.000000000000000000e+00 2.602088644022160224e-02
9.000000000000000000e+00 2.632275252935400989e-02
1.100000000000000000e+01 2.650829060606074705e-02
1.300000000000000000e+01 2.660610214982517263e-02
1.500000000000000000e+01 2.664598176058097234e-02
1.700000000000000000e+01 2.665380889678170551e-02
1.900000000000000000e+01 2.663737414819633553e-02
2.100000000000000000e+01 2.659304737253864737e-02
2.300000000000000000e+01 2.651838429412445297e-02
2.500000000000000000e+01 2.641595944038455102e-02
2.700000000000000000e+01 2.629048893858565439e-02
2.900000000000000000e+01 2.614475776668023776e-02
3.100000000000000000e+01 2.598382129572796018e-02
3.300000000000000000e+01 2.580600123718213013e-02
3.500000000000000000e+01 2.561458229904345352e-02
3.700000000000000000e+01 2.541281119338767436e-02
3.900000000000000000e+01 2.520152989598045679e-02
4.100000000000000000e+01 2.498277875967447326e-02
4.300000000000000000e+01 2.476070064769575474e-02
4.500000000000000000e+01 2.453762027274575264e-02
4.700000000000000000e+01 2.431554384242951006e-02
4.900000000000000000e+01 2.409531760256911070e-02
5.100000000000000000e+01 2.387853043867860237e-02
5.300000000000000000e+01 2.366524100609224135e-02
5.500000000000000000e+01 2.345329329093270854e-02
5.700000000000000000e+01 2.324428433546754658e-02
5.900000000000000000e+01 2.303853540480804707e-02
6.100000000000000000e+01 2.283273472718827524e-02
6.300000000000000000e+01 2.262722339346245892e-02
6.500000000000000000e+01 2.242216061266610883e-02
6.700000000000000000e+01 2.221758622129810234e-02
6.900000000000000000e+01 2.201536414110305540e-02
7.100000000000000000e+01 2.181510073121584181e-02
7.300000000000000000e+01 2.161688513844528536e-02
7.500000000000000000e+01 2.142114187061694430e-02
7.700000000000000000e+01 2.122863465962143703e-02
7.900000000000000000e+01 2.103876594604325856e-02
8.100000000000000000e+01 2.085085922549267945e-02
8.300000000000000000e+01 2.066327601512207846e-02
8.500000000000000000e+01 2.047777501884839868e-02
8.700000000000000000e+01 2.029465007826558587e-02
8.900000000000000000e+01 2.011424550660245725e-02
9.100000000000000000e+01 1.993650400877433615e-02
9.300000000000000000e+01 1.976152887800808333e-02
9.500000000000000000e+01 1.959162472596098770e-02
9.700000000000000000e+01 1.942672611584017606e-02
9.900000000000000000e+01 1.926623866675525321e-02
1.010000000000000000e+02 1.910971803319316820e-02
1.030000000000000000e+02 1.895701286308837386e-02
1.050000000000000000e+02 1.880654303734541344e-02
1.070000000000000000e+02 1.865816510869999778e-02
1.090000000000000000e+02 1.851300873244343670e-02
1.110000000000000000e+02 1.837122585642503303e-02
1.130000000000000000e+02 1.823281292940814868e-02
1.150000000000000000e+02 1.809742322758700617e-02
1.170000000000000000e+02 1.796492083547795993e-02
1.190000000000000000e+02 1.783574857747682874e-02
1.210000000000000000e+02 1.771018120583978117e-02
1.230000000000000000e+02 1.758715396780263784e-02
1.250000000000000000e+02 1.746660822125101209e-02
1.270000000000000000e+02 1.734847881632495259e-02
1.290000000000000000e+02 1.723305388610740785e-02
1.310000000000000000e+02 1.711912860385289559e-02
1.330000000000000000e+02 1.700668786323356052e-02
1.350000000000000000e+02 1.689567135322234126e-02
1.370000000000000000e+02 1.678751953025425792e-02
1.390000000000000000e+02 1.668218451013692150e-02
1.410000000000000000e+02 1.658067219428716044e-02
1.430000000000000000e+02 1.648279837217792032e-02
1.450000000000000000e+02 1.638838082377025440e-02
1.470000000000000000e+02 1.629663968675443275e-02
1.490000000000000000e+02 1.620675838306717687e-02
