1.000000000000000000e+00 4.958996623251321623e-02
3.000000000000000000e+00 5.767851626285358524e-02
5.000000000000000000e+00 6.195136162384073941e-02
7.000000000000000000e+00 6.529008235623134926e-02
9.000000000000000000e+00 6.832318275153881348e-02
1.100000000000000000e+01 7.125897710432937959e-02
1.300000000000000000e+01 7.411896967907816158e-02
1.500000000000000000e+01 7.690961846066768359e-02
1.700000000000000000e+01 7.965892314648836958e-02
1.900000000000000000e+01 8.239474948771774443e-02
2.100000000000000000e+01 8.513189396850162627e-02
2.300000000000000000e+01 8.787611329990741016e-02
2.500000000000000000e+01 9.063906184784653597e-02
2.700000000000000000e+01 9.341757525158844722e-02
2.900000000000000000e+01 9.620988343083181071e-02
3.100000000000000000e+01 9.902228419748870802e-02
3.300000000000000000e+01 1.018822981989347953e-01
3.500000000000000000e+01 1.048021968910196611e-01
3.700000000000000000e+01 1.077959363489516820e-01
3.900000000000000000e+01 1.108785873975006719e-01
4.100000000000000000e+01 1.140590735048973015e-01
4.300000000000000000e+01 1.173418334112523720e-01
4.500000000000000000e+01 1.207295044450940047e-01
4.700000000000000000e+01 1.242237086283184411e-01
4.900000000000000000e+01 1.278196295918011538e-01
5.100000000000000000e+01 1.315123666177856476e-01
5.300000000000000000e+01 1.352972375285890205e-01
5.500000000000000000e+01 1.391651564296255694e-01
5.700000000000000000e+01 1.431100677241037289e-01
5.900000000000000000e+01 1.471285128727169988e-01
6.100000000000000000e+01 1.512204185793285527e-01
6.300000000000000000e+01 1.553818975639034150e-01
6.500000000000000000e+01 1.596098681530183638e-01
6.700000000000000000e+01 1.639013559700848166e-01
6.900000000000000000e+01 1.682534725595992153e-01
7.100000000000000000e+01 1.726632484460765005e-01
7.300000000000000000e+01 1.771276008693499771e-01
7.500000000000000000e+01 1.816426809308088197e-01
7.700000000000000000e+01 1.862042982812535108e-01
7.900000000000000000e+01 1.908088257229746398e-01
8.100000000000000000e+01 1.954494548169144474e-01
8.300000000000000000e+01 2.001208538002882120e-01
8.500000000000000000e+01 2.048197253465280365e-01
8.700000000000000000e+01 2.095406573751880108e-01
8.900000000000000000e+01 2.142759850484550199e-01
9.100000000000000000e+01 2.190199891684267985e-01
9.300000000000000000e+01 2.237668200679943098e-01
9.500000000000000000e+01 2.285089805686103537e-01
9.700000000000000000e+01 2.332400046973720498e-01
9.900000000000000000e+01 2.379548001250969547e-01
1.010000000000000000e+02 2.426485969648118912e-01
1.030000000000000000e+02 2.473130802439840181e-01
1.050000000000000000e+02 2.519432062017241680e-01
1.070000000000000000e+02 2.565325863323508759e-01
1.090000000000000000e+02 2.610752735273002001e-01
1.110000000000000000e+02 2.655663337251940037e-01
1.130000000000000000e+02 2.700004855665461001e-01
1.150000000000000000e+02 2.743736443012628756e-01
1.170000000000000000e+02 2.786816407735575041e-01
1.190000000000000000e+02 2.829218012440190000e-01
1.210000000000000000e+02 2.870917667611552204e-01
1.230000000000000000e+02 2.911884409674045937e-01
1.250000000000000000e+02 2.952090319643895233e-01
1.270000000000000000e+02 2.991532704283145216e-01
1.290000000000000000e+02 3.030182478352011488e-01
1.310000000000000000e+02 3.068037622147848920e-01
1.330000000000000000e+02 3.105130317485891300e-01
1.350000000000000000e+02 3.141477146715677682e-01
1.370000000000000000e+02 3.177093222123162919e-01
1.390000000000000000e+02 3.211985203136605849e-01
1.410000000000000000e+02 3.246174995956404574e-01
1.430000000000000000e+02 3.279683632442859098e-01
1.450000000000000000e+02 3.312525407921459442e-01
1.470000000000000000e+02 3.344694523662100627e-01
1.490000000000000000e+02 3.376220165220031877e-01
