0.000000000000000000e+00 3.591202443903143404e+01 3.517183584325739076e+01 nan nan nan
1.000000000000000000e+00 3.591202443903142694e+01 3.517319947962116800e+01 nan nan nan
2.000000000000000000e+00 3.591202443903142694e+01 3.517456311598493812e+01 nan nan nan
3.000000000000000000e+00 3.591202443903143404e+01 3.517592675234873667e+01 1.000000000000000000e+00 nan nan
4.000000000000000000e+00 3.591202443903143404e+01 3.517729038871252101e+01 1.000000000000000000e+00 nan nan
5.000000000000000000e+00 3.591202443903142694e+01 3.517865402507630535e+01 1.000000000000000000e+00 nan nan
6.000000000000000000e+00 3.591202443903143404e+01 3.518001766144008258e+01 1.000000000000000000e+00 nan nan
7.000000000000000000e+00 3.591202443903142694e+01 3.518138129780384560e+01 1.000000000000000000e+00 nan nan
8.000000000000000000e+00 3.591202443903142694e+01 3.518274493416763704e+01 1.000000000000000000e+00 nan nan
9.000000000000000000e+00 3.591202443903141983e+01 3.518410857053142848e+01 1.000000000000000000e+00 nan nan
1.000000000000000000e+01 3.591202443903143404e+01 3.518547220689520572e+01 1.000000000000000000e+00 nan nan
1.100000000000000000e+01 3.591202443903142694e+01 3.518683584325899005e+01 nan 1.000000000000000000e+00 nan
1.200000000000000000e+01 3.591202443903143404e+01 3.518819947962276729e+01 nan 1.000000000000000000e+00 nan
1.300000000000000000e+01 3.591202443903142694e+01 3.518956311598653741e+01 nan nan nan
1.400000000000000000e+01 3.591202443903143404e+01 3.519092675235032175e+01 nan nan nan
1.500000000000000000e+01 3.591202443903143404e+01 3.519229038871410609e+01 nan nan nan
1.600000000000000000e+01 3.591202443903143404e+01 3.519365402507789042e+01 nan nan nan
1.700000000000000000e+01 3.591202443903143404e+01 3.519501766144167476e+01 nan nan nan
1.800000000000000000e+01 3.591202443903143404e+01 3.519638129780545199e+01 nan 1.000000000000000000e+00 nan
1.900000000000000000e+01 3.591202443903143404e+01 3.519774493416922923e+01 nan 1.000000000000000000e+00 nan
2.000000000000000000e+01 3.591202443903143404e+01 3.519910857053301356e+01 nan nan nan
2.100000000000000000e+01 3.591202443903142694e+01 3.520047220689679790e+01 nan 1.000000000000000000e+00 nan
2.200000000000000000e+01 3.591202443903142694e+01 3.520183584326058224e+01 nan 1.000000000000000000e+00 nan
2.300000000000000000e+01 3.591202443903142694e+01 3.520319947962435236e+01 nan 1.000000000000000000e+00 nan
2.400000000000000000e+01 3.591202443903142694e+01 3.520456311598813670e+01 nan 1.000000000000000000e+00 nan
2.500000000000000000e+01 3.591202443903143404e+01 3.520592675235192104e+01 nan 1.000000000000000000e+00 nan
2.600000000000000000e+01 3.591202443903142694e+01 3.520729038871570538e+01 nan 1.000000000000000000e+00 nan
2.700000000000000000e+01 3.591202443903142694e+01 3.520865402507948261e+01 nan 1.000000000000000000e+00 nan
2.800000000000000000e+01 3.591202443903143404e+01 3.521001766144325984e+01 nan 1.000000000000000000e+00 nan
2.900000000000000000e+01 3.591338807539506917e+01 3.517183584325739076e+01 nan nan nan
3.000000000000000000e+01 3.591338807539506206e+01 3.517319947962116800e+01 nan nan nan
3.100000000000000000e+01 3.591338807539506917e+01 3.517456311598493812e+01 nan nan nan
3.200000000000000000e+01 3.591338807539506206e+01 3.517592675234873667e+01 1.000000000000000000e+00 nan nan
3.300000000000000000e+01 3.591338807539506917e+01 3.517729038871252101e+01 1.000000000000000000e+00 nan nan
3.400000000000000000e+01 3.591338807539506917e+01 3.517865402507630535e+01 1.000000000000000000e+00 nan nan
3.500000000000000000e+01 3.591338807539506917e+01 3.518001766144006837e+01 1.000000000000000000e+00 nan nan
3.600000000000000000e+01 3.591338807539506917e+01 3.518138129780385270e+01 nan nan nan
3.700000000000000000e+01 3.591338807539506917e+01 3.518274493416763704e+01 1.000000000000000000e+00 nan nan
3.800000000000000000e+01 3.591338807539506917e+01 3.518410857053142138e+01 1.000000000000000000e+00 1.000000000000000000e+00 1.000000000000000000e+00
3.900000000000000000e+01 3.591338807539506206e+01 3.518547220689520572e+01 nan 1.000000000000000000e+00 nan
4.000000000000000000e+01 3.591338807539506206e+01 3.518683584325899005e+01 nan 1.000000000000000000e+00 nan
4.100000000000000000e+01 3.591338807539506206e+01 3.518819947962276018e+01 nan 1.000000000000000000e+00 nan
4.200000000000000000e+01 3.591338807539506917e+01 3.518956311598653741e+01 nan 1.000000000000000000e+00 nan
4.300000000000000000e+01 3.591338807539507627e+01 3.519092675235032175e+01 nan nan nan
4.400000000000000000e+01 3.591338807539506917e+01 3.519229038871410609e+01 nan 1.000000000000000000e+00 nan
4.500000000000000000e+01 3.591338807539506917e+01 3.519365402507789042e+01 nan nan nan
4.600000000000000000e+01 3.591338807539506917e+01 3.519501766144167476e+01 nan 1.000000000000000000e+00 nan
4.700000000000000000e+01 3.591338807539506917e+01 3.519638129780545199e+01 nan 1.000000000000000000e+00 nan
4.800000000000000000e+01 3.591338807539506206e+01 3.519774493416922923e+01 nan 1.000000000000000000e+00 nan
4.900000000000000000e+01 3.591338807539506917e+01 3.519910857053301356e+01 nan 1.000000000000000000e+00 nan
5.000000000000000000e+01 3.591338807539506917e+01 3.520047220689679790e+01 nan 1.000000000000000000e+00 nan
5.100000000000000000e+01 3.591338807539506917e+01 3.520183584326058224e+01 nan 1.000000000000000000e+00 nan
5.200000000000000000e+01 3.591338807539505495e+01 3.520319947962435947e+01 nan 1.000000000000000000e+00 nan
5.300000000000000000e+01 3.591338807539506917e+01 3.520456311598813670e+01 nan 1.000000000000000000e+00 nan
5.400000000000000000e+01 3.591338807539506917e+01 3.520592675235191393e+01 nan 1.000000000000000000e+00 nan
5.500000000000000000e+01 3.591338807539506917e+01 3.520729038871571248e+01 nan 1.000000000000000000e+00 nan
5.600000000000000000e+01 3.591338807539506917e+01 3.520865402507947550e+01 nan 1.000000000000000000e+00 nan
5.700000000000000000e+01 3.591338807539506917e+01 3.521001766144325984e+01 nan 1.000000000000000000e+00 nan
5.800000000000000000e+01 3.591475171175869718e+01 3.517183584325739076e+01 nan nan nan
5.900000000000000000e+01 3.591475171175870429e+01 3.517319947962117510e+01 1.000000000000000000e+00 nan nan
6.000000000000000000e+01 3.591475171175870429e+01 3.517456311598494523e+01 1.000000000000000000e+00 nan nan
6.100000000000000000e+01 3.591475171175870429e+01 3.517592675234873667e+01 1.000000000000000000e+00 nan nan
6.200000000000000000e+01 3.591475171175870429e+01 3.517729038871252101e+01 1.000000000000000000e+00 nan nan
6.300000000000000000e+01 3.591475171175870429e+01 3.517865402507630535e+01 1.000000000000000000e+00 nan nan
6.400000000000000000e+01 3.591475171175869718e+01 3.518001766144008258e+01 1.000000000000000000e+00 nan nan
6.500000000000000000e+01 3.591475171175870429e+01 3.518138129780385270e+01 1.000000000000000000e+00 nan nan
6.600000000000000000e+01 3.591475171175870429e+01 3.518274493416763704e+01 1.000000000000000000e+00 1.000000000000000000e+00 1.000000000000000000e+00
6.700000000000000000e+01 3.591475171175870429e+01 3.518410857053142848e+01 1.000000000000000000e+00 1.000000000000000000e+00 1.000000000000000000e+00
6.800000000000000000e+01 3.591475171175869718e+01 3.518547220689521282e+01 1.000000000000000000e+00 1.000000000000000000e+00 1.000000000000000000e+00
6.900000000000000000e+01 3.591475171175870429e+01 3.518683584325899005e+01 1.000000000000000000e+00 1.000000000000000000e+00 1.000000000000000000e+00
7.000000000000000000e+01 3.591475171175870429e+01 3.518819947962276018e+01 nan 1.000000000000000000e+00 nan
7.100000000000000000e+01 3.591475171175870429e+01 3.518956311598653741e+01 1.000000000000000000e+00 1.000000000000000000e+00 1.000000000000000000e+00
7.200000000000000000e+01 3.591475171175870429e+01 3.519092675235032175e+01 nan 1.000000000000000000e+00 nan
7.300000000000000000e+01 3.591475171175870429e+01 3.519229038871410609e+01 nan 1.000000000000000000e+00 nan
7.400000000000000000e+01 3.591475171175869718e+01 3.519365402507789753e+01 nan 1.000000000000000000e+00 nan
7.500000000000000000e+01 3.591475171175869718e+01 3.519501766144167476e+01 nan 1.000000000000000000e+00 nan
7.600000000000000000e+01 3.591475171175870429e+01 3.519638129780545199e+01 nan 1.000000000000000000e+00 nan
7.700000000000000000e+01 3.591475171175870429e+01 3.519774493416922923e+01 nan 1.000000000000000000e+00 nan
7.800000000000000000e+01 3.591475171175870429e+01 3.519910857053301356e+01 nan 1.000000000000000000e+00 nan
7.900000000000000000e+01 3.591475171175871139e+01 3.520047220689679790e+01 nan 1.000000000000000000e+00 nan
8.000000000000000000e+01 3.591475171175870429e+01 3.520183584326057513e+01 nan 1.000000000000000000e+00 nan
8.100000000000000000e+01 3.591475171175869718e+01 3.520319947962435947e+01 nan 1.000000000000000000e+00 nan
8.200000000000000000e+01 3.591475171175870429e+01 3.520456311598813670e+01 nan 1.000000000000000000e+00 nan
8.300000000000000000e+01 3.591475171175870429e+01 3.520592675235191393e+01 nan 1.000000000000000000e+00 nan
8.400000000000000000e+01 3.591475171175870429e+01 3.520729038871570538e+01 nan 1.000000000000000000e+00 nan
8.500000000000000000e+01 3.591475171175870429e+01 3.520865402507948261e+01 nan 1.000000000000000000e+00 nan
8.600000000000000000e+01 3.591475171175870429e+01 3.521001766144325984e+01 nan 1.000000000000000000e+00 nan
8.700000000000000000e+01 3.591611534812234652e+01 3.517183584325739076e+01 1.000000000000000000e+00 nan nan
8.800000000000000000e+01 3.591611534812233941e+01 3.517319947962117510e+01 1.000000000000000000e+00 nan nan
8.900000000000000000e+01 3.591611534812233231e+01 3.517456311598494523e+01 1.000000000000000000e+00 nan nan
9.000000000000000000e+01 3.591611534812233941e+01 3.517592675234873667e+01 1.000000000000000000e+00 nan nan
9.100000000000000000e+01 3.591611534812233941e+01 3.517729038871252101e+01 1.000000000000000000e+00 1.000000000000000000e+00 1.000000000000000000e+00
9.200000000000000000e+01 3.591611534812233941e+01 3.517865402507630535e+01 1.000000000000000000e+00 1.000000000000000000e+00 1.000000000000000000e+00
9.300000000000000000e+01 3.591611534812233231e+01 3.518001766144008258e+01 1.000000000000000000e+00 nan nan
9.400000000000000000e+01 3.591611534812233941e+01 3.518138129780385270e+01 1.000000000000000000e+00 nan nan
9.500000000000000000e+01 3.591611534812233231e+01 3.518274493416763704e+01 1.000000000000000000e+00 1.000000000000000000e+00 1.000000000000000000e+00
9.600000000000000000e+01 3.591611534812233941e+01 3.518410857053142848e+01 1.000000000000000000e+00 1.000000000000000000e+00 1.000000000000000000e+00
9.700000000000000000e+01 3.591611534812233941e+01 3.518547220689521282e+01 1.000000000000000000e+00 1.000000000000000000e+00 1.000000000000000000e+00
9.800000000000000000e+01 3.591611534812233941e+01 3.518683584325899005e+01 1.000000000000000000e+00 1.000000000000000000e+00 1.000000000000000000e+00
9.900000000000000000e+01 3.591611534812233941e+01 3.518819947962276018e+01 1.000000000000000000e+00 1.000000000000000000e+00 1.000000000000000000e+00
1.000000000000000000e+02 3.591611534812233231e+01 3.518956311598653741e+01 1.000000000000000000e+00 1.000000000000000000e+00 1.000000000000000000e+00
1.010000000000000000e+02 3.591611534812233941e+01 3.519092675235032175e+01 nan 1.000000000000000000e+00 nan
1.020000000000000000e+02 3.591611534812233941e+01 3.519229038871410609e+01 nan 1.000000000000000000e+00 nan
1.030000000000000000e+02 3.591611534812233941e+01 3.519365402507789753e+01 nan 1.000000000000000000e+00 nan
1.040000000000000000e+02 3.591611534812233941e+01 3.519501766144167476e+01 nan 1.000000000000000000e+00 nan
1.050000000000000000e+02 3.591611534812233231e+01 3.519638129780545199e+01 nan 1.000000000000000000e+00 nan
1.060000000000000000e+02 3.591611534812233941e+01 3.519774493416922923e+01 nan 1.000000000000000000e+00 nan
1.070000000000000000e+02 3.591611534812233941e+01 3.519910857053301356e+01 nan 1.000000000000000000e+00 nan
1.080000000000000000e+02 3.591611534812232520e+01 3.520047220689679790e+01 nan 1.000000000000000000e+00 nan
1.090000000000000000e+02 3.591611534812233941e+01 3.520183584326057513e+01 nan 1.000000000000000000e+00 nan
1.100000000000000000e+02 3.591611534812233941e+01 3.520319947962435947e+01 nan 1.000000000000000000e+00 nan
1.110000000000000000e+02 3.591611534812233941e+01 3.520456311598813670e+01 nan 1.000000000000000000e+00 nan
1.120000000000000000e+02 3.591611534812233941e+01 3.520592675235191393e+01 nan 1.000000000000000000e+00 nan
1.130000000000000000e+02 3.591611534812233941e+01 3.520729038871570538e+01 nan 1.000000000000000000e+00 nan
1.140000000000000000e+02 3.591611534812233941e+01 3.520865402507948261e+01 nan 1.000000000000000000e+00 nan
1.150000000000000000e+02 3.591611534812233941e+01 3.521001766144325984e+01 nan 1.000000000000000000e+00 nan
1.160000000000000000e+02 3.591747898448597454e+01 3.517183584325739076e+01 1.000000000000000000e+00 nan nan
1.170000000000000000e+02 3.591747898448597454e+01 3.517319947962117510e+01 1.000000000000000000e+00 nan nan
1.180000000000000000e+02 3.591747898448597454e+01 3.517456311598494523e+01 1.000000000000000000e+00 nan nan
1.190000000000000000e+02 3.591747898448598164e+01 3.517592675234873667e+01 1.000000000000000000e+00 nan nan
1.200000000000000000e+02 3.591747898448597454e+01 3.517729038871252101e+01 1.000000000000000000e+00 1.000000000000000000e+00 1.000000000000000000e+00
1.210000000000000000e+02 3.591747898448597454e+01 3.517865402507630535e+01 1.000000000000000000e+00 1.000000000000000000e+00 1.000000000000000000e+00
1.220000000000000000e+02 3.591747898448597454e+01 3.518001766144008258e+01 1.000000000000000000e+00 1.000000000000000000e+00 1.000000000000000000e+00
1.230000000000000000e+02 3.591747898448597454e+01 3.518138129780385270e+01 1.000000000000000000e+00 1.000000000000000000e+00 1.000000000000000000e+00
1.240000000000000000e+02 3.591747898448597454e+01 3.518274493416763704e+01 1.000000000000000000e+00 1.000000000000000000e+00 1.000000000000000000e+00
1.250000000000000000e+02 3.591747898448597454e+01 3.518410857053142848e+01 1.000000000000000000e+00 1.000000000000000000e+00 1.000000000000000000e+00
1.260000000000000000e+02 3.591747898448597454e+01 3.518547220689521282e+01 1.000000000000000000e+00 1.000000000000000000e+00 1.000000000000000000e+00
1.270000000000000000e+02 3.591747898448597454e+01 3.518683584325899005e+01 1.000000000000000000e+00 1.000000000000000000e+00 1.000000000000000000e+00
1.280000000000000000e+02 3.591747898448597454e+01 3.518819947962276018e+01 1.000000000000000000e+00 1.000000000000000000e+00 1.000000000000000000e+00
1.290000000000000000e+02 3.591747898448597454e+01 3.518956311598653741e+01 1.000000000000000000e+00 1.000000000000000000e+00 1.000000000000000000e+00
1.300000000000000000e+02 3.591747898448597454e+01 3.519092675235032175e+01 nan 1.000000000000000000e+00 nan
1.310000000000000000e+02 3.591747898448597454e+01 3.519229038871410609e+01 1.000000000000000000e+00 1.000000000000000000e+00 1.000000000000000000e+00
1.320000000000000000e+02 3.591747898448597454e+01 3.519365402507789753e+01 nan 1.000000000000000000e+00 nan
1.330000000000000000e+02 3.591747898448597454e+01 3.519501766144167476e+01 nan 1.000000000000000000e+00 nan
1.340000000000000000e+02 3.591747898448597454e+01 3.519638129780545199e+01 nan 1.000000000000000000e+00 nan
1.350000000000000000e+02 3.591747898448597454e+01 3.519774493416922923e+01 nan 1.000000000000000000e+00 nan
1.360000000000000000e+02 3.591747898448597454e+01 3.519910857053301356e+01 nan 1.000000000000000000e+00 nan
1.370000000000000000e+02 3.591747898448597454e+01 3.520047220689679790e+01 nan 1.000000000000000000e+00 nan
1.380000000000000000e+02 3.591747898448597454e+01 3.520183584326057513e+01 nan 1.000000000000000000e+00 nan
1.390000000000000000e+02 3.591747898448597454e+01 3.520319947962435947e+01 nan 1.000000000000000000e+00 nan
1.400000000000000000e+02 3.591747898448597454e+01 3.520456311598813670e+01 nan 1.000000000000000000e+00 nan
1.410000000000000000e+02 3.591747898448598164e+01 3.520592675235191393e+01 nan 1.000000000000000000e+00 nan
1.420000000000000000e+02 3.591747898448597454e+01 3.520729038871570538e+01 nan 1.000000000000000000e+00 nan
1.430000000000000000e+02 3.591747898448597454e+01 3.520865402507948261e+01 nan 1.000000000000000000e+00 nan
1.440000000000000000e+02 3.591747898448597454e+01 3.521001766144325984e+01 nan 1.000000000000000000e+00 nan
1.450000000000000000e+02 3.591884262084960966e+01 3.517183584325739076e+01 nan nan nan
1.460000000000000000e+02 3.591884262084960966e+01 3.517319947962117510e+01 1.000000000000000000e+00 nan nan
1.470000000000000000e+02 3.591884262084960966e+01 3.517456311598494523e+01 1.000000000000000000e+00 1.000000000000000000e+00 1.000000000000000000e+00
1.480000000000000000e+02 3.591884262084960255e+01 3.517592675234873667e+01 1.000000000000000000e+00 1.000000000000000000e+00 1.000000000000000000e+00
1.490000000000000000e+02 3.591884262084960255e+01 3.517729038871252101e+01 1.000000000000000000e+00 1.000000000000000000e+00 1.000000000000000000e+00
1.500000000000000000e+02 3.591884262084960255e+01 3.517865402507630535e+01 1.000000000000000000e+00 1.000000000000000000e+00 1.000000000000000000e+00
1.510000000000000000e+02 3.591884262084960966e+01 3.518001766144008258e+01 1.000000000000000000e+00 1.000000000000000000e+00 1.000000000000000000e+00
1.520000000000000000e+02 3.591884262084960966e+01 3.518138129780385270e+01 1.000000000000000000e+00 1.000000000000000000e+00 1.000000000000000000e+00
1.530000000000000000e+02 3.591884262084960966e+01 3.518274493416763704e+01 1.000000000000000000e+00 1.000000000000000000e+00 1.000000000000000000e+00
1.540000000000000000e+02 3.591884262084960966e+01 3.518410857053142848e+01 1.000000000000000000e+00 1.000000000000000000e+00 1.000000000000000000e+00
1.550000000000000000e+02 3.591884262084960966e+01 3.518547220689521282e+01 1.000000000000000000e+00 1.000000000000000000e+00 1.000000000000000000e+00
1.560000000000000000e+02 3.591884262084960966e+01 3.518683584325899005e+01 1.000000000000000000e+00 1.000000000000000000e+00 1.000000000000000000e+00
1.570000000000000000e+02 3.591884262084960966e+01 3.518819947962276018e+01 1.000000000000000000e+00 1.000000000000000000e+00 1.000000000000000000e+00
1.580000000000000000e+02 3.591884262084960966e+01 3.518956311598653741e+01 1.000000000000000000e+00 1.000000000000000000e+00 1.000000000000000000e+00
1.590000000000000000e+02 3.591884262084960255e+01 3.519092675235032175e+01 1.000000000000000000e+00 1.000000000000000000e+00 1.000000000000000000e+00
1.600000000000000000e+02 3.591884262084960966e+01 3.519229038871410609e+01 1.000000000000000000e+00 1.000000000000000000e+00 1.000000000000000000e+00
1.610000000000000000e+02 3.591884262084960255e+01 3.519365402507789753e+01 nan 1.000000000000000000e+00 nan
1.620000000000000000e+02 3.591884262084960966e+01 3.519501766144167476e+01 nan 1.000000000000000000e+00 nan
1.630000000000000000e+02 3.591884262084960966e+01 3.519638129780545199e+01 nan 1.000000000000000000e+00 nan
1.640000000000000000e+02 3.591884262084960255e+01 3.519774493416922923e+01 nan 1.000000000000000000e+00 nan
1.650000000000000000e+02 3.591884262084960255e+01 3.519910857053301356e+01 nan 1.000000000000000000e+00 nan
1.660000000000000000e+02 3.591884262084960255e+01 3.520047220689679790e+01 nan 1.000000000000000000e+00 nan
1.670000000000000000e+02 3.591884262084960966e+01 3.520183584326057513e+01 nan 1.000000000000000000e+00 nan
1.680000000000000000e+02 3.591884262084960255e+01 3.520319947962435947e+01 nan 1.000000000000000000e+00 nan
1.690000000000000000e+02 3.591884262084960966e+01 3.520456311598813670e+01 nan 1.000000000000000000e+00 nan
1.700000000000000000e+02 3.591884262084960966e+01 3.520592675235191393e+01 nan 1.000000000000000000e+00 nan
1.710000000000000000e+02 3.591884262084960966e+01 3.520729038871570538e+01 nan 1.000000000000000000e+00 nan
1.720000000000000000e+02 3.591884262084960966e+01 3.520865402507948261e+01 nan 1.000000000000000000e+00 nan
1.730000000000000000e+02 3.591884262084960966e+01 3.521001766144325984e+01 nan 1.000000000000000000e+00 nan
1.740000000000000000e+02 3.592020625721325189e+01 3.517183584325739076e+01 nan nan nan
1.750000000000000000e+02 3.592020625721325189e+01 3.517319947962117510e+01 nan nan nan
1.760000000000000000e+02 3.592020625721325189e+01 3.517456311598494523e+01 1.000000000000000000e+00 1.000000000000000000e+00 1.000000000000000000e+00
1.770000000000000000e+02 3.592020625721324478e+01 3.517592675234873667e+01 1.000000000000000000e+00 1.000000000000000000e+00 1.000000000000000000e+00
1.780000000000000000e+02 3.592020625721324478e+01 3.517729038871252101e+01 1.000000000000000000e+00 1.000000000000000000e+00 1.000000000000000000e+00
1.790000000000000000e+02 3.592020625721325189e+01 3.517865402507630535e+01 1.000000000000000000e+00 1.000000000000000000e+00 1.000000000000000000e+00
1.800000000000000000e+02 3.592020625721325899e+01 3.518001766144008258e+01 1.000000000000000000e+00 1.000000000000000000e+00 1.000000000000000000e+00
1.810000000000000000e+02 3.592020625721325899e+01 3.518138129780385270e+01 1.000000000000000000e+00 1.000000000000000000e+00 1.000000000000000000e+00
1.820000000000000000e+02 3.592020625721325189e+01 3.518274493416763704e+01 1.000000000000000000e+00 1.000000000000000000e+00 1.000000000000000000e+00
1.830000000000000000e+02 3.592020625721325899e+01 3.518410857053142848e+01 1.000000000000000000e+00 1.000000000000000000e+00 1.000000000000000000e+00
1.840000000000000000e+02 3.592020625721325189e+01 3.518547220689521282e+01 1.000000000000000000e+00 1.000000000000000000e+00 1.000000000000000000e+00
1.850000000000000000e+02 3.592020625721325189e+01 3.518683584325899005e+01 1.000000000000000000e+00 1.000000000000000000e+00 1.000000000000000000e+00
1.860000000000000000e+02 3.592020625721325189e+01 3.518819947962276018e+01 1.000000000000000000e+00 1.000000000000000000e+00 1.000000000000000000e+00
1.870000000000000000e+02 3.592020625721325189e+01 3.518956311598653741e+01 1.000000000000000000e+00 1.000000000000000000e+00 1.000000000000000000e+00
1.880000000000000000e+02 3.592020625721324478e+01 3.519092675235032175e+01 1.000000000000000000e+00 1.000000000000000000e+00 1.000000000000000000e+00
1.890000000000000000e+02 3.592020625721324478e+01 3.519229038871410609e+01 1.000000000000000000e+00 1.000000000000000000e+00 1.000000000000000000e+00
1.900000000000000000e+02 3.592020625721324478e+01 3.519365402507789753e+01 1.000000000000000000e+00 1.000000000000000000e+00 1.000000000000000000e+00
1.910000000000000000e+02 3.592020625721324478e+01 3.519501766144167476e+01 nan 1.000000000000000000e+00 nan
1.920000000000000000e+02 3.592020625721325189e+01 3.519638129780545199e+01 nan 1.000000000000000000e+00 nan
1.930000000000000000e+02 3.592020625721325899e+01 3.519774493416922923e+01 nan 1.000000000000000000e+00 nan
1.940000000000000000e+02 3.592020625721325189e+01 3.519910857053301356e+01 nan 1.000000000000000000e+00 nan
1.950000000000000000e+02 3.592020625721325189e+01 3.520047220689679790e+01 nan 1.000000000000000000e+00 nan
1.960000000000000000e+02 3.592020625721324478e+01 3.520183584326057513e+01 nan 1.000000000000000000e+00 nan
1.970000000000000000e+02 3.592020625721325899e+01 3.520319947962435947e+01 nan 1.000000000000000000e+00 nan
1.980000000000000000e+02 3.592020625721325899e+01 3.520456311598813670e+01 nan 1.000000000000000000e+00 nan
1.990000000000000000e+02 3.592020625721324478e+01 3.520592675235191393e+01 nan 1.000000000000000000e+00 nan
2.000000000000000000e+02 3.592020625721324478e+01 3.520729038871570538e+01 nan 1.000000000000000000e+00 nan
2.010000000000000000e+02 3.592020625721325189e+01 3.520865402507948261e+01 nan 1.000000000000000000e+00 nan
2.020000000000000000e+02 3.592020625721324478e+01 3.521001766144325984e+01 nan 1.000000000000000000e+00 nan
2.030000000000000000e+02 3.592156989357687991e+01 3.517183584325739076e+01 nan nan nan
2.040000000000000000e+02 3.592156989357687991e+01 3.517319947962117510e+01 nan nan nan
2.050000000000000000e+02 3.592156989357687991e+01 3.517456311598494523e+01 nan 1.000000000000000000e+00 nan
2.060000000000000000e+02 3.592156989357687991e+01 3.517592675234873667e+01 1.000000000000000000e+00 1.000000000000000000e+00 1.000000000000000000e+00
2.070000000000000000e+02 3.592156989357687280e+01 3.517729038871252101e+01 nan 1.000000000000000000e+00 nan
2.080000000000000000e+02 3.592156989357687991e+01 3.517865402507630535e+01 1.000000000000000000e+00 1.000000000000000000e+00 1.000000000000000000e+00
2.090000000000000000e+02 3.592156989357687991e+01 3.518001766144008258e+01 1.000000000000000000e+00 1.000000000000000000e+00 1.000000000000000000e+00
2.100000000000000000e+02 3.592156989357687991e+01 3.518138129780385270e+01 1.000000000000000000e+00 1.000000000000000000e+00 1.000000000000000000e+00
2.110000000000000000e+02 3.592156989357687280e+01 3.518274493416763704e+01 1.000000000000000000e+00 1.000000000000000000e+00 1.000000000000000000e+00
2.120000000000000000e+02 3.592156989357687280e+01 3.518410857053142848e+01 1.000000000000000000e+00 1.000000000000000000e+00 1.000000000000000000e+00
2.130000000000000000e+02 3.592156989357687991e+01 3.518547220689521282e+01 1.000000000000000000e+00 1.000000000000000000e+00 1.000000000000000000e+00
2.140000000000000000e+02 3.592156989357687991e+01 3.518683584325899005e+01 1.000000000000000000e+00 1.000000000000000000e+00 1.000000000000000000e+00
2.150000000000000000e+02 3.592156989357687991e+01 3.518819947962276018e+01 1.000000000000000000e+00 1.000000000000000000e+00 1.000000000000000000e+00
2.160000000000000000e+02 3.592156989357687280e+01 3.518956311598653741e+01 1.000000000000000000e+00 1.000000000000000000e+00 1.000000000000000000e+00
2.170000000000000000e+02 3.592156989357687280e+01 3.519092675235032175e+01 nan 1.000000000000000000e+00 nan
2.180000000000000000e+02 3.592156989357687991e+01 3.519229038871410609e+01 nan 1.000000000000000000e+00 nan
2.190000000000000000e+02 3.592156989357687991e+01 3.519365402507789753e+01 nan 1.000000000000000000e+00 nan
2.200000000000000000e+02 3.592156989357687991e+01 3.519501766144167476e+01 nan 1.000000000000000000e+00 nan
2.210000000000000000e+02 3.592156989357687280e+01 3.519638129780545199e+01 nan 1.000000000000000000e+00 nan
2.220000000000000000e+02 3.592156989357687280e+01 3.519774493416922923e+01 nan 1.000000000000000000e+00 nan
2.230000000000000000e+02 3.592156989357687991e+01 3.519910857053301356e+01 nan 1.000000000000000000e+00 nan
2.240000000000000000e+02 3.592156989357687991e+01 3.520047220689679790e+01 nan 1.000000000000000000e+00 nan
2.250000000000000000e+02 3.592156989357687280e+01 3.520183584326057513e+01 nan 1.000000000000000000e+00 nan
2.260000000000000000e+02 3.592156989357687991e+01 3.520319947962435947e+01 nan 1.000000000000000000e+00 nan
2.270000000000000000e+02 3.592156989357687991e+01 3.520456311598813670e+01 nan 1.000000000000000000e+00 nan
2.280000000000000000e+02 3.592156989357687991e+01 3.520592675235191393e+01 nan 1.000000000000000000e+00 nan
2.290000000000000000e+02 3.592156989357687991e+01 3.520729038871570538e+01 nan 1.000000000000000000e+00 nan
2.300000000000000000e+02 3.592156989357687991e+01 3.520865402507948261e+01 nan 1.000000000000000000e+00 nan
2.310000000000000000e+02 3.592156989357687991e+01 3.521001766144325984e+01 nan 1.000000000000000000e+00 nan
2.320000000000000000e+02 3.592293352994051503e+01 3.517183584325739076e+01 nan nan nan
2.330000000000000000e+02 3.592293352994052213e+01 3.517319947962117510e+01 nan nan nan
2.340000000000000000e+02 3.592293352994052924e+01 3.517456311598494523e+01 nan 1.000000000000000000e+00 nan
2.350000000000000000e+02 3.592293352994051503e+01 3.517592675234873667e+01 nan 1.000000000000000000e+00 nan
2.360000000000000000e+02 3.592293352994052213e+01 3.517729038871252101e+01 nan 1.000000000000000000e+00 nan
2.370000000000000000e+02 3.592293352994052213e+01 3.517865402507630535e+01 nan 1.000000000000000000e+00 nan
2.380000000000000000e+02 3.592293352994052924e+01 3.518001766144008258e+01 1.000000000000000000e+00 1.000000000000000000e+00 1.000000000000000000e+00
2.390000000000000000e+02 3.592293352994051503e+01 3.518138129780385270e+01 1.000000000000000000e+00 1.000000000000000000e+00 1.000000000000000000e+00
2.400000000000000000e+02 3.592293352994052213e+01 3.518274493416763704e+01 1.000000000000000000e+00 1.000000000000000000e+00 1.000000000000000000e+00
2.410000000000000000e+02 3.592293352994052213e+01 3.518410857053142848e+01 1.000000000000000000e+00 1.000000000000000000e+00 1.000000000000000000e+00
2.420000000000000000e+02 3.592293352994052213e+01 3.518547220689521282e+01 1.000000000000000000e+00 1.000000000000000000e+00 1.000000000000000000e+00
2.430000000000000000e+02 3.592293352994052213e+01 3.518683584325899005e+01 1.000000000000000000e+00 1.000000000000000000e+00 1.000000000000000000e+00
2.440000000000000000e+02 3.592293352994051503e+01 3.518819947962276018e+01 1.000000000000000000e+00 1.000000000000000000e+00 1.000000000000000000e+00
2.450000000000000000e+02 3.592293352994051503e+01 3.518956311598653741e+01 1.000000000000000000e+00 1.000000000000000000e+00 1.000000000000000000e+00
2.460000000000000000e+02 3.592293352994052924e+01 3.519092675235032175e+01 1.000000000000000000e+00 1.000000000000000000e+00 1.000000000000000000e+00
2.470000000000000000e+02 3.592293352994052924e+01 3.519229038871410609e+01 1.000000000000000000e+00 1.000000000000000000e+00 1.000000000000000000e+00
2.480000000000000000e+02 3.592293352994051503e+01 3.519365402507789753e+01 nan 1.000000000000000000e+00 nan
2.490000000000000000e+02 3.592293352994052213e+01 3.519501766144167476e+01 1.000000000000000000e+00 1.000000000000000000e+00 1.000000000000000000e+00
2.500000000000000000e+02 3.592293352994051503e+01 3.519638129780545199e+01 nan 1.000000000000000000e+00 nan
2.510000000000000000e+02 3.592293352994052213e+01 3.519774493416922923e+01 nan 1.000000000000000000e+00 nan
2.520000000000000000e+02 3.592293352994052213e+01 3.519910857053301356e+01 nan 1.000000000000000000e+00 nan
2.530000000000000000e+02 3.592293352994052213e+01 3.520047220689679790e+01 nan 1.000000000000000000e+00 nan
2.540000000000000000e+02 3.592293352994052213e+01 3.520183584326057513e+01 nan 1.000000000000000000e+00 nan
2.550000000000000000e+02 3.592293352994051503e+01 3.520319947962435947e+01 nan 1.000000000000000000e+00 nan
2.560000000000000000e+02 3.592293352994052213e+01 3.520456311598813670e+01 nan 1.000000000000000000e+00 nan
2.570000000000000000e+02 3.592293352994051503e+01 3.520592675235191393e+01 nan 1.000000000000000000e+00 nan
2.580000000000000000e+02 3.592293352994052213e+01 3.520729038871570538e+01 nan 1.000000000000000000e+00 nan
2.590000000000000000e+02 3.592293352994051503e+01 3.520865402507948261e+01 nan 1.000000000000000000e+00 nan
2.600000000000000000e+02 3.592293352994052213e+01 3.521001766144325984e+01 nan 1.000000000000000000e+00 nan
2.610000000000000000e+02 3.592429716630415015e+01 3.517183584325739076e+01 nan nan nan
2.620000000000000000e+02 3.592429716630415726e+01 3.517319947962116800e+01 nan nan nan
2.630000000000000000e+02 3.592429716630415726e+01 3.517456311598493812e+01 nan 1.000000000000000000e+00 nan
2.640000000000000000e+02 3.592429716630415726e+01 3.517592675234873667e+01 nan 1.000000000000000000e+00 nan
2.650000000000000000e+02 3.592429716630416436e+01 3.517729038871252101e+01 nan 1.000000000000000000e+00 nan
2.660000000000000000e+02 3.592429716630415726e+01 3.517865402507630535e+01 nan 1.000000000000000000e+00 nan
2.670000000000000000e+02 3.592429716630415015e+01 3.518001766144006837e+01 nan 1.000000000000000000e+00 nan
2.680000000000000000e+02 3.592429716630415015e+01 3.518138129780385270e+01 1.000000000000000000e+00 1.000000000000000000e+00 1.000000000000000000e+00
2.690000000000000000e+02 3.592429716630415726e+01 3.518274493416763704e+01 1.000000000000000000e+00 1.000000000000000000e+00 1.000000000000000000e+00
2.700000000000000000e+02 3.592429716630415726e+01 3.518410857053142138e+01 1.000000000000000000e+00 1.000000000000000000e+00 1.000000000000000000e+00
2.710000000000000000e+02 3.592429716630416436e+01 3.518547220689520572e+01 1.000000000000000000e+00 1.000000000000000000e+00 1.000000000000000000e+00
2.720000000000000000e+02 3.592429716630415726e+01 3.518683584325899005e+01 1.000000000000000000e+00 1.000000000000000000e+00 1.000000000000000000e+00
2.730000000000000000e+02 3.592429716630415726e+01 3.518819947962276018e+01 1.000000000000000000e+00 1.000000000000000000e+00 1.000000000000000000e+00
2.740000000000000000e+02 3.592429716630415726e+01 3.518956311598653741e+01 1.000000000000000000e+00 1.000000000000000000e+00 1.000000000000000000e+00
2.750000000000000000e+02 3.592429716630415726e+01 3.519092675235032175e+01 1.000000000000000000e+00 1.000000000000000000e+00 1.000000000000000000e+00
2.760000000000000000e+02 3.592429716630416436e+01 3.519229038871410609e+01 1.000000000000000000e+00 1.000000000000000000e+00 1.000000000000000000e+00
2.770000000000000000e+02 3.592429716630415726e+01 3.519365402507789042e+01 1.000000000000000000e+00 1.000000000000000000e+00 1.000000000000000000e+00
2.780000000000000000e+02 3.592429716630415726e+01 3.519501766144167476e+01 1.000000000000000000e+00 1.000000000000000000e+00 1.000000000000000000e+00
2.790000000000000000e+02 3.592429716630415726e+01 3.519638129780545199e+01 nan 1.000000000000000000e+00 nan
2.800000000000000000e+02 3.592429716630415726e+01 3.519774493416922923e+01 nan 1.000000000000000000e+00 nan
2.810000000000000000e+02 3.592429716630415726e+01 3.519910857053301356e+01 1.000000000000000000e+00 1.000000000000000000e+00 1.000000000000000000e+00
2.820000000000000000e+02 3.592429716630415015e+01 3.520047220689679790e+01 nan 1.000000000000000000e+00 nan
2.830000000000000000e+02 3.592429716630415726e+01 3.520183584326058224e+01 nan 1.000000000000000000e+00 nan
2.840000000000000000e+02 3.592429716630415726e+01 3.520319947962435947e+01 nan 1.000000000000000000e+00 nan
2.850000000000000000e+02 3.592429716630415015e+01 3.520456311598813670e+01 nan 1.000000000000000000e+00 nan
2.860000000000000000e+02 3.592429716630415726e+01 3.520592675235191393e+01 nan 1.000000000000000000e+00 nan
2.870000000000000000e+02 3.592429716630415726e+01 3.520729038871571248e+01 nan 1.000000000000000000e+00 nan
2.880000000000000000e+02 3.592429716630415726e+01 3.520865402507947550e+01 nan 1.000000000000000000e+00 nan
2.890000000000000000e+02 3.592429716630415726e+01 3.521001766144325984e+01 nan 1.000000000000000000e+00 nan
2.900000000000000000e+02 3.592566080266779238e+01 3.517183584325739076e+01 nan nan nan
2.910000000000000000e+02 3.592566080266779238e+01 3.517319947962116800e+01 nan nan nan
2.920000000000000000e+02 3.592566080266779949e+01 3.517456311598493812e+01 nan nan nan
2.930000000000000000e+02 3.592566080266779238e+01 3.517592675234873667e+01 nan 1.000000000000000000e+00 nan
2.940000000000000000e+02 3.592566080266779949e+01 3.517729038871252101e+01 nan 1.000000000000000000e+00 nan
2.950000000000000000e+02 3.592566080266779238e+01 3.517865402507630535e+01 nan 1.000000000000000000e+00 nan
2.960000000000000000e+02 3.592566080266779949e+01 3.518001766144008258e+01 1.000000000000000000e+00 1.000000000000000000e+00 1.000000000000000000e+00
2.970000000000000000e+02 3.592566080266778528e+01 3.518138129780384560e+01 nan 1.000000000000000000e+00 nan
2.980000000000000000e+02 3.592566080266779949e+01 3.518274493416763704e+01 1.000000000000000000e+00 1.000000000000000000e+00 1.000000000000000000e+00
2.990000000000000000e+02 3.592566080266779949e+01 3.518410857053142848e+01 1.000000000000000000e+00 1.000000000000000000e+00 1.000000000000000000e+00
3.000000000000000000e+02 3.592566080266779238e+01 3.518547220689520572e+01 1.000000000000000000e+00 1.000000000000000000e+00 1.000000000000000000e+00
3.010000000000000000e+02 3.592566080266779238e+01 3.518683584325899005e+01 1.000000000000000000e+00 1.000000000000000000e+00 1.000000000000000000e+00
3.020000000000000000e+02 3.592566080266779238e+01 3.518819947962276729e+01 1.000000000000000000e+00 1.000000000000000000e+00 1.000000000000000000e+00
3.030000000000000000e+02 3.592566080266779949e+01 3.518956311598653741e+01 1.000000000000000000e+00 1.000000000000000000e+00 1.000000000000000000e+00
3.040000000000000000e+02 3.592566080266779238e+01 3.519092675235032175e+01 1.000000000000000000e+00 1.000000000000000000e+00 1.000000000000000000e+00
3.050000000000000000e+02 3.592566080266779949e+01 3.519229038871410609e+01 1.000000000000000000e+00 1.000000000000000000e+00 1.000000000000000000e+00
3.060000000000000000e+02 3.592566080266779238e+01 3.519365402507789042e+01 1.000000000000000000e+00 1.000000000000000000e+00 1.000000000000000000e+00
3.070000000000000000e+02 3.592566080266779238e+01 3.519501766144167476e+01 1.000000000000000000e+00 1.000000000000000000e+00 1.000000000000000000e+00
3.080000000000000000e+02 3.592566080266779949e+01 3.519638129780545199e+01 nan 1.000000000000000000e+00 nan
3.090000000000000000e+02 3.592566080266779238e+01 3.519774493416922923e+01 1.000000000000000000e+00 1.000000000000000000e+00 1.000000000000000000e+00
3.100000000000000000e+02 3.592566080266778528e+01 3.519910857053301356e+01 nan 1.000000000000000000e+00 nan
3.110000000000000000e+02 3.592566080266778528e+01 3.520047220689679790e+01 nan 1.000000000000000000e+00 nan
3.120000000000000000e+02 3.592566080266779949e+01 3.520183584326058224e+01 nan 1.000000000000000000e+00 nan
3.130000000000000000e+02 3.592566080266779949e+01 3.520319947962435236e+01 nan 1.000000000000000000e+00 nan
3.140000000000000000e+02 3.592566080266779238e+01 3.520456311598813670e+01 nan 1.000000000000000000e+00 nan
3.150000000000000000e+02 3.592566080266779238e+01 3.520592675235192104e+01 nan 1.000000000000000000e+00 nan
3.160000000000000000e+02 3.592566080266778528e+01 3.520729038871570538e+01 1.000000000000000000e+00 1.000000000000000000e+00 1.000000000000000000e+00
3.170000000000000000e+02 3.592566080266779238e+01 3.520865402507948261e+01 nan 1.000000000000000000e+00 nan
3.180000000000000000e+02 3.592566080266779238e+01 3.521001766144325984e+01 nan 1.000000000000000000e+00 nan
3.190000000000000000e+02 3.592702443903142040e+01 3.517183584325739076e+01 nan nan nan
3.200000000000000000e+02 3.592702443903142040e+01 3.517319947962116800e+01 nan nan nan
3.210000000000000000e+02 3.592702443903142040e+01 3.517456311598493812e+01 nan nan nan
3.220000000000000000e+02 3.592702443903142040e+01 3.517592675234873667e+01 nan nan nan
3.230000000000000000e+02 3.592702443903142040e+01 3.517729038871252101e+01 nan nan nan
3.240000000000000000e+02 3.592702443903143461e+01 3.517865402507630535e+01 1.000000000000000000e+00 1.000000000000000000e+00 1.000000000000000000e+00
3.250000000000000000e+02 3.592702443903142751e+01 3.518001766144008258e+01 1.000000000000000000e+00 1.000000000000000000e+00 1.000000000000000000e+00
3.260000000000000000e+02 3.592702443903142751e+01 3.518138129780384560e+01 1.000000000000000000e+00 1.000000000000000000e+00 1.000000000000000000e+00
3.270000000000000000e+02 3.592702443903142040e+01 3.518274493416763704e+01 1.000000000000000000e+00 1.000000000000000000e+00 1.000000000000000000e+00
3.280000000000000000e+02 3.592702443903142751e+01 3.518410857053142848e+01 1.000000000000000000e+00 1.000000000000000000e+00 1.000000000000000000e+00
3.290000000000000000e+02 3.592702443903143461e+01 3.518547220689520572e+01 1.000000000000000000e+00 1.000000000000000000e+00 1.000000000000000000e+00
3.300000000000000000e+02 3.592702443903142040e+01 3.518683584325899005e+01 1.000000000000000000e+00 1.000000000000000000e+00 1.000000000000000000e+00
3.310000000000000000e+02 3.592702443903142751e+01 3.518819947962276729e+01 1.000000000000000000e+00 1.000000000000000000e+00 1.000000000000000000e+00
3.320000000000000000e+02 3.592702443903142040e+01 3.518956311598653741e+01 1.000000000000000000e+00 1.000000000000000000e+00 1.000000000000000000e+00
3.330000000000000000e+02 3.592702443903142751e+01 3.519092675235032175e+01 1.000000000000000000e+00 1.000000000000000000e+00 1.000000000000000000e+00
3.340000000000000000e+02 3.592702443903142040e+01 3.519229038871410609e+01 1.000000000000000000e+00 1.000000000000000000e+00 1.000000000000000000e+00
3.350000000000000000e+02 3.592702443903142751e+01 3.519365402507789042e+01 1.000000000000000000e+00 1.000000000000000000e+00 1.000000000000000000e+00
3.360000000000000000e+02 3.592702443903143461e+01 3.519501766144167476e+01 1.000000000000000000e+00 1.000000000000000000e+00 1.000000000000000000e+00
3.370000000000000000e+02 3.592702443903142751e+01 3.519638129780545199e+01 1.000000000000000000e+00 1.000000000000000000e+00 1.000000000000000000e+00
3.380000000000000000e+02 3.592702443903142751e+01 3.519774493416922923e+01 1.000000000000000000e+00 1.000000000000000000e+00 1.000000000000000000e+00
3.390000000000000000e+02 3.592702443903143461e+01 3.519910857053301356e+01 nan 1.000000000000000000e+00 nan
3.400000000000000000e+02 3.592702443903142751e+01 3.520047220689679790e+01 1.000000000000000000e+00 1.000000000000000000e+00 1.000000000000000000e+00
3.410000000000000000e+02 3.592702443903142751e+01 3.520183584326058224e+01 1.000000000000000000e+00 1.000000000000000000e+00 1.000000000000000000e+00
3.420000000000000000e+02 3.592702443903142751e+01 3.520319947962435236e+01 nan 1.000000000000000000e+00 nan
3.430000000000000000e+02 3.592702443903142751e+01 3.520456311598813670e+01 nan 1.000000000000000000e+00 nan
3.440000000000000000e+02 3.592702443903142751e+01 3.520592675235192104e+01 nan 1.000000000000000000e+00 nan
3.450000000000000000e+02 3.592702443903142040e+01 3.520729038871570538e+01 nan 1.000000000000000000e+00 nan
3.460000000000000000e+02 3.592702443903142751e+01 3.520865402507948261e+01 nan 1.000000000000000000e+00 nan
3.470000000000000000e+02 3.592702443903142040e+01 3.521001766144325984e+01 nan 1.000000000000000000e+00 nan
3.480000000000000000e+02 3.592838807539506263e+01 3.517183584325739076e+01 nan nan nan
3.490000000000000000e+02 3.592838807539506263e+01 3.517319947962116800e+01 nan nan nan
3.500000000000000000e+02 3.592838807539506263e+01 3.517456311598493812e+01 nan nan nan
3.510000000000000000e+02 3.592838807539506973e+01 3.517592675234873667e+01 nan nan nan
3.520000000000000000e+02 3.592838807539506263e+01 3.517729038871252101e+01 nan nan nan
3.530000000000000000e+02 3.592838807539506263e+01 3.517865402507630535e+01 nan nan nan
3.540000000000000000e+02 3.592838807539506263e+01 3.518001766144006837e+01 1.000000000000000000e+00 1.000000000000000000e+00 1.000000000000000000e+00
3.550000000000000000e+02 3.592838807539506263e+01 3.518138129780385270e+01 1.000000000000000000e+00 1.000000000000000000e+00 1.000000000000000000e+00
3.560000000000000000e+02 3.592838807539506263e+01 3.518274493416763704e+01 1.000000000000000000e+00 1.000000000000000000e+00 1.000000000000000000e+00
3.570000000000000000e+02 3.592838807539506263e+01 3.518410857053142138e+01 1.000000000000000000e+00 1.000000000000000000e+00 1.000000000000000000e+00
3.580000000000000000e+02 3.592838807539506263e+01 3.518547220689520572e+01 1.000000000000000000e+00 1.000000000000000000e+00 1.000000000000000000e+00
3.590000000000000000e+02 3.592838807539506263e+01 3.518683584325899005e+01 1.000000000000000000e+00 1.000000000000000000e+00 1.000000000000000000e+00
3.600000000000000000e+02 3.592838807539506263e+01 3.518819947962276018e+01 1.000000000000000000e+00 1.000000000000000000e+00 1.000000000000000000e+00
3.610000000000000000e+02 3.592838807539506263e+01 3.518956311598653741e+01 1.000000000000000000e+00 1.000000000000000000e+00 1.000000000000000000e+00
3.620000000000000000e+02 3.592838807539506263e+01 3.519092675235032175e+01 1.000000000000000000e+00 1.000000000000000000e+00 1.000000000000000000e+00
3.630000000000000000e+02 3.592838807539506263e+01 3.519229038871410609e+01 1.000000000000000000e+00 1.000000000000000000e+00 1.000000000000000000e+00
3.640000000000000000e+02 3.592838807539506263e+01 3.519365402507789042e+01 1.000000000000000000e+00 1.000000000000000000e+00 1.000000000000000000e+00
3.650000000000000000e+02 3.592838807539506263e+01 3.519501766144167476e+01 1.000000000000000000e+00 1.000000000000000000e+00 1.000000000000000000e+00
3.660000000000000000e+02 3.592838807539506263e+01 3.519638129780545199e+01 1.000000000000000000e+00 1.000000000000000000e+00 1.000000000000000000e+00
3.670000000000000000e+02 3.592838807539506263e+01 3.519774493416922923e+01 1.000000000000000000e+00 1.000000000000000000e+00 1.000000000000000000e+00
3.680000000000000000e+02 3.592838807539506263e+01 3.519910857053301356e+01 nan 1.000000000000000000e+00 nan
3.690000000000000000e+02 3.592838807539506973e+01 3.520047220689679790e+01 1.000000000000000000e+00 1.000000000000000000e+00 1.000000000000000000e+00
3.700000000000000000e+02 3.592838807539506973e+01 3.520183584326058224e+01 1.000000000000000000e+00 1.000000000000000000e+00 1.000000000000000000e+00
3.710000000000000000e+02 3.592838807539506263e+01 3.520319947962435947e+01 1.000000000000000000e+00 1.000000000000000000e+00 1.000000000000000000e+00
3.720000000000000000e+02 3.592838807539506263e+01 3.520456311598813670e+01 nan 1.000000000000000000e+00 nan
3.730000000000000000e+02 3.592838807539506263e+01 3.520592675235191393e+01 1.000000000000000000e+00 1.000000000000000000e+00 1.000000000000000000e+00
3.740000000000000000e+02 3.592838807539506263e+01 3.520729038871571248e+01 nan 1.000000000000000000e+00 nan
3.750000000000000000e+02 3.592838807539506263e+01 3.520865402507947550e+01 nan 1.000000000000000000e+00 nan
3.760000000000000000e+02 3.592838807539506263e+01 3.521001766144325984e+01 nan 1.000000000000000000e+00 nan
3.770000000000000000e+02 3.592975171175869775e+01 3.517183584325739076e+01 nan nan nan
3.780000000000000000e+02 3.592975171175869065e+01 3.517319947962116800e+01 nan nan nan
3.790000000000000000e+02 3.592975171175869775e+01 3.517456311598493812e+01 nan nan nan
3.800000000000000000e+02 3.592975171175869065e+01 3.517592675234873667e+01 1.000000000000000000e+00 nan nan
3.810000000000000000e+02 3.592975171175869065e+01 3.517729038871252101e+01 nan nan nan
3.820000000000000000e+02 3.592975171175869065e+01 3.517865402507630535e+01 1.000000000000000000e+00 nan nan
3.830000000000000000e+02 3.592975171175869065e+01 3.518001766144008258e+01 nan nan nan
3.840000000000000000e+02 3.592975171175869065e+01 3.518138129780384560e+01 1.000000000000000000e+00 1.000000000000000000e+00 1.000000000000000000e+00
3.850000000000000000e+02 3.592975171175870486e+01 3.518274493416763704e+01 1.000000000000000000e+00 1.000000000000000000e+00 1.000000000000000000e+00
3.860000000000000000e+02 3.592975171175869775e+01 3.518410857053142848e+01 1.000000000000000000e+00 1.000000000000000000e+00 1.000000000000000000e+00
3.870000000000000000e+02 3.592975171175869065e+01 3.518547220689520572e+01 1.000000000000000000e+00 1.000000000000000000e+00 1.000000000000000000e+00
3.880000000000000000e+02 3.592975171175869775e+01 3.518683584325899005e+01 1.000000000000000000e+00 1.000000000000000000e+00 1.000000000000000000e+00
3.890000000000000000e+02 3.592975171175869065e+01 3.518819947962276729e+01 1.000000000000000000e+00 1.000000000000000000e+00 1.000000000000000000e+00
3.900000000000000000e+02 3.592975171175869065e+01 3.518956311598653741e+01 1.000000000000000000e+00 1.000000000000000000e+00 1.000000000000000000e+00
3.910000000000000000e+02 3.592975171175869065e+01 3.519092675235032175e+01 1.000000000000000000e+00 1.000000000000000000e+00 1.000000000000000000e+00
3.920000000000000000e+02 3.592975171175869775e+01 3.519229038871410609e+01 1.000000000000000000e+00 1.000000000000000000e+00 1.000000000000000000e+00
3.930000000000000000e+02 3.592975171175869065e+01 3.519365402507789042e+01 1.000000000000000000e+00 1.000000000000000000e+00 1.000000000000000000e+00
3.940000000000000000e+02 3.592975171175869065e+01 3.519501766144167476e+01 1.000000000000000000e+00 1.000000000000000000e+00 1.000000000000000000e+00
3.950000000000000000e+02 3.592975171175869065e+01 3.519638129780545199e+01 1.000000000000000000e+00 1.000000000000000000e+00 1.000000000000000000e+00
3.960000000000000000e+02 3.592975171175869065e+01 3.519774493416922923e+01 1.000000000000000000e+00 1.000000000000000000e+00 1.000000000000000000e+00
3.970000000000000000e+02 3.592975171175869065e+01 3.519910857053301356e+01 1.000000000000000000e+00 1.000000000000000000e+00 1.000000000000000000e+00
3.980000000000000000e+02 3.592975171175869065e+01 3.520047220689679790e+01 1.000000000000000000e+00 1.000000000000000000e+00 1.000000000000000000e+00
3.990000000000000000e+02 3.592975171175869065e+01 3.520183584326058224e+01 1.000000000000000000e+00 1.000000000000000000e+00 1.000000000000000000e+00
4.000000000000000000e+02 3.592975171175869065e+01 3.520319947962435236e+01 1.000000000000000000e+00 1.000000000000000000e+00 1.000000000000000000e+00
4.010000000000000000e+02 3.592975171175869065e+01 3.520456311598813670e+01 nan 1.000000000000000000e+00 nan
4.020000000000000000e+02 3.592975171175869775e+01 3.520592675235192104e+01 1.000000000000000000e+00 1.000000000000000000e+00 1.000000000000000000e+00
4.030000000000000000e+02 3.592975171175869775e+01 3.520729038871570538e+01 nan 1.000000000000000000e+00 nan
4.040000000000000000e+02 3.592975171175869775e+01 3.520865402507948261e+01 nan 1.000000000000000000e+00 nan
4.050000000000000000e+02 3.592975171175869065e+01 3.521001766144325984e+01 nan 1.000000000000000000e+00 nan
4.060000000000000000e+02 3.593111534812234709e+01 3.517183584325739076e+01 nan nan nan
4.070000000000000000e+02 3.593111534812233998e+01 3.517319947962117510e+01 nan nan nan
4.080000000000000000e+02 3.593111534812233998e+01 3.517456311598494523e+01 nan nan nan
4.090000000000000000e+02 3.593111534812233998e+01 3.517592675234873667e+01 nan nan nan
4.100000000000000000e+02 3.593111534812234709e+01 3.517729038871252101e+01 nan nan nan
4.110000000000000000e+02 3.593111534812234709e+01 3.517865402507629824e+01 nan nan nan
4.120000000000000000e+02 3.593111534812234709e+01 3.518001766144008258e+01 1.000000000000000000e+00 nan nan
4.130000000000000000e+02 3.593111534812233998e+01 3.518138129780385270e+01 1.000000000000000000e+00 1.000000000000000000e+00 1.000000000000000000e+00
4.140000000000000000e+02 3.593111534812234709e+01 3.518274493416763704e+01 1.000000000000000000e+00 1.000000000000000000e+00 1.000000000000000000e+00
4.150000000000000000e+02 3.593111534812233998e+01 3.518410857053142138e+01 1.000000000000000000e+00 1.000000000000000000e+00 1.000000000000000000e+00
4.160000000000000000e+02 3.593111534812233998e+01 3.518547220689520572e+01 1.000000000000000000e+00 1.000000000000000000e+00 1.000000000000000000e+00
4.170000000000000000e+02 3.593111534812233998e+01 3.518683584325899005e+01 1.000000000000000000e+00 1.000000000000000000e+00 1.000000000000000000e+00
4.180000000000000000e+02 3.593111534812234709e+01 3.518819947962276018e+01 1.000000000000000000e+00 1.000000000000000000e+00 1.000000000000000000e+00
4.190000000000000000e+02 3.593111534812234709e+01 3.518956311598653741e+01 1.000000000000000000e+00 1.000000000000000000e+00 1.000000000000000000e+00
4.200000000000000000e+02 3.593111534812233288e+01 3.519092675235032175e+01 1.000000000000000000e+00 1.000000000000000000e+00 1.000000000000000000e+00
4.210000000000000000e+02 3.593111534812233288e+01 3.519229038871410609e+01 1.000000000000000000e+00 1.000000000000000000e+00 1.000000000000000000e+00
4.220000000000000000e+02 3.593111534812233288e+01 3.519365402507789042e+01 1.000000000000000000e+00 1.000000000000000000e+00 1.000000000000000000e+00
4.230000000000000000e+02 3.593111534812233288e+01 3.519501766144167476e+01 1.000000000000000000e+00 1.000000000000000000e+00 1.000000000000000000e+00
4.240000000000000000e+02 3.593111534812234709e+01 3.519638129780544489e+01 1.000000000000000000e+00 1.000000000000000000e+00 1.000000000000000000e+00
4.250000000000000000e+02 3.593111534812233288e+01 3.519774493416922923e+01 1.000000000000000000e+00 1.000000000000000000e+00 1.000000000000000000e+00
4.260000000000000000e+02 3.593111534812233998e+01 3.519910857053301356e+01 1.000000000000000000e+00 1.000000000000000000e+00 1.000000000000000000e+00
4.270000000000000000e+02 3.593111534812234709e+01 3.520047220689679790e+01 1.000000000000000000e+00 1.000000000000000000e+00 1.000000000000000000e+00
4.280000000000000000e+02 3.593111534812234709e+01 3.520183584326058224e+01 1.000000000000000000e+00 1.000000000000000000e+00 1.000000000000000000e+00
4.290000000000000000e+02 3.593111534812233998e+01 3.520319947962435236e+01 1.000000000000000000e+00 1.000000000000000000e+00 1.000000000000000000e+00
4.300000000000000000e+02 3.593111534812233998e+01 3.520456311598813670e+01 1.000000000000000000e+00 1.000000000000000000e+00 1.000000000000000000e+00
4.310000000000000000e+02 3.593111534812233288e+01 3.520592675235192104e+01 1.000000000000000000e+00 1.000000000000000000e+00 1.000000000000000000e+00
4.320000000000000000e+02 3.593111534812233998e+01 3.520729038871571248e+01 nan 1.000000000000000000e+00 nan
4.330000000000000000e+02 3.593111534812233288e+01 3.520865402507948261e+01 nan 1.000000000000000000e+00 nan
4.340000000000000000e+02 3.593111534812233288e+01 3.521001766144325984e+01 1.000000000000000000e+00 1.000000000000000000e+00 1.000000000000000000e+00
4.350000000000000000e+02 3.593247898448597510e+01 3.517183584325739076e+01 nan nan nan
4.360000000000000000e+02 3.593247898448598221e+01 3.517319947962116800e+01 nan nan nan
4.370000000000000000e+02 3.593247898448598932e+01 3.517456311598493812e+01 nan nan nan
4.380000000000000000e+02 3.593247898448597510e+01 3.517592675234873667e+01 nan nan nan
4.390000000000000000e+02 3.593247898448597510e+01 3.517729038871252101e+01 1.000000000000000000e+00 nan nan
4.400000000000000000e+02 3.593247898448598221e+01 3.517865402507630535e+01 nan nan nan
4.410000000000000000e+02 3.593247898448597510e+01 3.518001766144008258e+01 nan nan nan
4.420000000000000000e+02 3.593247898448597510e+01 3.518138129780384560e+01 1.000000000000000000e+00 nan nan
4.430000000000000000e+02 3.593247898448597510e+01 3.518274493416763704e+01 nan 1.000000000000000000e+00 nan
4.440000000000000000e+02 3.593247898448598221e+01 3.518410857053142848e+01 1.000000000000000000e+00 1.000000000000000000e+00 1.000000000000000000e+00
4.450000000000000000e+02 3.593247898448597510e+01 3.518547220689520572e+01 1.000000000000000000e+00 1.000000000000000000e+00 1.000000000000000000e+00
4.460000000000000000e+02 3.593247898448598221e+01 3.518683584325899005e+01 1.000000000000000000e+00 1.000000000000000000e+00 1.000000000000000000e+00
4.470000000000000000e+02 3.593247898448598221e+01 3.518819947962276729e+01 1.000000000000000000e+00 1.000000000000000000e+00 1.000000000000000000e+00
4.480000000000000000e+02 3.593247898448598221e+01 3.518956311598653741e+01 1.000000000000000000e+00 1.000000000000000000e+00 1.000000000000000000e+00
4.490000000000000000e+02 3.593247898448598221e+01 3.519092675235032175e+01 1.000000000000000000e+00 1.000000000000000000e+00 1.000000000000000000e+00
4.500000000000000000e+02 3.593247898448598932e+01 3.519229038871410609e+01 1.000000000000000000e+00 1.000000000000000000e+00 1.000000000000000000e+00
4.510000000000000000e+02 3.593247898448598221e+01 3.519365402507789042e+01 1.000000000000000000e+00 1.000000000000000000e+00 1.000000000000000000e+00
4.520000000000000000e+02 3.593247898448597510e+01 3.519501766144167476e+01 1.000000000000000000e+00 1.000000000000000000e+00 1.000000000000000000e+00
4.530000000000000000e+02 3.593247898448597510e+01 3.519638129780545199e+01 1.000000000000000000e+00 1.000000000000000000e+00 1.000000000000000000e+00
4.540000000000000000e+02 3.593247898448598221e+01 3.519774493416922923e+01 1.000000000000000000e+00 1.000000000000000000e+00 1.000000000000000000e+00
4.550000000000000000e+02 3.593247898448597510e+01 3.519910857053301356e+01 1.000000000000000000e+00 1.000000000000000000e+00 1.000000000000000000e+00
4.560000000000000000e+02 3.593247898448598221e+01 3.520047220689679790e+01 1.000000000000000000e+00 1.000000000000000000e+00 1.000000000000000000e+00
4.570000000000000000e+02 3.593247898448598932e+01 3.520183584326058224e+01 nan 1.000000000000000000e+00 nan
4.580000000000000000e+02 3.593247898448598932e+01 3.520319947962435236e+01 1.000000000000000000e+00 1.000000000000000000e+00 1.000000000000000000e+00
4.590000000000000000e+02 3.593247898448598221e+01 3.520456311598813670e+01 nan 1.000000000000000000e+00 nan
4.600000000000000000e+02 3.593247898448597510e+01 3.520592675235192104e+01 nan 1.000000000000000000e+00 nan
4.610000000000000000e+02 3.593247898448598221e+01 3.520729038871570538e+01 1.000000000000000000e+00 1.000000000000000000e+00 1.000000000000000000e+00
4.620000000000000000e+02 3.593247898448597510e+01 3.520865402507948261e+01 nan 1.000000000000000000e+00 nan
4.630000000000000000e+02 3.593247898448597510e+01 3.521001766144325984e+01 nan 1.000000000000000000e+00 nan
4.640000000000000000e+02 3.593384262084961023e+01 3.517183584325739076e+01 nan nan nan
4.650000000000000000e+02 3.593384262084961733e+01 3.517319947962116800e+01 nan nan nan
4.660000000000000000e+02 3.593384262084961023e+01 3.517456311598493812e+01 nan nan nan
4.670000000000000000e+02 3.593384262084961023e+01 3.517592675234873667e+01 nan nan nan
4.680000000000000000e+02 3.593384262084961733e+01 3.517729038871252101e+01 nan nan nan
4.690000000000000000e+02 3.593384262084961733e+01 3.517865402507630535e+01 nan nan nan
4.700000000000000000e+02 3.593384262084961733e+01 3.518001766144008258e+01 nan nan nan
4.710000000000000000e+02 3.593384262084961023e+01 3.518138129780384560e+01 1.000000000000000000e+00 nan nan
4.720000000000000000e+02 3.593384262084961023e+01 3.518274493416763704e+01 1.000000000000000000e+00 nan nan
4.730000000000000000e+02 3.593384262084961733e+01 3.518410857053142848e+01 1.000000000000000000e+00 nan nan
4.740000000000000000e+02 3.593384262084962444e+01 3.518547220689520572e+01 1.000000000000000000e+00 1.000000000000000000e+00 1.000000000000000000e+00
4.750000000000000000e+02 3.593384262084961733e+01 3.518683584325899005e+01 1.000000000000000000e+00 1.000000000000000000e+00 1.000000000000000000e+00
4.760000000000000000e+02 3.593384262084961023e+01 3.518819947962276729e+01 1.000000000000000000e+00 1.000000000000000000e+00 1.000000000000000000e+00
4.770000000000000000e+02 3.593384262084961733e+01 3.518956311598653741e+01 1.000000000000000000e+00 1.000000000000000000e+00 1.000000000000000000e+00
4.780000000000000000e+02 3.593384262084961733e+01 3.519092675235032175e+01 1.000000000000000000e+00 1.000000000000000000e+00 1.000000000000000000e+00
4.790000000000000000e+02 3.593384262084961023e+01 3.519229038871410609e+01 1.000000000000000000e+00 1.000000000000000000e+00 1.000000000000000000e+00
4.800000000000000000e+02 3.593384262084961733e+01 3.519365402507789042e+01 1.000000000000000000e+00 1.000000000000000000e+00 1.000000000000000000e+00
4.810000000000000000e+02 3.593384262084961023e+01 3.519501766144167476e+01 1.000000000000000000e+00 1.000000000000000000e+00 1.000000000000000000e+00
4.820000000000000000e+02 3.593384262084961023e+01 3.519638129780545199e+01 1.000000000000000000e+00 1.000000000000000000e+00 1.000000000000000000e+00
4.830000000000000000e+02 3.593384262084961023e+01 3.519774493416922923e+01 1.000000000000000000e+00 1.000000000000000000e+00 1.000000000000000000e+00
4.840000000000000000e+02 3.593384262084961733e+01 3.519910857053301356e+01 1.000000000000000000e+00 1.000000000000000000e+00 1.000000000000000000e+00
4.850000000000000000e+02 3.593384262084961733e+01 3.520047220689679790e+01 1.000000000000000000e+00 1.000000000000000000e+00 1.000000000000000000e+00
4.860000000000000000e+02 3.593384262084961733e+01 3.520183584326058224e+01 1.000000000000000000e+00 1.000000000000000000e+00 1.000000000000000000e+00
4.870000000000000000e+02 3.593384262084961733e+01 3.520319947962435236e+01 1.000000000000000000e+00 1.000000000000000000e+00 1.000000000000000000e+00
4.880000000000000000e+02 3.593384262084961023e+01 3.520456311598813670e+01 1.000000000000000000e+00 1.000000000000000000e+00 1.000000000000000000e+00
4.890000000000000000e+02 3.593384262084961733e+01 3.520592675235192104e+01 nan 1.000000000000000000e+00 nan
4.900000000000000000e+02 3.593384262084961733e+01 3.520729038871570538e+01 nan 1.000000000000000000e+00 nan
4.910000000000000000e+02 3.593384262084961023e+01 3.520865402507948261e+01 nan 1.000000000000000000e+00 nan
4.920000000000000000e+02 3.593384262084961733e+01 3.521001766144325984e+01 nan 1.000000000000000000e+00 nan
4.930000000000000000e+02 3.593520625721324535e+01 3.517183584325739076e+01 nan nan nan
4.940000000000000000e+02 3.593520625721324535e+01 3.517319947962116800e+01 nan nan nan
4.950000000000000000e+02 3.593520625721324535e+01 3.517456311598493812e+01 nan nan nan
4.960000000000000000e+02 3.593520625721324535e+01 3.517592675234873667e+01 nan nan nan
4.970000000000000000e+02 3.593520625721324535e+01 3.517729038871252101e+01 nan nan nan
4.980000000000000000e+02 3.593520625721324535e+01 3.517865402507630535e+01 nan nan nan
4.990000000000000000e+02 3.593520625721324535e+01 3.518001766144006837e+01 nan nan nan
5.000000000000000000e+02 3.593520625721324535e+01 3.518138129780385270e+01 nan nan nan
5.010000000000000000e+02 3.593520625721324535e+01 3.518274493416763704e+01 1.000000000000000000e+00 nan nan
5.020000000000000000e+02 3.593520625721324535e+01 3.518410857053142138e+01 1.000000000000000000e+00 nan nan
5.030000000000000000e+02 3.593520625721324535e+01 3.518547220689520572e+01 1.000000000000000000e+00 nan nan
5.040000000000000000e+02 3.593520625721324535e+01 3.518683584325899005e+01 1.000000000000000000e+00 nan nan
5.050000000000000000e+02 3.593520625721324535e+01 3.518819947962276018e+01 1.000000000000000000e+00 1.000000000000000000e+00 1.000000000000000000e+00
5.060000000000000000e+02 3.593520625721324535e+01 3.518956311598653741e+01 nan 1.000000000000000000e+00 nan
5.070000000000000000e+02 3.593520625721324535e+01 3.519092675235032175e+01 1.000000000000000000e+00 1.000000000000000000e+00 1.000000000000000000e+00
5.080000000000000000e+02 3.593520625721324535e+01 3.519229038871410609e+01 1.000000000000000000e+00 1.000000000000000000e+00 1.000000000000000000e+00
5.090000000000000000e+02 3.593520625721324535e+01 3.519365402507789042e+01 1.000000000000000000e+00 1.000000000000000000e+00 1.000000000000000000e+00
5.100000000000000000e+02 3.593520625721324535e+01 3.519501766144167476e+01 1.000000000000000000e+00 1.000000000000000000e+00 1.000000000000000000e+00
5.110000000000000000e+02 3.593520625721323825e+01 3.519638129780545199e+01 1.000000000000000000e+00 1.000000000000000000e+00 1.000000000000000000e+00
5.120000000000000000e+02 3.593520625721324535e+01 3.519774493416922923e+01 1.000000000000000000e+00 1.000000000000000000e+00 1.000000000000000000e+00
5.130000000000000000e+02 3.593520625721324535e+01 3.519910857053301356e+01 1.000000000000000000e+00 1.000000000000000000e+00 1.000000000000000000e+00
5.140000000000000000e+02 3.593520625721324535e+01 3.520047220689679790e+01 1.000000000000000000e+00 1.000000000000000000e+00 1.000000000000000000e+00
5.150000000000000000e+02 3.593520625721323825e+01 3.520183584326058224e+01 1.000000000000000000e+00 1.000000000000000000e+00 1.000000000000000000e+00
5.160000000000000000e+02 3.593520625721324535e+01 3.520319947962435947e+01 nan 1.000000000000000000e+00 nan
5.170000000000000000e+02 3.593520625721324535e+01 3.520456311598813670e+01 1.000000000000000000e+00 1.000000000000000000e+00 1.000000000000000000e+00
5.180000000000000000e+02 3.593520625721324535e+01 3.520592675235191393e+01 1.000000000000000000e+00 1.000000000000000000e+00 1.000000000000000000e+00
5.190000000000000000e+02 3.593520625721324535e+01 3.520729038871571248e+01 1.000000000000000000e+00 1.000000000000000000e+00 1.000000000000000000e+00
5.200000000000000000e+02 3.593520625721324535e+01 3.520865402507947550e+01 1.000000000000000000e+00 1.000000000000000000e+00 1.000000000000000000e+00
5.210000000000000000e+02 3.593520625721324535e+01 3.521001766144325984e+01 nan 1.000000000000000000e+00 nan
5.220000000000000000e+02 3.593656989357688758e+01 3.517183584325739076e+01 nan nan nan
5.230000000000000000e+02 3.593656989357688758e+01 3.517319947962116800e+01 nan nan nan
5.240000000000000000e+02 3.593656989357688758e+01 3.517456311598493812e+01 nan nan nan
5.250000000000000000e+02 3.593656989357688047e+01 3.517592675234873667e+01 nan nan nan
5.260000000000000000e+02 3.593656989357688047e+01 3.517729038871252101e+01 nan nan nan
5.270000000000000000e+02 3.593656989357688758e+01 3.517865402507630535e+01 nan nan nan
5.280000000000000000e+02 3.593656989357688758e+01 3.518001766144008258e+01 nan nan nan
5.290000000000000000e+02 3.593656989357688047e+01 3.518138129780384560e+01 1.000000000000000000e+00 nan nan
5.300000000000000000e+02 3.593656989357688047e+01 3.518274493416763704e+01 nan nan nan
5.310000000000000000e+02 3.593656989357688047e+01 3.518410857053142848e+01 nan nan nan
5.320000000000000000e+02 3.593656989357688047e+01 3.518547220689520572e+01 1.000000000000000000e+00 nan nan
5.330000000000000000e+02 3.593656989357688758e+01 3.518683584325899005e+01 1.000000000000000000e+00 nan nan
5.340000000000000000e+02 3.593656989357688047e+01 3.518819947962276729e+01 1.000000000000000000e+00 1.000000000000000000e+00 1.000000000000000000e+00
5.350000000000000000e+02 3.593656989357688047e+01 3.518956311598653741e+01 1.000000000000000000e+00 1.000000000000000000e+00 1.000000000000000000e+00
5.360000000000000000e+02 3.593656989357688047e+01 3.519092675235032175e+01 nan nan nan
5.370000000000000000e+02 3.593656989357689469e+01 3.519229038871410609e+01 1.000000000000000000e+00 1.000000000000000000e+00 1.000000000000000000e+00
5.380000000000000000e+02 3.593656989357688047e+01 3.519365402507789042e+01 1.000000000000000000e+00 1.000000000000000000e+00 1.000000000000000000e+00
5.390000000000000000e+02 3.593656989357688758e+01 3.519501766144167476e+01 nan 1.000000000000000000e+00 nan
5.400000000000000000e+02 3.593656989357688047e+01 3.519638129780545199e+01 1.000000000000000000e+00 1.000000000000000000e+00 1.000000000000000000e+00
5.410000000000000000e+02 3.593656989357688047e+01 3.519774493416922923e+01 1.000000000000000000e+00 1.000000000000000000e+00 1.000000000000000000e+00
5.420000000000000000e+02 3.593656989357688047e+01 3.519910857053301356e+01 1.000000000000000000e+00 1.000000000000000000e+00 1.000000000000000000e+00
5.430000000000000000e+02 3.593656989357688047e+01 3.520047220689679790e+01 1.000000000000000000e+00 1.000000000000000000e+00 1.000000000000000000e+00
5.440000000000000000e+02 3.593656989357688758e+01 3.520183584326058224e+01 nan 1.000000000000000000e+00 nan
5.450000000000000000e+02 3.593656989357688047e+01 3.520319947962435236e+01 nan 1.000000000000000000e+00 nan
5.460000000000000000e+02 3.593656989357688758e+01 3.520456311598813670e+01 1.000000000000000000e+00 1.000000000000000000e+00 1.000000000000000000e+00
5.470000000000000000e+02 3.593656989357688047e+01 3.520592675235192104e+01 nan 1.000000000000000000e+00 nan
5.480000000000000000e+02 3.593656989357688047e+01 3.520729038871570538e+01 nan 1.000000000000000000e+00 nan
5.490000000000000000e+02 3.593656989357688047e+01 3.520865402507948261e+01 nan 1.000000000000000000e+00 nan
5.500000000000000000e+02 3.593656989357688047e+01 3.521001766144325984e+01 nan 1.000000000000000000e+00 nan
5.510000000000000000e+02 3.593793352994052270e+01 3.517183584325739076e+01 nan nan nan
5.520000000000000000e+02 3.593793352994051560e+01 3.517319947962116800e+01 nan nan nan
5.530000000000000000e+02 3.593793352994052270e+01 3.517456311598493812e+01 nan nan nan
5.540000000000000000e+02 3.593793352994051560e+01 3.517592675234873667e+01 nan nan nan
5.550000000000000000e+02 3.593793352994052270e+01 3.517729038871252101e+01 nan nan nan
5.560000000000000000e+02 3.593793352994051560e+01 3.517865402507630535e+01 nan nan nan
5.570000000000000000e+02 3.593793352994052270e+01 3.518001766144008258e+01 nan nan nan
5.580000000000000000e+02 3.593793352994052270e+01 3.518138129780384560e+01 1.000000000000000000e+00 nan nan
5.590000000000000000e+02 3.593793352994051560e+01 3.518274493416763704e+01 nan nan nan
5.600000000000000000e+02 3.593793352994050849e+01 3.518410857053142848e+01 1.000000000000000000e+00 nan nan
5.610000000000000000e+02 3.593793352994052270e+01 3.518547220689520572e+01 nan nan nan
5.620000000000000000e+02 3.593793352994052270e+01 3.518683584325899005e+01 nan nan nan
5.630000000000000000e+02 3.593793352994051560e+01 3.518819947962276729e+01 1.000000000000000000e+00 nan nan
5.640000000000000000e+02 3.593793352994051560e+01 3.518956311598653741e+01 nan nan nan
5.650000000000000000e+02 3.593793352994050849e+01 3.519092675235032175e+01 1.000000000000000000e+00 1.000000000000000000e+00 1.000000000000000000e+00
5.660000000000000000e+02 3.593793352994050849e+01 3.519229038871410609e+01 1.000000000000000000e+00 1.000000000000000000e+00 1.000000000000000000e+00
5.670000000000000000e+02 3.593793352994052270e+01 3.519365402507789042e+01 1.000000000000000000e+00 1.000000000000000000e+00 1.000000000000000000e+00
5.680000000000000000e+02 3.593793352994050849e+01 3.519501766144167476e+01 1.000000000000000000e+00 1.000000000000000000e+00 1.000000000000000000e+00
5.690000000000000000e+02 3.593793352994051560e+01 3.519638129780545199e+01 1.000000000000000000e+00 1.000000000000000000e+00 1.000000000000000000e+00
5.700000000000000000e+02 3.593793352994051560e+01 3.519774493416922923e+01 1.000000000000000000e+00 1.000000000000000000e+00 1.000000000000000000e+00
5.710000000000000000e+02 3.593793352994050849e+01 3.519910857053301356e+01 1.000000000000000000e+00 1.000000000000000000e+00 1.000000000000000000e+00
5.720000000000000000e+02 3.593793352994052270e+01 3.520047220689679790e+01 nan 1.000000000000000000e+00 nan
5.730000000000000000e+02 3.593793352994051560e+01 3.520183584326058224e+01 nan 1.000000000000000000e+00 nan
5.740000000000000000e+02 3.593793352994052270e+01 3.520319947962435236e+01 1.000000000000000000e+00 1.000000000000000000e+00 1.000000000000000000e+00
5.750000000000000000e+02 3.593793352994050849e+01 3.520456311598813670e+01 1.000000000000000000e+00 1.000000000000000000e+00 1.000000000000000000e+00
5.760000000000000000e+02 3.593793352994052270e+01 3.520592675235192104e+01 1.000000000000000000e+00 1.000000000000000000e+00 1.000000000000000000e+00
5.770000000000000000e+02 3.593793352994050849e+01 3.520729038871570538e+01 nan 1.000000000000000000e+00 nan
5.780000000000000000e+02 3.593793352994051560e+01 3.520865402507948261e+01 1.000000000000000000e+00 1.000000000000000000e+00 1.000000000000000000e+00
5.790000000000000000e+02 3.593793352994050849e+01 3.521001766144325984e+01 nan 1.000000000000000000e+00 nan
5.800000000000000000e+02 3.593929716630415783e+01 3.517183584325739787e+01 nan nan nan
5.810000000000000000e+02 3.593929716630415072e+01 3.517319947962117510e+01 nan nan nan
5.820000000000000000e+02 3.593929716630415072e+01 3.517456311598493812e+01 nan nan nan
5.830000000000000000e+02 3.593929716630415072e+01 3.517592675234873667e+01 nan nan nan
5.840000000000000000e+02 3.593929716630415072e+01 3.517729038871252101e+01 nan nan nan
5.850000000000000000e+02 3.593929716630415783e+01 3.517865402507630535e+01 nan nan nan
5.860000000000000000e+02 3.593929716630415783e+01 3.518001766144006837e+01 nan nan nan
5.870000000000000000e+02 3.593929716630415072e+01 3.518138129780385270e+01 nan nan nan
5.880000000000000000e+02 3.593929716630415072e+01 3.518274493416763704e+01 nan nan nan
5.890000000000000000e+02 3.593929716630415072e+01 3.518410857053142138e+01 nan nan nan
5.900000000000000000e+02 3.593929716630415072e+01 3.518547220689520572e+01 nan nan nan
5.910000000000000000e+02 3.593929716630415072e+01 3.518683584325899005e+01 nan nan nan
5.920000000000000000e+02 3.593929716630415072e+01 3.518819947962277439e+01 1.000000000000000000e+00 nan nan
5.930000000000000000e+02 3.593929716630415072e+01 3.518956311598653741e+01 nan nan nan
5.940000000000000000e+02 3.593929716630415072e+01 3.519092675235032175e+01 nan 1.000000000000000000e+00 nan
5.950000000000000000e+02 3.593929716630415072e+01 3.519229038871410609e+01 1.000000000000000000e+00 1.000000000000000000e+00 1.000000000000000000e+00
5.960000000000000000e+02 3.593929716630415072e+01 3.519365402507789753e+01 nan nan nan
5.970000000000000000e+02 3.593929716630415072e+01 3.519501766144166766e+01 nan 1.000000000000000000e+00 nan
5.980000000000000000e+02 3.593929716630415783e+01 3.519638129780545199e+01 nan 1.000000000000000000e+00 nan
5.990000000000000000e+02 3.593929716630415072e+01 3.519774493416922923e+01 nan 1.000000000000000000e+00 nan
6.000000000000000000e+02 3.593929716630415072e+01 3.519910857053301356e+01 1.000000000000000000e+00 1.000000000000000000e+00 1.000000000000000000e+00
6.010000000000000000e+02 3.593929716630415072e+01 3.520047220689679790e+01 1.000000000000000000e+00 1.000000000000000000e+00 1.000000000000000000e+00
6.020000000000000000e+02 3.593929716630415072e+01 3.520183584326057513e+01 nan 1.000000000000000000e+00 nan
6.030000000000000000e+02 3.593929716630415072e+01 3.520319947962435947e+01 1.000000000000000000e+00 1.000000000000000000e+00 1.000000000000000000e+00
6.040000000000000000e+02 3.593929716630415072e+01 3.520456311598812960e+01 nan 1.000000000000000000e+00 nan
6.050000000000000000e+02 3.593929716630415072e+01 3.520592675235191393e+01 1.000000000000000000e+00 1.000000000000000000e+00 1.000000000000000000e+00
6.060000000000000000e+02 3.593929716630415072e+01 3.520729038871570538e+01 nan 1.000000000000000000e+00 nan
6.070000000000000000e+02 3.593929716630415072e+01 3.520865402507948261e+01 nan 1.000000000000000000e+00 nan
6.080000000000000000e+02 3.593929716630415072e+01 3.521001766144326695e+01 nan 1.000000000000000000e+00 nan
6.090000000000000000e+02 3.594066080266779295e+01 3.517183584325739076e+01 nan nan nan
6.100000000000000000e+02 3.594066080266780006e+01 3.517319947962117510e+01 nan nan nan
6.110000000000000000e+02 3.594066080266779295e+01 3.517456311598494523e+01 nan nan nan
6.120000000000000000e+02 3.594066080266780006e+01 3.517592675234873667e+01 nan nan nan
6.130000000000000000e+02 3.594066080266779295e+01 3.517729038871252101e+01 nan nan nan
6.140000000000000000e+02 3.594066080266780006e+01 3.517865402507630535e+01 nan nan nan
6.150000000000000000e+02 3.594066080266778584e+01 3.518001766144008258e+01 nan nan nan
6.160000000000000000e+02 3.594066080266779295e+01 3.518138129780385270e+01 nan nan nan
6.170000000000000000e+02 3.594066080266779295e+01 3.518274493416763704e+01 nan nan nan
6.180000000000000000e+02 3.594066080266779295e+01 3.518410857053142848e+01 nan nan nan
6.190000000000000000e+02 3.594066080266778584e+01 3.518547220689521282e+01 nan nan nan
6.200000000000000000e+02 3.594066080266779295e+01 3.518683584325899005e+01 nan nan nan
6.210000000000000000e+02 3.594066080266779295e+01 3.518819947962276018e+01 nan nan nan
6.220000000000000000e+02 3.594066080266779295e+01 3.518956311598653741e+01 nan nan nan
6.230000000000000000e+02 3.594066080266779295e+01 3.519092675235032175e+01 nan nan nan
6.240000000000000000e+02 3.594066080266780006e+01 3.519229038871410609e+01 1.000000000000000000e+00 nan nan
6.250000000000000000e+02 3.594066080266780006e+01 3.519365402507789753e+01 nan nan nan
6.260000000000000000e+02 3.594066080266778584e+01 3.519501766144167476e+01 nan 1.000000000000000000e+00 nan
6.270000000000000000e+02 3.594066080266779295e+01 3.519638129780545199e+01 nan 1.000000000000000000e+00 nan
6.280000000000000000e+02 3.594066080266779295e+01 3.519774493416922923e+01 1.000000000000000000e+00 1.000000000000000000e+00 1.000000000000000000e+00
6.290000000000000000e+02 3.594066080266780006e+01 3.519910857053301356e+01 nan 1.000000000000000000e+00 nan
6.300000000000000000e+02 3.594066080266780006e+01 3.520047220689679790e+01 nan 1.000000000000000000e+00 nan
6.310000000000000000e+02 3.594066080266779295e+01 3.520183584326057513e+01 nan 1.000000000000000000e+00 nan
6.320000000000000000e+02 3.594066080266779295e+01 3.520319947962435947e+01 nan 1.000000000000000000e+00 nan
6.330000000000000000e+02 3.594066080266779295e+01 3.520456311598813670e+01 nan 1.000000000000000000e+00 nan
6.340000000000000000e+02 3.594066080266779295e+01 3.520592675235191393e+01 nan 1.000000000000000000e+00 nan
6.350000000000000000e+02 3.594066080266779295e+01 3.520729038871570538e+01 nan 1.000000000000000000e+00 nan
6.360000000000000000e+02 3.594066080266780006e+01 3.520865402507948261e+01 nan 1.000000000000000000e+00 nan
6.370000000000000000e+02 3.594066080266779295e+01 3.521001766144325984e+01 nan 1.000000000000000000e+00 nan
6.380000000000000000e+02 3.594202443903142097e+01 3.517183584325739076e+01 nan nan nan
6.390000000000000000e+02 3.594202443903143518e+01 3.517319947962117510e+01 nan nan nan
6.400000000000000000e+02 3.594202443903142807e+01 3.517456311598494523e+01 nan nan nan
6.410000000000000000e+02 3.594202443903142807e+01 3.517592675234873667e+01 nan nan nan
6.420000000000000000e+02 3.594202443903142807e+01 3.517729038871252101e+01 nan nan nan
6.430000000000000000e+02 3.594202443903143518e+01 3.517865402507630535e+01 nan nan nan
6.440000000000000000e+02 3.594202443903142807e+01 3.518001766144008258e+01 nan nan nan
6.450000000000000000e+02 3.594202443903142807e+01 3.518138129780385270e+01 nan nan nan
6.460000000000000000e+02 3.594202443903142807e+01 3.518274493416763704e+01 nan nan nan
6.470000000000000000e+02 3.594202443903143518e+01 3.518410857053142848e+01 nan nan nan
6.480000000000000000e+02 3.594202443903142807e+01 3.518547220689521282e+01 nan nan nan
6.490000000000000000e+02 3.594202443903143518e+01 3.518683584325899005e+01 nan nan nan
6.500000000000000000e+02 3.594202443903142807e+01 3.518819947962276018e+01 nan nan nan
6.510000000000000000e+02 3.594202443903142807e+01 3.518956311598653741e+01 nan nan nan
6.520000000000000000e+02 3.594202443903143518e+01 3.519092675235032175e+01 nan nan nan
6.530000000000000000e+02 3.594202443903142807e+01 3.519229038871410609e+01 nan nan nan
6.540000000000000000e+02 3.594202443903142807e+01 3.519365402507789753e+01 1.000000000000000000e+00 nan nan
6.550000000000000000e+02 3.594202443903142807e+01 3.519501766144167476e+01 nan 1.000000000000000000e+00 nan
6.560000000000000000e+02 3.594202443903142097e+01 3.519638129780545199e+01 nan 1.000000000000000000e+00 nan
6.570000000000000000e+02 3.594202443903143518e+01 3.519774493416922923e+01 nan 1.000000000000000000e+00 nan
6.580000000000000000e+02 3.594202443903143518e+01 3.519910857053301356e+01 1.000000000000000000e+00 1.000000000000000000e+00 1.000000000000000000e+00
6.590000000000000000e+02 3.594202443903142807e+01 3.520047220689679790e+01 nan 1.000000000000000000e+00 nan
6.600000000000000000e+02 3.594202443903142807e+01 3.520183584326057513e+01 nan 1.000000000000000000e+00 nan
6.610000000000000000e+02 3.594202443903143518e+01 3.520319947962435947e+01 nan 1.000000000000000000e+00 nan
6.620000000000000000e+02 3.594202443903143518e+01 3.520456311598813670e+01 nan 1.000000000000000000e+00 nan
6.630000000000000000e+02 3.594202443903142807e+01 3.520592675235191393e+01 nan 1.000000000000000000e+00 nan
6.640000000000000000e+02 3.594202443903143518e+01 3.520729038871570538e+01 nan 1.000000000000000000e+00 nan
6.650000000000000000e+02 3.594202443903143518e+01 3.520865402507948261e+01 nan 1.000000000000000000e+00 nan
6.660000000000000000e+02 3.594202443903143518e+01 3.521001766144325984e+01 nan 1.000000000000000000e+00 nan
