1.000000000000000000e+00 5.987791342952275553e-01
3.000000000000000000e+00 6.486767772440876767e-01
5.000000000000000000e+00 6.751191732238421839e-01
7.000000000000000000e+00 6.945681879177845186e-01
9.000000000000000000e+00 7.113064290232304909e-01
1.100000000000000000e+01 7.263489422506528292e-01
1.300000000000000000e+01 7.402372778672152709e-01
1.500000000000000000e+01 7.531564828214281082e-01
1.700000000000000000e+01 7.653369560697675933e-01
1.900000000000000000e+01 7.767187280643421676e-01
2.100000000000000000e+01 7.874648057493522924e-01
2.300000000000000000e+01 7.976192259579015786e-01
2.500000000000000000e+01 8.073112716467910621e-01
2.700000000000000000e+01 8.165433346039754348e-01
2.900000000000000000e+01 8.253107044627701061e-01
3.100000000000000000e+01 8.334361034408687141e-01
3.300000000000000000e+01 8.409087159776705844e-01
3.500000000000000000e+01 8.477247931945811610e-01
3.700000000000000000e+01 8.539586151610065734e-01
3.900000000000000000e+01 8.596006729406958646e-01
4.100000000000000000e+01 8.645893853511676941e-01
4.300000000000000000e+01 8.690227098676512885e-01
4.500000000000000000e+01 8.729431809121217523e-01
4.700000000000000000e+01 8.764227835918394494e-01
4.900000000000000000e+01 8.794368197285581390e-01
5.100000000000000000e+01 8.820718491079242440e-01
5.300000000000000000e+01 8.843184250328788298e-01
5.500000000000000000e+01 8.862174065907116871e-01
5.700000000000000000e+01 8.878078723290235841e-01
5.900000000000000000e+01 8.891244954478374485e-01
6.100000000000000000e+01 8.901833586252457797e-01
6.300000000000000000e+01 8.910147158113062016e-01
6.500000000000000000e+01 8.916535989627927261e-01
6.700000000000000000e+01 8.920363212872811642e-01
6.900000000000000000e+01 8.922022891548730961e-01
7.100000000000000000e+01 8.921901509928826801e-01
7.300000000000000000e+01 8.919695519890482593e-01
7.500000000000000000e+01 8.915641292854672439e-01
7.700000000000000000e+01 8.910151458665157564e-01
7.900000000000000000e+01 8.903348523430858474e-01
8.100000000000000000e+01 8.896190944471227269e-01
8.300000000000000000e+01 8.888649922373426104e-01
8.500000000000000000e+01 8.880990858832279455e-01
8.700000000000000000e+01 8.872946199324396321e-01
8.900000000000000000e+01 8.865767807469520090e-01
9.100000000000000000e+01 8.859334517284873645e-01
9.300000000000000000e+01 8.853615517299008308e-01
9.500000000000000000e+01 8.848601811671414907e-01
9.700000000000000000e+01 8.844861218711120854e-01
9.900000000000000000e+01 8.842585261515927275e-01
1.010000000000000000e+02 8.839824158559571599e-01
1.030000000000000000e+02 8.836577238763094755e-01
1.050000000000000000e+02 8.833222051889941806e-01
1.070000000000000000e+02 8.829749074127746233e-01
1.090000000000000000e+02 8.826148329349583488e-01
1.110000000000000000e+02 8.822081202835005964e-01
1.130000000000000000e+02 8.817672363803263913e-01
1.150000000000000000e+02 8.812913242185838048e-01
1.170000000000000000e+02 8.808380654292992107e-01
1.190000000000000000e+02 8.804403387866314157e-01
1.210000000000000000e+02 8.801288840774993405e-01
1.230000000000000000e+02 8.799054579412012300e-01
1.250000000000000000e+02 8.797720903558960970e-01
1.270000000000000000e+02 8.796821972451629446e-01
1.290000000000000000e+02 8.796367151548127872e-01
1.310000000000000000e+02 8.796367151548126762e-01
1.330000000000000000e+02 8.796367151548128982e-01
1.350000000000000000e+02 8.796367151548128982e-01
1.370000000000000000e+02 8.796367151548125651e-01
1.390000000000000000e+02 8.796367151548127872e-01
1.410000000000000000e+02 8.796367151548128982e-01
1.430000000000000000e+02 8.796367151548132313e-01
1.450000000000000000e+02 8.796367151548127872e-01
1.470000000000000000e+02 8.796367151548136754e-01
1.490000000000000000e+02 8.796367151548127872e-01
