1.000000000000000000e+00 0.000000000000000000e+00
3.000000000000000000e+00 2.220446049250313081e-16
5.000000000000000000e+00 0.000000000000000000e+00
7.000000000000000000e+00 0.000000000000000000e+00
9.000000000000000000e+00 0.000000000000000000e+00
1.100000000000000000e+01 0.000000000000000000e+00
1.300000000000000000e+01 0.000000000000000000e+00
1.500000000000000000e+01 1.774106200203018346e-05
1.700000000000000000e+01 5.635933540648618845e-05
1.900000000000000000e+01 1.034592193140948524e-04
2.100000000000000000e+01 1.535304290756211998e-04
2.300000000000000000e+01 2.039769339069463783e-04
2.500000000000000000e+01 2.538039200018493702e-04
2.700000000000000000e+01 3.030141237235772778e-04
2.900000000000000000e+01 3.510487365488978995e-04
3.100000000000000000e+01 3.965923385452763128e-04
3.300000000000000000e+01 4.390561886921107160e-04
3.500000000000000000e+01 4.764203427380930833e-04
3.700000000000000000e+01 5.077871033369873999e-04
3.900000000000000000e+01 5.353496957818393298e-04
4.100000000000000000e+01 5.606152293045063573e-04
4.300000000000000000e+01 5.843670768382880354e-04
4.500000000000000000e+01 6.076905944176758112e-04
4.700000000000000000e+01 6.313061427011268378e-04
4.900000000000000000e+01 6.557357037098032748e-04
5.100000000000000000e+01 6.810285243096236840e-04
5.300000000000000000e+01 7.071758366594682599e-04
5.500000000000000000e+01 7.342914371175623955e-04
5.700000000000000000e+01 7.622920140318845128e-04
5.900000000000000000e+01 7.911745700613925791e-04
6.100000000000000000e+01 8.205757823275261487e-04
6.300000000000000000e+01 8.500419497357025733e-04
6.500000000000000000e+01 8.795672521143549361e-04
6.700000000000000000e+01 9.095875048168444721e-04
6.900000000000000000e+01 9.400328473637697968e-04
7.100000000000000000e+01 9.706241147906524702e-04
7.300000000000000000e+01 1.001294405937214194e-03
7.500000000000000000e+01 1.031979674874561326e-03
7.700000000000000000e+01 1.062506414863051418e-03
7.900000000000000000e+01 1.092769858490716395e-03
8.100000000000000000e+01 1.122737631277570536e-03
8.300000000000000000e+01 1.152443690603743853e-03
8.500000000000000000e+01 1.181837861030210490e-03
8.700000000000000000e+01 1.210862701929493745e-03
8.900000000000000000e+01 1.239389653472811048e-03
9.100000000000000000e+01 1.267463288933456944e-03
9.300000000000000000e+01 1.295286830050867977e-03
9.500000000000000000e+01 1.322834904381120502e-03
9.700000000000000000e+01 1.350124745562175654e-03
9.900000000000000000e+01 1.377016481525328295e-03
1.010000000000000000e+02 1.403454101319590031e-03
1.030000000000000000e+02 1.429570292777793128e-03
1.050000000000000000e+02 1.455483386689992997e-03
1.070000000000000000e+02 1.481226744726060751e-03
1.090000000000000000e+02 1.506857764683733336e-03
1.110000000000000000e+02 1.532485001168870653e-03
1.130000000000000000e+02 1.558049272908035299e-03
1.150000000000000000e+02 1.581449248566402233e-03
1.170000000000000000e+02 1.602865119743279720e-03
1.190000000000000000e+02 1.622383513508185438e-03
1.210000000000000000e+02 1.640186620748051993e-03
1.230000000000000000e+02 1.658542455257094872e-03
1.250000000000000000e+02 1.677557092511272607e-03
1.270000000000000000e+02 1.697263723547171033e-03
1.290000000000000000e+02 1.717803740879819685e-03
1.310000000000000000e+02 1.739210941978708291e-03
1.330000000000000000e+02 1.761571669508410487e-03
1.350000000000000000e+02 1.784926813184872785e-03
1.370000000000000000e+02 1.809330514654039490e-03
1.390000000000000000e+02 1.834782566217052491e-03
1.410000000000000000e+02 1.861421761937598340e-03
1.430000000000000000e+02 1.889652636947847242e-03
1.450000000000000000e+02 1.919634143027648676e-03
1.470000000000000000e+02 1.951495409280190607e-03
1.490000000000000000e+02 1.985393083974940076e-03
