1.000000000000000000e+00 1.410596790950017221e-01
3.000000000000000000e+00 1.647497182589022779e-01
5.000000000000000000e+00 1.754444021649017582e-01
7.000000000000000000e+00 1.813998462143459056e-01
9.000000000000000000e+00 1.854160496816108505e-01
1.100000000000000000e+01 1.883430000982758701e-01
1.300000000000000000e+01 1.906857525651917129e-01
1.500000000000000000e+01 1.926728637893678764e-01
1.700000000000000000e+01 1.944002790749144172e-01
1.900000000000000000e+01 1.959452250969820897e-01
2.100000000000000000e+01 1.973741197707653550e-01
2.300000000000000000e+01 1.987396723227444761e-01
2.500000000000000000e+01 2.001025302341014056e-01
2.700000000000000000e+01 2.014603873193612227e-01
2.900000000000000000e+01 2.028432424395804068e-01
3.100000000000000000e+01 2.042764541332601214e-01
3.300000000000000000e+01 2.057560382614193051e-01
3.500000000000000000e+01 2.073008238428240002e-01
3.700000000000000000e+01 2.089283995169030073e-01
3.900000000000000000e+01 2.106238454763122991e-01
4.100000000000000000e+01 2.123971602790840629e-01
4.300000000000000000e+01 2.142553835865023126e-01
4.500000000000000000e+01 2.162002290912592439e-01
4.700000000000000000e+01 2.182060593531033321e-01
4.900000000000000000e+01 2.202554475585964955e-01
5.100000000000000000e+01 2.223584181599206344e-01
5.300000000000000000e+01 2.245212405714818171e-01
5.500000000000000000e+01 2.267582368986041930e-01
5.700000000000000000e+01 2.290658007900892024e-01
5.900000000000000000e+01 2.314365241182217980e-01
6.100000000000000000e+01 2.338327067607044452e-01
6.300000000000000000e+01 2.362447265329099544e-01
6.500000000000000000e+01 2.386918259795915986e-01
6.700000000000000000e+01 2.411785254840594916e-01
6.900000000000000000e+01 2.437084741777635344e-01
7.100000000000000000e+01 2.462805064550529499e-01
7.300000000000000000e+01 2.488650716126024065e-01
7.500000000000000000e+01 2.514621125857755546e-01
7.700000000000000000e+01 2.540699441510023693e-01
7.900000000000000000e+01 2.566893020220957222e-01
8.100000000000000000e+01 2.593192715072080157e-01
8.300000000000000000e+01 2.619715178399929512e-01
8.500000000000000000e+01 2.646367603675383595e-01
8.700000000000000000e+01 2.673143210085203725e-01
8.900000000000000000e+01 2.700114659461156918e-01
9.100000000000000000e+01 2.727304257896769890e-01
9.300000000000000000e+01 2.754741016961980149e-01
9.500000000000000000e+01 2.782423450983988467e-01
9.700000000000000000e+01 2.810433575843157561e-01
9.900000000000000000e+01 2.838793304931200856e-01
1.010000000000000000e+02 2.867526707355351201e-01
1.030000000000000000e+02 2.896574655298871370e-01
1.050000000000000000e+02 2.925983267768172968e-01
1.070000000000000000e+02 2.955790838244748420e-01
1.090000000000000000e+02 2.986021350895822213e-01
1.110000000000000000e+02 3.016621333562043983e-01
1.130000000000000000e+02 3.047618941116055913e-01
1.150000000000000000e+02 3.079044724542945310e-01
1.170000000000000000e+02 3.110993048923361703e-01
1.190000000000000000e+02 3.143484193268101246e-01
1.210000000000000000e+02 3.176555158285402358e-01
1.230000000000000000e+02 3.210388864901636552e-01
1.250000000000000000e+02 3.245038263918879062e-01
1.270000000000000000e+02 3.280513092174117684e-01
1.290000000000000000e+02 3.316709607405579074e-01
1.310000000000000000e+02 3.353616677274984248e-01
1.330000000000000000e+02 3.391251890752313702e-01
1.350000000000000000e+02 3.429597056897113472e-01
1.370000000000000000e+02 3.468716409401161327e-01
1.390000000000000000e+02 3.508559426460666764e-01
1.410000000000000000e+02 3.549077297605104375e-01
1.430000000000000000e+02 3.590194005474183214e-01
1.450000000000000000e+02 3.631869556972556756e-01
1.470000000000000000e+02 3.674045264821503842e-01
1.490000000000000000e+02 3.716651252661807847e-01
