1.000000000000000000e+00 3.940401428395023942e-04
3.000000000000000000e+00 4.093877410483726109e-04
5.000000000000000000e+00 4.184388073205091985e-04
7.000000000000000000e+00 4.257429386611555344e-04
9.000000000000000000e+00 4.373450225685360238e-04
1.100000000000000000e+01 4.496398470459350705e-04
1.300000000000000000e+01 4.621452484292465357e-04
1.500000000000000000e+01 4.752906066570750099e-04
1.700000000000000000e+01 4.874849022523664033e-04
1.900000000000000000e+01 4.971271117788500504e-04
2.100000000000000000e+01 5.044886076797094887e-04
2.300000000000000000e+01 5.103863589982493565e-04
2.500000000000000000e+01 5.152567186262890786e-04
2.700000000000000000e+01 5.191696323212369180e-04
2.900000000000000000e+01 5.221831220534323137e-04
3.100000000000000000e+01 5.242985472970751459e-04
3.300000000000000000e+01 5.255939419203103924e-04
3.500000000000000000e+01 5.263410119914491148e-04
3.700000000000000000e+01 5.267762958031108056e-04
3.900000000000000000e+01 5.270577475758875252e-04
4.100000000000000000e+01 5.270549651543721126e-04
4.300000000000000000e+01 5.268449099281591330e-04
4.500000000000000000e+01 5.267906233068497812e-04
4.700000000000000000e+01 5.273842546563711764e-04
4.900000000000000000e+01 5.289468898553861820e-04
5.100000000000000000e+01 5.316628758041952452e-04
5.300000000000000000e+01 5.355188469089444681e-04
5.500000000000000000e+01 5.403908796614009802e-04
5.700000000000000000e+01 5.460508366662564228e-04
5.900000000000000000e+01 5.522413914584856087e-04
6.100000000000000000e+01 5.587213453510653238e-04
6.300000000000000000e+01 5.652942682888850712e-04
6.500000000000000000e+01 5.719238362098533202e-04
6.700000000000000000e+01 5.786147576840594553e-04
6.900000000000000000e+01 5.853340954325991774e-04
7.100000000000000000e+01 5.919907357706533091e-04
7.300000000000000000e+01 5.984642240024484749e-04
7.500000000000000000e+01 6.046885887733832732e-04
7.700000000000000000e+01 6.106560572204378090e-04
7.900000000000000000e+01 6.164886176249773087e-04
8.100000000000000000e+01 6.223148871026262796e-04
8.300000000000000000e+01 6.281729051373918793e-04
8.500000000000000000e+01 6.340797898221062212e-04
8.700000000000000000e+01 6.400153585010004420e-04
8.900000000000000000e+01 6.459505813601884583e-04
9.100000000000000000e+01 6.518528123466982294e-04
9.300000000000000000e+01 6.576959710390406499e-04
9.500000000000000000e+01 6.634337496028708259e-04
9.700000000000000000e+01 6.690453128418427653e-04
9.900000000000000000e+01 6.745453688977720574e-04
1.010000000000000000e+02 6.799528186615111380e-04
1.030000000000000000e+02 6.852766093201623221e-04
1.050000000000000000e+02 6.905352098526273963e-04
1.070000000000000000e+02 6.957446941114886485e-04
1.090000000000000000e+02 7.009287255380636239e-04
1.110000000000000000e+02 7.061102248226980294e-04
1.130000000000000000e+02 7.113117974378857511e-04
1.150000000000000000e+02 7.165411391100162675e-04
1.170000000000000000e+02 7.218131070522160186e-04
1.190000000000000000e+02 7.271258321985829554e-04
1.210000000000000000e+02 7.325077971026550117e-04
1.230000000000000000e+02 7.379785597902976946e-04
1.250000000000000000e+02 7.435462734610709390e-04
1.270000000000000000e+02 7.492277155305426817e-04
1.290000000000000000e+02 7.550435904627450512e-04
1.310000000000000000e+02 7.610206965457111394e-04
1.330000000000000000e+02 7.670792707702434043e-04
1.350000000000000000e+02 7.732391233226110216e-04
1.370000000000000000e+02 7.795053027505050025e-04
1.390000000000000000e+02 7.859963835645800145e-04
1.410000000000000000e+02 7.927100079212490158e-04
1.430000000000000000e+02 7.996490126834787660e-04
1.450000000000000000e+02 8.068286245442868321e-04
1.470000000000000000e+02 8.142633121004383412e-04
1.490000000000000000e+02 8.219615472677688217e-04
