0.000000000000000000e+00 3.591077321832830904e+01 3.517309850805244764e+01 nan nan nan
1.000000000000000000e+00 3.591077321832830194e+01 3.517446214441622487e+01 nan nan nan
2.000000000000000000e+00 3.591077321832830904e+01 3.517582578078000921e+01 nan nan nan
3.000000000000000000e+00 3.591077321832830194e+01 3.517718941714378644e+01 nan nan nan
4.000000000000000000e+00 3.591077321832830904e+01 3.517855305350757078e+01 nan nan nan
5.000000000000000000e+00 3.591077321832830904e+01 3.517991668987135512e+01 nan nan nan
6.000000000000000000e+00 3.591077321832830904e+01 3.518128032623513946e+01 nan nan nan
7.000000000000000000e+00 3.591077321832830194e+01 3.518264396259891669e+01 nan nan nan
8.000000000000000000e+00 3.591077321832830904e+01 3.518400759896270102e+01 nan nan nan
9.000000000000000000e+00 3.591077321832830194e+01 3.518537123532648536e+01 nan nan nan
1.000000000000000000e+01 3.591077321832830904e+01 3.518673487169026259e+01 nan nan nan
1.100000000000000000e+01 3.591077321832830194e+01 3.518809850805403983e+01 nan nan nan
1.200000000000000000e+01 3.591077321832830194e+01 3.518946214441782416e+01 nan nan nan
1.300000000000000000e+01 3.591077321832830904e+01 3.519082578078160140e+01 nan nan nan
1.400000000000000000e+01 3.591077321832830194e+01 3.519218941714539284e+01 nan nan nan
1.500000000000000000e+01 3.591077321832830904e+01 3.519355305350916296e+01 nan nan nan
1.600000000000000000e+01 3.591077321832830904e+01 3.519491668987294730e+01 nan nan nan
1.700000000000000000e+01 3.591077321832830904e+01 3.519628032623673164e+01 nan nan nan
1.800000000000000000e+01 3.591077321832830904e+01 3.519764396260049466e+01 nan 1.000000000000000000e+00 nan
1.900000000000000000e+01 3.591077321832830904e+01 3.519900759896427900e+01 nan 1.000000000000000000e+00 nan
2.000000000000000000e+01 3.591077321832830194e+01 3.520037123532806334e+01 nan 1.000000000000000000e+00 nan
2.100000000000000000e+01 3.591077321832830904e+01 3.520173487169186188e+01 nan 1.000000000000000000e+00 nan
2.200000000000000000e+01 3.591077321832830904e+01 3.520309850805563201e+01 nan 1.000000000000000000e+00 nan
2.300000000000000000e+01 3.591077321832830194e+01 3.520446214441940214e+01 nan 1.000000000000000000e+00 nan
2.400000000000000000e+01 3.591077321832830194e+01 3.520582578078318647e+01 nan 1.000000000000000000e+00 nan
2.500000000000000000e+01 3.591077321832830194e+01 3.520718941714697792e+01 nan 1.000000000000000000e+00 nan
2.600000000000000000e+01 3.591077321832830904e+01 3.520855305351075515e+01 nan 1.000000000000000000e+00 nan
2.700000000000000000e+01 3.591213685469192995e+01 3.517309850805244764e+01 nan nan nan
2.800000000000000000e+01 3.591213685469193706e+01 3.517446214441623198e+01 nan nan nan
2.900000000000000000e+01 3.591213685469192995e+01 3.517582578078000921e+01 nan nan nan
3.000000000000000000e+01 3.591213685469192995e+01 3.517718941714378644e+01 nan nan nan
3.100000000000000000e+01 3.591213685469192995e+01 3.517855305350757789e+01 1.000000000000000000e+00 nan nan
3.200000000000000000e+01 3.591213685469192995e+01 3.517991668987134801e+01 nan nan nan
3.300000000000000000e+01 3.591213685469193706e+01 3.518128032623512524e+01 nan nan nan
3.400000000000000000e+01 3.591213685469192995e+01 3.518264396259891669e+01 nan nan nan
3.500000000000000000e+01 3.591213685469192995e+01 3.518400759896270102e+01 nan nan nan
3.600000000000000000e+01 3.591213685469193706e+01 3.518537123532649247e+01 nan nan nan
3.700000000000000000e+01 3.591213685469193706e+01 3.518673487169024838e+01 nan nan nan
3.800000000000000000e+01 3.591213685469192995e+01 3.518809850805403272e+01 nan nan nan
3.900000000000000000e+01 3.591213685469192995e+01 3.518946214441782416e+01 nan nan nan
4.000000000000000000e+01 3.591213685469192995e+01 3.519082578078160140e+01 nan nan nan
4.100000000000000000e+01 3.591213685469192995e+01 3.519218941714538573e+01 nan nan nan
4.200000000000000000e+01 3.591213685469193706e+01 3.519355305350916296e+01 nan 1.000000000000000000e+00 nan
4.300000000000000000e+01 3.591213685469192995e+01 3.519491668987294730e+01 nan 1.000000000000000000e+00 nan
4.400000000000000000e+01 3.591213685469192995e+01 3.519628032623672453e+01 nan 1.000000000000000000e+00 nan
4.500000000000000000e+01 3.591213685469192995e+01 3.519764396260050177e+01 nan 1.000000000000000000e+00 nan
4.600000000000000000e+01 3.591213685469192995e+01 3.519900759896428610e+01 nan 1.000000000000000000e+00 nan
4.700000000000000000e+01 3.591213685469192995e+01 3.520037123532806334e+01 nan 1.000000000000000000e+00 nan
4.800000000000000000e+01 3.591213685469193706e+01 3.520173487169185478e+01 nan 1.000000000000000000e+00 nan
4.900000000000000000e+01 3.591213685469192995e+01 3.520309850805564622e+01 nan 1.000000000000000000e+00 nan
5.000000000000000000e+01 3.591213685469192995e+01 3.520446214441940214e+01 nan 1.000000000000000000e+00 nan
5.100000000000000000e+01 3.591213685469192995e+01 3.520582578078318647e+01 nan 1.000000000000000000e+00 nan
5.200000000000000000e+01 3.591213685469193706e+01 3.520718941714697792e+01 nan 1.000000000000000000e+00 nan
5.300000000000000000e+01 3.591213685469192995e+01 3.520855305351074804e+01 nan 1.000000000000000000e+00 nan
5.400000000000000000e+01 3.591350049105558639e+01 3.517309850805244764e+01 nan nan nan
5.500000000000000000e+01 3.591350049105557218e+01 3.517446214441622487e+01 nan nan nan
5.600000000000000000e+01 3.591350049105557218e+01 3.517582578078000921e+01 nan nan nan
5.700000000000000000e+01 3.591350049105557929e+01 3.517718941714378644e+01 nan nan nan
5.800000000000000000e+01 3.591350049105557218e+01 3.517855305350757078e+01 nan nan nan
5.900000000000000000e+01 3.591350049105557929e+01 3.517991668987135512e+01 nan nan nan
6.000000000000000000e+01 3.591350049105557218e+01 3.518128032623513946e+01 1.000000000000000000e+00 nan nan
6.100000000000000000e+01 3.591350049105557929e+01 3.518264396259891669e+01 nan nan nan
6.200000000000000000e+01 3.591350049105557929e+01 3.518400759896270102e+01 nan nan nan
6.300000000000000000e+01 3.591350049105557218e+01 3.518537123532648536e+01 nan nan nan
6.400000000000000000e+01 3.591350049105557929e+01 3.518673487169026259e+01 nan nan nan
6.500000000000000000e+01 3.591350049105557929e+01 3.518809850805403983e+01 1.000000000000000000e+00 nan nan
6.600000000000000000e+01 3.591350049105557218e+01 3.518946214441782416e+01 nan 1.000000000000000000e+00 nan
6.700000000000000000e+01 3.591350049105557218e+01 3.519082578078160140e+01 nan 1.000000000000000000e+00 nan
6.800000000000000000e+01 3.591350049105557218e+01 3.519218941714539284e+01 nan 1.000000000000000000e+00 nan
6.900000000000000000e+01 3.591350049105557929e+01 3.519355305350916296e+01 nan 1.000000000000000000e+00 nan
7.000000000000000000e+01 3.591350049105557218e+01 3.519491668987294730e+01 nan 1.000000000000000000e+00 nan
7.100000000000000000e+01 3.591350049105557218e+01 3.519628032623673164e+01 nan 1.000000000000000000e+00 nan
7.200000000000000000e+01 3.591350049105557929e+01 3.519764396260049466e+01 nan 1.000000000000000000e+00 nan
7.300000000000000000e+01 3.591350049105557218e+01 3.519900759896427900e+01 nan 1.000000000000000000e+00 nan
7.400000000000000000e+01 3.591350049105557929e+01 3.520037123532806334e+01 1.000000000000000000e+00 1.000000000000000000e+00 1.000000000000000000e+00
7.500000000000000000e+01 3.591350049105557218e+01 3.520173487169186188e+01 1.000000000000000000e+00 1.000000000000000000e+00 1.000000000000000000e+00
7.600000000000000000e+01 3.591350049105557929e+01 3.520309850805563201e+01 nan 1.000000000000000000e+00 nan
7.700000000000000000e+01 3.591350049105557218e+01 3.520446214441940214e+01 nan 1.000000000000000000e+00 nan
7.800000000000000000e+01 3.591350049105557218e+01 3.520582578078318647e+01 nan 1.000000000000000000e+00 nan
7.900000000000000000e+01 3.591350049105557218e+01 3.520718941714697792e+01 nan 1.000000000000000000e+00 nan
8.000000000000000000e+01 3.591350049105557218e+01 3.520855305351075515e+01 nan 1.000000000000000000e+00 nan
8.100000000000000000e+01 3.591486412741921441e+01 3.517309850805244764e+01 nan nan nan
8.200000000000000000e+01 3.591486412741921441e+01 3.517446214441622487e+01 1.000000000000000000e+00 nan nan
8.300000000000000000e+01 3.591486412741922152e+01 3.517582578078000921e+01 nan nan nan
8.400000000000000000e+01 3.591486412741922152e+01 3.517718941714378644e+01 1.000000000000000000e+00 nan nan
8.500000000000000000e+01 3.591486412741921441e+01 3.517855305350757078e+01 nan nan nan
8.600000000000000000e+01 3.591486412741922152e+01 3.517991668987135512e+01 1.000000000000000000e+00 nan nan
8.700000000000000000e+01 3.591486412741921441e+01 3.518128032623513946e+01 1.000000000000000000e+00 nan nan
8.800000000000000000e+01 3.591486412741922152e+01 3.518264396259891669e+01 nan nan nan
8.900000000000000000e+01 3.591486412741920731e+01 3.518400759896270102e+01 nan nan nan
9.000000000000000000e+01 3.591486412741922152e+01 3.518537123532648536e+01 nan 1.000000000000000000e+00 nan
9.100000000000000000e+01 3.591486412741922152e+01 3.518673487169026259e+01 nan 1.000000000000000000e+00 nan
9.200000000000000000e+01 3.591486412741922152e+01 3.518809850805403983e+01 1.000000000000000000e+00 1.000000000000000000e+00 1.000000000000000000e+00
9.300000000000000000e+01 3.591486412741922152e+01 3.518946214441782416e+01 nan 1.000000000000000000e+00 nan
9.400000000000000000e+01 3.591486412741922152e+01 3.519082578078160140e+01 nan 1.000000000000000000e+00 nan
9.500000000000000000e+01 3.591486412741921441e+01 3.519218941714539284e+01 nan 1.000000000000000000e+00 nan
9.600000000000000000e+01 3.591486412741922152e+01 3.519355305350916296e+01 1.000000000000000000e+00 1.000000000000000000e+00 1.000000000000000000e+00
9.700000000000000000e+01 3.591486412741921441e+01 3.519491668987294730e+01 nan 1.000000000000000000e+00 nan
9.800000000000000000e+01 3.591486412741921441e+01 3.519628032623673164e+01 nan 1.000000000000000000e+00 nan
9.900000000000000000e+01 3.591486412741921441e+01 3.519764396260049466e+01 nan 1.000000000000000000e+00 nan
1.000000000000000000e+02 3.591486412741921441e+01 3.519900759896427900e+01 nan 1.000000000000000000e+00 nan
1.010000000000000000e+02 3.591486412741921441e+01 3.520037123532806334e+01 nan 1.000000000000000000e+00 nan
1.020000000000000000e+02 3.591486412741922152e+01 3.520173487169186188e+01 nan 1.000000000000000000e+00 nan
1.030000000000000000e+02 3.591486412741920731e+01 3.520309850805563201e+01 nan 1.000000000000000000e+00 nan
1.040000000000000000e+02 3.591486412741922152e+01 3.520446214441940214e+01 nan 1.000000000000000000e+00 nan
1.050000000000000000e+02 3.591486412741922152e+01 3.520582578078318647e+01 nan 1.000000000000000000e+00 nan
1.060000000000000000e+02 3.591486412741921441e+01 3.520718941714697792e+01 nan 1.000000000000000000e+00 nan
1.070000000000000000e+02 3.591486412741921441e+01 3.520855305351075515e+01 nan 1.000000000000000000e+00 nan
1.080000000000000000e+02 3.591622776378284954e+01 3.517309850805244764e+01 1.000000000000000000e+00 nan nan
1.090000000000000000e+02 3.591622776378285664e+01 3.517446214441623198e+01 1.000000000000000000e+00 nan nan
1.100000000000000000e+02 3.591622776378284954e+01 3.517582578078000921e+01 1.000000000000000000e+00 nan nan
1.110000000000000000e+02 3.591622776378285664e+01 3.517718941714378644e+01 1.000000000000000000e+00 nan nan
1.120000000000000000e+02 3.591622776378285664e+01 3.517855305350757789e+01 1.000000000000000000e+00 nan nan
1.130000000000000000e+02 3.591622776378286375e+01 3.517991668987134801e+01 1.000000000000000000e+00 1.000000000000000000e+00 1.000000000000000000e+00
1.140000000000000000e+02 3.591622776378284954e+01 3.518128032623512524e+01 1.000000000000000000e+00 1.000000000000000000e+00 1.000000000000000000e+00
1.150000000000000000e+02 3.591622776378285664e+01 3.518264396259891669e+01 1.000000000000000000e+00 1.000000000000000000e+00 1.000000000000000000e+00
1.160000000000000000e+02 3.591622776378285664e+01 3.518400759896270102e+01 1.000000000000000000e+00 1.000000000000000000e+00 1.000000000000000000e+00
1.170000000000000000e+02 3.591622776378284954e+01 3.518537123532649247e+01 1.000000000000000000e+00 1.000000000000000000e+00 1.000000000000000000e+00
1.180000000000000000e+02 3.591622776378285664e+01 3.518673487169024838e+01 1.000000000000000000e+00 1.000000000000000000e+00 1.000000000000000000e+00
1.190000000000000000e+02 3.591622776378284954e+01 3.518809850805403272e+01 nan 1.000000000000000000e+00 nan
1.200000000000000000e+02 3.591622776378284954e+01 3.518946214441782416e+01 1.000000000000000000e+00 1.000000000000000000e+00 1.000000000000000000e+00
1.210000000000000000e+02 3.591622776378284954e+01 3.519082578078160140e+01 nan 1.000000000000000000e+00 nan
1.220000000000000000e+02 3.591622776378285664e+01 3.519218941714538573e+01 nan 1.000000000000000000e+00 nan
1.230000000000000000e+02 3.591622776378285664e+01 3.519355305350916296e+01 nan 1.000000000000000000e+00 nan
1.240000000000000000e+02 3.591622776378284954e+01 3.519491668987294730e+01 1.000000000000000000e+00 1.000000000000000000e+00 1.000000000000000000e+00
1.250000000000000000e+02 3.591622776378285664e+01 3.519628032623672453e+01 nan 1.000000000000000000e+00 nan
1.260000000000000000e+02 3.591622776378285664e+01 3.519764396260050177e+01 1.000000000000000000e+00 1.000000000000000000e+00 1.000000000000000000e+00
1.270000000000000000e+02 3.591622776378286375e+01 3.519900759896428610e+01 nan 1.000000000000000000e+00 nan
1.280000000000000000e+02 3.591622776378285664e+01 3.520037123532806334e+01 nan 1.000000000000000000e+00 nan
1.290000000000000000e+02 3.591622776378285664e+01 3.520173487169185478e+01 nan 1.000000000000000000e+00 nan
1.300000000000000000e+02 3.591622776378285664e+01 3.520309850805564622e+01 nan 1.000000000000000000e+00 nan
1.310000000000000000e+02 3.591622776378285664e+01 3.520446214441940214e+01 nan 1.000000000000000000e+00 nan
1.320000000000000000e+02 3.591622776378286375e+01 3.520582578078318647e+01 nan 1.000000000000000000e+00 nan
1.330000000000000000e+02 3.591622776378285664e+01 3.520718941714697792e+01 nan 1.000000000000000000e+00 nan
1.340000000000000000e+02 3.591622776378284954e+01 3.520855305351074804e+01 nan 1.000000000000000000e+00 nan
1.350000000000000000e+02 3.591759140014649176e+01 3.517309850805244764e+01 1.000000000000000000e+00 nan nan
1.360000000000000000e+02 3.591759140014649176e+01 3.517446214441623198e+01 1.000000000000000000e+00 nan nan
1.370000000000000000e+02 3.591759140014649176e+01 3.517582578078000921e+01 1.000000000000000000e+00 nan nan
1.380000000000000000e+02 3.591759140014649176e+01 3.517718941714378644e+01 1.000000000000000000e+00 1.000000000000000000e+00 1.000000000000000000e+00
1.390000000000000000e+02 3.591759140014648466e+01 3.517855305350757789e+01 1.000000000000000000e+00 1.000000000000000000e+00 1.000000000000000000e+00
1.400000000000000000e+02 3.591759140014649176e+01 3.517991668987134801e+01 1.000000000000000000e+00 1.000000000000000000e+00 1.000000000000000000e+00
1.410000000000000000e+02 3.591759140014648466e+01 3.518128032623512524e+01 1.000000000000000000e+00 1.000000000000000000e+00 1.000000000000000000e+00
1.420000000000000000e+02 3.591759140014648466e+01 3.518264396259891669e+01 1.000000000000000000e+00 1.000000000000000000e+00 1.000000000000000000e+00
1.430000000000000000e+02 3.591759140014649176e+01 3.518400759896270102e+01 1.000000000000000000e+00 1.000000000000000000e+00 1.000000000000000000e+00
1.440000000000000000e+02 3.591759140014649176e+01 3.518537123532649247e+01 1.000000000000000000e+00 1.000000000000000000e+00 1.000000000000000000e+00
1.450000000000000000e+02 3.591759140014648466e+01 3.518673487169024838e+01 1.000000000000000000e+00 1.000000000000000000e+00 1.000000000000000000e+00
1.460000000000000000e+02 3.591759140014648466e+01 3.518809850805403272e+01 1.000000000000000000e+00 1.000000000000000000e+00 1.000000000000000000e+00
1.470000000000000000e+02 3.591759140014647755e+01 3.518946214441782416e+01 nan 1.000000000000000000e+00 nan
1.480000000000000000e+02 3.591759140014647755e+01 3.519082578078160140e+01 1.000000000000000000e+00 1.000000000000000000e+00 1.000000000000000000e+00
1.490000000000000000e+02 3.591759140014649176e+01 3.519218941714538573e+01 nan 1.000000000000000000e+00 nan
1.500000000000000000e+02 3.591759140014649176e+01 3.519355305350916296e+01 1.000000000000000000e+00 1.000000000000000000e+00 1.000000000000000000e+00
1.510000000000000000e+02 3.591759140014649176e+01 3.519491668987294730e+01 nan 1.000000000000000000e+00 nan
1.520000000000000000e+02 3.591759140014649176e+01 3.519628032623672453e+01 1.000000000000000000e+00 1.000000000000000000e+00 1.000000000000000000e+00
1.530000000000000000e+02 3.591759140014648466e+01 3.519764396260050177e+01 nan 1.000000000000000000e+00 nan
1.540000000000000000e+02 3.591759140014649176e+01 3.519900759896428610e+01 nan 1.000000000000000000e+00 nan
1.550000000000000000e+02 3.591759140014649176e+01 3.520037123532806334e+01 nan 1.000000000000000000e+00 nan
1.560000000000000000e+02 3.591759140014648466e+01 3.520173487169185478e+01 nan 1.000000000000000000e+00 nan
1.570000000000000000e+02 3.591759140014648466e+01 3.520309850805564622e+01 nan 1.000000000000000000e+00 nan
1.580000000000000000e+02 3.591759140014648466e+01 3.520446214441940214e+01 nan 1.000000000000000000e+00 nan
1.590000000000000000e+02 3.591759140014649176e+01 3.520582578078318647e+01 nan 1.000000000000000000e+00 nan
1.600000000000000000e+02 3.591759140014649176e+01 3.520718941714697792e+01 nan 1.000000000000000000e+00 nan
1.610000000000000000e+02 3.591759140014648466e+01 3.520855305351074804e+01 nan 1.000000000000000000e+00 nan
1.620000000000000000e+02 3.591895503651011978e+01 3.517309850805244764e+01 nan nan nan
1.630000000000000000e+02 3.591895503651011978e+01 3.517446214441622487e+01 1.000000000000000000e+00 1.000000000000000000e+00 1.000000000000000000e+00
1.640000000000000000e+02 3.591895503651011978e+01 3.517582578078000921e+01 1.000000000000000000e+00 1.000000000000000000e+00 1.000000000000000000e+00
1.650000000000000000e+02 3.591895503651011978e+01 3.517718941714378644e+01 1.000000000000000000e+00 1.000000000000000000e+00 1.000000000000000000e+00
1.660000000000000000e+02 3.591895503651011978e+01 3.517855305350757078e+01 1.000000000000000000e+00 1.000000000000000000e+00 1.000000000000000000e+00
1.670000000000000000e+02 3.591895503651011268e+01 3.517991668987135512e+01 1.000000000000000000e+00 1.000000000000000000e+00 1.000000000000000000e+00
1.680000000000000000e+02 3.591895503651011978e+01 3.518128032623513946e+01 1.000000000000000000e+00 1.000000000000000000e+00 1.000000000000000000e+00
1.690000000000000000e+02 3.591895503651011978e+01 3.518264396259891669e+01 1.000000000000000000e+00 1.000000000000000000e+00 1.000000000000000000e+00
1.700000000000000000e+02 3.591895503651011978e+01 3.518400759896270102e+01 1.000000000000000000e+00 1.000000000000000000e+00 1.000000000000000000e+00
1.710000000000000000e+02 3.591895503651011978e+01 3.518537123532648536e+01 1.000000000000000000e+00 1.000000000000000000e+00 1.000000000000000000e+00
1.720000000000000000e+02 3.591895503651011978e+01 3.518673487169026259e+01 1.000000000000000000e+00 1.000000000000000000e+00 1.000000000000000000e+00
1.730000000000000000e+02 3.591895503651011978e+01 3.518809850805403983e+01 1.000000000000000000e+00 1.000000000000000000e+00 1.000000000000000000e+00
1.740000000000000000e+02 3.591895503651011978e+01 3.518946214441782416e+01 1.000000000000000000e+00 1.000000000000000000e+00 1.000000000000000000e+00
1.750000000000000000e+02 3.591895503651011978e+01 3.519082578078160140e+01 1.000000000000000000e+00 1.000000000000000000e+00 1.000000000000000000e+00
1.760000000000000000e+02 3.591895503651011978e+01 3.519218941714539284e+01 1.000000000000000000e+00 1.000000000000000000e+00 1.000000000000000000e+00
1.770000000000000000e+02 3.591895503651011978e+01 3.519355305350916296e+01 nan 1.000000000000000000e+00 nan
1.780000000000000000e+02 3.591895503651011978e+01 3.519491668987294730e+01 nan 1.000000000000000000e+00 nan
1.790000000000000000e+02 3.591895503651011978e+01 3.519628032623673164e+01 1.000000000000000000e+00 1.000000000000000000e+00 1.000000000000000000e+00
1.800000000000000000e+02 3.591895503651011978e+01 3.519764396260049466e+01 nan 1.000000000000000000e+00 nan
1.810000000000000000e+02 3.591895503651011978e+01 3.519900759896427900e+01 nan 1.000000000000000000e+00 nan
1.820000000000000000e+02 3.591895503651011978e+01 3.520037123532806334e+01 nan 1.000000000000000000e+00 nan
1.830000000000000000e+02 3.591895503651011978e+01 3.520173487169186188e+01 nan 1.000000000000000000e+00 nan
1.840000000000000000e+02 3.591895503651011978e+01 3.520309850805563201e+01 nan 1.000000000000000000e+00 nan
1.850000000000000000e+02 3.591895503651011978e+01 3.520446214441940214e+01 nan 1.000000000000000000e+00 nan
1.860000000000000000e+02 3.591895503651011978e+01 3.520582578078318647e+01 nan 1.000000000000000000e+00 nan
1.870000000000000000e+02 3.591895503651011978e+01 3.520718941714697792e+01 nan 1.000000000000000000e+00 nan
1.880000000000000000e+02 3.591895503651011978e+01 3.520855305351075515e+01 nan 1.000000000000000000e+00 nan
1.890000000000000000e+02 3.592031867287374780e+01 3.517309850805244764e+01 nan nan nan
1.900000000000000000e+02 3.592031867287375491e+01 3.517446214441623198e+01 1.000000000000000000e+00 1.000000000000000000e+00 1.000000000000000000e+00
1.910000000000000000e+02 3.592031867287374780e+01 3.517582578078000921e+01 1.000000000000000000e+00 1.000000000000000000e+00 1.000000000000000000e+00
1.920000000000000000e+02 3.592031867287375491e+01 3.517718941714378644e+01 1.000000000000000000e+00 1.000000000000000000e+00 1.000000000000000000e+00
1.930000000000000000e+02 3.592031867287375491e+01 3.517855305350757789e+01 1.000000000000000000e+00 1.000000000000000000e+00 1.000000000000000000e+00
1.940000000000000000e+02 3.592031867287375491e+01 3.517991668987134801e+01 1.000000000000000000e+00 1.000000000000000000e+00 1.000000000000000000e+00
1.950000000000000000e+02 3.592031867287375491e+01 3.518128032623512524e+01 1.000000000000000000e+00 1.000000000000000000e+00 1.000000000000000000e+00
1.960000000000000000e+02 3.592031867287374780e+01 3.518264396259891669e+01 1.000000000000000000e+00 1.000000000000000000e+00 1.000000000000000000e+00
1.970000000000000000e+02 3.592031867287376201e+01 3.518400759896270102e+01 1.000000000000000000e+00 1.000000000000000000e+00 1.000000000000000000e+00
1.980000000000000000e+02 3.592031867287374780e+01 3.518537123532649247e+01 1.000000000000000000e+00 1.000000000000000000e+00 1.000000000000000000e+00
1.990000000000000000e+02 3.592031867287375491e+01 3.518673487169024838e+01 1.000000000000000000e+00 1.000000000000000000e+00 1.000000000000000000e+00
2.000000000000000000e+02 3.592031867287375491e+01 3.518809850805403272e+01 1.000000000000000000e+00 1.000000000000000000e+00 1.000000000000000000e+00
2.010000000000000000e+02 3.592031867287374780e+01 3.518946214441782416e+01 1.000000000000000000e+00 1.000000000000000000e+00 1.000000000000000000e+00
2.020000000000000000e+02 3.592031867287376201e+01 3.519082578078160140e+01 1.000000000000000000e+00 1.000000000000000000e+00 1.000000000000000000e+00
2.030000000000000000e+02 3.592031867287375491e+01 3.519218941714538573e+01 1.000000000000000000e+00 1.000000000000000000e+00 1.000000000000000000e+00
2.040000000000000000e+02 3.592031867287374780e+01 3.519355305350916296e+01 1.000000000000000000e+00 1.000000000000000000e+00 1.000000000000000000e+00
2.050000000000000000e+02 3.592031867287375491e+01 3.519491668987294730e+01 1.000000000000000000e+00 1.000000000000000000e+00 1.000000000000000000e+00
2.060000000000000000e+02 3.592031867287374780e+01 3.519628032623672453e+01 nan 1.000000000000000000e+00 nan
2.070000000000000000e+02 3.592031867287374780e+01 3.519764396260050177e+01 nan 1.000000000000000000e+00 nan
2.080000000000000000e+02 3.592031867287376201e+01 3.519900759896428610e+01 nan 1.000000000000000000e+00 nan
2.090000000000000000e+02 3.592031867287375491e+01 3.520037123532806334e+01 1.000000000000000000e+00 1.000000000000000000e+00 1.000000000000000000e+00
2.100000000000000000e+02 3.592031867287376201e+01 3.520173487169185478e+01 nan 1.000000000000000000e+00 nan
2.110000000000000000e+02 3.592031867287375491e+01 3.520309850805564622e+01 1.000000000000000000e+00 1.000000000000000000e+00 1.000000000000000000e+00
2.120000000000000000e+02 3.592031867287375491e+01 3.520446214441940214e+01 nan 1.000000000000000000e+00 nan
2.130000000000000000e+02 3.592031867287374780e+01 3.520582578078318647e+01 1.000000000000000000e+00 1.000000000000000000e+00 1.000000000000000000e+00
2.140000000000000000e+02 3.592031867287375491e+01 3.520718941714697792e+01 nan 1.000000000000000000e+00 nan
2.150000000000000000e+02 3.592031867287374780e+01 3.520855305351074804e+01 nan 1.000000000000000000e+00 nan
2.160000000000000000e+02 3.592168230923739713e+01 3.517309850805244764e+01 nan 1.000000000000000000e+00 nan
2.170000000000000000e+02 3.592168230923740424e+01 3.517446214441622487e+01 nan 1.000000000000000000e+00 nan
2.180000000000000000e+02 3.592168230923739713e+01 3.517582578078000211e+01 1.000000000000000000e+00 1.000000000000000000e+00 1.000000000000000000e+00
2.190000000000000000e+02 3.592168230923739713e+01 3.517718941714378644e+01 1.000000000000000000e+00 1.000000000000000000e+00 1.000000000000000000e+00
2.200000000000000000e+02 3.592168230923739713e+01 3.517855305350757078e+01 1.000000000000000000e+00 1.000000000000000000e+00 1.000000000000000000e+00
2.210000000000000000e+02 3.592168230923739713e+01 3.517991668987135512e+01 1.000000000000000000e+00 1.000000000000000000e+00 1.000000000000000000e+00
2.220000000000000000e+02 3.592168230923739713e+01 3.518128032623513235e+01 1.000000000000000000e+00 1.000000000000000000e+00 1.000000000000000000e+00
2.230000000000000000e+02 3.592168230923739713e+01 3.518264396259891669e+01 nan 1.000000000000000000e+00 nan
2.240000000000000000e+02 3.592168230923739713e+01 3.518400759896270102e+01 1.000000000000000000e+00 1.000000000000000000e+00 1.000000000000000000e+00
2.250000000000000000e+02 3.592168230923740424e+01 3.518537123532648536e+01 1.000000000000000000e+00 1.000000000000000000e+00 1.000000000000000000e+00
2.260000000000000000e+02 3.592168230923740424e+01 3.518673487169026259e+01 1.000000000000000000e+00 1.000000000000000000e+00 1.000000000000000000e+00
2.270000000000000000e+02 3.592168230923739713e+01 3.518809850805403983e+01 1.000000000000000000e+00 1.000000000000000000e+00 1.000000000000000000e+00
2.280000000000000000e+02 3.592168230923739713e+01 3.518946214441782416e+01 1.000000000000000000e+00 1.000000000000000000e+00 1.000000000000000000e+00
2.290000000000000000e+02 3.592168230923740424e+01 3.519082578078160850e+01 1.000000000000000000e+00 1.000000000000000000e+00 1.000000000000000000e+00
2.300000000000000000e+02 3.592168230923740424e+01 3.519218941714538573e+01 1.000000000000000000e+00 1.000000000000000000e+00 1.000000000000000000e+00
2.310000000000000000e+02 3.592168230923739713e+01 3.519355305350916296e+01 1.000000000000000000e+00 1.000000000000000000e+00 1.000000000000000000e+00
2.320000000000000000e+02 3.592168230923739713e+01 3.519491668987294730e+01 1.000000000000000000e+00 1.000000000000000000e+00 1.000000000000000000e+00
2.330000000000000000e+02 3.592168230923739713e+01 3.519628032623672453e+01 1.000000000000000000e+00 1.000000000000000000e+00 1.000000000000000000e+00
2.340000000000000000e+02 3.592168230923740424e+01 3.519764396260049466e+01 1.000000000000000000e+00 1.000000000000000000e+00 1.000000000000000000e+00
2.350000000000000000e+02 3.592168230923739003e+01 3.519900759896428610e+01 nan 1.000000000000000000e+00 nan
2.360000000000000000e+02 3.592168230923739713e+01 3.520037123532807044e+01 nan 1.000000000000000000e+00 nan
2.370000000000000000e+02 3.592168230923739713e+01 3.520173487169185478e+01 1.000000000000000000e+00 1.000000000000000000e+00 1.000000000000000000e+00
2.380000000000000000e+02 3.592168230923739713e+01 3.520309850805564622e+01 nan 1.000000000000000000e+00 nan
2.390000000000000000e+02 3.592168230923739713e+01 3.520446214441939503e+01 nan 1.000000000000000000e+00 nan
2.400000000000000000e+02 3.592168230923739713e+01 3.520582578078319358e+01 nan 1.000000000000000000e+00 nan
2.410000000000000000e+02 3.592168230923739713e+01 3.520718941714697792e+01 nan 1.000000000000000000e+00 nan
2.420000000000000000e+02 3.592168230923739713e+01 3.520855305351075515e+01 nan 1.000000000000000000e+00 nan
2.430000000000000000e+02 3.592304594560103226e+01 3.517309850805244764e+01 nan 1.000000000000000000e+00 nan
2.440000000000000000e+02 3.592304594560103226e+01 3.517446214441623198e+01 nan 1.000000000000000000e+00 nan
2.450000000000000000e+02 3.592304594560101805e+01 3.517582578078000921e+01 1.000000000000000000e+00 1.000000000000000000e+00 1.000000000000000000e+00
2.460000000000000000e+02 3.592304594560103226e+01 3.517718941714378644e+01 nan 1.000000000000000000e+00 nan
2.470000000000000000e+02 3.592304594560103226e+01 3.517855305350757789e+01 1.000000000000000000e+00 1.000000000000000000e+00 1.000000000000000000e+00
2.480000000000000000e+02 3.592304594560103226e+01 3.517991668987134801e+01 1.000000000000000000e+00 1.000000000000000000e+00 1.000000000000000000e+00
2.490000000000000000e+02 3.592304594560103226e+01 3.518128032623512524e+01 1.000000000000000000e+00 1.000000000000000000e+00 1.000000000000000000e+00
2.500000000000000000e+02 3.592304594560103226e+01 3.518264396259891669e+01 nan 1.000000000000000000e+00 nan
2.510000000000000000e+02 3.592304594560103226e+01 3.518400759896270102e+01 1.000000000000000000e+00 1.000000000000000000e+00 1.000000000000000000e+00
2.520000000000000000e+02 3.592304594560103226e+01 3.518537123532649247e+01 1.000000000000000000e+00 1.000000000000000000e+00 1.000000000000000000e+00
2.530000000000000000e+02 3.592304594560103226e+01 3.518673487169024838e+01 1.000000000000000000e+00 1.000000000000000000e+00 1.000000000000000000e+00
2.540000000000000000e+02 3.592304594560103226e+01 3.518809850805403272e+01 1.000000000000000000e+00 1.000000000000000000e+00 1.000000000000000000e+00
2.550000000000000000e+02 3.592304594560103226e+01 3.518946214441782416e+01 1.000000000000000000e+00 1.000000000000000000e+00 1.000000000000000000e+00
2.560000000000000000e+02 3.592304594560101805e+01 3.519082578078160140e+01 nan 1.000000000000000000e+00 nan
2.570000000000000000e+02 3.592304594560103226e+01 3.519218941714538573e+01 1.000000000000000000e+00 1.000000000000000000e+00 1.000000000000000000e+00
2.580000000000000000e+02 3.592304594560102515e+01 3.519355305350916296e+01 1.000000000000000000e+00 1.000000000000000000e+00 1.000000000000000000e+00
2.590000000000000000e+02 3.592304594560103226e+01 3.519491668987294730e+01 1.000000000000000000e+00 1.000000000000000000e+00 1.000000000000000000e+00
2.600000000000000000e+02 3.592304594560103226e+01 3.519628032623672453e+01 1.000000000000000000e+00 1.000000000000000000e+00 1.000000000000000000e+00
2.610000000000000000e+02 3.592304594560103226e+01 3.519764396260050177e+01 1.000000000000000000e+00 1.000000000000000000e+00 1.000000000000000000e+00
2.620000000000000000e+02 3.592304594560102515e+01 3.519900759896428610e+01 1.000000000000000000e+00 1.000000000000000000e+00 1.000000000000000000e+00
2.630000000000000000e+02 3.592304594560103226e+01 3.520037123532806334e+01 nan 1.000000000000000000e+00 nan
2.640000000000000000e+02 3.592304594560103226e+01 3.520173487169185478e+01 nan 1.000000000000000000e+00 nan
2.650000000000000000e+02 3.592304594560102515e+01 3.520309850805564622e+01 1.000000000000000000e+00 1.000000000000000000e+00 1.000000000000000000e+00
2.660000000000000000e+02 3.592304594560103226e+01 3.520446214441940214e+01 1.000000000000000000e+00 1.000000000000000000e+00 1.000000000000000000e+00
2.670000000000000000e+02 3.592304594560102515e+01 3.520582578078318647e+01 nan 1.000000000000000000e+00 nan
2.680000000000000000e+02 3.592304594560103226e+01 3.520718941714697792e+01 nan 1.000000000000000000e+00 nan
2.690000000000000000e+02 3.592304594560103226e+01 3.520855305351074804e+01 nan 1.000000000000000000e+00 nan
2.700000000000000000e+02 3.592440958196467449e+01 3.517309850805244764e+01 nan nan nan
2.710000000000000000e+02 3.592440958196466738e+01 3.517446214441622487e+01 nan nan nan
2.720000000000000000e+02 3.592440958196466738e+01 3.517582578078000211e+01 nan 1.000000000000000000e+00 nan
2.730000000000000000e+02 3.592440958196466738e+01 3.517718941714378644e+01 1.000000000000000000e+00 1.000000000000000000e+00 1.000000000000000000e+00
2.740000000000000000e+02 3.592440958196466738e+01 3.517855305350757789e+01 nan 1.000000000000000000e+00 nan
2.750000000000000000e+02 3.592440958196466738e+01 3.517991668987135512e+01 nan 1.000000000000000000e+00 nan
2.760000000000000000e+02 3.592440958196467449e+01 3.518128032623512524e+01 nan 1.000000000000000000e+00 nan
2.770000000000000000e+02 3.592440958196466738e+01 3.518264396259890958e+01 nan 1.000000000000000000e+00 nan
2.780000000000000000e+02 3.592440958196466738e+01 3.518400759896270102e+01 nan 1.000000000000000000e+00 nan
2.790000000000000000e+02 3.592440958196467449e+01 3.518537123532648536e+01 1.000000000000000000e+00 1.000000000000000000e+00 1.000000000000000000e+00
2.800000000000000000e+02 3.592440958196466028e+01 3.518673487169026259e+01 1.000000000000000000e+00 1.000000000000000000e+00 1.000000000000000000e+00
2.810000000000000000e+02 3.592440958196466738e+01 3.518809850805403272e+01 1.000000000000000000e+00 1.000000000000000000e+00 1.000000000000000000e+00
2.820000000000000000e+02 3.592440958196466738e+01 3.518946214441782416e+01 1.000000000000000000e+00 1.000000000000000000e+00 1.000000000000000000e+00
2.830000000000000000e+02 3.592440958196466738e+01 3.519082578078160140e+01 1.000000000000000000e+00 1.000000000000000000e+00 1.000000000000000000e+00
2.840000000000000000e+02 3.592440958196466738e+01 3.519218941714538573e+01 1.000000000000000000e+00 1.000000000000000000e+00 1.000000000000000000e+00
2.850000000000000000e+02 3.592440958196466738e+01 3.519355305350917007e+01 1.000000000000000000e+00 1.000000000000000000e+00 1.000000000000000000e+00
2.860000000000000000e+02 3.592440958196467449e+01 3.519491668987294730e+01 1.000000000000000000e+00 1.000000000000000000e+00 1.000000000000000000e+00
2.870000000000000000e+02 3.592440958196466738e+01 3.519628032623672453e+01 1.000000000000000000e+00 1.000000000000000000e+00 1.000000000000000000e+00
2.880000000000000000e+02 3.592440958196466738e+01 3.519764396260050177e+01 nan 1.000000000000000000e+00 nan
2.890000000000000000e+02 3.592440958196466738e+01 3.519900759896427900e+01 1.000000000000000000e+00 1.000000000000000000e+00 1.000000000000000000e+00
2.900000000000000000e+02 3.592440958196466738e+01 3.520037123532807044e+01 1.000000000000000000e+00 1.000000000000000000e+00 1.000000000000000000e+00
2.910000000000000000e+02 3.592440958196466738e+01 3.520173487169186188e+01 nan 1.000000000000000000e+00 nan
2.920000000000000000e+02 3.592440958196466738e+01 3.520309850805564622e+01 nan 1.000000000000000000e+00 nan
2.930000000000000000e+02 3.592440958196466738e+01 3.520446214441940214e+01 nan 1.000000000000000000e+00 nan
2.940000000000000000e+02 3.592440958196466028e+01 3.520582578078318647e+01 nan 1.000000000000000000e+00 nan
2.950000000000000000e+02 3.592440958196466738e+01 3.520718941714697792e+01 nan 1.000000000000000000e+00 nan
2.960000000000000000e+02 3.592440958196467449e+01 3.520855305351076225e+01 nan 1.000000000000000000e+00 nan
2.970000000000000000e+02 3.592577321832830251e+01 3.517309850805244764e+01 nan nan nan
2.980000000000000000e+02 3.592577321832829540e+01 3.517446214441622487e+01 nan nan nan
2.990000000000000000e+02 3.592577321832830251e+01 3.517582578078000211e+01 nan nan nan
3.000000000000000000e+02 3.592577321832830251e+01 3.517718941714378644e+01 nan nan nan
3.010000000000000000e+02 3.592577321832830251e+01 3.517855305350757789e+01 nan 1.000000000000000000e+00 nan
3.020000000000000000e+02 3.592577321832830251e+01 3.517991668987135512e+01 nan 1.000000000000000000e+00 nan
3.030000000000000000e+02 3.592577321832830251e+01 3.518128032623512524e+01 nan 1.000000000000000000e+00 nan
3.040000000000000000e+02 3.592577321832830251e+01 3.518264396259890958e+01 nan 1.000000000000000000e+00 nan
3.050000000000000000e+02 3.592577321832830251e+01 3.518400759896270102e+01 nan 1.000000000000000000e+00 nan
3.060000000000000000e+02 3.592577321832830251e+01 3.518537123532648536e+01 1.000000000000000000e+00 1.000000000000000000e+00 1.000000000000000000e+00
3.070000000000000000e+02 3.592577321832830251e+01 3.518673487169026259e+01 nan 1.000000000000000000e+00 nan
3.080000000000000000e+02 3.592577321832830251e+01 3.518809850805403272e+01 nan 1.000000000000000000e+00 nan
3.090000000000000000e+02 3.592577321832830251e+01 3.518946214441782416e+01 1.000000000000000000e+00 1.000000000000000000e+00 1.000000000000000000e+00
3.100000000000000000e+02 3.592577321832830251e+01 3.519082578078160140e+01 1.000000000000000000e+00 1.000000000000000000e+00 1.000000000000000000e+00
3.110000000000000000e+02 3.592577321832830251e+01 3.519218941714538573e+01 nan 1.000000000000000000e+00 nan
3.120000000000000000e+02 3.592577321832830251e+01 3.519355305350917007e+01 nan 1.000000000000000000e+00 nan
3.130000000000000000e+02 3.592577321832830251e+01 3.519491668987294730e+01 1.000000000000000000e+00 1.000000000000000000e+00 1.000000000000000000e+00
3.140000000000000000e+02 3.592577321832830251e+01 3.519628032623672453e+01 1.000000000000000000e+00 1.000000000000000000e+00 1.000000000000000000e+00
3.150000000000000000e+02 3.592577321832830251e+01 3.519764396260050177e+01 1.000000000000000000e+00 1.000000000000000000e+00 1.000000000000000000e+00
3.160000000000000000e+02 3.592577321832830251e+01 3.519900759896427900e+01 1.000000000000000000e+00 1.000000000000000000e+00 1.000000000000000000e+00
3.170000000000000000e+02 3.592577321832830251e+01 3.520037123532807044e+01 1.000000000000000000e+00 1.000000000000000000e+00 1.000000000000000000e+00
3.180000000000000000e+02 3.592577321832830251e+01 3.520173487169186188e+01 nan 1.000000000000000000e+00 nan
3.190000000000000000e+02 3.592577321832830251e+01 3.520309850805564622e+01 1.000000000000000000e+00 1.000000000000000000e+00 1.000000000000000000e+00
3.200000000000000000e+02 3.592577321832830251e+01 3.520446214441940214e+01 nan 1.000000000000000000e+00 nan
3.210000000000000000e+02 3.592577321832830251e+01 3.520582578078318647e+01 nan 1.000000000000000000e+00 nan
3.220000000000000000e+02 3.592577321832830251e+01 3.520718941714697792e+01 nan 1.000000000000000000e+00 nan
3.230000000000000000e+02 3.592577321832830251e+01 3.520855305351076225e+01 nan 1.000000000000000000e+00 nan
3.240000000000000000e+02 3.592713685469193763e+01 3.517309850805244764e+01 nan nan nan
3.250000000000000000e+02 3.592713685469193763e+01 3.517446214441622487e+01 nan nan nan
3.260000000000000000e+02 3.592713685469194473e+01 3.517582578078000211e+01 nan nan nan
3.270000000000000000e+02 3.592713685469193763e+01 3.517718941714378644e+01 nan nan nan
3.280000000000000000e+02 3.592713685469193763e+01 3.517855305350757789e+01 nan nan nan
3.290000000000000000e+02 3.592713685469193763e+01 3.517991668987135512e+01 nan 1.000000000000000000e+00 nan
3.300000000000000000e+02 3.592713685469193763e+01 3.518128032623512524e+01 nan 1.000000000000000000e+00 nan
3.310000000000000000e+02 3.592713685469193763e+01 3.518264396259890958e+01 nan 1.000000000000000000e+00 nan
3.320000000000000000e+02 3.592713685469193052e+01 3.518400759896270102e+01 nan 1.000000000000000000e+00 nan
3.330000000000000000e+02 3.592713685469194473e+01 3.518537123532648536e+01 nan 1.000000000000000000e+00 nan
3.340000000000000000e+02 3.592713685469193763e+01 3.518673487169026259e+01 1.000000000000000000e+00 1.000000000000000000e+00 1.000000000000000000e+00
3.350000000000000000e+02 3.592713685469193763e+01 3.518809850805403272e+01 1.000000000000000000e+00 1.000000000000000000e+00 1.000000000000000000e+00
3.360000000000000000e+02 3.592713685469193763e+01 3.518946214441782416e+01 nan 1.000000000000000000e+00 nan
3.370000000000000000e+02 3.592713685469193763e+01 3.519082578078160140e+01 nan 1.000000000000000000e+00 nan
3.380000000000000000e+02 3.592713685469194473e+01 3.519218941714538573e+01 1.000000000000000000e+00 1.000000000000000000e+00 1.000000000000000000e+00
3.390000000000000000e+02 3.592713685469193763e+01 3.519355305350917007e+01 nan 1.000000000000000000e+00 nan
3.400000000000000000e+02 3.592713685469193763e+01 3.519491668987294730e+01 nan 1.000000000000000000e+00 nan
3.410000000000000000e+02 3.592713685469193763e+01 3.519628032623672453e+01 1.000000000000000000e+00 1.000000000000000000e+00 1.000000000000000000e+00
3.420000000000000000e+02 3.592713685469193763e+01 3.519764396260050177e+01 1.000000000000000000e+00 1.000000000000000000e+00 1.000000000000000000e+00
3.430000000000000000e+02 3.592713685469193763e+01 3.519900759896427900e+01 1.000000000000000000e+00 1.000000000000000000e+00 1.000000000000000000e+00
3.440000000000000000e+02 3.592713685469193763e+01 3.520037123532807044e+01 nan 1.000000000000000000e+00 nan
3.450000000000000000e+02 3.592713685469193763e+01 3.520173487169186188e+01 nan 1.000000000000000000e+00 nan
3.460000000000000000e+02 3.592713685469193763e+01 3.520309850805564622e+01 1.000000000000000000e+00 1.000000000000000000e+00 1.000000000000000000e+00
3.470000000000000000e+02 3.592713685469193763e+01 3.520446214441940214e+01 nan 1.000000000000000000e+00 nan
3.480000000000000000e+02 3.592713685469193763e+01 3.520582578078318647e+01 nan 1.000000000000000000e+00 nan
3.490000000000000000e+02 3.592713685469193763e+01 3.520718941714697792e+01 nan 1.000000000000000000e+00 nan
3.500000000000000000e+02 3.592713685469193763e+01 3.520855305351076225e+01 nan 1.000000000000000000e+00 nan
3.510000000000000000e+02 3.592850049105558696e+01 3.517309850805244764e+01 nan nan nan
3.520000000000000000e+02 3.592850049105558696e+01 3.517446214441623198e+01 nan nan nan
3.530000000000000000e+02 3.592850049105557275e+01 3.517582578078000921e+01 nan nan nan
3.540000000000000000e+02 3.592850049105557986e+01 3.517718941714378644e+01 nan nan nan
3.550000000000000000e+02 3.592850049105557986e+01 3.517855305350757789e+01 nan nan nan
3.560000000000000000e+02 3.592850049105557275e+01 3.517991668987134801e+01 nan nan nan
3.570000000000000000e+02 3.592850049105557986e+01 3.518128032623512524e+01 nan 1.000000000000000000e+00 nan
3.580000000000000000e+02 3.592850049105557275e+01 3.518264396259891669e+01 nan 1.000000000000000000e+00 nan
3.590000000000000000e+02 3.592850049105557986e+01 3.518400759896270102e+01 nan 1.000000000000000000e+00 nan
3.600000000000000000e+02 3.592850049105558696e+01 3.518537123532649247e+01 nan 1.000000000000000000e+00 nan
3.610000000000000000e+02 3.592850049105557275e+01 3.518673487169024838e+01 1.000000000000000000e+00 1.000000000000000000e+00 1.000000000000000000e+00
3.620000000000000000e+02 3.592850049105557986e+01 3.518809850805403272e+01 nan 1.000000000000000000e+00 nan
3.630000000000000000e+02 3.592850049105557986e+01 3.518946214441782416e+01 1.000000000000000000e+00 1.000000000000000000e+00 1.000000000000000000e+00
3.640000000000000000e+02 3.592850049105557275e+01 3.519082578078160140e+01 1.000000000000000000e+00 1.000000000000000000e+00 1.000000000000000000e+00
3.650000000000000000e+02 3.592850049105557986e+01 3.519218941714538573e+01 1.000000000000000000e+00 1.000000000000000000e+00 1.000000000000000000e+00
3.660000000000000000e+02 3.592850049105557986e+01 3.519355305350916296e+01 1.000000000000000000e+00 1.000000000000000000e+00 1.000000000000000000e+00
3.670000000000000000e+02 3.592850049105557986e+01 3.519491668987294730e+01 1.000000000000000000e+00 1.000000000000000000e+00 1.000000000000000000e+00
3.680000000000000000e+02 3.592850049105557275e+01 3.519628032623672453e+01 nan 1.000000000000000000e+00 nan
3.690000000000000000e+02 3.592850049105557986e+01 3.519764396260050177e+01 nan 1.000000000000000000e+00 nan
3.700000000000000000e+02 3.592850049105557986e+01 3.519900759896428610e+01 nan 1.000000000000000000e+00 nan
3.710000000000000000e+02 3.592850049105557275e+01 3.520037123532806334e+01 nan 1.000000000000000000e+00 nan
3.720000000000000000e+02 3.592850049105557986e+01 3.520173487169185478e+01 nan 1.000000000000000000e+00 nan
3.730000000000000000e+02 3.592850049105557275e+01 3.520309850805564622e+01 1.000000000000000000e+00 1.000000000000000000e+00 1.000000000000000000e+00
3.740000000000000000e+02 3.592850049105557275e+01 3.520446214441940214e+01 nan 1.000000000000000000e+00 nan
3.750000000000000000e+02 3.592850049105557275e+01 3.520582578078318647e+01 nan 1.000000000000000000e+00 nan
3.760000000000000000e+02 3.592850049105557986e+01 3.520718941714697792e+01 nan 1.000000000000000000e+00 nan
3.770000000000000000e+02 3.592850049105557986e+01 3.520855305351074804e+01 nan 1.000000000000000000e+00 nan
3.780000000000000000e+02 3.592986412741920788e+01 3.517309850805244764e+01 nan nan nan
3.790000000000000000e+02 3.592986412741920788e+01 3.517446214441622487e+01 nan nan nan
3.800000000000000000e+02 3.592986412741920788e+01 3.517582578078000211e+01 nan nan nan
3.810000000000000000e+02 3.592986412741920788e+01 3.517718941714378644e+01 nan nan nan
3.820000000000000000e+02 3.592986412741920788e+01 3.517855305350757078e+01 nan nan nan
3.830000000000000000e+02 3.592986412741920788e+01 3.517991668987135512e+01 nan nan nan
3.840000000000000000e+02 3.592986412741920788e+01 3.518128032623513235e+01 nan 1.000000000000000000e+00 nan
3.850000000000000000e+02 3.592986412741921498e+01 3.518264396259891669e+01 nan 1.000000000000000000e+00 nan
3.860000000000000000e+02 3.592986412741920788e+01 3.518400759896270102e+01 nan 1.000000000000000000e+00 nan
3.870000000000000000e+02 3.592986412741920788e+01 3.518537123532648536e+01 nan 1.000000000000000000e+00 nan
3.880000000000000000e+02 3.592986412741920788e+01 3.518673487169026259e+01 nan 1.000000000000000000e+00 nan
3.890000000000000000e+02 3.592986412741920788e+01 3.518809850805403983e+01 1.000000000000000000e+00 1.000000000000000000e+00 1.000000000000000000e+00
3.900000000000000000e+02 3.592986412741920788e+01 3.518946214441782416e+01 nan 1.000000000000000000e+00 nan
3.910000000000000000e+02 3.592986412741920788e+01 3.519082578078160850e+01 1.000000000000000000e+00 1.000000000000000000e+00 1.000000000000000000e+00
3.920000000000000000e+02 3.592986412741920788e+01 3.519218941714538573e+01 nan 1.000000000000000000e+00 nan
3.930000000000000000e+02 3.592986412741920788e+01 3.519355305350916296e+01 1.000000000000000000e+00 1.000000000000000000e+00 1.000000000000000000e+00
3.940000000000000000e+02 3.592986412741920788e+01 3.519491668987294730e+01 1.000000000000000000e+00 1.000000000000000000e+00 1.000000000000000000e+00
3.950000000000000000e+02 3.592986412741920788e+01 3.519628032623672453e+01 1.000000000000000000e+00 1.000000000000000000e+00 1.000000000000000000e+00
3.960000000000000000e+02 3.592986412741920788e+01 3.519764396260049466e+01 1.000000000000000000e+00 1.000000000000000000e+00 1.000000000000000000e+00
3.970000000000000000e+02 3.592986412741920788e+01 3.519900759896428610e+01 1.000000000000000000e+00 1.000000000000000000e+00 1.000000000000000000e+00
3.980000000000000000e+02 3.592986412741920788e+01 3.520037123532807044e+01 nan 1.000000000000000000e+00 nan
3.990000000000000000e+02 3.592986412741920788e+01 3.520173487169185478e+01 1.000000000000000000e+00 1.000000000000000000e+00 1.000000000000000000e+00
4.000000000000000000e+02 3.592986412741920788e+01 3.520309850805564622e+01 1.000000000000000000e+00 1.000000000000000000e+00 1.000000000000000000e+00
4.010000000000000000e+02 3.592986412741920788e+01 3.520446214441939503e+01 nan 1.000000000000000000e+00 nan
4.020000000000000000e+02 3.592986412741920788e+01 3.520582578078319358e+01 nan 1.000000000000000000e+00 nan
4.030000000000000000e+02 3.592986412741920788e+01 3.520718941714697792e+01 nan 1.000000000000000000e+00 nan
4.040000000000000000e+02 3.592986412741920788e+01 3.520855305351075515e+01 nan 1.000000000000000000e+00 nan
4.050000000000000000e+02 3.593122776378285721e+01 3.517309850805244764e+01 nan nan nan
4.060000000000000000e+02 3.593122776378284300e+01 3.517446214441623198e+01 nan nan nan
4.070000000000000000e+02 3.593122776378284300e+01 3.517582578078000921e+01 nan nan nan
4.080000000000000000e+02 3.593122776378284300e+01 3.517718941714378644e+01 nan nan nan
4.090000000000000000e+02 3.593122776378285721e+01 3.517855305350757789e+01 nan nan nan
4.100000000000000000e+02 3.593122776378285721e+01 3.517991668987134801e+01 nan nan nan
4.110000000000000000e+02 3.593122776378285010e+01 3.518128032623512524e+01 nan 1.000000000000000000e+00 nan
4.120000000000000000e+02 3.593122776378285010e+01 3.518264396259891669e+01 nan 1.000000000000000000e+00 nan
4.130000000000000000e+02 3.593122776378285010e+01 3.518400759896270102e+01 nan 1.000000000000000000e+00 nan
4.140000000000000000e+02 3.593122776378284300e+01 3.518537123532649247e+01 nan 1.000000000000000000e+00 nan
4.150000000000000000e+02 3.593122776378285010e+01 3.518673487169024838e+01 nan 1.000000000000000000e+00 nan
4.160000000000000000e+02 3.593122776378285010e+01 3.518809850805403272e+01 nan 1.000000000000000000e+00 nan
4.170000000000000000e+02 3.593122776378285721e+01 3.518946214441782416e+01 1.000000000000000000e+00 1.000000000000000000e+00 1.000000000000000000e+00
4.180000000000000000e+02 3.593122776378285721e+01 3.519082578078160140e+01 nan 1.000000000000000000e+00 nan
4.190000000000000000e+02 3.593122776378284300e+01 3.519218941714538573e+01 nan 1.000000000000000000e+00 nan
4.200000000000000000e+02 3.593122776378285721e+01 3.519355305350916296e+01 1.000000000000000000e+00 1.000000000000000000e+00 1.000000000000000000e+00
4.210000000000000000e+02 3.593122776378285721e+01 3.519491668987294730e+01 1.000000000000000000e+00 1.000000000000000000e+00 1.000000000000000000e+00
4.220000000000000000e+02 3.593122776378285010e+01 3.519628032623672453e+01 nan nan nan
4.230000000000000000e+02 3.593122776378284300e+01 3.519764396260050177e+01 nan 1.000000000000000000e+00 nan
4.240000000000000000e+02 3.593122776378285721e+01 3.519900759896428610e+01 1.000000000000000000e+00 1.000000000000000000e+00 1.000000000000000000e+00
4.250000000000000000e+02 3.593122776378285010e+01 3.520037123532806334e+01 1.000000000000000000e+00 1.000000000000000000e+00 1.000000000000000000e+00
4.260000000000000000e+02 3.593122776378285010e+01 3.520173487169185478e+01 1.000000000000000000e+00 1.000000000000000000e+00 1.000000000000000000e+00
4.270000000000000000e+02 3.593122776378285010e+01 3.520309850805564622e+01 nan 1.000000000000000000e+00 nan
4.280000000000000000e+02 3.593122776378284300e+01 3.520446214441940214e+01 1.000000000000000000e+00 1.000000000000000000e+00 1.000000000000000000e+00
4.290000000000000000e+02 3.593122776378285010e+01 3.520582578078318647e+01 nan 1.000000000000000000e+00 nan
4.300000000000000000e+02 3.593122776378285010e+01 3.520718941714697792e+01 nan 1.000000000000000000e+00 nan
4.310000000000000000e+02 3.593122776378285010e+01 3.520855305351074804e+01 1.000000000000000000e+00 1.000000000000000000e+00 1.000000000000000000e+00
4.320000000000000000e+02 3.593259140014648523e+01 3.517309850805244764e+01 nan nan nan
4.330000000000000000e+02 3.593259140014648523e+01 3.517446214441622487e+01 nan nan nan
4.340000000000000000e+02 3.593259140014648523e+01 3.517582578078000921e+01 nan nan nan
4.350000000000000000e+02 3.593259140014649233e+01 3.517718941714378644e+01 nan nan nan
4.360000000000000000e+02 3.593259140014648523e+01 3.517855305350757078e+01 nan nan nan
4.370000000000000000e+02 3.593259140014648523e+01 3.517991668987135512e+01 nan nan nan
4.380000000000000000e+02 3.593259140014648523e+01 3.518128032623513946e+01 nan nan nan
4.390000000000000000e+02 3.593259140014648523e+01 3.518264396259891669e+01 nan 1.000000000000000000e+00 nan
4.400000000000000000e+02 3.593259140014649233e+01 3.518400759896270102e+01 nan 1.000000000000000000e+00 nan
4.410000000000000000e+02 3.593259140014649233e+01 3.518537123532648536e+01 nan 1.000000000000000000e+00 nan
4.420000000000000000e+02 3.593259140014648523e+01 3.518673487169026259e+01 nan 1.000000000000000000e+00 nan
4.430000000000000000e+02 3.593259140014648523e+01 3.518809850805403983e+01 1.000000000000000000e+00 1.000000000000000000e+00 1.000000000000000000e+00
4.440000000000000000e+02 3.593259140014649233e+01 3.518946214441782416e+01 nan 1.000000000000000000e+00 nan
4.450000000000000000e+02 3.593259140014648523e+01 3.519082578078160140e+01 nan 1.000000000000000000e+00 nan
4.460000000000000000e+02 3.593259140014648523e+01 3.519218941714539284e+01 nan 1.000000000000000000e+00 nan
4.470000000000000000e+02 3.593259140014648523e+01 3.519355305350916296e+01 1.000000000000000000e+00 1.000000000000000000e+00 1.000000000000000000e+00
4.480000000000000000e+02 3.593259140014648523e+01 3.519491668987294730e+01 nan 1.000000000000000000e+00 nan
4.490000000000000000e+02 3.593259140014649233e+01 3.519628032623673164e+01 1.000000000000000000e+00 1.000000000000000000e+00 1.000000000000000000e+00
4.500000000000000000e+02 3.593259140014648523e+01 3.519764396260049466e+01 nan 1.000000000000000000e+00 nan
4.510000000000000000e+02 3.593259140014648523e+01 3.519900759896427900e+01 nan 1.000000000000000000e+00 nan
4.520000000000000000e+02 3.593259140014648523e+01 3.520037123532806334e+01 nan 1.000000000000000000e+00 nan
4.530000000000000000e+02 3.593259140014648523e+01 3.520173487169186188e+01 nan nan nan
4.540000000000000000e+02 3.593259140014649233e+01 3.520309850805563201e+01 nan 1.000000000000000000e+00 nan
4.550000000000000000e+02 3.593259140014648523e+01 3.520446214441940214e+01 nan 1.000000000000000000e+00 nan
4.560000000000000000e+02 3.593259140014648523e+01 3.520582578078318647e+01 nan 1.000000000000000000e+00 nan
4.570000000000000000e+02 3.593259140014648523e+01 3.520718941714697792e+01 1.000000000000000000e+00 1.000000000000000000e+00 1.000000000000000000e+00
4.580000000000000000e+02 3.593259140014649233e+01 3.520855305351075515e+01 nan 1.000000000000000000e+00 nan
4.590000000000000000e+02 3.593395503651011325e+01 3.517309850805244764e+01 nan nan nan
4.600000000000000000e+02 3.593395503651012746e+01 3.517446214441623198e+01 nan nan nan
4.610000000000000000e+02 3.593395503651011325e+01 3.517582578078000921e+01 nan nan nan
4.620000000000000000e+02 3.593395503651012035e+01 3.517718941714378644e+01 nan nan nan
4.630000000000000000e+02 3.593395503651012035e+01 3.517855305350757789e+01 nan nan nan
4.640000000000000000e+02 3.593395503651012035e+01 3.517991668987134801e+01 nan nan nan
4.650000000000000000e+02 3.593395503651011325e+01 3.518128032623512524e+01 nan nan nan
4.660000000000000000e+02 3.593395503651011325e+01 3.518264396259891669e+01 nan 1.000000000000000000e+00 nan
4.670000000000000000e+02 3.593395503651012035e+01 3.518400759896270102e+01 nan 1.000000000000000000e+00 nan
4.680000000000000000e+02 3.593395503651011325e+01 3.518537123532649247e+01 nan nan nan
4.690000000000000000e+02 3.593395503651012035e+01 3.518673487169024838e+01 nan 1.000000000000000000e+00 nan
4.700000000000000000e+02 3.593395503651011325e+01 3.518809850805403272e+01 1.000000000000000000e+00 nan nan
4.710000000000000000e+02 3.593395503651012746e+01 3.518946214441782416e+01 1.000000000000000000e+00 nan nan
4.720000000000000000e+02 3.593395503651011325e+01 3.519082578078160140e+01 nan nan nan
4.730000000000000000e+02 3.593395503651012035e+01 3.519218941714538573e+01 nan 1.000000000000000000e+00 nan
4.740000000000000000e+02 3.593395503651011325e+01 3.519355305350916296e+01 1.000000000000000000e+00 1.000000000000000000e+00 1.000000000000000000e+00
4.750000000000000000e+02 3.593395503651012035e+01 3.519491668987294730e+01 1.000000000000000000e+00 nan nan
4.760000000000000000e+02 3.593395503651011325e+01 3.519628032623672453e+01 nan 1.000000000000000000e+00 nan
4.770000000000000000e+02 3.593395503651011325e+01 3.519764396260050177e+01 nan 1.000000000000000000e+00 nan
4.780000000000000000e+02 3.593395503651012746e+01 3.519900759896428610e+01 1.000000000000000000e+00 1.000000000000000000e+00 1.000000000000000000e+00
4.790000000000000000e+02 3.593395503651012035e+01 3.520037123532806334e+01 nan nan nan
4.800000000000000000e+02 3.593395503651011325e+01 3.520173487169185478e+01 nan 1.000000000000000000e+00 nan
4.810000000000000000e+02 3.593395503651012035e+01 3.520309850805564622e+01 nan 1.000000000000000000e+00 nan
4.820000000000000000e+02 3.593395503651011325e+01 3.520446214441940214e+01 nan 1.000000000000000000e+00 nan
4.830000000000000000e+02 3.593395503651012746e+01 3.520582578078318647e+01 nan 1.000000000000000000e+00 nan
4.840000000000000000e+02 3.593395503651012035e+01 3.520718941714697792e+01 nan 1.000000000000000000e+00 nan
4.850000000000000000e+02 3.593395503651011325e+01 3.520855305351074804e+01 nan 1.000000000000000000e+00 nan
4.860000000000000000e+02 3.593531867287375547e+01 3.517309850805244764e+01 nan nan nan
4.870000000000000000e+02 3.593531867287375547e+01 3.517446214441623198e+01 nan nan nan
4.880000000000000000e+02 3.593531867287374837e+01 3.517582578078000921e+01 nan nan nan
4.890000000000000000e+02 3.593531867287374837e+01 3.517718941714378644e+01 nan nan nan
4.900000000000000000e+02 3.593531867287374837e+01 3.517855305350757789e+01 nan nan nan
4.910000000000000000e+02 3.593531867287375547e+01 3.517991668987134801e+01 nan nan nan
4.920000000000000000e+02 3.593531867287374837e+01 3.518128032623512524e+01 nan nan nan
4.930000000000000000e+02 3.593531867287374837e+01 3.518264396259891669e+01 nan nan nan
4.940000000000000000e+02 3.593531867287375547e+01 3.518400759896270102e+01 nan nan nan
4.950000000000000000e+02 3.593531867287374837e+01 3.518537123532649247e+01 nan nan nan
4.960000000000000000e+02 3.593531867287374837e+01 3.518673487169024838e+01 nan nan nan
4.970000000000000000e+02 3.593531867287375547e+01 3.518809850805403272e+01 nan nan nan
4.980000000000000000e+02 3.593531867287374837e+01 3.518946214441782416e+01 nan nan nan
4.990000000000000000e+02 3.593531867287375547e+01 3.519082578078160140e+01 nan nan nan
5.000000000000000000e+02 3.593531867287375547e+01 3.519218941714538573e+01 nan nan nan
5.010000000000000000e+02 3.593531867287375547e+01 3.519355305350916296e+01 1.000000000000000000e+00 nan nan
5.020000000000000000e+02 3.593531867287374837e+01 3.519491668987294730e+01 nan nan nan
5.030000000000000000e+02 3.593531867287374837e+01 3.519628032623672453e+01 nan 1.000000000000000000e+00 nan
5.040000000000000000e+02 3.593531867287375547e+01 3.519764396260050177e+01 1.000000000000000000e+00 nan nan
5.050000000000000000e+02 3.593531867287376258e+01 3.519900759896428610e+01 1.000000000000000000e+00 1.000000000000000000e+00 1.000000000000000000e+00
5.060000000000000000e+02 3.593531867287375547e+01 3.520037123532806334e+01 nan 1.000000000000000000e+00 nan
5.070000000000000000e+02 3.593531867287375547e+01 3.520173487169185478e+01 nan 1.000000000000000000e+00 nan
5.080000000000000000e+02 3.593531867287375547e+01 3.520309850805564622e+01 nan 1.000000000000000000e+00 nan
5.090000000000000000e+02 3.593531867287375547e+01 3.520446214441940214e+01 nan 1.000000000000000000e+00 nan
5.100000000000000000e+02 3.593531867287374837e+01 3.520582578078318647e+01 nan 1.000000000000000000e+00 nan
5.110000000000000000e+02 3.593531867287375547e+01 3.520718941714697792e+01 nan 1.000000000000000000e+00 nan
5.120000000000000000e+02 3.593531867287374837e+01 3.520855305351074804e+01 nan 1.000000000000000000e+00 nan
5.130000000000000000e+02 3.593668230923739060e+01 3.517309850805244764e+01 nan nan nan
5.140000000000000000e+02 3.593668230923739060e+01 3.517446214441622487e+01 nan nan nan
5.150000000000000000e+02 3.593668230923739060e+01 3.517582578078000921e+01 nan nan nan
5.160000000000000000e+02 3.593668230923739060e+01 3.517718941714378644e+01 nan nan nan
5.170000000000000000e+02 3.593668230923739060e+01 3.517855305350757078e+01 nan nan nan
5.180000000000000000e+02 3.593668230923739060e+01 3.517991668987135512e+01 nan nan nan
5.190000000000000000e+02 3.593668230923739060e+01 3.518128032623513946e+01 nan nan nan
5.200000000000000000e+02 3.593668230923739060e+01 3.518264396259891669e+01 nan nan nan
5.210000000000000000e+02 3.593668230923739060e+01 3.518400759896270102e+01 nan nan nan
5.220000000000000000e+02 3.593668230923739060e+01 3.518537123532648536e+01 nan nan nan
5.230000000000000000e+02 3.593668230923739060e+01 3.518673487169026259e+01 nan nan nan
5.240000000000000000e+02 3.593668230923739770e+01 3.518809850805403983e+01 nan nan nan
5.250000000000000000e+02 3.593668230923739060e+01 3.518946214441782416e+01 nan nan nan
5.260000000000000000e+02 3.593668230923739060e+01 3.519082578078160140e+01 nan nan nan
5.270000000000000000e+02 3.593668230923739060e+01 3.519218941714539284e+01 nan nan nan
5.280000000000000000e+02 3.593668230923739060e+01 3.519355305350916296e+01 nan nan nan
5.290000000000000000e+02 3.593668230923739060e+01 3.519491668987294730e+01 nan nan nan
5.300000000000000000e+02 3.593668230923739060e+01 3.519628032623673164e+01 nan nan nan
5.310000000000000000e+02 3.593668230923739060e+01 3.519764396260049466e+01 nan nan nan
5.320000000000000000e+02 3.593668230923739060e+01 3.519900759896427900e+01 nan 1.000000000000000000e+00 nan
5.330000000000000000e+02 3.593668230923739060e+01 3.520037123532806334e+01 1.000000000000000000e+00 1.000000000000000000e+00 1.000000000000000000e+00
5.340000000000000000e+02 3.593668230923739060e+01 3.520173487169186188e+01 nan 1.000000000000000000e+00 nan
5.350000000000000000e+02 3.593668230923739060e+01 3.520309850805563201e+01 nan 1.000000000000000000e+00 nan
5.360000000000000000e+02 3.593668230923739060e+01 3.520446214441940214e+01 nan 1.000000000000000000e+00 nan
5.370000000000000000e+02 3.593668230923739060e+01 3.520582578078318647e+01 nan 1.000000000000000000e+00 nan
5.380000000000000000e+02 3.593668230923739060e+01 3.520718941714697792e+01 nan 1.000000000000000000e+00 nan
5.390000000000000000e+02 3.593668230923739060e+01 3.520855305351075515e+01 nan 1.000000000000000000e+00 nan
