1.000000000000000000e+00 5.438045375218150124e-01
3.000000000000000000e+00 6.077724805881981052e-01
5.000000000000000000e+00 6.399879271247058687e-01
7.000000000000000000e+00 6.607937059993829187e-01
9.000000000000000000e+00 6.769572409429974735e-01
1.100000000000000000e+01 6.906253634390122631e-01
1.300000000000000000e+01 7.026158935745816514e-01
1.500000000000000000e+01 7.134353928778459641e-01
1.700000000000000000e+01 7.234974571288803613e-01
1.900000000000000000e+01 7.326343374221081506e-01
2.100000000000000000e+01 7.408161889436755132e-01
2.300000000000000000e+01 7.479552290016653338e-01
2.500000000000000000e+01 7.540466011362924048e-01
2.700000000000000000e+01 7.591307676074091626e-01
2.900000000000000000e+01 7.633255808296480760e-01
3.100000000000000000e+01 7.666306598134902117e-01
3.300000000000000000e+01 7.691799791927809160e-01
3.500000000000000000e+01 7.710632108179420463e-01
3.700000000000000000e+01 7.724741573239992665e-01
3.900000000000000000e+01 7.734439346133765714e-01
4.100000000000000000e+01 7.741142399435498866e-01
4.300000000000000000e+01 7.744788025348083860e-01
4.500000000000000000e+01 7.745646522095378517e-01
4.700000000000000000e+01 7.744299476715735819e-01
4.900000000000000000e+01 7.742038017118866300e-01
5.100000000000000000e+01 7.738864018765381214e-01
5.300000000000000000e+01 7.734863109910059542e-01
5.500000000000000000e+01 7.729583624437816880e-01
5.700000000000000000e+01 7.722345154825704938e-01
5.900000000000000000e+01 7.712551671028896605e-01
6.100000000000000000e+01 7.700512251567688260e-01
6.300000000000000000e+01 7.687604803815841770e-01
6.500000000000000000e+01 7.673806917602239430e-01
6.700000000000000000e+01 7.659545676518866308e-01
6.900000000000000000e+01 7.644774766321937864e-01
7.100000000000000000e+01 7.629917488055428798e-01
7.300000000000000000e+01 7.616278029419167872e-01
7.500000000000000000e+01 7.604128958503584279e-01
7.700000000000000000e+01 7.591704428918714109e-01
7.900000000000000000e+01 7.578831536919967693e-01
8.100000000000000000e+01 7.565444239285444850e-01
8.300000000000000000e+01 7.551339175641024193e-01
8.500000000000000000e+01 7.536459362861567257e-01
8.700000000000000000e+01 7.521381904015967956e-01
8.900000000000000000e+01 7.507519927786199254e-01
9.100000000000000000e+01 7.494982435619599315e-01
9.300000000000000000e+01 7.483619760252400166e-01
9.500000000000000000e+01 7.473691399279340786e-01
9.700000000000000000e+01 7.465421556894414890e-01
9.900000000000000000e+01 7.458754530534520422e-01
1.010000000000000000e+02 7.454976033578847305e-01
1.030000000000000000e+02 7.452233148047655575e-01
1.050000000000000000e+02 7.450849079167662925e-01
1.070000000000000000e+02 7.450849079167664035e-01
1.090000000000000000e+02 7.450849079167665145e-01
1.110000000000000000e+02 7.450849079167665145e-01
1.130000000000000000e+02 7.450849079167659594e-01
1.150000000000000000e+02 7.450849079167660705e-01
1.170000000000000000e+02 7.450849079167656264e-01
1.190000000000000000e+02 7.450849079167658484e-01
1.210000000000000000e+02 7.450849079167660705e-01
1.230000000000000000e+02 7.450849079167667366e-01
1.250000000000000000e+02 7.450849079167667366e-01
1.270000000000000000e+02 7.450849079167665145e-01
1.290000000000000000e+02 7.450849079167662925e-01
1.310000000000000000e+02 7.450849079167665145e-01
1.330000000000000000e+02 7.450849079167660705e-01
1.350000000000000000e+02 7.450849079167660705e-01
1.370000000000000000e+02 7.450849079167662925e-01
1.390000000000000000e+02 7.450849079167666256e-01
1.410000000000000000e+02 7.450849079167662925e-01
1.430000000000000000e+02 7.450849079167660705e-01
1.450000000000000000e+02 7.450849079167662925e-01
1.470000000000000000e+02 7.450849079167661815e-01
1.490000000000000000e+02 7.450849079167660705e-01
