1.000000000000000000e+00 1.257562662057043479e-02
3.000000000000000000e+00 1.268815976525461409e-02
5.000000000000000000e+00 1.273276962358349529e-02
7.000000000000000000e+00 1.272380909767112378e-02
9.000000000000000000e+00 1.268941251478239440e-02
1.100000000000000000e+01 1.265158003964450550e-02
1.300000000000000000e+01 1.260383600654046976e-02
1.500000000000000000e+01 1.254492379942395708e-02
1.700000000000000000e+01 1.247160457641327547e-02
1.900000000000000000e+01 1.238570933716054423e-02
2.100000000000000000e+01 1.229168757784493415e-02
2.300000000000000000e+01 1.219094702503575878e-02
2.500000000000000000e+01 1.208341278030156118e-02
2.700000000000000000e+01 1.196854256095691849e-02
2.900000000000000000e+01 1.184787877180126792e-02
3.100000000000000000e+01 1.172474483998819927e-02
3.300000000000000000e+01 1.160013936908144139e-02
3.500000000000000000e+01 1.147291502274405683e-02
3.700000000000000000e+01 1.134427153721639936e-02
3.900000000000000000e+01 1.121709258125369590e-02
4.100000000000000000e+01 1.109186969357800479e-02
4.300000000000000000e+01 1.096825118829303225e-02
4.500000000000000000e+01 1.084682406080883510e-02
4.700000000000000000e+01 1.072768926003453416e-02
4.900000000000000000e+01 1.061131126751280185e-02
5.100000000000000000e+01 1.049793669320575606e-02
5.300000000000000000e+01 1.038836398753339996e-02
5.500000000000000000e+01 1.028255209810491344e-02
5.700000000000000000e+01 1.018044857177280438e-02
5.900000000000000000e+01 1.008130637992354917e-02
6.100000000000000000e+01 9.985163320023304756e-03
6.300000000000000000e+01 9.892244436455976953e-03
6.500000000000000000e+01 9.802484786848197906e-03
6.700000000000000000e+01 9.716117707779470258e-03
6.900000000000000000e+01 9.631875271175149855e-03
7.100000000000000000e+01 9.549620527346314169e-03
7.300000000000000000e+01 9.468321699052872908e-03
7.500000000000000000e+01 9.388054405642276556e-03
7.700000000000000000e+01 9.308924875962576451e-03
7.900000000000000000e+01 9.232825002488009858e-03
8.100000000000000000e+01 9.159110384276747396e-03
8.300000000000000000e+01 9.088374672767129958e-03
8.500000000000000000e+01 9.020525578040450299e-03
8.700000000000000000e+01 8.955487435949982533e-03
8.900000000000000000e+01 8.892153940591618344e-03
9.100000000000000000e+01 8.830302702654613256e-03
9.300000000000000000e+01 8.770512915289629952e-03
9.500000000000000000e+01 8.713167079600792064e-03
9.700000000000000000e+01 8.658430997616206604e-03
9.900000000000000000e+01 8.606085758250836548e-03
1.010000000000000000e+02 8.555544664560987833e-03
1.030000000000000000e+02 8.506380862658868836e-03
1.050000000000000000e+02 8.458497266431996842e-03
1.070000000000000000e+02 8.411851399588221589e-03
1.090000000000000000e+02 8.366970080407432064e-03
1.110000000000000000e+02 8.324465313995554894e-03
1.130000000000000000e+02 8.284245374852394761e-03
1.150000000000000000e+02 8.245962197468315047e-03
1.170000000000000000e+02 8.209753304895150983e-03
1.190000000000000000e+02 8.175501650642513773e-03
1.210000000000000000e+02 8.143135559407377322e-03
1.230000000000000000e+02 8.112174173166786240e-03
1.250000000000000000e+02 8.082540110798785982e-03
1.270000000000000000e+02 8.054471485543723830e-03
1.290000000000000000e+02 8.027849817706100843e-03
1.310000000000000000e+02 8.002683156154821731e-03
1.330000000000000000e+02 7.978850614573929079e-03
1.350000000000000000e+02 7.956237142754618574e-03
1.370000000000000000e+02 7.934884799151498136e-03
1.390000000000000000e+02 7.914495339826910225e-03
1.410000000000000000e+02 7.894967098979299713e-03
1.430000000000000000e+02 7.876293841892589853e-03
1.450000000000000000e+02 7.858381195646191308e-03
1.470000000000000000e+02 7.841377812637051470e-03
1.490000000000000000e+02 7.825180662474617854e-03
