1.000000000000000000e+00 1.752471434073699097e-02
3.000000000000000000e+00 1.840560559959059095e-02
5.000000000000000000e+00 1.895679726555155042e-02
7.000000000000000000e+00 1.934051107629741750e-02
9.000000000000000000e+00 1.964988579511328659e-02
1.100000000000000000e+01 1.991041908312340958e-02
1.300000000000000000e+01 2.015935829092663223e-02
1.500000000000000000e+01 2.041214444227845703e-02
1.700000000000000000e+01 2.066833705972015434e-02
1.900000000000000000e+01 2.092473883412060420e-02
2.100000000000000000e+01 2.118410591122521502e-02
2.300000000000000000e+01 2.144524455140706110e-02
2.500000000000000000e+01 2.170241416708351689e-02
2.700000000000000000e+01 2.195377955016653004e-02
2.900000000000000000e+01 2.220132635923421915e-02
3.100000000000000000e+01 2.244525456452284295e-02
3.300000000000000000e+01 2.268383648651550732e-02
3.500000000000000000e+01 2.291497029549705022e-02
3.700000000000000000e+01 2.313937476487970546e-02
3.900000000000000000e+01 2.335701725567074227e-02
4.100000000000000000e+01 2.356787202715882046e-02
4.300000000000000000e+01 2.377296834413822335e-02
4.500000000000000000e+01 2.397090371659582608e-02
4.700000000000000000e+01 2.416217022806388393e-02
4.900000000000000000e+01 2.434729168581306613e-02
5.100000000000000000e+01 2.452696242257057513e-02
5.300000000000000000e+01 2.470208182576516531e-02
5.500000000000000000e+01 2.487222967977509303e-02
5.700000000000000000e+01 2.503675829941309772e-02
5.900000000000000000e+01 2.519571593938163545e-02
6.100000000000000000e+01 2.534939125102675384e-02
6.300000000000000000e+01 2.549763630804258163e-02
6.500000000000000000e+01 2.563877644763645769e-02
6.700000000000000000e+01 2.577336998921486710e-02
6.900000000000000000e+01 2.590146443803076348e-02
7.100000000000000000e+01 2.602388313042314216e-02
7.300000000000000000e+01 2.614032158634405079e-02
7.500000000000000000e+01 2.625092218965530133e-02
7.700000000000000000e+01 2.635544426502978155e-02
7.900000000000000000e+01 2.645353618041412780e-02
8.100000000000000000e+01 2.654594641019680790e-02
8.300000000000000000e+01 2.663222590502356546e-02
8.500000000000000000e+01 2.671243399252976047e-02
8.700000000000000000e+01 2.678632049322360320e-02
8.900000000000000000e+01 2.685332616437641207e-02
9.100000000000000000e+01 2.691405436431082432e-02
9.300000000000000000e+01 2.696757902825674957e-02
9.500000000000000000e+01 2.701592690300247401e-02
9.700000000000000000e+01 2.705943588728010329e-02
9.900000000000000000e+01 2.709824657875159470e-02
1.010000000000000000e+02 2.713242764617607161e-02
1.030000000000000000e+02 2.716262997990370742e-02
1.050000000000000000e+02 2.718913064850847494e-02
1.070000000000000000e+02 2.721266152641466096e-02
1.090000000000000000e+02 2.723329697900522817e-02
1.110000000000000000e+02 2.725149985284824883e-02
1.130000000000000000e+02 2.726806342582344111e-02
1.150000000000000000e+02 2.728342078134993187e-02
1.170000000000000000e+02 2.729734140323381020e-02
1.190000000000000000e+02 2.731027086741200094e-02
1.210000000000000000e+02 2.732235340674882274e-02
1.230000000000000000e+02 2.733522395244047942e-02
1.250000000000000000e+02 2.734887273630659532e-02
1.270000000000000000e+02 2.736381112220831469e-02
1.290000000000000000e+02 2.738036680445210536e-02
1.310000000000000000e+02 2.739851816688276820e-02
1.330000000000000000e+02 2.741861015129620771e-02
1.350000000000000000e+02 2.744087197094469133e-02
1.370000000000000000e+02 2.746468494733900201e-02
1.390000000000000000e+02 2.749033795025157545e-02
1.410000000000000000e+02 2.751784877886709335e-02
1.430000000000000000e+02 2.754793103834474177e-02
1.450000000000000000e+02 2.758014733608193936e-02
1.470000000000000000e+02 2.761517029416260538e-02
1.490000000000000000e+02 2.765298613436584230e-02
