1.000000000000000000e+00 5.621805792163547810e-02
3.000000000000000000e+00 6.040222740663803158e-02
5.000000000000000000e+00 6.266625688768256985e-02
7.000000000000000000e+00 6.449519591751584624e-02
9.000000000000000000e+00 6.626411861709358142e-02
1.100000000000000000e+01 6.804326721120368404e-02
1.300000000000000000e+01 6.987740601725733747e-02
1.500000000000000000e+01 7.166433869696609005e-02
1.700000000000000000e+01 7.337154769557130418e-02
1.900000000000000000e+01 7.500770502929687833e-02
2.100000000000000000e+01 7.654895715179887983e-02
2.300000000000000000e+01 7.799350548840089381e-02
2.500000000000000000e+01 7.934227979996189006e-02
2.700000000000000000e+01 8.058477408052178159e-02
2.900000000000000000e+01 8.172872564671351814e-02
3.100000000000000000e+01 8.277778789747847199e-02
3.300000000000000000e+01 8.373997245435416126e-02
3.500000000000000000e+01 8.462623341117281317e-02
3.700000000000000000e+01 8.544491462982684027e-02
3.900000000000000000e+01 8.621995510369584448e-02
4.100000000000000000e+01 8.696775846531146215e-02
4.300000000000000000e+01 8.769873355707014095e-02
4.500000000000000000e+01 8.840991229578687438e-02
4.700000000000000000e+01 8.911037779803221426e-02
4.900000000000000000e+01 8.980725645443032867e-02
5.100000000000000000e+01 9.049002692398810943e-02
5.300000000000000000e+01 9.116272116016055360e-02
5.500000000000000000e+01 9.182456604123356847e-02
5.700000000000000000e+01 9.246664936733350881e-02
5.900000000000000000e+01 9.308929686456102193e-02
6.100000000000000000e+01 9.368929373508572134e-02
6.300000000000000000e+01 9.427818968248047327e-02
6.500000000000000000e+01 9.485778469463757023e-02
6.700000000000000000e+01 9.542830773242261255e-02
6.900000000000000000e+01 9.596715498426910962e-02
7.100000000000000000e+01 9.647340176440077908e-02
7.300000000000000000e+01 9.695339938970948257e-02
7.500000000000000000e+01 9.741029719021165878e-02
7.700000000000000000e+01 9.784097069066788332e-02
7.900000000000000000e+01 9.824950610810490037e-02
8.100000000000000000e+01 9.863730446784702011e-02
8.300000000000000000e+01 9.901690294033926865e-02
8.500000000000000000e+01 9.938536998836278169e-02
8.700000000000000000e+01 9.974301396803320063e-02
8.900000000000000000e+01 1.000912494859966806e-01
9.100000000000000000e+01 1.004075493410263586e-01
9.300000000000000000e+01 1.006940486094374254e-01
9.500000000000000000e+01 1.009596280379970734e-01
9.700000000000000000e+01 1.011997539901688947e-01
9.900000000000000000e+01 1.014176485806387307e-01
1.010000000000000000e+02 1.016164562349717304e-01
1.030000000000000000e+02 1.017936248144052369e-01
1.050000000000000000e+02 1.019616905224056680e-01
1.070000000000000000e+02 1.021299330174154640e-01
1.090000000000000000e+02 1.022994328020171428e-01
1.110000000000000000e+02 1.024600870463019398e-01
1.130000000000000000e+02 1.026127361051200060e-01
1.150000000000000000e+02 1.027660136906404231e-01
1.170000000000000000e+02 1.029204105239848177e-01
1.190000000000000000e+02 1.030795066783033453e-01
1.210000000000000000e+02 1.032217273477310515e-01
1.230000000000000000e+02 1.033442510389072089e-01
1.250000000000000000e+02 1.034484886972374396e-01
1.270000000000000000e+02 1.035540897899543955e-01
1.290000000000000000e+02 1.036631620604447912e-01
1.310000000000000000e+02 1.037720322149058294e-01
1.330000000000000000e+02 1.038791374515242172e-01
1.350000000000000000e+02 1.039869341154239235e-01
1.370000000000000000e+02 1.040990386209513785e-01
1.390000000000000000e+02 1.042103866598143025e-01
1.410000000000000000e+02 1.043207696973288412e-01
1.430000000000000000e+02 1.044321191407380223e-01
1.450000000000000000e+02 1.045454253780914167e-01
1.470000000000000000e+02 1.046600308755464281e-01
1.490000000000000000e+02 1.047698739644049581e-01
