1.000000000000000000e+00 1.776952658798569562e-02
3.000000000000000000e+00 1.830593501892452402e-02
5.000000000000000000e+00 1.860278595027320403e-02
7.000000000000000000e+00 1.883675140872775877e-02
9.000000000000000000e+00 1.902504290756323879e-02
1.100000000000000000e+01 1.917237090259926724e-02
1.300000000000000000e+01 1.926625981624519035e-02
1.500000000000000000e+01 1.931607215059694127e-02
1.700000000000000000e+01 1.933837784490932687e-02
1.900000000000000000e+01 1.934393666916689458e-02
2.100000000000000000e+01 1.933584401834831379e-02
2.300000000000000000e+01 1.931688088138205917e-02
2.500000000000000000e+01 1.929108679708690932e-02
2.700000000000000000e+01 1.926387441497412478e-02
2.900000000000000000e+01 1.923840959503020365e-02
3.100000000000000000e+01 1.921534905159016926e-02
3.300000000000000000e+01 1.919189328052139931e-02
3.500000000000000000e+01 1.916596053007590950e-02
3.700000000000000000e+01 1.913742917606930938e-02
3.900000000000000000e+01 1.910651359143877848e-02
4.100000000000000000e+01 1.907343663060345751e-02
4.300000000000000000e+01 1.903769958718959376e-02
4.500000000000000000e+01 1.899818382710460885e-02
4.700000000000000000e+01 1.895499620394502927e-02
4.900000000000000000e+01 1.890884123473712819e-02
5.100000000000000000e+01 1.886033264561326472e-02
5.300000000000000000e+01 1.881055931407615844e-02
5.500000000000000000e+01 1.875927769631069442e-02
5.700000000000000000e+01 1.870653605244876339e-02
5.900000000000000000e+01 1.865210160520991423e-02
6.100000000000000000e+01 1.859577517484345410e-02
6.300000000000000000e+01 1.853754829325104936e-02
6.500000000000000000e+01 1.847586501973719209e-02
6.700000000000000000e+01 1.840950586457590354e-02
6.900000000000000000e+01 1.833825071895223147e-02
7.100000000000000000e+01 1.826214162518202677e-02
7.300000000000000000e+01 1.818152213998036615e-02
7.500000000000000000e+01 1.809598443823523528e-02
7.700000000000000000e+01 1.800565276431576045e-02
7.900000000000000000e+01 1.791070822782525607e-02
8.100000000000000000e+01 1.781202781634672050e-02
8.300000000000000000e+01 1.770938085599327305e-02
8.500000000000000000e+01 1.760301642873673966e-02
8.700000000000000000e+01 1.749236761821570951e-02
8.900000000000000000e+01 1.737885642467651426e-02
9.100000000000000000e+01 1.726227801831381470e-02
9.300000000000000000e+01 1.714236302077909446e-02
9.500000000000000000e+01 1.702039961187251649e-02
9.700000000000000000e+01 1.689676533417683313e-02
9.900000000000000000e+01 1.677250849118527842e-02
1.010000000000000000e+02 1.664782045638302233e-02
1.030000000000000000e+02 1.652335133894811126e-02
1.050000000000000000e+02 1.639760460987549351e-02
1.070000000000000000e+02 1.627232778021492354e-02
1.090000000000000000e+02 1.614636265767321888e-02
1.110000000000000000e+02 1.601988246679242334e-02
1.130000000000000000e+02 1.589388018246618017e-02
1.150000000000000000e+02 1.576846739486148508e-02
1.170000000000000000e+02 1.564463740933097480e-02
1.190000000000000000e+02 1.552251666978032851e-02
1.210000000000000000e+02 1.540191844241500796e-02
1.230000000000000000e+02 1.528316050948586025e-02
1.250000000000000000e+02 1.516425596210302373e-02
1.270000000000000000e+02 1.504615979768397782e-02
1.290000000000000000e+02 1.492900891261883523e-02
1.310000000000000000e+02 1.481302649017479656e-02
1.330000000000000000e+02 1.469938551235505653e-02
1.350000000000000000e+02 1.458805285369468852e-02
1.370000000000000000e+02 1.447913052942539913e-02
1.390000000000000000e+02 1.437238869060508684e-02
1.410000000000000000e+02 1.426812446461311890e-02
1.430000000000000000e+02 1.416632229828340694e-02
1.450000000000000000e+02 1.406671984109142404e-02
1.470000000000000000e+02 1.396919393662887643e-02
1.490000000000000000e+02 1.387373310852790809e-02
