0.000000000000000000e+00 3.591308111017401217e+01 3.517249960058168767e+01 nan nan nan
1.000000000000000000e+00 3.591308111017401217e+01 3.517386323694545780e+01 nan nan nan
2.000000000000000000e+00 3.591308111017401217e+01 3.517522687330924214e+01 nan nan nan
3.000000000000000000e+00 3.591308111017400506e+01 3.517659050967301937e+01 nan nan nan
4.000000000000000000e+00 3.591308111017400506e+01 3.517795414603681081e+01 nan nan nan
5.000000000000000000e+00 3.591308111017400506e+01 3.517931778240058804e+01 nan nan nan
6.000000000000000000e+00 3.591308111017400506e+01 3.518068141876437238e+01 nan nan nan
7.000000000000000000e+00 3.591308111017401217e+01 3.518204505512814251e+01 nan nan nan
8.000000000000000000e+00 3.591308111017400506e+01 3.518340869149192685e+01 nan nan nan
9.000000000000000000e+00 3.591308111017400506e+01 3.518477232785571829e+01 nan nan nan
1.000000000000000000e+01 3.591308111017401217e+01 3.518613596421949552e+01 nan nan nan
1.100000000000000000e+01 3.591308111017400506e+01 3.518749960058327986e+01 nan nan nan
1.200000000000000000e+01 3.591308111017400506e+01 3.518886323694705709e+01 nan nan nan
1.300000000000000000e+01 3.591308111017401217e+01 3.519022687331083432e+01 nan 1.000000000000000000e+00 nan
1.400000000000000000e+01 3.591308111017401217e+01 3.519159050967461866e+01 nan 1.000000000000000000e+00 nan
1.500000000000000000e+01 3.591308111017401217e+01 3.519295414603840300e+01 nan 1.000000000000000000e+00 nan
1.600000000000000000e+01 3.591308111017401217e+01 3.519431778240217312e+01 nan 1.000000000000000000e+00 nan
1.700000000000000000e+01 3.591308111017401217e+01 3.519568141876596457e+01 nan 1.000000000000000000e+00 nan
1.800000000000000000e+01 3.591308111017401217e+01 3.519704505512972759e+01 nan 1.000000000000000000e+00 nan
1.900000000000000000e+01 3.591308111017400506e+01 3.519840869149351192e+01 nan 1.000000000000000000e+00 nan
2.000000000000000000e+01 3.591308111017400506e+01 3.519977232785730337e+01 nan 1.000000000000000000e+00 nan
2.100000000000000000e+01 3.591308111017401217e+01 3.520113596422108770e+01 nan 1.000000000000000000e+00 nan
2.200000000000000000e+01 3.591308111017400506e+01 3.520249960058486494e+01 nan 1.000000000000000000e+00 nan
2.300000000000000000e+01 3.591308111017401217e+01 3.520386323694864217e+01 nan 1.000000000000000000e+00 nan
2.400000000000000000e+01 3.591308111017400506e+01 3.520522687331241940e+01 nan 1.000000000000000000e+00 nan
2.500000000000000000e+01 3.591308111017400506e+01 3.520659050967620374e+01 nan 1.000000000000000000e+00 nan
2.600000000000000000e+01 3.591444474653763308e+01 3.517249960058168767e+01 nan nan nan
2.700000000000000000e+01 3.591444474653764729e+01 3.517386323694545780e+01 nan nan nan
2.800000000000000000e+01 3.591444474653764729e+01 3.517522687330924214e+01 1.000000000000000000e+00 nan nan
2.900000000000000000e+01 3.591444474653764729e+01 3.517659050967301937e+01 1.000000000000000000e+00 nan nan
3.000000000000000000e+01 3.591444474653764729e+01 3.517795414603681081e+01 1.000000000000000000e+00 nan nan
3.100000000000000000e+01 3.591444474653764729e+01 3.517931778240058804e+01 1.000000000000000000e+00 nan nan
3.200000000000000000e+01 3.591444474653764729e+01 3.518068141876437238e+01 1.000000000000000000e+00 nan nan
3.300000000000000000e+01 3.591444474653764019e+01 3.518204505512814251e+01 1.000000000000000000e+00 nan nan
3.400000000000000000e+01 3.591444474653764729e+01 3.518340869149192685e+01 nan nan nan
3.500000000000000000e+01 3.591444474653764729e+01 3.518477232785571829e+01 1.000000000000000000e+00 nan nan
3.600000000000000000e+01 3.591444474653764019e+01 3.518613596421949552e+01 1.000000000000000000e+00 1.000000000000000000e+00 1.000000000000000000e+00
3.700000000000000000e+01 3.591444474653764019e+01 3.518749960058327986e+01 nan 1.000000000000000000e+00 nan
3.800000000000000000e+01 3.591444474653764729e+01 3.518886323694705709e+01 nan 1.000000000000000000e+00 nan
3.900000000000000000e+01 3.591444474653764019e+01 3.519022687331083432e+01 nan 1.000000000000000000e+00 nan
4.000000000000000000e+01 3.591444474653764729e+01 3.519159050967461866e+01 nan 1.000000000000000000e+00 nan
4.100000000000000000e+01 3.591444474653764729e+01 3.519295414603840300e+01 nan 1.000000000000000000e+00 nan
4.200000000000000000e+01 3.591444474653764729e+01 3.519431778240217312e+01 nan 1.000000000000000000e+00 nan
4.300000000000000000e+01 3.591444474653763308e+01 3.519568141876596457e+01 nan 1.000000000000000000e+00 nan
4.400000000000000000e+01 3.591444474653764729e+01 3.519704505512972759e+01 nan 1.000000000000000000e+00 nan
4.500000000000000000e+01 3.591444474653764019e+01 3.519840869149351192e+01 nan 1.000000000000000000e+00 nan
4.600000000000000000e+01 3.591444474653764729e+01 3.519977232785730337e+01 nan 1.000000000000000000e+00 nan
4.700000000000000000e+01 3.591444474653764729e+01 3.520113596422108770e+01 nan 1.000000000000000000e+00 nan
4.800000000000000000e+01 3.591444474653764729e+01 3.520249960058486494e+01 nan 1.000000000000000000e+00 nan
4.900000000000000000e+01 3.591444474653764019e+01 3.520386323694864217e+01 nan 1.000000000000000000e+00 nan
5.000000000000000000e+01 3.591444474653764019e+01 3.520522687331241940e+01 nan 1.000000000000000000e+00 nan
5.100000000000000000e+01 3.591444474653764019e+01 3.520659050967620374e+01 nan 1.000000000000000000e+00 nan
5.200000000000000000e+01 3.591580838290128241e+01 3.517249960058168767e+01 1.000000000000000000e+00 nan nan
5.300000000000000000e+01 3.591580838290128241e+01 3.517386323694545780e+01 1.000000000000000000e+00 nan nan
5.400000000000000000e+01 3.591580838290128241e+01 3.517522687330924214e+01 1.000000000000000000e+00 nan nan
5.500000000000000000e+01 3.591580838290128241e+01 3.517659050967303358e+01 1.000000000000000000e+00 nan nan
5.600000000000000000e+01 3.591580838290128241e+01 3.517795414603681792e+01 1.000000000000000000e+00 nan nan
5.700000000000000000e+01 3.591580838290128241e+01 3.517931778240058804e+01 1.000000000000000000e+00 nan nan
5.800000000000000000e+01 3.591580838290128241e+01 3.518068141876437238e+01 1.000000000000000000e+00 1.000000000000000000e+00 1.000000000000000000e+00
5.900000000000000000e+01 3.591580838290128241e+01 3.518204505512814961e+01 1.000000000000000000e+00 1.000000000000000000e+00 1.000000000000000000e+00
6.000000000000000000e+01 3.591580838290128241e+01 3.518340869149192685e+01 1.000000000000000000e+00 1.000000000000000000e+00 1.000000000000000000e+00
6.100000000000000000e+01 3.591580838290128241e+01 3.518477232785571829e+01 1.000000000000000000e+00 1.000000000000000000e+00 1.000000000000000000e+00
6.200000000000000000e+01 3.591580838290128241e+01 3.518613596421949552e+01 1.000000000000000000e+00 1.000000000000000000e+00 1.000000000000000000e+00
6.300000000000000000e+01 3.591580838290128241e+01 3.518749960058327275e+01 1.000000000000000000e+00 1.000000000000000000e+00 1.000000000000000000e+00
6.400000000000000000e+01 3.591580838290128241e+01 3.518886323694705709e+01 1.000000000000000000e+00 1.000000000000000000e+00 1.000000000000000000e+00
6.500000000000000000e+01 3.591580838290128241e+01 3.519022687331083432e+01 nan 1.000000000000000000e+00 nan
6.600000000000000000e+01 3.591580838290128241e+01 3.519159050967461155e+01 nan 1.000000000000000000e+00 nan
6.700000000000000000e+01 3.591580838290128241e+01 3.519295414603840300e+01 nan 1.000000000000000000e+00 nan
6.800000000000000000e+01 3.591580838290128241e+01 3.519431778240218733e+01 1.000000000000000000e+00 1.000000000000000000e+00 1.000000000000000000e+00
6.900000000000000000e+01 3.591580838290128241e+01 3.519568141876596457e+01 nan 1.000000000000000000e+00 nan
7.000000000000000000e+01 3.591580838290128241e+01 3.519704505512972759e+01 nan 1.000000000000000000e+00 nan
7.100000000000000000e+01 3.591580838290128241e+01 3.519840869149351903e+01 nan 1.000000000000000000e+00 nan
7.200000000000000000e+01 3.591580838290128241e+01 3.519977232785730337e+01 nan 1.000000000000000000e+00 nan
7.300000000000000000e+01 3.591580838290128241e+01 3.520113596422108770e+01 nan 1.000000000000000000e+00 nan
7.400000000000000000e+01 3.591580838290128241e+01 3.520249960058486494e+01 nan 1.000000000000000000e+00 nan
7.500000000000000000e+01 3.591580838290128241e+01 3.520386323694864217e+01 nan 1.000000000000000000e+00 nan
7.600000000000000000e+01 3.591580838290128241e+01 3.520522687331243361e+01 nan 1.000000000000000000e+00 nan
7.700000000000000000e+01 3.591580838290128241e+01 3.520659050967621084e+01 nan 1.000000000000000000e+00 nan
7.800000000000000000e+01 3.591717201926491754e+01 3.517249960058168767e+01 1.000000000000000000e+00 nan nan
7.900000000000000000e+01 3.591717201926491754e+01 3.517386323694545780e+01 1.000000000000000000e+00 nan nan
8.000000000000000000e+01 3.591717201926491043e+01 3.517522687330924924e+01 1.000000000000000000e+00 nan nan
8.100000000000000000e+01 3.591717201926491754e+01 3.517659050967302647e+01 1.000000000000000000e+00 nan nan
8.200000000000000000e+01 3.591717201926491754e+01 3.517795414603680371e+01 1.000000000000000000e+00 1.000000000000000000e+00 1.000000000000000000e+00
8.300000000000000000e+01 3.591717201926491754e+01 3.517931778240058094e+01 1.000000000000000000e+00 1.000000000000000000e+00 1.000000000000000000e+00
8.400000000000000000e+01 3.591717201926491754e+01 3.518068141876437238e+01 1.000000000000000000e+00 1.000000000000000000e+00 1.000000000000000000e+00
8.500000000000000000e+01 3.591717201926491754e+01 3.518204505512814961e+01 1.000000000000000000e+00 1.000000000000000000e+00 1.000000000000000000e+00
8.600000000000000000e+01 3.591717201926491754e+01 3.518340869149192685e+01 1.000000000000000000e+00 1.000000000000000000e+00 1.000000000000000000e+00
8.700000000000000000e+01 3.591717201926491754e+01 3.518477232785570408e+01 1.000000000000000000e+00 1.000000000000000000e+00 1.000000000000000000e+00
8.800000000000000000e+01 3.591717201926491043e+01 3.518613596421949552e+01 1.000000000000000000e+00 1.000000000000000000e+00 1.000000000000000000e+00
8.900000000000000000e+01 3.591717201926492464e+01 3.518749960058327275e+01 1.000000000000000000e+00 1.000000000000000000e+00 1.000000000000000000e+00
9.000000000000000000e+01 3.591717201926492464e+01 3.518886323694704998e+01 1.000000000000000000e+00 1.000000000000000000e+00 1.000000000000000000e+00
9.100000000000000000e+01 3.591717201926491754e+01 3.519022687331083432e+01 1.000000000000000000e+00 1.000000000000000000e+00 1.000000000000000000e+00
9.200000000000000000e+01 3.591717201926491754e+01 3.519159050967461155e+01 1.000000000000000000e+00 1.000000000000000000e+00 1.000000000000000000e+00
9.300000000000000000e+01 3.591717201926491043e+01 3.519295414603840300e+01 1.000000000000000000e+00 1.000000000000000000e+00 1.000000000000000000e+00
9.400000000000000000e+01 3.591717201926491754e+01 3.519431778240217312e+01 1.000000000000000000e+00 1.000000000000000000e+00 1.000000000000000000e+00
9.500000000000000000e+01 3.591717201926491754e+01 3.519568141876596457e+01 nan 1.000000000000000000e+00 nan
9.600000000000000000e+01 3.591717201926492464e+01 3.519704505512974180e+01 nan 1.000000000000000000e+00 nan
9.700000000000000000e+01 3.591717201926491754e+01 3.519840869149351903e+01 nan 1.000000000000000000e+00 nan
9.800000000000000000e+01 3.591717201926491043e+01 3.519977232785730337e+01 nan 1.000000000000000000e+00 nan
9.900000000000000000e+01 3.591717201926491754e+01 3.520113596422108770e+01 nan 1.000000000000000000e+00 nan
1.000000000000000000e+02 3.591717201926491043e+01 3.520249960058486494e+01 nan 1.000000000000000000e+00 nan
1.010000000000000000e+02 3.591717201926491754e+01 3.520386323694864927e+01 nan 1.000000000000000000e+00 nan
1.020000000000000000e+02 3.591717201926491754e+01 3.520522687331242651e+01 nan 1.000000000000000000e+00 nan
1.030000000000000000e+02 3.591717201926491754e+01 3.520659050967621084e+01 nan 1.000000000000000000e+00 nan
1.040000000000000000e+02 3.591853565562855977e+01 3.517249960058168767e+01 1.000000000000000000e+00 nan nan
1.050000000000000000e+02 3.591853565562855266e+01 3.517386323694545780e+01 1.000000000000000000e+00 nan nan
1.060000000000000000e+02 3.591853565562855266e+01 3.517522687330924924e+01 1.000000000000000000e+00 1.000000000000000000e+00 1.000000000000000000e+00
1.070000000000000000e+02 3.591853565562855266e+01 3.517659050967302647e+01 1.000000000000000000e+00 1.000000000000000000e+00 1.000000000000000000e+00
1.080000000000000000e+02 3.591853565562855266e+01 3.517795414603680371e+01 1.000000000000000000e+00 1.000000000000000000e+00 1.000000000000000000e+00
1.090000000000000000e+02 3.591853565562855266e+01 3.517931778240058094e+01 1.000000000000000000e+00 1.000000000000000000e+00 1.000000000000000000e+00
1.100000000000000000e+02 3.591853565562855266e+01 3.518068141876437238e+01 1.000000000000000000e+00 1.000000000000000000e+00 1.000000000000000000e+00
1.110000000000000000e+02 3.591853565562855266e+01 3.518204505512814961e+01 1.000000000000000000e+00 1.000000000000000000e+00 1.000000000000000000e+00
1.120000000000000000e+02 3.591853565562855977e+01 3.518340869149192685e+01 1.000000000000000000e+00 1.000000000000000000e+00 1.000000000000000000e+00
1.130000000000000000e+02 3.591853565562855266e+01 3.518477232785570408e+01 1.000000000000000000e+00 1.000000000000000000e+00 1.000000000000000000e+00
1.140000000000000000e+02 3.591853565562855266e+01 3.518613596421949552e+01 1.000000000000000000e+00 1.000000000000000000e+00 1.000000000000000000e+00
1.150000000000000000e+02 3.591853565562855977e+01 3.518749960058327275e+01 1.000000000000000000e+00 1.000000000000000000e+00 1.000000000000000000e+00
1.160000000000000000e+02 3.591853565562855266e+01 3.518886323694704998e+01 1.000000000000000000e+00 1.000000000000000000e+00 1.000000000000000000e+00
1.170000000000000000e+02 3.591853565562855977e+01 3.519022687331083432e+01 1.000000000000000000e+00 1.000000000000000000e+00 1.000000000000000000e+00
1.180000000000000000e+02 3.591853565562855266e+01 3.519159050967461155e+01 1.000000000000000000e+00 1.000000000000000000e+00 1.000000000000000000e+00
1.190000000000000000e+02 3.591853565562855266e+01 3.519295414603840300e+01 1.000000000000000000e+00 1.000000000000000000e+00 1.000000000000000000e+00
1.200000000000000000e+02 3.591853565562855977e+01 3.519431778240217312e+01 1.000000000000000000e+00 1.000000000000000000e+00 1.000000000000000000e+00
1.210000000000000000e+02 3.591853565562855266e+01 3.519568141876596457e+01 1.000000000000000000e+00 1.000000000000000000e+00 1.000000000000000000e+00
1.220000000000000000e+02 3.591853565562855266e+01 3.519704505512974180e+01 1.000000000000000000e+00 1.000000000000000000e+00 1.000000000000000000e+00
1.230000000000000000e+02 3.591853565562855266e+01 3.519840869149351903e+01 nan 1.000000000000000000e+00 nan
1.240000000000000000e+02 3.591853565562855266e+01 3.519977232785730337e+01 nan 1.000000000000000000e+00 nan
1.250000000000000000e+02 3.591853565562855266e+01 3.520113596422108770e+01 nan 1.000000000000000000e+00 nan
1.260000000000000000e+02 3.591853565562855977e+01 3.520249960058486494e+01 nan 1.000000000000000000e+00 nan
1.270000000000000000e+02 3.591853565562855977e+01 3.520386323694864927e+01 nan 1.000000000000000000e+00 nan
1.280000000000000000e+02 3.591853565562855977e+01 3.520522687331242651e+01 nan 1.000000000000000000e+00 nan
1.290000000000000000e+02 3.591853565562855977e+01 3.520659050967621084e+01 nan 1.000000000000000000e+00 nan
1.300000000000000000e+02 3.591989929199218778e+01 3.517249960058168767e+01 1.000000000000000000e+00 nan nan
1.310000000000000000e+02 3.591989929199219489e+01 3.517386323694545780e+01 1.000000000000000000e+00 nan nan
1.320000000000000000e+02 3.591989929199218778e+01 3.517522687330924924e+01 1.000000000000000000e+00 1.000000000000000000e+00 1.000000000000000000e+00
1.330000000000000000e+02 3.591989929199219489e+01 3.517659050967302647e+01 1.000000000000000000e+00 1.000000000000000000e+00 1.000000000000000000e+00
1.340000000000000000e+02 3.591989929199218778e+01 3.517795414603680371e+01 1.000000000000000000e+00 1.000000000000000000e+00 1.000000000000000000e+00
1.350000000000000000e+02 3.591989929199218778e+01 3.517931778240058094e+01 1.000000000000000000e+00 1.000000000000000000e+00 1.000000000000000000e+00
1.360000000000000000e+02 3.591989929199218778e+01 3.518068141876437238e+01 1.000000000000000000e+00 1.000000000000000000e+00 1.000000000000000000e+00
1.370000000000000000e+02 3.591989929199218778e+01 3.518204505512814961e+01 1.000000000000000000e+00 1.000000000000000000e+00 1.000000000000000000e+00
1.380000000000000000e+02 3.591989929199218778e+01 3.518340869149192685e+01 1.000000000000000000e+00 1.000000000000000000e+00 1.000000000000000000e+00
1.390000000000000000e+02 3.591989929199218778e+01 3.518477232785570408e+01 1.000000000000000000e+00 1.000000000000000000e+00 1.000000000000000000e+00
1.400000000000000000e+02 3.591989929199218778e+01 3.518613596421949552e+01 1.000000000000000000e+00 1.000000000000000000e+00 1.000000000000000000e+00
1.410000000000000000e+02 3.591989929199219489e+01 3.518749960058327275e+01 1.000000000000000000e+00 1.000000000000000000e+00 1.000000000000000000e+00
1.420000000000000000e+02 3.591989929199218778e+01 3.518886323694704998e+01 1.000000000000000000e+00 1.000000000000000000e+00 1.000000000000000000e+00
1.430000000000000000e+02 3.591989929199218778e+01 3.519022687331083432e+01 1.000000000000000000e+00 1.000000000000000000e+00 1.000000000000000000e+00
1.440000000000000000e+02 3.591989929199219489e+01 3.519159050967461155e+01 1.000000000000000000e+00 1.000000000000000000e+00 1.000000000000000000e+00
1.450000000000000000e+02 3.591989929199218778e+01 3.519295414603840300e+01 1.000000000000000000e+00 1.000000000000000000e+00 1.000000000000000000e+00
1.460000000000000000e+02 3.591989929199219489e+01 3.519431778240217312e+01 1.000000000000000000e+00 1.000000000000000000e+00 1.000000000000000000e+00
1.470000000000000000e+02 3.591989929199218778e+01 3.519568141876596457e+01 1.000000000000000000e+00 1.000000000000000000e+00 1.000000000000000000e+00
1.480000000000000000e+02 3.591989929199218778e+01 3.519704505512974180e+01 1.000000000000000000e+00 1.000000000000000000e+00 1.000000000000000000e+00
1.490000000000000000e+02 3.591989929199218778e+01 3.519840869149351903e+01 1.000000000000000000e+00 1.000000000000000000e+00 1.000000000000000000e+00
1.500000000000000000e+02 3.591989929199218778e+01 3.519977232785730337e+01 nan 1.000000000000000000e+00 nan
1.510000000000000000e+02 3.591989929199218778e+01 3.520113596422108770e+01 nan 1.000000000000000000e+00 nan
1.520000000000000000e+02 3.591989929199219489e+01 3.520249960058486494e+01 nan 1.000000000000000000e+00 nan
1.530000000000000000e+02 3.591989929199218778e+01 3.520386323694864927e+01 nan 1.000000000000000000e+00 nan
1.540000000000000000e+02 3.591989929199218778e+01 3.520522687331242651e+01 nan 1.000000000000000000e+00 nan
1.550000000000000000e+02 3.591989929199218778e+01 3.520659050967621084e+01 nan 1.000000000000000000e+00 nan
1.560000000000000000e+02 3.592126292835582291e+01 3.517249960058168767e+01 1.000000000000000000e+00 nan nan
1.570000000000000000e+02 3.592126292835582291e+01 3.517386323694545780e+01 1.000000000000000000e+00 1.000000000000000000e+00 1.000000000000000000e+00
1.580000000000000000e+02 3.592126292835581580e+01 3.517522687330924214e+01 1.000000000000000000e+00 1.000000000000000000e+00 1.000000000000000000e+00
1.590000000000000000e+02 3.592126292835582291e+01 3.517659050967301937e+01 1.000000000000000000e+00 1.000000000000000000e+00 1.000000000000000000e+00
1.600000000000000000e+02 3.592126292835582291e+01 3.517795414603681081e+01 1.000000000000000000e+00 1.000000000000000000e+00 1.000000000000000000e+00
1.610000000000000000e+02 3.592126292835583001e+01 3.517931778240058804e+01 1.000000000000000000e+00 1.000000000000000000e+00 1.000000000000000000e+00
1.620000000000000000e+02 3.592126292835582291e+01 3.518068141876437238e+01 1.000000000000000000e+00 1.000000000000000000e+00 1.000000000000000000e+00
1.630000000000000000e+02 3.592126292835582291e+01 3.518204505512814251e+01 1.000000000000000000e+00 1.000000000000000000e+00 1.000000000000000000e+00
1.640000000000000000e+02 3.592126292835582291e+01 3.518340869149192685e+01 1.000000000000000000e+00 1.000000000000000000e+00 1.000000000000000000e+00
1.650000000000000000e+02 3.592126292835582291e+01 3.518477232785571829e+01 1.000000000000000000e+00 1.000000000000000000e+00 1.000000000000000000e+00
1.660000000000000000e+02 3.592126292835582291e+01 3.518613596421949552e+01 1.000000000000000000e+00 1.000000000000000000e+00 1.000000000000000000e+00
1.670000000000000000e+02 3.592126292835582291e+01 3.518749960058327986e+01 1.000000000000000000e+00 1.000000000000000000e+00 1.000000000000000000e+00
1.680000000000000000e+02 3.592126292835582291e+01 3.518886323694705709e+01 1.000000000000000000e+00 1.000000000000000000e+00 1.000000000000000000e+00
1.690000000000000000e+02 3.592126292835581580e+01 3.519022687331083432e+01 1.000000000000000000e+00 1.000000000000000000e+00 1.000000000000000000e+00
1.700000000000000000e+02 3.592126292835583001e+01 3.519159050967461866e+01 1.000000000000000000e+00 1.000000000000000000e+00 1.000000000000000000e+00
1.710000000000000000e+02 3.592126292835582291e+01 3.519295414603840300e+01 1.000000000000000000e+00 1.000000000000000000e+00 1.000000000000000000e+00
1.720000000000000000e+02 3.592126292835582291e+01 3.519431778240217312e+01 1.000000000000000000e+00 1.000000000000000000e+00 1.000000000000000000e+00
1.730000000000000000e+02 3.592126292835582291e+01 3.519568141876596457e+01 1.000000000000000000e+00 1.000000000000000000e+00 1.000000000000000000e+00
1.740000000000000000e+02 3.592126292835582291e+01 3.519704505512972759e+01 1.000000000000000000e+00 1.000000000000000000e+00 1.000000000000000000e+00
1.750000000000000000e+02 3.592126292835582291e+01 3.519840869149351192e+01 1.000000000000000000e+00 1.000000000000000000e+00 1.000000000000000000e+00
1.760000000000000000e+02 3.592126292835582291e+01 3.519977232785730337e+01 nan 1.000000000000000000e+00 nan
1.770000000000000000e+02 3.592126292835583001e+01 3.520113596422108770e+01 nan 1.000000000000000000e+00 nan
1.780000000000000000e+02 3.592126292835582291e+01 3.520249960058486494e+01 nan 1.000000000000000000e+00 nan
1.790000000000000000e+02 3.592126292835583001e+01 3.520386323694864217e+01 nan 1.000000000000000000e+00 nan
1.800000000000000000e+02 3.592126292835582291e+01 3.520522687331241940e+01 nan 1.000000000000000000e+00 nan
1.810000000000000000e+02 3.592126292835582291e+01 3.520659050967620374e+01 nan 1.000000000000000000e+00 nan
1.820000000000000000e+02 3.592262656471945803e+01 3.517249960058168767e+01 nan nan nan
1.830000000000000000e+02 3.592262656471945803e+01 3.517386323694545780e+01 1.000000000000000000e+00 1.000000000000000000e+00 1.000000000000000000e+00
1.840000000000000000e+02 3.592262656471945803e+01 3.517522687330924924e+01 1.000000000000000000e+00 1.000000000000000000e+00 1.000000000000000000e+00
1.850000000000000000e+02 3.592262656471946514e+01 3.517659050967302647e+01 1.000000000000000000e+00 1.000000000000000000e+00 1.000000000000000000e+00
1.860000000000000000e+02 3.592262656471946514e+01 3.517795414603680371e+01 1.000000000000000000e+00 1.000000000000000000e+00 1.000000000000000000e+00
1.870000000000000000e+02 3.592262656471945803e+01 3.517931778240058094e+01 1.000000000000000000e+00 1.000000000000000000e+00 1.000000000000000000e+00
1.880000000000000000e+02 3.592262656471945803e+01 3.518068141876437238e+01 1.000000000000000000e+00 1.000000000000000000e+00 1.000000000000000000e+00
1.890000000000000000e+02 3.592262656471945803e+01 3.518204505512814961e+01 1.000000000000000000e+00 1.000000000000000000e+00 1.000000000000000000e+00
1.900000000000000000e+02 3.592262656471945803e+01 3.518340869149192685e+01 1.000000000000000000e+00 1.000000000000000000e+00 1.000000000000000000e+00
1.910000000000000000e+02 3.592262656471945803e+01 3.518477232785570408e+01 1.000000000000000000e+00 1.000000000000000000e+00 1.000000000000000000e+00
1.920000000000000000e+02 3.592262656471945803e+01 3.518613596421949552e+01 1.000000000000000000e+00 1.000000000000000000e+00 1.000000000000000000e+00
1.930000000000000000e+02 3.592262656471945803e+01 3.518749960058327275e+01 1.000000000000000000e+00 1.000000000000000000e+00 1.000000000000000000e+00
1.940000000000000000e+02 3.592262656471946514e+01 3.518886323694704998e+01 1.000000000000000000e+00 1.000000000000000000e+00 1.000000000000000000e+00
1.950000000000000000e+02 3.592262656471946514e+01 3.519022687331083432e+01 1.000000000000000000e+00 1.000000000000000000e+00 1.000000000000000000e+00
1.960000000000000000e+02 3.592262656471945093e+01 3.519159050967461155e+01 1.000000000000000000e+00 1.000000000000000000e+00 1.000000000000000000e+00
1.970000000000000000e+02 3.592262656471945803e+01 3.519295414603840300e+01 1.000000000000000000e+00 1.000000000000000000e+00 1.000000000000000000e+00
1.980000000000000000e+02 3.592262656471945803e+01 3.519431778240217312e+01 1.000000000000000000e+00 1.000000000000000000e+00 1.000000000000000000e+00
1.990000000000000000e+02 3.592262656471945803e+01 3.519568141876596457e+01 1.000000000000000000e+00 1.000000000000000000e+00 1.000000000000000000e+00
2.000000000000000000e+02 3.592262656471945803e+01 3.519704505512974180e+01 1.000000000000000000e+00 1.000000000000000000e+00 1.000000000000000000e+00
2.010000000000000000e+02 3.592262656471945803e+01 3.519840869149351903e+01 1.000000000000000000e+00 1.000000000000000000e+00 1.000000000000000000e+00
2.020000000000000000e+02 3.592262656471945803e+01 3.519977232785730337e+01 1.000000000000000000e+00 1.000000000000000000e+00 1.000000000000000000e+00
2.030000000000000000e+02 3.592262656471946514e+01 3.520113596422108770e+01 1.000000000000000000e+00 1.000000000000000000e+00 1.000000000000000000e+00
2.040000000000000000e+02 3.592262656471945803e+01 3.520249960058486494e+01 nan 1.000000000000000000e+00 nan
2.050000000000000000e+02 3.592262656471945803e+01 3.520386323694864927e+01 nan 1.000000000000000000e+00 nan
2.060000000000000000e+02 3.592262656471946514e+01 3.520522687331242651e+01 nan 1.000000000000000000e+00 nan
2.070000000000000000e+02 3.592262656471945803e+01 3.520659050967621084e+01 nan 1.000000000000000000e+00 nan
2.080000000000000000e+02 3.592399020108309315e+01 3.517249960058168767e+01 nan nan nan
2.090000000000000000e+02 3.592399020108309315e+01 3.517386323694545780e+01 nan nan nan
2.100000000000000000e+02 3.592399020108310026e+01 3.517522687330924924e+01 1.000000000000000000e+00 1.000000000000000000e+00 1.000000000000000000e+00
2.110000000000000000e+02 3.592399020108309315e+01 3.517659050967302647e+01 1.000000000000000000e+00 1.000000000000000000e+00 1.000000000000000000e+00
2.120000000000000000e+02 3.592399020108309315e+01 3.517795414603681081e+01 1.000000000000000000e+00 1.000000000000000000e+00 1.000000000000000000e+00
2.130000000000000000e+02 3.592399020108310026e+01 3.517931778240058804e+01 1.000000000000000000e+00 1.000000000000000000e+00 1.000000000000000000e+00
2.140000000000000000e+02 3.592399020108309315e+01 3.518068141876436528e+01 1.000000000000000000e+00 1.000000000000000000e+00 1.000000000000000000e+00
2.150000000000000000e+02 3.592399020108309315e+01 3.518204505512815672e+01 1.000000000000000000e+00 1.000000000000000000e+00 1.000000000000000000e+00
2.160000000000000000e+02 3.592399020108309315e+01 3.518340869149192685e+01 1.000000000000000000e+00 1.000000000000000000e+00 1.000000000000000000e+00
2.170000000000000000e+02 3.592399020108309315e+01 3.518477232785570408e+01 1.000000000000000000e+00 1.000000000000000000e+00 1.000000000000000000e+00
2.180000000000000000e+02 3.592399020108309315e+01 3.518613596421949552e+01 1.000000000000000000e+00 1.000000000000000000e+00 1.000000000000000000e+00
2.190000000000000000e+02 3.592399020108309315e+01 3.518749960058327275e+01 1.000000000000000000e+00 1.000000000000000000e+00 1.000000000000000000e+00
2.200000000000000000e+02 3.592399020108309315e+01 3.518886323694704998e+01 1.000000000000000000e+00 1.000000000000000000e+00 1.000000000000000000e+00
2.210000000000000000e+02 3.592399020108309315e+01 3.519022687331083432e+01 1.000000000000000000e+00 1.000000000000000000e+00 1.000000000000000000e+00
2.220000000000000000e+02 3.592399020108309315e+01 3.519159050967461866e+01 1.000000000000000000e+00 1.000000000000000000e+00 1.000000000000000000e+00
2.230000000000000000e+02 3.592399020108309315e+01 3.519295414603840300e+01 1.000000000000000000e+00 1.000000000000000000e+00 1.000000000000000000e+00
2.240000000000000000e+02 3.592399020108310026e+01 3.519431778240218733e+01 1.000000000000000000e+00 1.000000000000000000e+00 1.000000000000000000e+00
2.250000000000000000e+02 3.592399020108309315e+01 3.519568141876595746e+01 1.000000000000000000e+00 1.000000000000000000e+00 1.000000000000000000e+00
2.260000000000000000e+02 3.592399020108309315e+01 3.519704505512974180e+01 1.000000000000000000e+00 1.000000000000000000e+00 1.000000000000000000e+00
2.270000000000000000e+02 3.592399020108310026e+01 3.519840869149351903e+01 1.000000000000000000e+00 1.000000000000000000e+00 1.000000000000000000e+00
2.280000000000000000e+02 3.592399020108310026e+01 3.519977232785730337e+01 1.000000000000000000e+00 1.000000000000000000e+00 1.000000000000000000e+00
2.290000000000000000e+02 3.592399020108309315e+01 3.520113596422108770e+01 1.000000000000000000e+00 1.000000000000000000e+00 1.000000000000000000e+00
2.300000000000000000e+02 3.592399020108309315e+01 3.520249960058486494e+01 nan 1.000000000000000000e+00 nan
2.310000000000000000e+02 3.592399020108310026e+01 3.520386323694864217e+01 nan 1.000000000000000000e+00 nan
2.320000000000000000e+02 3.592399020108309315e+01 3.520522687331243361e+01 nan 1.000000000000000000e+00 nan
2.330000000000000000e+02 3.592399020108309315e+01 3.520659050967621084e+01 nan 1.000000000000000000e+00 nan
2.340000000000000000e+02 3.592535383744673538e+01 3.517249960058168767e+01 nan nan nan
2.350000000000000000e+02 3.592535383744674249e+01 3.517386323694545780e+01 nan nan nan
2.360000000000000000e+02 3.592535383744674249e+01 3.517522687330924924e+01 1.000000000000000000e+00 nan nan
2.370000000000000000e+02 3.592535383744674249e+01 3.517659050967302647e+01 1.000000000000000000e+00 nan nan
2.380000000000000000e+02 3.592535383744674249e+01 3.517795414603681081e+01 1.000000000000000000e+00 1.000000000000000000e+00 1.000000000000000000e+00
2.390000000000000000e+02 3.592535383744674249e+01 3.517931778240058804e+01 1.000000000000000000e+00 1.000000000000000000e+00 1.000000000000000000e+00
2.400000000000000000e+02 3.592535383744674249e+01 3.518068141876436528e+01 1.000000000000000000e+00 1.000000000000000000e+00 1.000000000000000000e+00
2.410000000000000000e+02 3.592535383744674249e+01 3.518204505512815672e+01 1.000000000000000000e+00 1.000000000000000000e+00 1.000000000000000000e+00
2.420000000000000000e+02 3.592535383744674249e+01 3.518340869149192685e+01 1.000000000000000000e+00 1.000000000000000000e+00 1.000000000000000000e+00
2.430000000000000000e+02 3.592535383744673538e+01 3.518477232785570408e+01 1.000000000000000000e+00 1.000000000000000000e+00 1.000000000000000000e+00
2.440000000000000000e+02 3.592535383744674249e+01 3.518613596421949552e+01 1.000000000000000000e+00 1.000000000000000000e+00 1.000000000000000000e+00
2.450000000000000000e+02 3.592535383744674249e+01 3.518749960058327275e+01 1.000000000000000000e+00 1.000000000000000000e+00 1.000000000000000000e+00
2.460000000000000000e+02 3.592535383744674249e+01 3.518886323694704998e+01 1.000000000000000000e+00 1.000000000000000000e+00 1.000000000000000000e+00
2.470000000000000000e+02 3.592535383744674249e+01 3.519022687331083432e+01 1.000000000000000000e+00 1.000000000000000000e+00 1.000000000000000000e+00
2.480000000000000000e+02 3.592535383744674249e+01 3.519159050967461866e+01 1.000000000000000000e+00 1.000000000000000000e+00 1.000000000000000000e+00
2.490000000000000000e+02 3.592535383744674249e+01 3.519295414603840300e+01 1.000000000000000000e+00 1.000000000000000000e+00 1.000000000000000000e+00
2.500000000000000000e+02 3.592535383744674249e+01 3.519431778240218733e+01 1.000000000000000000e+00 1.000000000000000000e+00 1.000000000000000000e+00
2.510000000000000000e+02 3.592535383744673538e+01 3.519568141876595746e+01 1.000000000000000000e+00 1.000000000000000000e+00 1.000000000000000000e+00
2.520000000000000000e+02 3.592535383744674249e+01 3.519704505512974180e+01 1.000000000000000000e+00 1.000000000000000000e+00 1.000000000000000000e+00
2.530000000000000000e+02 3.592535383744674249e+01 3.519840869149351903e+01 1.000000000000000000e+00 1.000000000000000000e+00 1.000000000000000000e+00
2.540000000000000000e+02 3.592535383744674249e+01 3.519977232785730337e+01 1.000000000000000000e+00 1.000000000000000000e+00 1.000000000000000000e+00
2.550000000000000000e+02 3.592535383744674249e+01 3.520113596422108770e+01 1.000000000000000000e+00 1.000000000000000000e+00 1.000000000000000000e+00
2.560000000000000000e+02 3.592535383744674249e+01 3.520249960058486494e+01 nan 1.000000000000000000e+00 nan
2.570000000000000000e+02 3.592535383744674249e+01 3.520386323694864217e+01 1.000000000000000000e+00 1.000000000000000000e+00 1.000000000000000000e+00
2.580000000000000000e+02 3.592535383744674249e+01 3.520522687331243361e+01 nan 1.000000000000000000e+00 nan
2.590000000000000000e+02 3.592535383744673538e+01 3.520659050967621084e+01 nan 1.000000000000000000e+00 nan
2.600000000000000000e+02 3.592671747381037051e+01 3.517249960058168767e+01 nan nan nan
2.610000000000000000e+02 3.592671747381037051e+01 3.517386323694545780e+01 nan nan nan
2.620000000000000000e+02 3.592671747381037761e+01 3.517522687330924214e+01 nan nan nan
2.630000000000000000e+02 3.592671747381037051e+01 3.517659050967301937e+01 nan nan nan
2.640000000000000000e+02 3.592671747381037051e+01 3.517795414603681081e+01 nan 1.000000000000000000e+00 nan
2.650000000000000000e+02 3.592671747381036340e+01 3.517931778240058804e+01 1.000000000000000000e+00 1.000000000000000000e+00 1.000000000000000000e+00
2.660000000000000000e+02 3.592671747381037761e+01 3.518068141876437238e+01 1.000000000000000000e+00 1.000000000000000000e+00 1.000000000000000000e+00
2.670000000000000000e+02 3.592671747381037761e+01 3.518204505512814251e+01 1.000000000000000000e+00 1.000000000000000000e+00 1.000000000000000000e+00
2.680000000000000000e+02 3.592671747381037761e+01 3.518340869149192685e+01 1.000000000000000000e+00 1.000000000000000000e+00 1.000000000000000000e+00
2.690000000000000000e+02 3.592671747381037051e+01 3.518477232785571829e+01 1.000000000000000000e+00 1.000000000000000000e+00 1.000000000000000000e+00
2.700000000000000000e+02 3.592671747381037051e+01 3.518613596421949552e+01 1.000000000000000000e+00 1.000000000000000000e+00 1.000000000000000000e+00
2.710000000000000000e+02 3.592671747381037051e+01 3.518749960058327986e+01 1.000000000000000000e+00 1.000000000000000000e+00 1.000000000000000000e+00
2.720000000000000000e+02 3.592671747381037051e+01 3.518886323694705709e+01 1.000000000000000000e+00 1.000000000000000000e+00 1.000000000000000000e+00
2.730000000000000000e+02 3.592671747381037761e+01 3.519022687331083432e+01 1.000000000000000000e+00 1.000000000000000000e+00 1.000000000000000000e+00
2.740000000000000000e+02 3.592671747381037761e+01 3.519159050967461866e+01 1.000000000000000000e+00 1.000000000000000000e+00 1.000000000000000000e+00
2.750000000000000000e+02 3.592671747381037051e+01 3.519295414603840300e+01 1.000000000000000000e+00 1.000000000000000000e+00 1.000000000000000000e+00
2.760000000000000000e+02 3.592671747381037051e+01 3.519431778240217312e+01 1.000000000000000000e+00 1.000000000000000000e+00 1.000000000000000000e+00
2.770000000000000000e+02 3.592671747381037051e+01 3.519568141876596457e+01 1.000000000000000000e+00 1.000000000000000000e+00 1.000000000000000000e+00
2.780000000000000000e+02 3.592671747381037051e+01 3.519704505512972759e+01 1.000000000000000000e+00 1.000000000000000000e+00 1.000000000000000000e+00
2.790000000000000000e+02 3.592671747381037761e+01 3.519840869149351192e+01 1.000000000000000000e+00 1.000000000000000000e+00 1.000000000000000000e+00
2.800000000000000000e+02 3.592671747381037761e+01 3.519977232785730337e+01 1.000000000000000000e+00 1.000000000000000000e+00 1.000000000000000000e+00
2.810000000000000000e+02 3.592671747381037051e+01 3.520113596422108770e+01 1.000000000000000000e+00 1.000000000000000000e+00 1.000000000000000000e+00
2.820000000000000000e+02 3.592671747381037051e+01 3.520249960058486494e+01 1.000000000000000000e+00 1.000000000000000000e+00 1.000000000000000000e+00
2.830000000000000000e+02 3.592671747381037051e+01 3.520386323694864217e+01 nan 1.000000000000000000e+00 nan
2.840000000000000000e+02 3.592671747381037051e+01 3.520522687331241940e+01 nan 1.000000000000000000e+00 nan
2.850000000000000000e+02 3.592671747381037761e+01 3.520659050967620374e+01 nan 1.000000000000000000e+00 nan
2.860000000000000000e+02 3.592808111017400563e+01 3.517249960058168767e+01 nan nan nan
2.870000000000000000e+02 3.592808111017401274e+01 3.517386323694545780e+01 nan nan nan
2.880000000000000000e+02 3.592808111017399852e+01 3.517522687330924214e+01 nan nan nan
2.890000000000000000e+02 3.592808111017401274e+01 3.517659050967301937e+01 nan nan nan
2.900000000000000000e+02 3.592808111017400563e+01 3.517795414603681081e+01 nan nan nan
2.910000000000000000e+02 3.592808111017400563e+01 3.517931778240058804e+01 1.000000000000000000e+00 1.000000000000000000e+00 1.000000000000000000e+00
2.920000000000000000e+02 3.592808111017401274e+01 3.518068141876437238e+01 nan 1.000000000000000000e+00 nan
2.930000000000000000e+02 3.592808111017401274e+01 3.518204505512814251e+01 1.000000000000000000e+00 1.000000000000000000e+00 1.000000000000000000e+00
2.940000000000000000e+02 3.592808111017401274e+01 3.518340869149192685e+01 1.000000000000000000e+00 1.000000000000000000e+00 1.000000000000000000e+00
2.950000000000000000e+02 3.592808111017401274e+01 3.518477232785571829e+01 1.000000000000000000e+00 1.000000000000000000e+00 1.000000000000000000e+00
2.960000000000000000e+02 3.592808111017401274e+01 3.518613596421949552e+01 1.000000000000000000e+00 1.000000000000000000e+00 1.000000000000000000e+00
2.970000000000000000e+02 3.592808111017401274e+01 3.518749960058327986e+01 1.000000000000000000e+00 1.000000000000000000e+00 1.000000000000000000e+00
2.980000000000000000e+02 3.592808111017401274e+01 3.518886323694705709e+01 1.000000000000000000e+00 1.000000000000000000e+00 1.000000000000000000e+00
2.990000000000000000e+02 3.592808111017401274e+01 3.519022687331083432e+01 1.000000000000000000e+00 1.000000000000000000e+00 1.000000000000000000e+00
3.000000000000000000e+02 3.592808111017400563e+01 3.519159050967461866e+01 1.000000000000000000e+00 1.000000000000000000e+00 1.000000000000000000e+00
3.010000000000000000e+02 3.592808111017400563e+01 3.519295414603840300e+01 1.000000000000000000e+00 1.000000000000000000e+00 1.000000000000000000e+00
3.020000000000000000e+02 3.592808111017400563e+01 3.519431778240217312e+01 1.000000000000000000e+00 1.000000000000000000e+00 1.000000000000000000e+00
3.030000000000000000e+02 3.592808111017401274e+01 3.519568141876596457e+01 1.000000000000000000e+00 1.000000000000000000e+00 1.000000000000000000e+00
3.040000000000000000e+02 3.592808111017401274e+01 3.519704505512972759e+01 1.000000000000000000e+00 1.000000000000000000e+00 1.000000000000000000e+00
3.050000000000000000e+02 3.592808111017401274e+01 3.519840869149351192e+01 1.000000000000000000e+00 1.000000000000000000e+00 1.000000000000000000e+00
3.060000000000000000e+02 3.592808111017400563e+01 3.519977232785730337e+01 1.000000000000000000e+00 1.000000000000000000e+00 1.000000000000000000e+00
3.070000000000000000e+02 3.592808111017401274e+01 3.520113596422108770e+01 1.000000000000000000e+00 1.000000000000000000e+00 1.000000000000000000e+00
3.080000000000000000e+02 3.592808111017400563e+01 3.520249960058486494e+01 nan 1.000000000000000000e+00 nan
3.090000000000000000e+02 3.592808111017400563e+01 3.520386323694864217e+01 1.000000000000000000e+00 1.000000000000000000e+00 1.000000000000000000e+00
3.100000000000000000e+02 3.592808111017399852e+01 3.520522687331241940e+01 nan 1.000000000000000000e+00 nan
3.110000000000000000e+02 3.592808111017400563e+01 3.520659050967620374e+01 nan 1.000000000000000000e+00 nan
3.120000000000000000e+02 3.592944474653764786e+01 3.517249960058168767e+01 nan nan nan
3.130000000000000000e+02 3.592944474653764075e+01 3.517386323694545780e+01 nan nan nan
3.140000000000000000e+02 3.592944474653764075e+01 3.517522687330924924e+01 nan nan nan
3.150000000000000000e+02 3.592944474653764075e+01 3.517659050967302647e+01 nan nan nan
3.160000000000000000e+02 3.592944474653764075e+01 3.517795414603681081e+01 nan nan nan
3.170000000000000000e+02 3.592944474653764075e+01 3.517931778240058804e+01 nan nan nan
3.180000000000000000e+02 3.592944474653764075e+01 3.518068141876436528e+01 1.000000000000000000e+00 1.000000000000000000e+00 1.000000000000000000e+00
3.190000000000000000e+02 3.592944474653764075e+01 3.518204505512815672e+01 nan 1.000000000000000000e+00 nan
3.200000000000000000e+02 3.592944474653764786e+01 3.518340869149192685e+01 1.000000000000000000e+00 1.000000000000000000e+00 1.000000000000000000e+00
3.210000000000000000e+02 3.592944474653764075e+01 3.518477232785570408e+01 1.000000000000000000e+00 1.000000000000000000e+00 1.000000000000000000e+00
3.220000000000000000e+02 3.592944474653763365e+01 3.518613596421949552e+01 1.000000000000000000e+00 1.000000000000000000e+00 1.000000000000000000e+00
3.230000000000000000e+02 3.592944474653764075e+01 3.518749960058327275e+01 1.000000000000000000e+00 1.000000000000000000e+00 1.000000000000000000e+00
3.240000000000000000e+02 3.592944474653764786e+01 3.518886323694704998e+01 1.000000000000000000e+00 1.000000000000000000e+00 1.000000000000000000e+00
3.250000000000000000e+02 3.592944474653764075e+01 3.519022687331083432e+01 1.000000000000000000e+00 1.000000000000000000e+00 1.000000000000000000e+00
3.260000000000000000e+02 3.592944474653764075e+01 3.519159050967461866e+01 1.000000000000000000e+00 1.000000000000000000e+00 1.000000000000000000e+00
3.270000000000000000e+02 3.592944474653764075e+01 3.519295414603840300e+01 1.000000000000000000e+00 1.000000000000000000e+00 1.000000000000000000e+00
3.280000000000000000e+02 3.592944474653764075e+01 3.519431778240218733e+01 1.000000000000000000e+00 1.000000000000000000e+00 1.000000000000000000e+00
3.290000000000000000e+02 3.592944474653764075e+01 3.519568141876595746e+01 1.000000000000000000e+00 1.000000000000000000e+00 1.000000000000000000e+00
3.300000000000000000e+02 3.592944474653764075e+01 3.519704505512974180e+01 1.000000000000000000e+00 1.000000000000000000e+00 1.000000000000000000e+00
3.310000000000000000e+02 3.592944474653764786e+01 3.519840869149351903e+01 1.000000000000000000e+00 1.000000000000000000e+00 1.000000000000000000e+00
3.320000000000000000e+02 3.592944474653764075e+01 3.519977232785730337e+01 1.000000000000000000e+00 1.000000000000000000e+00 1.000000000000000000e+00
3.330000000000000000e+02 3.592944474653764786e+01 3.520113596422108770e+01 1.000000000000000000e+00 1.000000000000000000e+00 1.000000000000000000e+00
3.340000000000000000e+02 3.592944474653764075e+01 3.520249960058486494e+01 nan 1.000000000000000000e+00 nan
3.350000000000000000e+02 3.592944474653764075e+01 3.520386323694864217e+01 1.000000000000000000e+00 1.000000000000000000e+00 1.000000000000000000e+00
3.360000000000000000e+02 3.592944474653764786e+01 3.520522687331243361e+01 1.000000000000000000e+00 1.000000000000000000e+00 1.000000000000000000e+00
3.370000000000000000e+02 3.592944474653764075e+01 3.520659050967621084e+01 nan 1.000000000000000000e+00 nan
3.380000000000000000e+02 3.593080838290127588e+01 3.517249960058168767e+01 nan nan nan
3.390000000000000000e+02 3.593080838290127588e+01 3.517386323694545780e+01 nan nan nan
3.400000000000000000e+02 3.593080838290127588e+01 3.517522687330924214e+01 nan nan nan
3.410000000000000000e+02 3.593080838290128298e+01 3.517659050967301937e+01 nan nan nan
3.420000000000000000e+02 3.593080838290126877e+01 3.517795414603681081e+01 nan nan nan
3.430000000000000000e+02 3.593080838290126877e+01 3.517931778240058804e+01 nan nan nan
3.440000000000000000e+02 3.593080838290128298e+01 3.518068141876437238e+01 nan 1.000000000000000000e+00 nan
3.450000000000000000e+02 3.593080838290126877e+01 3.518204505512814251e+01 nan 1.000000000000000000e+00 nan
3.460000000000000000e+02 3.593080838290126877e+01 3.518340869149192685e+01 nan 1.000000000000000000e+00 nan
3.470000000000000000e+02 3.593080838290127588e+01 3.518477232785571829e+01 1.000000000000000000e+00 1.000000000000000000e+00 1.000000000000000000e+00
3.480000000000000000e+02 3.593080838290126877e+01 3.518613596421949552e+01 1.000000000000000000e+00 1.000000000000000000e+00 1.000000000000000000e+00
3.490000000000000000e+02 3.593080838290126877e+01 3.518749960058327986e+01 1.000000000000000000e+00 1.000000000000000000e+00 1.000000000000000000e+00
3.500000000000000000e+02 3.593080838290127588e+01 3.518886323694705709e+01 1.000000000000000000e+00 1.000000000000000000e+00 1.000000000000000000e+00
3.510000000000000000e+02 3.593080838290126877e+01 3.519022687331083432e+01 1.000000000000000000e+00 1.000000000000000000e+00 1.000000000000000000e+00
3.520000000000000000e+02 3.593080838290127588e+01 3.519159050967461866e+01 1.000000000000000000e+00 1.000000000000000000e+00 1.000000000000000000e+00
3.530000000000000000e+02 3.593080838290128298e+01 3.519295414603840300e+01 1.000000000000000000e+00 1.000000000000000000e+00 1.000000000000000000e+00
3.540000000000000000e+02 3.593080838290127588e+01 3.519431778240217312e+01 1.000000000000000000e+00 1.000000000000000000e+00 1.000000000000000000e+00
3.550000000000000000e+02 3.593080838290127588e+01 3.519568141876596457e+01 1.000000000000000000e+00 1.000000000000000000e+00 1.000000000000000000e+00
3.560000000000000000e+02 3.593080838290127588e+01 3.519704505512972759e+01 1.000000000000000000e+00 1.000000000000000000e+00 1.000000000000000000e+00
3.570000000000000000e+02 3.593080838290127588e+01 3.519840869149351192e+01 1.000000000000000000e+00 1.000000000000000000e+00 1.000000000000000000e+00
3.580000000000000000e+02 3.593080838290127588e+01 3.519977232785730337e+01 1.000000000000000000e+00 1.000000000000000000e+00 1.000000000000000000e+00
3.590000000000000000e+02 3.593080838290126877e+01 3.520113596422108770e+01 1.000000000000000000e+00 1.000000000000000000e+00 1.000000000000000000e+00
3.600000000000000000e+02 3.593080838290126877e+01 3.520249960058486494e+01 1.000000000000000000e+00 1.000000000000000000e+00 1.000000000000000000e+00
3.610000000000000000e+02 3.593080838290127588e+01 3.520386323694864217e+01 1.000000000000000000e+00 1.000000000000000000e+00 1.000000000000000000e+00
3.620000000000000000e+02 3.593080838290126877e+01 3.520522687331241940e+01 nan 1.000000000000000000e+00 nan
3.630000000000000000e+02 3.593080838290127588e+01 3.520659050967620374e+01 nan 1.000000000000000000e+00 nan
3.640000000000000000e+02 3.593217201926491811e+01 3.517249960058168767e+01 nan nan nan
3.650000000000000000e+02 3.593217201926491811e+01 3.517386323694545780e+01 nan nan nan
3.660000000000000000e+02 3.593217201926491100e+01 3.517522687330924924e+01 nan nan nan
3.670000000000000000e+02 3.593217201926491100e+01 3.517659050967302647e+01 nan nan nan
3.680000000000000000e+02 3.593217201926491811e+01 3.517795414603681081e+01 nan nan nan
3.690000000000000000e+02 3.593217201926491811e+01 3.517931778240058804e+01 nan nan nan
3.700000000000000000e+02 3.593217201926491811e+01 3.518068141876436528e+01 nan nan nan
3.710000000000000000e+02 3.593217201926491811e+01 3.518204505512815672e+01 nan 1.000000000000000000e+00 nan
3.720000000000000000e+02 3.593217201926491811e+01 3.518340869149192685e+01 1.000000000000000000e+00 1.000000000000000000e+00 1.000000000000000000e+00
3.730000000000000000e+02 3.593217201926491811e+01 3.518477232785570408e+01 1.000000000000000000e+00 1.000000000000000000e+00 1.000000000000000000e+00
3.740000000000000000e+02 3.593217201926491811e+01 3.518613596421949552e+01 1.000000000000000000e+00 1.000000000000000000e+00 1.000000000000000000e+00
3.750000000000000000e+02 3.593217201926491811e+01 3.518749960058327275e+01 1.000000000000000000e+00 1.000000000000000000e+00 1.000000000000000000e+00
3.760000000000000000e+02 3.593217201926491811e+01 3.518886323694704998e+01 1.000000000000000000e+00 1.000000000000000000e+00 1.000000000000000000e+00
3.770000000000000000e+02 3.593217201926491811e+01 3.519022687331083432e+01 1.000000000000000000e+00 1.000000000000000000e+00 1.000000000000000000e+00
3.780000000000000000e+02 3.593217201926491811e+01 3.519159050967461866e+01 1.000000000000000000e+00 1.000000000000000000e+00 1.000000000000000000e+00
3.790000000000000000e+02 3.593217201926491811e+01 3.519295414603840300e+01 1.000000000000000000e+00 1.000000000000000000e+00 1.000000000000000000e+00
3.800000000000000000e+02 3.593217201926491811e+01 3.519431778240218733e+01 1.000000000000000000e+00 1.000000000000000000e+00 1.000000000000000000e+00
3.810000000000000000e+02 3.593217201926491811e+01 3.519568141876595746e+01 1.000000000000000000e+00 nan nan
3.820000000000000000e+02 3.593217201926491811e+01 3.519704505512974180e+01 1.000000000000000000e+00 1.000000000000000000e+00 1.000000000000000000e+00
3.830000000000000000e+02 3.593217201926491811e+01 3.519840869149351903e+01 1.000000000000000000e+00 1.000000000000000000e+00 1.000000000000000000e+00
3.840000000000000000e+02 3.593217201926491100e+01 3.519977232785730337e+01 1.000000000000000000e+00 1.000000000000000000e+00 1.000000000000000000e+00
3.850000000000000000e+02 3.593217201926491100e+01 3.520113596422108770e+01 1.000000000000000000e+00 1.000000000000000000e+00 1.000000000000000000e+00
3.860000000000000000e+02 3.593217201926491100e+01 3.520249960058486494e+01 1.000000000000000000e+00 1.000000000000000000e+00 1.000000000000000000e+00
3.870000000000000000e+02 3.593217201926492521e+01 3.520386323694864217e+01 1.000000000000000000e+00 1.000000000000000000e+00 1.000000000000000000e+00
3.880000000000000000e+02 3.593217201926491811e+01 3.520522687331243361e+01 1.000000000000000000e+00 1.000000000000000000e+00 1.000000000000000000e+00
3.890000000000000000e+02 3.593217201926491811e+01 3.520659050967621084e+01 nan 1.000000000000000000e+00 nan
3.900000000000000000e+02 3.593353565562855323e+01 3.517249960058168767e+01 nan nan nan
3.910000000000000000e+02 3.593353565562855323e+01 3.517386323694545780e+01 nan nan nan
3.920000000000000000e+02 3.593353565562855323e+01 3.517522687330924924e+01 nan nan nan
3.930000000000000000e+02 3.593353565562855323e+01 3.517659050967302647e+01 nan nan nan
3.940000000000000000e+02 3.593353565562855323e+01 3.517795414603681081e+01 nan nan nan
3.950000000000000000e+02 3.593353565562855323e+01 3.517931778240058804e+01 nan nan nan
3.960000000000000000e+02 3.593353565562855323e+01 3.518068141876436528e+01 nan nan nan
3.970000000000000000e+02 3.593353565562855323e+01 3.518204505512815672e+01 nan nan nan
3.980000000000000000e+02 3.593353565562855323e+01 3.518340869149192685e+01 1.000000000000000000e+00 1.000000000000000000e+00 1.000000000000000000e+00
3.990000000000000000e+02 3.593353565562855323e+01 3.518477232785570408e+01 1.000000000000000000e+00 1.000000000000000000e+00 1.000000000000000000e+00
4.000000000000000000e+02 3.593353565562855323e+01 3.518613596421949552e+01 1.000000000000000000e+00 1.000000000000000000e+00 1.000000000000000000e+00
4.010000000000000000e+02 3.593353565562855323e+01 3.518749960058327275e+01 1.000000000000000000e+00 1.000000000000000000e+00 1.000000000000000000e+00
4.020000000000000000e+02 3.593353565562855323e+01 3.518886323694704998e+01 1.000000000000000000e+00 nan nan
4.030000000000000000e+02 3.593353565562855323e+01 3.519022687331083432e+01 1.000000000000000000e+00 nan nan
4.040000000000000000e+02 3.593353565562855323e+01 3.519159050967461866e+01 1.000000000000000000e+00 1.000000000000000000e+00 1.000000000000000000e+00
4.050000000000000000e+02 3.593353565562855323e+01 3.519295414603840300e+01 1.000000000000000000e+00 1.000000000000000000e+00 1.000000000000000000e+00
4.060000000000000000e+02 3.593353565562855323e+01 3.519431778240218733e+01 1.000000000000000000e+00 nan nan
4.070000000000000000e+02 3.593353565562855323e+01 3.519568141876595746e+01 1.000000000000000000e+00 1.000000000000000000e+00 1.000000000000000000e+00
4.080000000000000000e+02 3.593353565562855323e+01 3.519704505512974180e+01 1.000000000000000000e+00 1.000000000000000000e+00 1.000000000000000000e+00
4.090000000000000000e+02 3.593353565562855323e+01 3.519840869149351903e+01 1.000000000000000000e+00 1.000000000000000000e+00 1.000000000000000000e+00
4.100000000000000000e+02 3.593353565562855323e+01 3.519977232785730337e+01 1.000000000000000000e+00 nan nan
4.110000000000000000e+02 3.593353565562855323e+01 3.520113596422108770e+01 nan nan nan
4.120000000000000000e+02 3.593353565562855323e+01 3.520249960058486494e+01 1.000000000000000000e+00 1.000000000000000000e+00 1.000000000000000000e+00
4.130000000000000000e+02 3.593353565562855323e+01 3.520386323694864217e+01 1.000000000000000000e+00 1.000000000000000000e+00 1.000000000000000000e+00
4.140000000000000000e+02 3.593353565562855323e+01 3.520522687331243361e+01 1.000000000000000000e+00 1.000000000000000000e+00 1.000000000000000000e+00
4.150000000000000000e+02 3.593353565562855323e+01 3.520659050967621084e+01 1.000000000000000000e+00 1.000000000000000000e+00 1.000000000000000000e+00
4.160000000000000000e+02 3.593489929199218835e+01 3.517249960058168767e+01 nan nan nan
4.170000000000000000e+02 3.593489929199218835e+01 3.517386323694545780e+01 nan nan nan
4.180000000000000000e+02 3.593489929199218835e+01 3.517522687330924214e+01 nan nan nan
4.190000000000000000e+02 3.593489929199219546e+01 3.517659050967301937e+01 nan nan nan
4.200000000000000000e+02 3.593489929199219546e+01 3.517795414603681081e+01 nan nan nan
4.210000000000000000e+02 3.593489929199218835e+01 3.517931778240058804e+01 nan nan nan
4.220000000000000000e+02 3.593489929199218835e+01 3.518068141876437238e+01 nan nan nan
4.230000000000000000e+02 3.593489929199218835e+01 3.518204505512814251e+01 nan nan nan
4.240000000000000000e+02 3.593489929199218835e+01 3.518340869149192685e+01 nan nan nan
4.250000000000000000e+02 3.593489929199218835e+01 3.518477232785571829e+01 1.000000000000000000e+00 nan nan
4.260000000000000000e+02 3.593489929199218835e+01 3.518613596421949552e+01 1.000000000000000000e+00 nan nan
4.270000000000000000e+02 3.593489929199218835e+01 3.518749960058327986e+01 1.000000000000000000e+00 nan nan
4.280000000000000000e+02 3.593489929199218835e+01 3.518886323694705709e+01 1.000000000000000000e+00 nan nan
4.290000000000000000e+02 3.593489929199218835e+01 3.519022687331083432e+01 1.000000000000000000e+00 nan nan
4.300000000000000000e+02 3.593489929199218835e+01 3.519159050967461866e+01 1.000000000000000000e+00 nan nan
4.310000000000000000e+02 3.593489929199218835e+01 3.519295414603840300e+01 1.000000000000000000e+00 nan nan
4.320000000000000000e+02 3.593489929199218835e+01 3.519431778240217312e+01 1.000000000000000000e+00 nan nan
4.330000000000000000e+02 3.593489929199218835e+01 3.519568141876596457e+01 1.000000000000000000e+00 nan nan
4.340000000000000000e+02 3.593489929199218835e+01 3.519704505512972759e+01 1.000000000000000000e+00 1.000000000000000000e+00 1.000000000000000000e+00
4.350000000000000000e+02 3.593489929199218835e+01 3.519840869149351192e+01 1.000000000000000000e+00 nan nan
4.360000000000000000e+02 3.593489929199218835e+01 3.519977232785730337e+01 1.000000000000000000e+00 1.000000000000000000e+00 1.000000000000000000e+00
4.370000000000000000e+02 3.593489929199218835e+01 3.520113596422108770e+01 1.000000000000000000e+00 1.000000000000000000e+00 1.000000000000000000e+00
4.380000000000000000e+02 3.593489929199219546e+01 3.520249960058486494e+01 nan 1.000000000000000000e+00 nan
4.390000000000000000e+02 3.593489929199218835e+01 3.520386323694864217e+01 nan 1.000000000000000000e+00 nan
4.400000000000000000e+02 3.593489929199218835e+01 3.520522687331241940e+01 1.000000000000000000e+00 1.000000000000000000e+00 1.000000000000000000e+00
4.410000000000000000e+02 3.593489929199218835e+01 3.520659050967620374e+01 nan 1.000000000000000000e+00 nan
4.420000000000000000e+02 3.593626292835583058e+01 3.517249960058168767e+01 nan nan nan
4.430000000000000000e+02 3.593626292835583058e+01 3.517386323694545780e+01 nan nan nan
4.440000000000000000e+02 3.593626292835583058e+01 3.517522687330924924e+01 nan nan nan
4.450000000000000000e+02 3.593626292835582348e+01 3.517659050967302647e+01 nan nan nan
4.460000000000000000e+02 3.593626292835583058e+01 3.517795414603681081e+01 nan nan nan
4.470000000000000000e+02 3.593626292835583058e+01 3.517931778240058804e+01 nan nan nan
4.480000000000000000e+02 3.593626292835583058e+01 3.518068141876436528e+01 nan nan nan
4.490000000000000000e+02 3.593626292835583058e+01 3.518204505512815672e+01 nan nan nan
4.500000000000000000e+02 3.593626292835582348e+01 3.518340869149192685e+01 1.000000000000000000e+00 nan nan
4.510000000000000000e+02 3.593626292835582348e+01 3.518477232785570408e+01 1.000000000000000000e+00 nan nan
4.520000000000000000e+02 3.593626292835583058e+01 3.518613596421949552e+01 1.000000000000000000e+00 nan nan
4.530000000000000000e+02 3.593626292835583058e+01 3.518749960058327275e+01 1.000000000000000000e+00 nan nan
4.540000000000000000e+02 3.593626292835583058e+01 3.518886323694704998e+01 1.000000000000000000e+00 nan nan
4.550000000000000000e+02 3.593626292835583058e+01 3.519022687331083432e+01 1.000000000000000000e+00 nan nan
4.560000000000000000e+02 3.593626292835583058e+01 3.519159050967461866e+01 1.000000000000000000e+00 nan nan
4.570000000000000000e+02 3.593626292835583058e+01 3.519295414603840300e+01 1.000000000000000000e+00 nan nan
4.580000000000000000e+02 3.593626292835583058e+01 3.519431778240218733e+01 1.000000000000000000e+00 nan nan
4.590000000000000000e+02 3.593626292835583058e+01 3.519568141876595746e+01 1.000000000000000000e+00 nan nan
4.600000000000000000e+02 3.593626292835582348e+01 3.519704505512974180e+01 1.000000000000000000e+00 nan nan
4.610000000000000000e+02 3.593626292835582348e+01 3.519840869149351903e+01 1.000000000000000000e+00 nan nan
4.620000000000000000e+02 3.593626292835581637e+01 3.519977232785730337e+01 1.000000000000000000e+00 1.000000000000000000e+00 1.000000000000000000e+00
4.630000000000000000e+02 3.593626292835583058e+01 3.520113596422108770e+01 nan 1.000000000000000000e+00 nan
4.640000000000000000e+02 3.593626292835582348e+01 3.520249960058486494e+01 1.000000000000000000e+00 1.000000000000000000e+00 1.000000000000000000e+00
4.650000000000000000e+02 3.593626292835582348e+01 3.520386323694864217e+01 nan 1.000000000000000000e+00 nan
4.660000000000000000e+02 3.593626292835582348e+01 3.520522687331243361e+01 nan 1.000000000000000000e+00 nan
4.670000000000000000e+02 3.593626292835583058e+01 3.520659050967621084e+01 nan 1.000000000000000000e+00 nan
4.680000000000000000e+02 3.593762656471945860e+01 3.517249960058168767e+01 nan nan nan
4.690000000000000000e+02 3.593762656471945860e+01 3.517386323694545780e+01 nan nan nan
4.700000000000000000e+02 3.593762656471945860e+01 3.517522687330924214e+01 nan nan nan
4.710000000000000000e+02 3.593762656471945860e+01 3.517659050967301937e+01 nan nan nan
4.720000000000000000e+02 3.593762656471945860e+01 3.517795414603681081e+01 nan nan nan
4.730000000000000000e+02 3.593762656471945860e+01 3.517931778240058804e+01 nan nan nan
4.740000000000000000e+02 3.593762656471945860e+01 3.518068141876437238e+01 nan nan nan
4.750000000000000000e+02 3.593762656471945860e+01 3.518204505512814251e+01 nan nan nan
4.760000000000000000e+02 3.593762656471945860e+01 3.518340869149192685e+01 nan nan nan
4.770000000000000000e+02 3.593762656471946570e+01 3.518477232785571829e+01 nan nan nan
4.780000000000000000e+02 3.593762656471945860e+01 3.518613596421949552e+01 nan nan nan
4.790000000000000000e+02 3.593762656471945860e+01 3.518749960058327986e+01 1.000000000000000000e+00 nan nan
4.800000000000000000e+02 3.593762656471945860e+01 3.518886323694705709e+01 1.000000000000000000e+00 nan nan
4.810000000000000000e+02 3.593762656471946570e+01 3.519022687331083432e+01 1.000000000000000000e+00 nan nan
4.820000000000000000e+02 3.593762656471945860e+01 3.519159050967461866e+01 1.000000000000000000e+00 nan nan
4.830000000000000000e+02 3.593762656471945860e+01 3.519295414603840300e+01 1.000000000000000000e+00 nan nan
4.840000000000000000e+02 3.593762656471946570e+01 3.519431778240217312e+01 1.000000000000000000e+00 nan nan
4.850000000000000000e+02 3.593762656471945860e+01 3.519568141876596457e+01 1.000000000000000000e+00 nan nan
4.860000000000000000e+02 3.593762656471946570e+01 3.519704505512972759e+01 1.000000000000000000e+00 1.000000000000000000e+00 1.000000000000000000e+00
4.870000000000000000e+02 3.593762656471946570e+01 3.519840869149351192e+01 1.000000000000000000e+00 1.000000000000000000e+00 1.000000000000000000e+00
4.880000000000000000e+02 3.593762656471945860e+01 3.519977232785730337e+01 nan 1.000000000000000000e+00 nan
4.890000000000000000e+02 3.593762656471946570e+01 3.520113596422108770e+01 nan 1.000000000000000000e+00 nan
4.900000000000000000e+02 3.593762656471945860e+01 3.520249960058486494e+01 nan 1.000000000000000000e+00 nan
4.910000000000000000e+02 3.593762656471945860e+01 3.520386323694864217e+01 nan 1.000000000000000000e+00 nan
4.920000000000000000e+02 3.593762656471946570e+01 3.520522687331241940e+01 nan 1.000000000000000000e+00 nan
4.930000000000000000e+02 3.593762656471945860e+01 3.520659050967620374e+01 nan 1.000000000000000000e+00 nan
4.940000000000000000e+02 3.593899020108310083e+01 3.517249960058168767e+01 nan nan nan
4.950000000000000000e+02 3.593899020108308662e+01 3.517386323694545780e+01 nan nan nan
4.960000000000000000e+02 3.593899020108310083e+01 3.517522687330924214e+01 nan nan nan
4.970000000000000000e+02 3.593899020108310083e+01 3.517659050967301937e+01 nan nan nan
4.980000000000000000e+02 3.593899020108310083e+01 3.517795414603681081e+01 nan nan nan
4.990000000000000000e+02 3.593899020108309372e+01 3.517931778240058804e+01 nan nan nan
5.000000000000000000e+02 3.593899020108309372e+01 3.518068141876437238e+01 nan nan nan
5.010000000000000000e+02 3.593899020108309372e+01 3.518204505512814251e+01 nan nan nan
5.020000000000000000e+02 3.593899020108309372e+01 3.518340869149192685e+01 nan nan nan
5.030000000000000000e+02 3.593899020108310083e+01 3.518477232785571829e+01 nan nan nan
5.040000000000000000e+02 3.593899020108309372e+01 3.518613596421949552e+01 1.000000000000000000e+00 nan nan
5.050000000000000000e+02 3.593899020108309372e+01 3.518749960058327986e+01 1.000000000000000000e+00 nan nan
5.060000000000000000e+02 3.593899020108310083e+01 3.518886323694705709e+01 nan nan nan
5.070000000000000000e+02 3.593899020108310083e+01 3.519022687331083432e+01 1.000000000000000000e+00 nan nan
5.080000000000000000e+02 3.593899020108309372e+01 3.519159050967461866e+01 1.000000000000000000e+00 nan nan
5.090000000000000000e+02 3.593899020108310083e+01 3.519295414603840300e+01 nan nan nan
5.100000000000000000e+02 3.593899020108309372e+01 3.519431778240217312e+01 nan nan nan
5.110000000000000000e+02 3.593899020108309372e+01 3.519568141876596457e+01 1.000000000000000000e+00 nan nan
5.120000000000000000e+02 3.593899020108309372e+01 3.519704505512972759e+01 1.000000000000000000e+00 1.000000000000000000e+00 1.000000000000000000e+00
5.130000000000000000e+02 3.593899020108310083e+01 3.519840869149351192e+01 1.000000000000000000e+00 1.000000000000000000e+00 1.000000000000000000e+00
5.140000000000000000e+02 3.593899020108309372e+01 3.519977232785730337e+01 nan 1.000000000000000000e+00 nan
5.150000000000000000e+02 3.593899020108310083e+01 3.520113596422108770e+01 nan 1.000000000000000000e+00 nan
5.160000000000000000e+02 3.593899020108310083e+01 3.520249960058486494e+01 nan 1.000000000000000000e+00 nan
5.170000000000000000e+02 3.593899020108310083e+01 3.520386323694864217e+01 1.000000000000000000e+00 1.000000000000000000e+00 1.000000000000000000e+00
5.180000000000000000e+02 3.593899020108308662e+01 3.520522687331241940e+01 nan 1.000000000000000000e+00 nan
5.190000000000000000e+02 3.593899020108310083e+01 3.520659050967620374e+01 nan 1.000000000000000000e+00 nan
5.200000000000000000e+02 3.594035383744673595e+01 3.517249960058168767e+01 nan nan nan
5.210000000000000000e+02 3.594035383744673595e+01 3.517386323694545780e+01 nan nan nan
5.220000000000000000e+02 3.594035383744673595e+01 3.517522687330924214e+01 nan nan nan
5.230000000000000000e+02 3.594035383744673595e+01 3.517659050967303358e+01 nan nan nan
5.240000000000000000e+02 3.594035383744673595e+01 3.517795414603681792e+01 nan nan nan
5.250000000000000000e+02 3.594035383744673595e+01 3.517931778240058804e+01 nan nan nan
5.260000000000000000e+02 3.594035383744673595e+01 3.518068141876437238e+01 nan nan nan
5.270000000000000000e+02 3.594035383744673595e+01 3.518204505512814961e+01 nan nan nan
5.280000000000000000e+02 3.594035383744672885e+01 3.518340869149192685e+01 nan nan nan
5.290000000000000000e+02 3.594035383744673595e+01 3.518477232785571829e+01 nan nan nan
5.300000000000000000e+02 3.594035383744673595e+01 3.518613596421949552e+01 nan nan nan
5.310000000000000000e+02 3.594035383744673595e+01 3.518749960058327275e+01 nan nan nan
5.320000000000000000e+02 3.594035383744673595e+01 3.518886323694705709e+01 1.000000000000000000e+00 nan nan
5.330000000000000000e+02 3.594035383744673595e+01 3.519022687331083432e+01 1.000000000000000000e+00 nan nan
5.340000000000000000e+02 3.594035383744673595e+01 3.519159050967461155e+01 nan nan nan
5.350000000000000000e+02 3.594035383744672885e+01 3.519295414603840300e+01 nan nan nan
5.360000000000000000e+02 3.594035383744673595e+01 3.519431778240218733e+01 1.000000000000000000e+00 nan nan
5.370000000000000000e+02 3.594035383744673595e+01 3.519568141876596457e+01 nan nan nan
5.380000000000000000e+02 3.594035383744673595e+01 3.519704505512972759e+01 nan 1.000000000000000000e+00 nan
5.390000000000000000e+02 3.594035383744673595e+01 3.519840869149351903e+01 nan 1.000000000000000000e+00 nan
5.400000000000000000e+02 3.594035383744672885e+01 3.519977232785730337e+01 nan 1.000000000000000000e+00 nan
5.410000000000000000e+02 3.594035383744673595e+01 3.520113596422108770e+01 nan 1.000000000000000000e+00 nan
5.420000000000000000e+02 3.594035383744673595e+01 3.520249960058486494e+01 nan 1.000000000000000000e+00 nan
5.430000000000000000e+02 3.594035383744673595e+01 3.520386323694864217e+01 nan 1.000000000000000000e+00 nan
5.440000000000000000e+02 3.594035383744673595e+01 3.520522687331243361e+01 nan nan nan
5.450000000000000000e+02 3.594035383744673595e+01 3.520659050967621084e+01 nan 1.000000000000000000e+00 nan
