1.000000000000000000e+00 7.272111148763131805e-01
3.000000000000000000e+00 7.766793614780000965e-01
5.000000000000000000e+00 8.057512651134097759e-01
7.000000000000000000e+00 8.284719723114531975e-01
9.000000000000000000e+00 8.491267644321220942e-01
1.100000000000000000e+01 8.681241465942145519e-01
1.300000000000000000e+01 8.849847981441989475e-01
1.500000000000000000e+01 8.996758304887513269e-01
1.700000000000000000e+01 9.125469551089525622e-01
1.900000000000000000e+01 9.235735631590894501e-01
2.100000000000000000e+01 9.329410759771137318e-01
2.300000000000000000e+01 9.408263063311058660e-01
2.500000000000000000e+01 9.474409462613638810e-01
2.700000000000000000e+01 9.529166197236944580e-01
2.900000000000000000e+01 9.574283725837123837e-01
3.100000000000000000e+01 9.610917121412057007e-01
3.300000000000000000e+01 9.641116215671432510e-01
3.500000000000000000e+01 9.666544107993518820e-01
3.700000000000000000e+01 9.688773239397356907e-01
3.900000000000000000e+01 9.708822807842808489e-01
4.100000000000000000e+01 9.727462147324106301e-01
4.300000000000000000e+01 9.744713004589024008e-01
4.500000000000000000e+01 9.760125280063807196e-01
4.700000000000000000e+01 9.773451310013484550e-01
4.900000000000000000e+01 9.784794694268658111e-01
5.100000000000000000e+01 9.794423721774937475e-01
5.300000000000000000e+01 9.802682847636328134e-01
5.500000000000000000e+01 9.809690353885684999e-01
5.700000000000000000e+01 9.815598325318809492e-01
5.900000000000000000e+01 9.820531906365714825e-01
6.100000000000000000e+01 9.824864113585559666e-01
6.300000000000000000e+01 9.828897219995917922e-01
6.500000000000000000e+01 9.832721084460164240e-01
6.700000000000000000e+01 9.836549485007182181e-01
6.900000000000000000e+01 9.840167285417650289e-01
7.100000000000000000e+01 9.843614635243781441e-01
7.300000000000000000e+01 9.846475130711588308e-01
7.500000000000000000e+01 9.848788302683877394e-01
7.700000000000000000e+01 9.850588278652048224e-01
7.900000000000000000e+01 9.851651378642923840e-01
8.100000000000000000e+01 9.851892105300898983e-01
8.300000000000000000e+01 9.851248958593070704e-01
8.500000000000000000e+01 9.849859565267538031e-01
8.700000000000000000e+01 9.847924985125556807e-01
8.900000000000000000e+01 9.845612610664705722e-01
9.100000000000000000e+01 9.843317379199549855e-01
9.300000000000000000e+01 9.841459729503041487e-01
9.500000000000000000e+01 9.840336179432118691e-01
9.700000000000000000e+01 9.839236754505461535e-01
9.900000000000000000e+01 9.838163360179599248e-01
1.010000000000000000e+02 9.837604744586653238e-01
1.030000000000000000e+02 9.837604744586651018e-01
1.050000000000000000e+02 9.837604744586654348e-01
1.070000000000000000e+02 9.837604744586651018e-01
1.090000000000000000e+02 9.837604744586653238e-01
1.110000000000000000e+02 9.837604744586656569e-01
1.130000000000000000e+02 9.837604744586652128e-01
1.150000000000000000e+02 9.837604744586656569e-01
1.170000000000000000e+02 9.837604744586651018e-01
1.190000000000000000e+02 9.837604744586652128e-01
1.210000000000000000e+02 9.837604744586652128e-01
1.230000000000000000e+02 9.837604744586653238e-01
1.250000000000000000e+02 9.837604744586656569e-01
1.270000000000000000e+02 9.837604744586654348e-01
1.290000000000000000e+02 9.837604744586655459e-01
1.310000000000000000e+02 9.837604744586656569e-01
1.330000000000000000e+02 9.837604744586651018e-01
1.350000000000000000e+02 9.837604744586656569e-01
1.370000000000000000e+02 9.837604744586655459e-01
1.390000000000000000e+02 9.837604744586654348e-01
1.410000000000000000e+02 9.837604744586651018e-01
1.430000000000000000e+02 9.837604744586653238e-01
1.450000000000000000e+02 9.837604744586657679e-01
1.470000000000000000e+02 9.837604744586654348e-01
1.490000000000000000e+02 9.837604744586657679e-01
