1.000000000000000000e+00 2.028418995298719718e-02
3.000000000000000000e+00 2.088145076277769796e-02
5.000000000000000000e+00 2.126645919728586964e-02
7.000000000000000000e+00 2.162408049604436222e-02
9.000000000000000000e+00 2.191771164904243729e-02
1.100000000000000000e+01 2.213218515828929700e-02
1.300000000000000000e+01 2.228834266569013067e-02
1.500000000000000000e+01 2.241498344498693562e-02
1.700000000000000000e+01 2.251962600008050597e-02
1.900000000000000000e+01 2.260549509137732560e-02
2.100000000000000000e+01 2.267706988962492343e-02
2.300000000000000000e+01 2.273907595418223071e-02
2.500000000000000000e+01 2.278917127311685942e-02
2.700000000000000000e+01 2.283133715250273976e-02
2.900000000000000000e+01 2.286896660491311017e-02
3.100000000000000000e+01 2.290391762288301880e-02
3.300000000000000000e+01 2.293167935580842087e-02
3.500000000000000000e+01 2.295232725048945710e-02
3.700000000000000000e+01 2.296631643125157662e-02
3.900000000000000000e+01 2.297471007645135455e-02
4.100000000000000000e+01 2.297853459038579071e-02
4.300000000000000000e+01 2.298114487695612773e-02
4.500000000000000000e+01 2.298315674367790162e-02
4.700000000000000000e+01 2.298504608933615856e-02
4.900000000000000000e+01 2.298683338191520598e-02
5.100000000000000000e+01 2.298708364965806883e-02
5.300000000000000000e+01 2.298598521806749506e-02
5.500000000000000000e+01 2.298495446584292168e-02
5.700000000000000000e+01 2.298507647095515694e-02
5.900000000000000000e+01 2.298601989908144461e-02
6.100000000000000000e+01 2.298640997463319291e-02
6.300000000000000000e+01 2.298418456340989291e-02
6.500000000000000000e+01 2.297900109256256762e-02
6.700000000000000000e+01 2.297103897771179959e-02
6.900000000000000000e+01 2.296011113843132723e-02
7.100000000000000000e+01 2.294772447867765575e-02
7.300000000000000000e+01 2.293214470961102425e-02
7.500000000000000000e+01 2.291353950276020512e-02
7.700000000000000000e+01 2.289131667008925675e-02
7.900000000000000000e+01 2.286523266060580539e-02
8.100000000000000000e+01 2.283641007462489103e-02
8.300000000000000000e+01 2.280483481067430152e-02
8.500000000000000000e+01 2.277087716031611642e-02
8.700000000000000000e+01 2.273451582921459657e-02
8.900000000000000000e+01 2.269514624841628692e-02
9.100000000000000000e+01 2.265297750046302294e-02
9.300000000000000000e+01 2.260671427622573670e-02
9.500000000000000000e+01 2.255653127664836166e-02
9.700000000000000000e+01 2.250274781188821294e-02
9.900000000000000000e+01 2.244701844866192619e-02
1.010000000000000000e+02 2.238966988623769527e-02
1.030000000000000000e+02 2.233043003210677391e-02
1.050000000000000000e+02 2.226963993993147373e-02
1.070000000000000000e+02 2.220767040467286346e-02
1.090000000000000000e+02 2.214399164346692039e-02
1.110000000000000000e+02 2.208050397587768554e-02
1.130000000000000000e+02 2.201738878292092139e-02
1.150000000000000000e+02 2.195489937052530482e-02
1.170000000000000000e+02 2.189307306016274879e-02
1.190000000000000000e+02 2.183165446332191451e-02
1.210000000000000000e+02 2.177059020716098914e-02
1.230000000000000000e+02 2.171011816358303648e-02
1.250000000000000000e+02 2.165083425892533331e-02
1.270000000000000000e+02 2.159276232069073931e-02
1.290000000000000000e+02 2.153662886035700996e-02
1.310000000000000000e+02 2.148195796426310977e-02
1.330000000000000000e+02 2.142825613457377543e-02
1.350000000000000000e+02 2.137579917067056190e-02
1.370000000000000000e+02 2.132405071310805589e-02
1.390000000000000000e+02 2.127305080483277155e-02
1.410000000000000000e+02 2.122217625314093414e-02
1.430000000000000000e+02 2.117158059991941510e-02
1.450000000000000000e+02 2.112173068160361211e-02
1.470000000000000000e+02 2.107299433121889720e-02
1.490000000000000000e+02 2.102554700027192691e-02
