1.000000000000000000e+00 1.768464094045485435e-02
3.000000000000000000e+00 1.814982492246286494e-02
5.000000000000000000e+00 1.838654887939461524e-02
7.000000000000000000e+00 1.861571569088460443e-02
9.000000000000000000e+00 1.883063923702998910e-02
1.100000000000000000e+01 1.902506542055704131e-02
1.300000000000000000e+01 1.918201488687021339e-02
1.500000000000000000e+01 1.930885134457771546e-02
1.700000000000000000e+01 1.941662421900514079e-02
1.900000000000000000e+01 1.950793538542749950e-02
2.100000000000000000e+01 1.958414820361364939e-02
2.300000000000000000e+01 1.964351192124358381e-02
2.500000000000000000e+01 1.968553073567458345e-02
2.700000000000000000e+01 1.971038267764491092e-02
2.900000000000000000e+01 1.972059169872153461e-02
3.100000000000000000e+01 1.971558224980340945e-02
3.300000000000000000e+01 1.969642767160972863e-02
3.500000000000000000e+01 1.966369508074605754e-02
3.700000000000000000e+01 1.962019246999846533e-02
3.900000000000000000e+01 1.956844738866936328e-02
4.100000000000000000e+01 1.951033586802009001e-02
4.300000000000000000e+01 1.944733584251434610e-02
4.500000000000000000e+01 1.938047151692157133e-02
4.700000000000000000e+01 1.930964121660061483e-02
4.900000000000000000e+01 1.923499782002735525e-02
5.100000000000000000e+01 1.915798987616867954e-02
5.300000000000000000e+01 1.907947537666820903e-02
5.500000000000000000e+01 1.900017367542372604e-02
5.700000000000000000e+01 1.891961938727693138e-02
5.900000000000000000e+01 1.883816010760985815e-02
6.100000000000000000e+01 1.875541081819120937e-02
6.300000000000000000e+01 1.867123107822676875e-02
6.500000000000000000e+01 1.858598392772015107e-02
6.700000000000000000e+01 1.850049879949633436e-02
6.900000000000000000e+01 1.841327053834851402e-02
7.100000000000000000e+01 1.832548291775026872e-02
7.300000000000000000e+01 1.823729460932888014e-02
7.500000000000000000e+01 1.815059737925128758e-02
7.700000000000000000e+01 1.806552113692150296e-02
7.900000000000000000e+01 1.798228228290710273e-02
8.100000000000000000e+01 1.789872341870757388e-02
8.300000000000000000e+01 1.781487530019476573e-02
8.500000000000000000e+01 1.773026586665871207e-02
8.700000000000000000e+01 1.764607282089036833e-02
8.900000000000000000e+01 1.756243145088598467e-02
9.100000000000000000e+01 1.747949826415540198e-02
9.300000000000000000e+01 1.739717436796517358e-02
9.500000000000000000e+01 1.731276957803273842e-02
9.700000000000000000e+01 1.722814511863646203e-02
9.900000000000000000e+01 1.714324748679108001e-02
1.010000000000000000e+02 1.705971093514591086e-02
1.030000000000000000e+02 1.697817364517772987e-02
1.050000000000000000e+02 1.689737190107620801e-02
1.070000000000000000e+02 1.681717966951612464e-02
1.090000000000000000e+02 1.673763413829554292e-02
1.110000000000000000e+02 1.665947811122148181e-02
1.130000000000000000e+02 1.658314073353961415e-02
1.150000000000000000e+02 1.650869419552059014e-02
1.170000000000000000e+02 1.643612338777178383e-02
1.190000000000000000e+02 1.636325543002392635e-02
1.210000000000000000e+02 1.629016697183749418e-02
1.230000000000000000e+02 1.621726257934896775e-02
1.250000000000000000e+02 1.614564470647417149e-02
1.270000000000000000e+02 1.607539320199080635e-02
1.290000000000000000e+02 1.600648332497855986e-02
1.310000000000000000e+02 1.593894916153038022e-02
1.330000000000000000e+02 1.587280419869818715e-02
1.350000000000000000e+02 1.580584315913813320e-02
1.370000000000000000e+02 1.573816370223857231e-02
1.390000000000000000e+02 1.567018930842178914e-02
1.410000000000000000e+02 1.560452368210052398e-02
1.430000000000000000e+02 1.554117750855732449e-02
1.450000000000000000e+02 1.548015566481442118e-02
1.470000000000000000e+02 1.542030863432153343e-02
1.490000000000000000e+02 1.536177248096404213e-02
