1.000000000000000000e+00 3.038555252974057819e-01
3.000000000000000000e+00 3.482159682110523846e-01
5.000000000000000000e+00 3.691437720763209862e-01
7.000000000000000000e+00 3.810220217577304780e-01
9.000000000000000000e+00 3.896836100649130330e-01
1.100000000000000000e+01 3.965026329947624051e-01
1.300000000000000000e+01 4.022667080005480900e-01
1.500000000000000000e+01 4.072579958440085690e-01
1.700000000000000000e+01 4.117464947784730267e-01
1.900000000000000000e+01 4.159326098881807043e-01
2.100000000000000000e+01 4.199026436439682319e-01
2.300000000000000000e+01 4.237058068262905541e-01
2.500000000000000000e+01 4.273440832422154001e-01
2.700000000000000000e+01 4.308339544201001958e-01
2.900000000000000000e+01 4.341990231822846491e-01
3.100000000000000000e+01 4.374746200565685639e-01
3.300000000000000000e+01 4.407178287919845117e-01
3.500000000000000000e+01 4.440007047053835532e-01
3.700000000000000000e+01 4.473335643605447220e-01
3.900000000000000000e+01 4.507102055720212386e-01
4.100000000000000000e+01 4.541182108959398445e-01
4.300000000000000000e+01 4.575375404562438408e-01
4.500000000000000000e+01 4.609927441447340124e-01
4.700000000000000000e+01 4.644592952661420471e-01
4.900000000000000000e+01 4.679634149172667845e-01
5.100000000000000000e+01 4.714300168691324400e-01
5.300000000000000000e+01 4.748380106338748741e-01
5.500000000000000000e+01 4.783030643013500560e-01
5.700000000000000000e+01 4.817235733119895613e-01
5.900000000000000000e+01 4.851074339556848969e-01
6.100000000000000000e+01 4.884746293242822057e-01
6.300000000000000000e+01 4.918170268730244210e-01
6.500000000000000000e+01 4.951751716035454054e-01
6.700000000000000000e+01 4.985451746013001006e-01
6.900000000000000000e+01 5.019002440856357161e-01
7.100000000000000000e+01 5.051490479045153137e-01
7.300000000000000000e+01 5.082718138031987465e-01
7.500000000000000000e+01 5.112730640022516981e-01
7.700000000000000000e+01 5.141460449745560712e-01
7.900000000000000000e+01 5.169181593702120159e-01
8.100000000000000000e+01 5.196028132078135409e-01
8.300000000000000000e+01 5.221983055136252272e-01
8.500000000000000000e+01 5.246889800923073555e-01
8.700000000000000000e+01 5.270845098253180705e-01
8.900000000000000000e+01 5.293875616310825816e-01
9.100000000000000000e+01 5.315759460413631565e-01
9.300000000000000000e+01 5.336915495970849799e-01
9.500000000000000000e+01 5.357403381980713197e-01
9.700000000000000000e+01 5.377635745056352778e-01
9.900000000000000000e+01 5.397357139545935212e-01
1.010000000000000000e+02 5.416621931133471790e-01
1.030000000000000000e+02 5.435316116019608401e-01
1.050000000000000000e+02 5.453428037689200814e-01
1.070000000000000000e+02 5.470188160528213217e-01
1.090000000000000000e+02 5.485856923748908542e-01
1.110000000000000000e+02 5.500504937758210477e-01
1.130000000000000000e+02 5.514164684878057887e-01
1.150000000000000000e+02 5.526971793038084613e-01
1.170000000000000000e+02 5.538978411982615757e-01
1.190000000000000000e+02 5.550220808515147208e-01
1.210000000000000000e+02 5.560308440067309732e-01
1.230000000000000000e+02 5.569642798228378044e-01
1.250000000000000000e+02 5.578136133131736951e-01
1.270000000000000000e+02 5.585816234289642246e-01
1.290000000000000000e+02 5.592744706317200887e-01
1.310000000000000000e+02 5.598894741015904009e-01
1.330000000000000000e+02 5.604240509553199967e-01
1.350000000000000000e+02 5.608773019428501261e-01
1.370000000000000000e+02 5.612505938245307968e-01
1.390000000000000000e+02 5.615143854536952528e-01
1.410000000000000000e+02 5.616817707852812536e-01
1.430000000000000000e+02 5.617806202340760446e-01
1.450000000000000000e+02 5.618226281856228965e-01
1.470000000000000000e+02 5.618219773320665134e-01
1.490000000000000000e+02 5.617649212261633940e-01
