1.000000000000000000e+00 2.376385771611235764e-01
3.000000000000000000e+00 2.698035838105328210e-01
5.000000000000000000e+00 2.850001284415524250e-01
7.000000000000000000e+00 2.934473201854395086e-01
9.000000000000000000e+00 2.990407684503414432e-01
1.100000000000000000e+01 3.031891522477103695e-01
1.300000000000000000e+01 3.066756789733089406e-01
1.500000000000000000e+01 3.097865590605690667e-01
1.700000000000000000e+01 3.125617628785581914e-01
1.900000000000000000e+01 3.150805690495217526e-01
2.100000000000000000e+01 3.174553449226361623e-01
2.300000000000000000e+01 3.197785493028760806e-01
2.500000000000000000e+01 3.220838602020730246e-01
2.700000000000000000e+01 3.244169888749053321e-01
2.900000000000000000e+01 3.267851426065045972e-01
3.100000000000000000e+01 3.292134793067178489e-01
3.300000000000000000e+01 3.317385493000158947e-01
3.500000000000000000e+01 3.343770793445114409e-01
3.700000000000000000e+01 3.371411309808497458e-01
3.900000000000000000e+01 3.400415193843234762e-01
4.100000000000000000e+01 3.430834585591195918e-01
4.300000000000000000e+01 3.462588315719178356e-01
4.500000000000000000e+01 3.495694015702965896e-01
4.700000000000000000e+01 3.530082146257661480e-01
4.900000000000000000e+01 3.565768438707058730e-01
5.100000000000000000e+01 3.602772914922628411e-01
5.300000000000000000e+01 3.640939738885559107e-01
5.500000000000000000e+01 3.680337361533969620e-01
5.700000000000000000e+01 3.720895712398554211e-01
5.900000000000000000e+01 3.762579935863732405e-01
6.100000000000000000e+01 3.805429658604840837e-01
6.300000000000000000e+01 3.849412381442988140e-01
6.500000000000000000e+01 3.894511269127013398e-01
6.700000000000000000e+01 3.940838967856797881e-01
6.900000000000000000e+01 3.988249479191771085e-01
7.100000000000000000e+01 4.036760742979808025e-01
7.300000000000000000e+01 4.086483227156229026e-01
7.500000000000000000e+01 4.137378195807619452e-01
7.700000000000000000e+01 4.189319255033435718e-01
7.900000000000000000e+01 4.242233167655322656e-01
8.100000000000000000e+01 4.296090455564072208e-01
8.300000000000000000e+01 4.350888241084632790e-01
8.500000000000000000e+01 4.406725783561414866e-01
8.700000000000000000e+01 4.463437661880037544e-01
8.900000000000000000e+01 4.521083835811572360e-01
9.100000000000000000e+01 4.579624858015201028e-01
9.300000000000000000e+01 4.638914287053053087e-01
9.500000000000000000e+01 4.698876619466025861e-01
9.700000000000000000e+01 4.759511505635548589e-01
9.900000000000000000e+01 4.820759985595548525e-01
1.010000000000000000e+02 4.882595782518187599e-01
1.030000000000000000e+02 4.944944739369416808e-01
1.050000000000000000e+02 5.007722452445353412e-01
1.070000000000000000e+02 5.070984627514821819e-01
1.090000000000000000e+02 5.134706366621955009e-01
1.110000000000000000e+02 5.198871606585924177e-01
1.130000000000000000e+02 5.263434782105220755e-01
1.150000000000000000e+02 5.328317634778838574e-01
1.170000000000000000e+02 5.393627962617113525e-01
1.190000000000000000e+02 5.459262841301323332e-01
1.210000000000000000e+02 5.525142208299631541e-01
1.230000000000000000e+02 5.590921201291785270e-01
1.250000000000000000e+02 5.656510212182552788e-01
1.270000000000000000e+02 5.721779719527843033e-01
1.290000000000000000e+02 5.786698092905762092e-01
1.310000000000000000e+02 5.851195699969463648e-01
1.330000000000000000e+02 5.915221482922583540e-01
1.350000000000000000e+02 5.978757591829445550e-01
1.370000000000000000e+02 6.041754179432325955e-01
1.390000000000000000e+02 6.104137687946159518e-01
1.410000000000000000e+02 6.165749953214983980e-01
1.430000000000000000e+02 6.226551288458150868e-01
1.450000000000000000e+02 6.286629126382324850e-01
1.470000000000000000e+02 6.346007932457095047e-01
1.490000000000000000e+02 6.404331901767886803e-01
