1.000000000000000000e+00 2.623662277457217140e-02
3.000000000000000000e+00 2.771552104473673506e-02
5.000000000000000000e+00 2.832573840070740090e-02
7.000000000000000000e+00 2.855282051531560228e-02
9.000000000000000000e+00 2.854332406716497683e-02
1.100000000000000000e+01 2.844603433122105951e-02
1.300000000000000000e+01 2.834534672846633629e-02
1.500000000000000000e+01 2.825734204036001174e-02
1.700000000000000000e+01 2.819071157084773738e-02
1.900000000000000000e+01 2.814460505713278771e-02
2.100000000000000000e+01 2.811716747568204777e-02
2.300000000000000000e+01 2.811099120129534334e-02
2.500000000000000000e+01 2.812340978017580095e-02
2.700000000000000000e+01 2.814706062235561301e-02
2.900000000000000000e+01 2.817334516633906993e-02
3.100000000000000000e+01 2.820129745696864365e-02
3.300000000000000000e+01 2.822949248598283223e-02
3.500000000000000000e+01 2.825478547489468362e-02
3.700000000000000000e+01 2.827141419060086314e-02
3.900000000000000000e+01 2.827752353633083970e-02
4.100000000000000000e+01 2.827298409542722268e-02
4.300000000000000000e+01 2.826138959393742489e-02
4.500000000000000000e+01 2.823957703427515398e-02
4.700000000000000000e+01 2.821094820109237844e-02
4.900000000000000000e+01 2.817564938085270754e-02
5.100000000000000000e+01 2.813362134994479291e-02
5.300000000000000000e+01 2.808475297066792553e-02
5.500000000000000000e+01 2.802990504971769603e-02
5.700000000000000000e+01 2.796874815825689531e-02
5.900000000000000000e+01 2.790106496905719879e-02
6.100000000000000000e+01 2.782538083007213281e-02
6.300000000000000000e+01 2.774184379751021279e-02
6.500000000000000000e+01 2.765304993108541609e-02
6.700000000000000000e+01 2.755947312892859102e-02
6.900000000000000000e+01 2.745865407185477114e-02
7.100000000000000000e+01 2.734982855558842907e-02
7.300000000000000000e+01 2.723400078120530310e-02
7.500000000000000000e+01 2.711278960300100849e-02
7.700000000000000000e+01 2.698900338795473530e-02
7.900000000000000000e+01 2.686405913755551822e-02
8.100000000000000000e+01 2.674019306102159987e-02
8.300000000000000000e+01 2.661926175009177165e-02
8.500000000000000000e+01 2.650096265258694572e-02
8.700000000000000000e+01 2.638607293766803696e-02
8.900000000000000000e+01 2.627383072639699613e-02
9.100000000000000000e+01 2.616445667553091159e-02
9.300000000000000000e+01 2.605575645092750303e-02
9.500000000000000000e+01 2.595330081455837767e-02
9.700000000000000000e+01 2.585468765320275697e-02
9.900000000000000000e+01 2.576200779556803155e-02
1.010000000000000000e+02 2.567547615883347678e-02
1.030000000000000000e+02 2.559135792463684833e-02
1.050000000000000000e+02 2.550984823967783477e-02
1.070000000000000000e+02 2.543364701966277508e-02
1.090000000000000000e+02 2.536372122994956513e-02
1.110000000000000000e+02 2.529649140673062568e-02
1.130000000000000000e+02 2.523224778034827143e-02
1.150000000000000000e+02 2.516916678917324734e-02
1.170000000000000000e+02 2.510948617002484173e-02
1.190000000000000000e+02 2.504947167222726367e-02
1.210000000000000000e+02 2.499271654606449733e-02
1.230000000000000000e+02 2.493940565846253232e-02
1.250000000000000000e+02 2.488649776655016410e-02
1.270000000000000000e+02 2.483509433491404295e-02
1.290000000000000000e+02 2.478535310731078134e-02
1.310000000000000000e+02 2.473530878117846665e-02
1.330000000000000000e+02 2.468520319247324846e-02
1.350000000000000000e+02 2.463512872062711967e-02
1.370000000000000000e+02 2.458653131045718254e-02
1.390000000000000000e+02 2.453955931757612063e-02
1.410000000000000000e+02 2.449424182688908491e-02
1.430000000000000000e+02 2.445405125811972447e-02
1.450000000000000000e+02 2.441910737868258074e-02
1.470000000000000000e+02 2.439158171992639179e-02
1.490000000000000000e+02 2.437114518980032507e-02
