1.000000000000000000e+00 1.417333994755864968e-02
3.000000000000000000e+00 1.499642157456282376e-02
5.000000000000000000e+00 1.553140180003675930e-02
7.000000000000000000e+00 1.597140157305121377e-02
9.000000000000000000e+00 1.644311540286025330e-02
1.100000000000000000e+01 1.695754887535205757e-02
1.300000000000000000e+01 1.748253723462833698e-02
1.500000000000000000e+01 1.801340394866701722e-02
1.700000000000000000e+01 1.855413975708708474e-02
1.900000000000000000e+01 1.909472232834441563e-02
2.100000000000000000e+01 1.962655824653680714e-02
2.300000000000000000e+01 2.013815896924109339e-02
2.500000000000000000e+01 2.063160199246416582e-02
2.700000000000000000e+01 2.111299405117506023e-02
2.900000000000000000e+01 2.158586016502717086e-02
3.100000000000000000e+01 2.205044457883720277e-02
3.300000000000000000e+01 2.250552376598879967e-02
3.500000000000000000e+01 2.295258731318383649e-02
3.700000000000000000e+01 2.339756721693198038e-02
3.900000000000000000e+01 2.384567145978755409e-02
4.100000000000000000e+01 2.429851175168806776e-02
4.300000000000000000e+01 2.475690442839706407e-02
4.500000000000000000e+01 2.522207120175656847e-02
4.700000000000000000e+01 2.569515378344910950e-02
4.900000000000000000e+01 2.617694319034313821e-02
5.100000000000000000e+01 2.666750109697602067e-02
5.300000000000000000e+01 2.716626581210290770e-02
5.500000000000000000e+01 2.767220916748902582e-02
5.700000000000000000e+01 2.818400384898489541e-02
5.900000000000000000e+01 2.870058591263380254e-02
6.100000000000000000e+01 2.922098576645559831e-02
6.300000000000000000e+01 2.974406162175391444e-02
6.500000000000000000e+01 3.026872689349180412e-02
6.700000000000000000e+01 3.079432652381286495e-02
6.900000000000000000e+01 3.132005926139702634e-02
7.100000000000000000e+01 3.184488985175371045e-02
7.300000000000000000e+01 3.236845270233545957e-02
7.500000000000000000e+01 3.289048038584907463e-02
7.700000000000000000e+01 3.341068204694408461e-02
7.900000000000000000e+01 3.392879912373147899e-02
8.100000000000000000e+01 3.444440109723168053e-02
8.300000000000000000e+01 3.495693107379993503e-02
8.500000000000000000e+01 3.546628075954405546e-02
8.700000000000000000e+01 3.597213009899291603e-02
8.900000000000000000e+01 3.647436786719016055e-02
9.100000000000000000e+01 3.697251416809321789e-02
9.300000000000000000e+01 3.746624403985843177e-02
9.500000000000000000e+01 3.795512705735504255e-02
9.700000000000000000e+01 3.843886082934455661e-02
9.900000000000000000e+01 3.891729498566443013e-02
1.010000000000000000e+02 3.939022264019720332e-02
1.030000000000000000e+02 3.985747006661632952e-02
1.050000000000000000e+02 4.031891559589118046e-02
1.070000000000000000e+02 4.077414354475950020e-02
1.090000000000000000e+02 4.122261771105872885e-02
1.110000000000000000e+02 4.166373139951062843e-02
1.130000000000000000e+02 4.209713744280574321e-02
1.150000000000000000e+02 4.252260209388047940e-02
1.170000000000000000e+02 4.293992857377193495e-02
1.190000000000000000e+02 4.334904212518853051e-02
1.210000000000000000e+02 4.375002045656739558e-02
1.230000000000000000e+02 4.414239897189453643e-02
1.250000000000000000e+02 4.452641738892382239e-02
1.270000000000000000e+02 4.490239332622036894e-02
1.290000000000000000e+02 4.527080574218533826e-02
1.310000000000000000e+02 4.563185920675461027e-02
1.330000000000000000e+02 4.598599313034068548e-02
1.350000000000000000e+02 4.633401852793928022e-02
1.370000000000000000e+02 4.667625131150499040e-02
1.390000000000000000e+02 4.701294820432311283e-02
1.410000000000000000e+02 4.734371062987063894e-02
1.430000000000000000e+02 4.766876444162448934e-02
1.450000000000000000e+02 4.798771752068686780e-02
1.470000000000000000e+02 4.830082513518207943e-02
1.490000000000000000e+02 4.860831381456720557e-02
