1.000000000000000000e+00 8.716026241799434970e-02
3.000000000000000000e+00 9.825779993972716397e-02
5.000000000000000000e+00 1.035831262964597155e-01
7.000000000000000000e+00 1.071651439150386187e-01
9.000000000000000000e+00 1.098982897693485672e-01
1.100000000000000000e+01 1.122331988493029398e-01
1.300000000000000000e+01 1.145786349977345742e-01
1.500000000000000000e+01 1.171190466715368306e-01
1.700000000000000000e+01 1.198974514013623205e-01
1.900000000000000000e+01 1.228632235247780757e-01
2.100000000000000000e+01 1.259603951823441426e-01
2.300000000000000000e+01 1.291234696952282546e-01
2.500000000000000000e+01 1.323321551149757580e-01
2.700000000000000000e+01 1.355913361973284381e-01
2.900000000000000000e+01 1.389238326901612863e-01
3.100000000000000000e+01 1.423257808416673598e-01
3.300000000000000000e+01 1.457819587753467205e-01
3.500000000000000000e+01 1.492787646609626817e-01
3.700000000000000000e+01 1.528149940125835826e-01
3.900000000000000000e+01 1.563918263553230048e-01
4.100000000000000000e+01 1.600113122551889422e-01
4.300000000000000000e+01 1.636724816909755909e-01
4.500000000000000000e+01 1.673742602548096148e-01
4.700000000000000000e+01 1.711145007916220484e-01
4.900000000000000000e+01 1.748959202326075824e-01
5.100000000000000000e+01 1.787210471117728350e-01
5.300000000000000000e+01 1.825903014410518166e-01
5.500000000000000000e+01 1.865025441530824279e-01
5.700000000000000000e+01 1.904537278832230118e-01
5.900000000000000000e+01 1.944422950923881954e-01
6.100000000000000000e+01 1.984673087245055756e-01
6.300000000000000000e+01 2.025265668063956914e-01
6.500000000000000000e+01 2.066179990408698597e-01
6.700000000000000000e+01 2.107410644002494227e-01
6.900000000000000000e+01 2.148924514239528571e-01
7.100000000000000000e+01 2.190695130794809709e-01
7.300000000000000000e+01 2.232685029939484034e-01
7.500000000000000000e+01 2.274859586675650469e-01
7.700000000000000000e+01 2.317182558887046495e-01
7.900000000000000000e+01 2.359611544678659190e-01
8.100000000000000000e+01 2.402101232461196778e-01
8.300000000000000000e+01 2.444612777308337037e-01
8.500000000000000000e+01 2.487074029523620444e-01
8.700000000000000000e+01 2.529450879732814128e-01
8.900000000000000000e+01 2.571644851544534482e-01
9.100000000000000000e+01 2.613602636838590065e-01
9.300000000000000000e+01 2.655289742155907406e-01
9.500000000000000000e+01 2.696602860934455004e-01
9.700000000000000000e+01 2.737511235032640267e-01
9.900000000000000000e+01 2.777935143147158836e-01
1.010000000000000000e+02 2.817809963582700306e-01
1.030000000000000000e+02 2.857092678024598653e-01
1.050000000000000000e+02 2.895760748612579150e-01
1.070000000000000000e+02 2.933784623536667135e-01
1.090000000000000000e+02 2.971148185118881457e-01
1.110000000000000000e+02 3.007835135489779210e-01
1.130000000000000000e+02 3.043837915983527154e-01
1.150000000000000000e+02 3.079148665301286725e-01
1.170000000000000000e+02 3.113782188026712472e-01
1.190000000000000000e+02 3.147736062558003090e-01
1.210000000000000000e+02 3.180956456677084265e-01
1.230000000000000000e+02 3.213425754782595067e-01
1.250000000000000000e+02 3.245155789590352668e-01
1.270000000000000000e+02 3.276130667679300057e-01
1.290000000000000000e+02 3.306369417055831095e-01
1.310000000000000000e+02 3.335866550132701169e-01
1.330000000000000000e+02 3.364673696128042124e-01
1.350000000000000000e+02 3.392806475888945350e-01
1.370000000000000000e+02 3.420297854806363391e-01
1.390000000000000000e+02 3.447074178573142911e-01
1.410000000000000000e+02 3.473149060700152502e-01
1.430000000000000000e+02 3.498546951695835627e-01
1.450000000000000000e+02 3.523231612454904571e-01
1.470000000000000000e+02 3.547234361531009794e-01
1.490000000000000000e+02 3.570591730014044396e-01
