1.000000000000000000e+00 1.846250787649653669e-01
3.000000000000000000e+00 2.045005626138727273e-01
5.000000000000000000e+00 2.126464137251308228e-01
7.000000000000000000e+00 2.166368533291228582e-01
9.000000000000000000e+00 2.191924699917907615e-01
1.100000000000000000e+01 2.211308967498329947e-01
1.300000000000000000e+01 2.226366413381667408e-01
1.500000000000000000e+01 2.238520209624651480e-01
1.700000000000000000e+01 2.248670137878542308e-01
1.900000000000000000e+01 2.257730851852016718e-01
2.100000000000000000e+01 2.266587109248132670e-01
2.300000000000000000e+01 2.275936033762405719e-01
2.500000000000000000e+01 2.285978357958804441e-01
2.700000000000000000e+01 2.296973564534277035e-01
2.900000000000000000e+01 2.309316011610004216e-01
3.100000000000000000e+01 2.323046556827350617e-01
3.300000000000000000e+01 2.338216770172741876e-01
3.500000000000000000e+01 2.354995460718675160e-01
3.700000000000000000e+01 2.373280711411192012e-01
3.900000000000000000e+01 2.392947063932316931e-01
4.100000000000000000e+01 2.413899147082070318e-01
4.300000000000000000e+01 2.436121358307195006e-01
4.500000000000000000e+01 2.459560191056298084e-01
4.700000000000000000e+01 2.484188347793554463e-01
4.900000000000000000e+01 2.509995870716842381e-01
5.100000000000000000e+01 2.536993832038941799e-01
5.300000000000000000e+01 2.565109672182219747e-01
5.500000000000000000e+01 2.594137728541316967e-01
5.700000000000000000e+01 2.624208932554090712e-01
5.900000000000000000e+01 2.655339668592574531e-01
6.100000000000000000e+01 2.687518171015624846e-01
6.300000000000000000e+01 2.720730046256791823e-01
6.500000000000000000e+01 2.755013918500073267e-01
6.700000000000000000e+01 2.790289720974739041e-01
6.900000000000000000e+01 2.826535821530937742e-01
7.100000000000000000e+01 2.863758310583957023e-01
7.300000000000000000e+01 2.901928170127429096e-01
7.500000000000000000e+01 2.940983566257944215e-01
7.700000000000000000e+01 2.980916501781777361e-01
7.900000000000000000e+01 3.021666371347897506e-01
8.100000000000000000e+01 3.063239096055359045e-01
8.300000000000000000e+01 3.105724763138231204e-01
8.500000000000000000e+01 3.149142202199007867e-01
8.700000000000000000e+01 3.193430916444572887e-01
8.900000000000000000e+01 3.238556869484032763e-01
9.100000000000000000e+01 3.284445013072296859e-01
9.300000000000000000e+01 3.331077946170548643e-01
9.500000000000000000e+01 3.378439227814697965e-01
9.700000000000000000e+01 3.426494350686493107e-01
9.900000000000000000e+01 3.475234541690422896e-01
1.010000000000000000e+02 3.524670550571110672e-01
1.030000000000000000e+02 3.574770720717166395e-01
1.050000000000000000e+02 3.625571643036452629e-01
1.070000000000000000e+02 3.677052741198714170e-01
1.090000000000000000e+02 3.729259370124802242e-01
1.110000000000000000e+02 3.782144541941392379e-01
1.130000000000000000e+02 3.835621387611878319e-01
1.150000000000000000e+02 3.889710870566304157e-01
1.170000000000000000e+02 3.944348089293165938e-01
1.190000000000000000e+02 3.999453679779868542e-01
1.210000000000000000e+02 4.054992397566760109e-01
1.230000000000000000e+02 4.110932501998466604e-01
1.250000000000000000e+02 4.167119699720911452e-01
1.270000000000000000e+02 4.223509960905585947e-01
1.290000000000000000e+02 4.280071794084283621e-01
1.310000000000000000e+02 4.336781728162019123e-01
1.330000000000000000e+02 4.393550339793014237e-01
1.350000000000000000e+02 4.450281073037327673e-01
1.370000000000000000e+02 4.506916050478296798e-01
1.390000000000000000e+02 4.563334290501567247e-01
1.410000000000000000e+02 4.619500937884308822e-01
1.430000000000000000e+02 4.675401444502303994e-01
1.450000000000000000e+02 4.731039273934549705e-01
1.470000000000000000e+02 4.786431137499699284e-01
1.490000000000000000e+02 4.841537959077792941e-01
