1.000000000000000000e+00 7.999999999999996003e-02
3.000000000000000000e+00 8.748710371590040502e-02
5.000000000000000000e+00 9.071819790663060434e-02
7.000000000000000000e+00 9.235422176202878752e-02
9.000000000000000000e+00 9.333756407725191107e-02
1.100000000000000000e+01 9.402705290574731034e-02
1.300000000000000000e+01 9.468469272721913299e-02
1.500000000000000000e+01 9.538796693048345876e-02
1.700000000000000000e+01 9.611985328342587120e-02
1.900000000000000000e+01 9.684703733183375185e-02
2.100000000000000000e+01 9.753924921501799794e-02
2.300000000000000000e+01 9.815374718716973756e-02
2.500000000000000000e+01 9.868216427342635377e-02
2.700000000000000000e+01 9.914174895644745078e-02
2.900000000000000000e+01 9.954600667808544134e-02
3.100000000000000000e+01 9.991006253272771698e-02
3.300000000000000000e+01 1.002420145166453835e-01
3.500000000000000000e+01 1.005484411815753543e-01
3.700000000000000000e+01 1.008325254328743537e-01
3.900000000000000000e+01 1.010953824532692114e-01
4.100000000000000000e+01 1.013364266853139517e-01
4.300000000000000000e+01 1.015594741171386151e-01
4.500000000000000000e+01 1.017630877664024158e-01
4.700000000000000000e+01 1.019522419185697748e-01
4.900000000000000000e+01 1.021289864589289831e-01
5.100000000000000000e+01 1.022987264016474995e-01
5.300000000000000000e+01 1.024643405636082027e-01
5.500000000000000000e+01 1.026265711366859401e-01
5.700000000000000000e+01 1.027866584234644609e-01
5.900000000000000000e+01 1.029453810805992520e-01
6.100000000000000000e+01 1.031021955380063693e-01
6.300000000000000000e+01 1.032458174523780414e-01
6.500000000000000000e+01 1.033785085833317519e-01
6.700000000000000000e+01 1.035032676621870928e-01
6.900000000000000000e+01 1.036169667986595044e-01
7.100000000000000000e+01 1.037210022151826561e-01
7.300000000000000000e+01 1.038175335816156064e-01
7.500000000000000000e+01 1.039103727430006341e-01
7.700000000000000000e+01 1.040060877769140024e-01
7.900000000000000000e+01 1.041041636099621082e-01
8.100000000000000000e+01 1.042038741786180944e-01
8.300000000000000000e+01 1.043027566927029470e-01
8.500000000000000000e+01 1.044014765347197615e-01
8.700000000000000000e+01 1.044991788776646890e-01
8.900000000000000000e+01 1.045949396983485435e-01
9.100000000000000000e+01 1.046786103634159693e-01
9.300000000000000000e+01 1.047612563568258714e-01
9.500000000000000000e+01 1.048389183846463180e-01
9.700000000000000000e+01 1.049112401571367093e-01
9.900000000000000000e+01 1.049831856328826696e-01
1.010000000000000000e+02 1.050544926855813133e-01
1.030000000000000000e+02 1.051143944277628250e-01
1.050000000000000000e+02 1.051544492396468966e-01
1.070000000000000000e+02 1.051867629568450369e-01
1.090000000000000000e+02 1.052116881123598136e-01
1.110000000000000000e+02 1.052312304354370287e-01
1.130000000000000000e+02 1.052428743528528443e-01
1.150000000000000000e+02 1.052428124244181307e-01
1.170000000000000000e+02 1.052295499026686398e-01
1.190000000000000000e+02 1.051981933887264908e-01
1.210000000000000000e+02 1.051680120361132564e-01
1.230000000000000000e+02 1.051397891792685835e-01
1.250000000000000000e+02 1.051134325329557972e-01
1.270000000000000000e+02 1.050900481036441958e-01
1.290000000000000000e+02 1.050705468145745058e-01
1.310000000000000000e+02 1.050488162323381935e-01
1.330000000000000000e+02 1.050118293038742046e-01
1.350000000000000000e+02 1.049691525522843394e-01
1.370000000000000000e+02 1.049210591398069825e-01
1.390000000000000000e+02 1.048785737007642549e-01
1.410000000000000000e+02 1.048416688117375095e-01
1.430000000000000000e+02 1.048060898183555967e-01
1.450000000000000000e+02 1.047698982085953912e-01
1.470000000000000000e+02 1.047366130998507172e-01
1.490000000000000000e+02 1.047000292736187665e-01
