1.000000000000000000e+00 0.000000000000000000e+00
3.000000000000000000e+00 0.000000000000000000e+00
5.000000000000000000e+00 0.000000000000000000e+00
7.000000000000000000e+00 0.000000000000000000e+00
9.000000000000000000e+00 1.471655878804156714e-05
1.100000000000000000e+01 3.783055350847774889e-05
1.300000000000000000e+01 6.041551168911585279e-05
1.500000000000000000e+01 8.064029760124213908e-05
1.700000000000000000e+01 9.806030597403481153e-05
1.900000000000000000e+01 1.132780153049184335e-04
2.100000000000000000e+01 1.265764998775731343e-04
2.300000000000000000e+01 1.382767639119819592e-04
2.500000000000000000e+01 1.487325924441895708e-04
2.700000000000000000e+01 1.582511090343352578e-04
2.900000000000000000e+01 1.669530516061890069e-04
3.100000000000000000e+01 1.750071411711351388e-04
3.300000000000000000e+01 1.824384647356458444e-04
3.500000000000000000e+01 1.892592749256349904e-04
3.700000000000000000e+01 1.954964266598357980e-04
3.900000000000000000e+01 2.013188866819559664e-04
4.100000000000000000e+01 2.068092680813649054e-04
4.300000000000000000e+01 2.120879075874215758e-04
4.500000000000000000e+01 2.172644273329416009e-04
4.700000000000000000e+01 2.224057371082999168e-04
4.900000000000000000e+01 2.275507578686220000e-04
5.100000000000000000e+01 2.327543170146384455e-04
5.300000000000000000e+01 2.380221634965540289e-04
5.500000000000000000e+01 2.433619583920298979e-04
5.700000000000000000e+01 2.487910896800116234e-04
5.900000000000000000e+01 2.543221152272456820e-04
6.100000000000000000e+01 2.600534512129382136e-04
6.300000000000000000e+01 2.660003529506571596e-04
6.500000000000000000e+01 2.720990532779632431e-04
6.700000000000000000e+01 2.783147221785409187e-04
6.900000000000000000e+01 2.846897912009982434e-04
7.100000000000000000e+01 2.912587009735734256e-04
7.300000000000000000e+01 2.979971272231152213e-04
7.500000000000000000e+01 3.049295693887676961e-04
7.700000000000000000e+01 3.121166304211886455e-04
7.900000000000000000e+01 3.195792169091715706e-04
8.100000000000000000e+01 3.273612571310646757e-04
8.300000000000000000e+01 3.355437863696852929e-04
8.500000000000000000e+01 3.441318198772469472e-04
8.700000000000000000e+01 3.531496047319837572e-04
8.900000000000000000e+01 3.626207626534760919e-04
9.100000000000000000e+01 3.725688289027972999e-04
9.300000000000000000e+01 3.830460407384661536e-04
9.500000000000000000e+01 3.940859608760893806e-04
9.700000000000000000e+01 4.056671946526257955e-04
9.900000000000000000e+01 4.178309182663042520e-04
1.010000000000000000e+02 4.305422402723912967e-04
1.030000000000000000e+02 4.438559769466277061e-04
1.050000000000000000e+02 4.578049949311990829e-04
1.070000000000000000e+02 4.724723245067563582e-04
1.090000000000000000e+02 4.879529124995896083e-04
1.110000000000000000e+02 5.043450739276034156e-04
1.130000000000000000e+02 5.217903196520490283e-04
1.150000000000000000e+02 5.403615492810542875e-04
1.170000000000000000e+02 5.601765141119985358e-04
1.190000000000000000e+02 5.813610105142030804e-04
1.210000000000000000e+02 6.039868202077913750e-04
1.230000000000000000e+02 6.281443797915287064e-04
1.250000000000000000e+02 6.539087722132741476e-04
1.270000000000000000e+02 6.814072819956162874e-04
1.290000000000000000e+02 7.107745512523466758e-04
1.310000000000000000e+02 7.414124320761494857e-04
1.330000000000000000e+02 7.734856311709670251e-04
1.350000000000000000e+02 8.071200698699376730e-04
1.370000000000000000e+02 8.432338391568539038e-04
1.390000000000000000e+02 8.819793045466983727e-04
1.410000000000000000e+02 9.235736327972698945e-04
1.430000000000000000e+02 9.682624850934073990e-04
1.450000000000000000e+02 1.016228414170039507e-03
1.470000000000000000e+02 1.067617432123468824e-03
1.490000000000000000e+02 1.122544258157387453e-03
