1.000000000000000000e+00 1.890820372064649924e-02
3.000000000000000000e+00 1.910478562440187655e-02
5.000000000000000000e+00 1.923138065405671782e-02
7.000000000000000000e+00 1.948569683974210598e-02
9.000000000000000000e+00 1.983675518862659803e-02
1.100000000000000000e+01 2.026990900797331907e-02
1.300000000000000000e+01 2.075056472835279386e-02
1.500000000000000000e+01 2.123567843892981699e-02
1.700000000000000000e+01 2.170687602656151682e-02
1.900000000000000000e+01 2.215508923810027841e-02
2.100000000000000000e+01 2.257812554674842875e-02
2.300000000000000000e+01 2.298164930311508147e-02
2.500000000000000000e+01 2.337064765905350061e-02
2.700000000000000000e+01 2.374733843258436394e-02
2.900000000000000000e+01 2.411255571027393074e-02
3.100000000000000000e+01 2.446479627253139721e-02
3.300000000000000000e+01 2.480389403232896584e-02
3.500000000000000000e+01 2.512947866547809994e-02
3.700000000000000000e+01 2.543619173759326113e-02
3.900000000000000000e+01 2.572434909033105566e-02
4.100000000000000000e+01 2.599247065446230742e-02
4.300000000000000000e+01 2.624629948481671526e-02
4.500000000000000000e+01 2.648671000914648577e-02
4.700000000000000000e+01 2.671437146919752870e-02
4.900000000000000000e+01 2.692796138541675433e-02
5.100000000000000000e+01 2.713128869161451906e-02
5.300000000000000000e+01 2.732434187036325568e-02
5.500000000000000000e+01 2.750439613955391049e-02
5.700000000000000000e+01 2.767261769670537053e-02
5.900000000000000000e+01 2.782989514413147791e-02
6.100000000000000000e+01 2.797491082438841037e-02
6.300000000000000000e+01 2.810730638659031388e-02
6.500000000000000000e+01 2.823083380793312003e-02
6.700000000000000000e+01 2.834533084085855137e-02
6.900000000000000000e+01 2.844870850021341546e-02
7.100000000000000000e+01 2.853944717252654417e-02
7.300000000000000000e+01 2.862050622692080548e-02
7.500000000000000000e+01 2.869124904435549350e-02
7.700000000000000000e+01 2.875333301702653888e-02
7.900000000000000000e+01 2.880863626202589955e-02
8.100000000000000000e+01 2.885768836507796031e-02
8.300000000000000000e+01 2.890154257588961606e-02
8.500000000000000000e+01 2.893583046290959526e-02
8.700000000000000000e+01 2.896162224957576914e-02
8.900000000000000000e+01 2.898402560431123653e-02
9.100000000000000000e+01 2.900342262474997490e-02
9.300000000000000000e+01 2.902034857291702075e-02
9.500000000000000000e+01 2.903540332654563905e-02
9.700000000000000000e+01 2.904563613958077717e-02
9.900000000000000000e+01 2.905263593226548036e-02
1.010000000000000000e+02 2.905718683644364919e-02
1.030000000000000000e+02 2.905854241239214097e-02
1.050000000000000000e+02 2.905990063058827566e-02
1.070000000000000000e+02 2.906289619443058747e-02
1.090000000000000000e+02 2.906788910087454436e-02
1.110000000000000000e+02 2.907727041153762571e-02
1.130000000000000000e+02 2.909092372595711851e-02
1.150000000000000000e+02 2.910478258466986379e-02
1.170000000000000000e+02 2.911910996035349530e-02
1.190000000000000000e+02 2.913447416043135618e-02
1.210000000000000000e+02 2.915099510271212946e-02
1.230000000000000000e+02 2.916894828034766185e-02
1.250000000000000000e+02 2.918791584833235753e-02
1.270000000000000000e+02 2.920941785000952251e-02
1.290000000000000000e+02 2.923447575664916975e-02
1.310000000000000000e+02 2.926333415909398994e-02
1.330000000000000000e+02 2.929392695292765136e-02
1.350000000000000000e+02 2.932756485030696414e-02
1.370000000000000000e+02 2.936492897886500142e-02
1.390000000000000000e+02 2.940551280857095495e-02
1.410000000000000000e+02 2.944704176296020215e-02
1.430000000000000000e+02 2.948970473099410405e-02
1.450000000000000000e+02 2.953430551923907910e-02
1.470000000000000000e+02 2.958056692416044520e-02
1.490000000000000000e+02 2.962716177498725401e-02
