1.000000000000000000e+00 3.204911092294665531e-01
3.000000000000000000e+00 3.782331497711937107e-01
5.000000000000000000e+00 4.043803736415489958e-01
7.000000000000000000e+00 4.202863240343444051e-01
9.000000000000000000e+00 4.331928521500845175e-01
1.100000000000000000e+01 4.447946126455568638e-01
1.300000000000000000e+01 4.554287022479707181e-01
1.500000000000000000e+01 4.654372633068353249e-01
1.700000000000000000e+01 4.751026224403445131e-01
1.900000000000000000e+01 4.844311727107015741e-01
2.100000000000000000e+01 4.934962912491084319e-01
2.300000000000000000e+01 5.022415085465211648e-01
2.500000000000000000e+01 5.107098177445129616e-01
2.700000000000000000e+01 5.190294597214105687e-01
2.900000000000000000e+01 5.272717812008315130e-01
3.100000000000000000e+01 5.355270729334906665e-01
3.300000000000000000e+01 5.438334100774164792e-01
3.500000000000000000e+01 5.520847325657705085e-01
3.700000000000000000e+01 5.602780376786563599e-01
3.900000000000000000e+01 5.684072376299982299e-01
4.100000000000000000e+01 5.764997097231250311e-01
4.300000000000000000e+01 5.845928276395738754e-01
4.500000000000000000e+01 5.927441807312252564e-01
4.700000000000000000e+01 6.009129890571152099e-01
4.900000000000000000e+01 6.091091228626468457e-01
5.100000000000000000e+01 6.172905984984151662e-01
5.300000000000000000e+01 6.254600494860638182e-01
5.500000000000000000e+01 6.336363032332081868e-01
5.700000000000000000e+01 6.418154174321977212e-01
5.900000000000000000e+01 6.498967045370426243e-01
6.100000000000000000e+01 6.578368520154562749e-01
6.300000000000000000e+01 6.654932645000518621e-01
6.500000000000000000e+01 6.728532509979763265e-01
6.700000000000000000e+01 6.798510225802842921e-01
6.900000000000000000e+01 6.864882935869875968e-01
7.100000000000000000e+01 6.926395749289649961e-01
7.300000000000000000e+01 6.983367569434782984e-01
7.500000000000000000e+01 7.036700037285930076e-01
7.700000000000000000e+01 7.086752478970422819e-01
7.900000000000000000e+01 7.134278612448550216e-01
8.100000000000000000e+01 7.179450740699557798e-01
8.300000000000000000e+01 7.222355420199646492e-01
8.500000000000000000e+01 7.263804202360275575e-01
8.700000000000000000e+01 7.303925966717625951e-01
8.900000000000000000e+01 7.341486828023422451e-01
9.100000000000000000e+01 7.376400382910061060e-01
9.300000000000000000e+01 7.408821646301253505e-01
9.500000000000000000e+01 7.439245183004680184e-01
9.700000000000000000e+01 7.467784783823028238e-01
9.900000000000000000e+01 7.494064935351603118e-01
1.010000000000000000e+02 7.518484676308503367e-01
1.030000000000000000e+02 7.540327291761351747e-01
1.050000000000000000e+02 7.559696055119281555e-01
1.070000000000000000e+02 7.577982458402593435e-01
1.090000000000000000e+02 7.595356060741771387e-01
1.110000000000000000e+02 7.610821852269527010e-01
1.130000000000000000e+02 7.624486878127206824e-01
1.150000000000000000e+02 7.635738937392446690e-01
1.170000000000000000e+02 7.644144342058249997e-01
1.190000000000000000e+02 7.649665989678438027e-01
1.210000000000000000e+02 7.652438075648013704e-01
1.230000000000000000e+02 7.652798368949831342e-01
1.250000000000000000e+02 7.651049721122236136e-01
1.270000000000000000e+02 7.647621696143902525e-01
1.290000000000000000e+02 7.642712457040345964e-01
1.310000000000000000e+02 7.636380755073551851e-01
1.330000000000000000e+02 7.629215914433304935e-01
1.350000000000000000e+02 7.621457419379323861e-01
1.370000000000000000e+02 7.613042660216089441e-01
1.390000000000000000e+02 7.604020560361339776e-01
1.410000000000000000e+02 7.594327216497553934e-01
1.430000000000000000e+02 7.584656768269733007e-01
1.450000000000000000e+02 7.575163297825331377e-01
1.470000000000000000e+02 7.565856091972792408e-01
1.490000000000000000e+02 7.557022222621946339e-01
