1.000000000000000000e+00 2.683643194728579928e-04
3.000000000000000000e+00 2.753943635953604030e-04
5.000000000000000000e+00 2.797589129697186650e-04
7.000000000000000000e+00 2.828168230240013514e-04
9.000000000000000000e+00 2.842671443109567875e-04
1.100000000000000000e+01 2.852769030687873908e-04
1.300000000000000000e+01 2.863501881722463338e-04
1.500000000000000000e+01 2.882254751555013428e-04
1.700000000000000000e+01 2.908660730255308025e-04
1.900000000000000000e+01 2.936898981400482000e-04
2.100000000000000000e+01 2.963249473980633653e-04
2.300000000000000000e+01 2.987896085433483506e-04
2.500000000000000000e+01 3.010476117569771404e-04
2.700000000000000000e+01 3.031574622660571094e-04
2.900000000000000000e+01 3.054337577849119967e-04
3.100000000000000000e+01 3.080218758265695911e-04
3.300000000000000000e+01 3.109048603237019037e-04
3.500000000000000000e+01 3.140499674013641496e-04
3.700000000000000000e+01 3.172818099766994138e-04
3.900000000000000000e+01 3.205393991478899807e-04
4.100000000000000000e+01 3.238684208004549703e-04
4.300000000000000000e+01 3.273113525267268287e-04
4.500000000000000000e+01 3.308530009727972399e-04
4.700000000000000000e+01 3.344516927212826118e-04
4.900000000000000000e+01 3.380666700915080369e-04
5.100000000000000000e+01 3.416918786556255583e-04
5.300000000000000000e+01 3.453246187367087217e-04
5.500000000000000000e+01 3.489625734873769147e-04
5.700000000000000000e+01 3.525927147537410988e-04
5.900000000000000000e+01 3.562249843954701234e-04
6.100000000000000000e+01 3.598656729241200836e-04
6.300000000000000000e+01 3.635740308568502499e-04
6.500000000000000000e+01 3.673985782688404811e-04
6.700000000000000000e+01 3.713761244920066318e-04
6.900000000000000000e+01 3.755196123457205104e-04
7.100000000000000000e+01 3.798590538188761911e-04
7.300000000000000000e+01 3.844287255264644543e-04
7.500000000000000000e+01 3.892627541666193736e-04
7.700000000000000000e+01 3.943716394331220343e-04
7.900000000000000000e+01 3.997687007087913358e-04
8.100000000000000000e+01 4.054438960741091336e-04
8.300000000000000000e+01 4.113539419634548722e-04
8.500000000000000000e+01 4.174853174119252941e-04
8.700000000000000000e+01 4.238490084814694470e-04
8.900000000000000000e+01 4.304674988193646357e-04
9.100000000000000000e+01 4.373657163523336777e-04
9.300000000000000000e+01 4.445522318892169977e-04
9.500000000000000000e+01 4.520219382375678663e-04
9.700000000000000000e+01 4.597621130983942095e-04
9.900000000000000000e+01 4.677488385524952719e-04
1.010000000000000000e+02 4.759845010268159982e-04
1.030000000000000000e+02 4.844887869805969416e-04
1.050000000000000000e+02 4.932831075635801810e-04
1.070000000000000000e+02 5.023713435793331072e-04
1.090000000000000000e+02 5.117506026498519489e-04
1.110000000000000000e+02 5.214076363668773695e-04
1.130000000000000000e+02 5.313373454526315598e-04
1.150000000000000000e+02 5.415442409764104070e-04
1.170000000000000000e+02 5.520347949726778225e-04
1.190000000000000000e+02 5.628061375035908753e-04
1.210000000000000000e+02 5.738590106313390393e-04
1.230000000000000000e+02 5.851979141028307296e-04
1.250000000000000000e+02 5.968121470231180226e-04
1.270000000000000000e+02 6.086810775493001202e-04
1.290000000000000000e+02 6.207891253068309467e-04
1.310000000000000000e+02 6.331199137594722970e-04
1.330000000000000000e+02 6.456549328680560862e-04
1.350000000000000000e+02 6.583957859580547023e-04
1.370000000000000000e+02 6.713418170163354404e-04
1.390000000000000000e+02 6.844857058867503952e-04
1.410000000000000000e+02 6.978221276560114816e-04
1.430000000000000000e+02 7.113502933654425320e-04
1.450000000000000000e+02 7.250674529923895051e-04
1.470000000000000000e+02 7.389651144704689756e-04
1.490000000000000000e+02 7.529757615074572641e-04
