1.000000000000000000e+00 1.448869321592956005e-01
3.000000000000000000e+00 1.765532099772055830e-01
5.000000000000000000e+00 1.942573430948519864e-01
7.000000000000000000e+00 2.058401261417213135e-01
9.000000000000000000e+00 2.154367434405566328e-01
1.100000000000000000e+01 2.245216574448968272e-01
1.300000000000000000e+01 2.335000443386741065e-01
1.500000000000000000e+01 2.427292383012851218e-01
1.700000000000000000e+01 2.522208487966711710e-01
1.900000000000000000e+01 2.620367275079416025e-01
2.100000000000000000e+01 2.722180384405925579e-01
2.300000000000000000e+01 2.827668364177837734e-01
2.500000000000000000e+01 2.936012007289491299e-01
2.700000000000000000e+01 3.046813788301969694e-01
2.900000000000000000e+01 3.158682803808211537e-01
3.100000000000000000e+01 3.270848469227739530e-01
3.300000000000000000e+01 3.383038707388008604e-01
3.500000000000000000e+01 3.495089529492180214e-01
3.700000000000000000e+01 3.607079222284533815e-01
3.900000000000000000e+01 3.719145125277681929e-01
4.100000000000000000e+01 3.831194076079751376e-01
4.300000000000000000e+01 3.943150855114520015e-01
4.500000000000000000e+01 4.055230649944108201e-01
4.700000000000000000e+01 4.167558844407615037e-01
4.900000000000000000e+01 4.280399983323809332e-01
5.100000000000000000e+01 4.393853544325788674e-01
5.300000000000000000e+01 4.507971246656031772e-01
5.500000000000000000e+01 4.622946561936972509e-01
5.700000000000000000e+01 4.738860892620005982e-01
5.900000000000000000e+01 4.855666661095761061e-01
6.100000000000000000e+01 4.973002013167059365e-01
6.300000000000000000e+01 5.090095563104355403e-01
6.500000000000000000e+01 5.206748162226724208e-01
6.700000000000000000e+01 5.323992178913377060e-01
6.900000000000000000e+01 5.441636871361232863e-01
7.100000000000000000e+01 5.559257108684843018e-01
7.300000000000000000e+01 5.676592381253391384e-01
7.500000000000000000e+01 5.793375926414404686e-01
7.700000000000000000e+01 5.909424309673048104e-01
7.900000000000000000e+01 6.024208232258377871e-01
8.100000000000000000e+01 6.137667574224074940e-01
8.300000000000000000e+01 6.249729457998752791e-01
8.500000000000000000e+01 6.360335054222543416e-01
8.700000000000000000e+01 6.469486936307271563e-01
8.900000000000000000e+01 6.577286719818808969e-01
9.100000000000000000e+01 6.683606265972572569e-01
9.300000000000000000e+01 6.788396982847106909e-01
9.500000000000000000e+01 6.892003917150190118e-01
9.700000000000000000e+01 6.994577393308267776e-01
9.900000000000000000e+01 7.096360096440097465e-01
1.010000000000000000e+02 7.196936157081323948e-01
1.030000000000000000e+02 7.296520453838435394e-01
1.050000000000000000e+02 7.395445576796639831e-01
1.070000000000000000e+02 7.493470521214331548e-01
1.090000000000000000e+02 7.589844297264812800e-01
1.110000000000000000e+02 7.684446056896819810e-01
1.130000000000000000e+02 7.777752687700453249e-01
1.150000000000000000e+02 7.869962478434466835e-01
1.170000000000000000e+02 7.960356268349910724e-01
1.190000000000000000e+02 8.048035694932382800e-01
1.210000000000000000e+02 8.133201188988155028e-01
1.230000000000000000e+02 8.215390777212366880e-01
1.250000000000000000e+02 8.294346962600245288e-01
1.270000000000000000e+02 8.370267309632344332e-01
1.290000000000000000e+02 8.443322930558483375e-01
1.310000000000000000e+02 8.513500980589897571e-01
1.330000000000000000e+02 8.579913490018854505e-01
1.350000000000000000e+02 8.642693835748427311e-01
1.370000000000000000e+02 8.701721057214497623e-01
1.390000000000000000e+02 8.757201880221919810e-01
1.410000000000000000e+02 8.809230447110680817e-01
1.430000000000000000e+02 8.857495290826694623e-01
1.450000000000000000e+02 8.902200344570790902e-01
1.470000000000000000e+02 8.943993918920647435e-01
1.490000000000000000e+02 8.982951088128025008e-01
