1.000000000000000000e+00 1.852995676343416331e-02
3.000000000000000000e+00 1.913104177888136359e-02
5.000000000000000000e+00 1.947044624233784660e-02
7.000000000000000000e+00 1.983953794829274031e-02
9.000000000000000000e+00 2.020523502153048767e-02
1.100000000000000000e+01 2.054101676685182731e-02
1.300000000000000000e+01 2.082125146984981079e-02
1.500000000000000000e+01 2.104037171737238587e-02
1.700000000000000000e+01 2.119350589058754952e-02
1.900000000000000000e+01 2.129643534389213944e-02
2.100000000000000000e+01 2.136067853663436988e-02
2.300000000000000000e+01 2.139348086863168685e-02
2.500000000000000000e+01 2.140201567242361325e-02
2.700000000000000000e+01 2.138996991689579019e-02
2.900000000000000000e+01 2.135979854688807578e-02
3.100000000000000000e+01 2.131145231427322706e-02
3.300000000000000000e+01 2.124378306426111251e-02
3.500000000000000000e+01 2.115151744893417618e-02
3.700000000000000000e+01 2.103096815204641423e-02
3.900000000000000000e+01 2.087861342289787370e-02
4.100000000000000000e+01 2.069536851314413006e-02
4.300000000000000000e+01 2.048783053585068181e-02
4.500000000000000000e+01 2.026399809713430589e-02
4.700000000000000000e+01 2.002689828068859867e-02
4.900000000000000000e+01 1.977865840693004973e-02
5.100000000000000000e+01 1.952098448527217478e-02
5.300000000000000000e+01 1.925609357027580071e-02
5.500000000000000000e+01 1.898663702924363594e-02
5.700000000000000000e+01 1.870996980923644859e-02
5.900000000000000000e+01 1.842932716854017716e-02
6.100000000000000000e+01 1.814678840967420825e-02
6.300000000000000000e+01 1.786608985258553162e-02
6.500000000000000000e+01 1.758890355806952410e-02
6.700000000000000000e+01 1.731593565235944876e-02
6.900000000000000000e+01 1.705187745271341537e-02
7.100000000000000000e+01 1.679376994474224283e-02
7.300000000000000000e+01 1.654214357735672714e-02
7.500000000000000000e+01 1.629710039298959412e-02
7.700000000000000000e+01 1.605997171689332870e-02
7.900000000000000000e+01 1.583098149029615875e-02
8.100000000000000000e+01 1.560904537501384137e-02
8.300000000000000000e+01 1.539443748297975034e-02
8.500000000000000000e+01 1.518310200010120070e-02
8.700000000000000000e+01 1.497696100876655390e-02
8.900000000000000000e+01 1.477789285070418845e-02
9.100000000000000000e+01 1.458597666088434774e-02
9.300000000000000000e+01 1.440135657767926958e-02
9.500000000000000000e+01 1.422518131950367692e-02
9.700000000000000000e+01 1.405717855947019590e-02
9.900000000000000000e+01 1.389707942662243845e-02
1.010000000000000000e+02 1.374463723834140616e-02
1.030000000000000000e+02 1.359972675783482909e-02
1.050000000000000000e+02 1.345801075089680943e-02
1.070000000000000000e+02 1.331811036933694403e-02
1.090000000000000000e+02 1.318103731103903442e-02
1.110000000000000000e+02 1.304803933368237079e-02
1.130000000000000000e+02 1.292070803029343740e-02
1.150000000000000000e+02 1.279889603318173918e-02
1.170000000000000000e+02 1.268418359166956222e-02
1.190000000000000000e+02 1.257757798258252180e-02
1.210000000000000000e+02 1.247861863074961608e-02
1.230000000000000000e+02 1.238686588054316307e-02
1.250000000000000000e+02 1.230101760535773359e-02
1.270000000000000000e+02 1.222088772233542731e-02
1.290000000000000000e+02 1.214629480758266933e-02
1.310000000000000000e+02 1.207714896764155998e-02
1.330000000000000000e+02 1.201333652755987025e-02
1.350000000000000000e+02 1.195466270504474959e-02
1.370000000000000000e+02 1.190216083183315288e-02
1.390000000000000000e+02 1.185557534154302317e-02
1.410000000000000000e+02 1.181516773415980381e-02
1.430000000000000000e+02 1.178064122597088925e-02
1.450000000000000000e+02 1.175182232492977263e-02
1.470000000000000000e+02 1.172839927242619318e-02
1.490000000000000000e+02 1.170989736895666766e-02
