1.000000000000000000e+00 1.801097496805231790e-01
3.000000000000000000e+00 2.048710420143216027e-01
5.000000000000000000e+00 2.159035839404492840e-01
7.000000000000000000e+00 2.219259088159654114e-01
9.000000000000000000e+00 2.258733740759794051e-01
1.100000000000000000e+01 2.286623157759787306e-01
1.300000000000000000e+01 2.308122476618150731e-01
1.500000000000000000e+01 2.327138828082987443e-01
1.700000000000000000e+01 2.344246429275321786e-01
1.900000000000000000e+01 2.360440962813221688e-01
2.100000000000000000e+01 2.376571428525201535e-01
2.300000000000000000e+01 2.393199234128007280e-01
2.500000000000000000e+01 2.411014252382820411e-01
2.700000000000000000e+01 2.429977772299600769e-01
2.900000000000000000e+01 2.449948439228681885e-01
3.100000000000000000e+01 2.471279424181673789e-01
3.300000000000000000e+01 2.493952844057404361e-01
3.500000000000000000e+01 2.518208638999717142e-01
3.700000000000000000e+01 2.544133365365740529e-01
3.900000000000000000e+01 2.571745562916656347e-01
4.100000000000000000e+01 2.601193426356969152e-01
4.300000000000000000e+01 2.632388830403201707e-01
4.500000000000000000e+01 2.665283260438142676e-01
4.700000000000000000e+01 2.699544269853828560e-01
4.900000000000000000e+01 2.735167326611634975e-01
5.100000000000000000e+01 2.772012070097937819e-01
5.300000000000000000e+01 2.810038629146307532e-01
5.500000000000000000e+01 2.849336041724345181e-01
5.700000000000000000e+01 2.889916912689437511e-01
5.900000000000000000e+01 2.931809877351275739e-01
6.100000000000000000e+01 2.975062975434050738e-01
6.300000000000000000e+01 3.019658140533858504e-01
6.500000000000000000e+01 3.065551741232973582e-01
6.700000000000000000e+01 3.112599699400095954e-01
6.900000000000000000e+01 3.160691882463622093e-01
7.100000000000000000e+01 3.209847456550345424e-01
7.300000000000000000e+01 3.260031593472416667e-01
7.500000000000000000e+01 3.311343806288650216e-01
7.700000000000000000e+01 3.363731100210265446e-01
7.900000000000000000e+01 3.417065645198413826e-01
8.100000000000000000e+01 3.471318901946511826e-01
8.300000000000000000e+01 3.526575049712257215e-01
8.500000000000000000e+01 3.582787064617833916e-01
8.700000000000000000e+01 3.639943231234441523e-01
8.900000000000000000e+01 3.697973264652807401e-01
9.100000000000000000e+01 3.756751870298896678e-01
9.300000000000000000e+01 3.816138739835597260e-01
9.500000000000000000e+01 3.876089939399181006e-01
9.700000000000000000e+01 3.936766139348022442e-01
9.900000000000000000e+01 3.998157609323663708e-01
1.010000000000000000e+02 4.060203796011304656e-01
1.030000000000000000e+02 4.122686695966293335e-01
1.050000000000000000e+02 4.185521022413880576e-01
1.070000000000000000e+02 4.248892199580072138e-01
1.090000000000000000e+02 4.312793506058124615e-01
1.110000000000000000e+02 4.377155276423748687e-01
1.130000000000000000e+02 4.441934333339029317e-01
1.150000000000000000e+02 4.507001186886828714e-01
1.170000000000000000e+02 4.572299392935655904e-01
1.190000000000000000e+02 4.637784558218646103e-01
1.210000000000000000e+02 4.703317361152000720e-01
1.230000000000000000e+02 4.768846730032478831e-01
1.250000000000000000e+02 4.834354281674372311e-01
1.270000000000000000e+02 4.899929850710257329e-01
1.290000000000000000e+02 4.965476917802552626e-01
1.310000000000000000e+02 5.030996047310084540e-01
1.330000000000000000e+02 5.096417395523458183e-01
1.350000000000000000e+02 5.161672916432450409e-01
1.370000000000000000e+02 5.226748740180269248e-01
1.390000000000000000e+02 5.291615287031448123e-01
1.410000000000000000e+02 5.356229438127819709e-01
1.430000000000000000e+02 5.420505125342627295e-01
1.450000000000000000e+02 5.484417340197305091e-01
1.470000000000000000e+02 5.547912753606336622e-01
1.490000000000000000e+02 5.610942123218540800e-01
