1.000000000000000000e+00 1.661154883642956825e-02
3.000000000000000000e+00 1.702113057013554531e-02
5.000000000000000000e+00 1.727298921532938181e-02
7.000000000000000000e+00 1.748665470198595973e-02
9.000000000000000000e+00 1.767024642384784627e-02
1.100000000000000000e+01 1.781940082118849134e-02
1.300000000000000000e+01 1.794016336381243359e-02
1.500000000000000000e+01 1.803409363141905697e-02
1.700000000000000000e+01 1.810402246857223396e-02
1.900000000000000000e+01 1.815139374704755060e-02
2.100000000000000000e+01 1.817433642279087103e-02
2.300000000000000000e+01 1.817632740405072944e-02
2.500000000000000000e+01 1.816162517488573158e-02
2.700000000000000000e+01 1.813402519409035296e-02
2.900000000000000000e+01 1.809843981716219297e-02
3.100000000000000000e+01 1.805672264530744364e-02
3.300000000000000000e+01 1.801034507334664525e-02
3.500000000000000000e+01 1.796051653091745859e-02
3.700000000000000000e+01 1.790758178718310223e-02
3.900000000000000000e+01 1.785220589825176063e-02
4.100000000000000000e+01 1.779490567911390375e-02
4.300000000000000000e+01 1.773621221996202202e-02
4.500000000000000000e+01 1.767713141476234817e-02
4.700000000000000000e+01 1.761848546730615528e-02
4.900000000000000000e+01 1.756025424968976623e-02
5.100000000000000000e+01 1.750231734952900631e-02
5.300000000000000000e+01 1.744419084654413865e-02
5.500000000000000000e+01 1.738583546409944169e-02
5.700000000000000000e+01 1.732779110900128927e-02
5.900000000000000000e+01 1.726966729275813961e-02
6.100000000000000000e+01 1.721110162668537669e-02
6.300000000000000000e+01 1.715027510448896564e-02
6.500000000000000000e+01 1.708761295186544960e-02
6.700000000000000000e+01 1.702351654939870951e-02
6.900000000000000000e+01 1.695871128267767425e-02
7.100000000000000000e+01 1.689334739991066314e-02
7.300000000000000000e+01 1.682751126091541760e-02
7.500000000000000000e+01 1.676119230487971290e-02
7.700000000000000000e+01 1.669145586480424992e-02
7.900000000000000000e+01 1.661877535508937687e-02
8.100000000000000000e+01 1.654337938498562366e-02
8.300000000000000000e+01 1.646620972458234800e-02
8.500000000000000000e+01 1.638776124990548588e-02
8.700000000000000000e+01 1.630852035515462095e-02
8.900000000000000000e+01 1.622789900064847135e-02
9.100000000000000000e+01 1.614687866653585768e-02
9.300000000000000000e+01 1.606564643909480505e-02
9.500000000000000000e+01 1.598419099509995611e-02
9.700000000000000000e+01 1.590243744848240937e-02
9.900000000000000000e+01 1.582070728735829324e-02
1.010000000000000000e+02 1.573619540493542690e-02
1.030000000000000000e+02 1.564903771708237024e-02
1.050000000000000000e+02 1.556057564432666851e-02
1.070000000000000000e+02 1.547148977258183677e-02
1.090000000000000000e+02 1.538125021268521575e-02
1.110000000000000000e+02 1.528993790618937698e-02
1.130000000000000000e+02 1.519733658998778658e-02
1.150000000000000000e+02 1.510361850395114391e-02
1.170000000000000000e+02 1.500846546017675642e-02
1.190000000000000000e+02 1.491105459837127611e-02
1.210000000000000000e+02 1.481158282228944856e-02
1.230000000000000000e+02 1.471022906986307888e-02
1.250000000000000000e+02 1.460878609124471872e-02
1.270000000000000000e+02 1.450699703730840007e-02
1.290000000000000000e+02 1.440544421340705927e-02
1.310000000000000000e+02 1.430396665320499139e-02
1.330000000000000000e+02 1.420263353628159475e-02
1.350000000000000000e+02 1.410170068501515050e-02
1.370000000000000000e+02 1.400123246016526934e-02
1.390000000000000000e+02 1.390115619524578960e-02
1.410000000000000000e+02 1.380157710111518110e-02
1.430000000000000000e+02 1.370255298991229775e-02
1.450000000000000000e+02 1.360419134541412944e-02
1.470000000000000000e+02 1.350611091532383234e-02
1.490000000000000000e+02 1.340832172996386795e-02
