1.000000000000000000e+00 6.862745098039213509e-02
3.000000000000000000e+00 7.374500354443058736e-02
5.000000000000000000e+00 7.603520630749449616e-02
7.000000000000000000e+00 7.719913622389107388e-02
9.000000000000000000e+00 7.818050379300334196e-02
1.100000000000000000e+01 7.920134353788577108e-02
1.300000000000000000e+01 8.022054733555950001e-02
1.500000000000000000e+01 8.117616708330155362e-02
1.700000000000000000e+01 8.207061297237461250e-02
1.900000000000000000e+01 8.296553678730911319e-02
2.100000000000000000e+01 8.387931074914556362e-02
2.300000000000000000e+01 8.480396497327324923e-02
2.500000000000000000e+01 8.572193828094465395e-02
2.700000000000000000e+01 8.663708658599866830e-02
2.900000000000000000e+01 8.754232449088494850e-02
3.100000000000000000e+01 8.843121443671697612e-02
3.300000000000000000e+01 8.930882727999001069e-02
3.500000000000000000e+01 9.018111437169396005e-02
3.700000000000000000e+01 9.105653359118404122e-02
3.900000000000000000e+01 9.192716567120717830e-02
4.100000000000000000e+01 9.278138451602302439e-02
4.300000000000000000e+01 9.362040348009936785e-02
4.500000000000000000e+01 9.445011608780773393e-02
4.700000000000000000e+01 9.527891674001298661e-02
4.900000000000000000e+01 9.610517867919321500e-02
5.100000000000000000e+01 9.692002395889032229e-02
5.300000000000000000e+01 9.771469813293820472e-02
5.500000000000000000e+01 9.848295040171950454e-02
5.700000000000000000e+01 9.920705472607249664e-02
5.900000000000000000e+01 9.988195156160151189e-02
6.100000000000000000e+01 1.005074389956847059e-01
6.300000000000000000e+01 1.010893811766421235e-01
6.500000000000000000e+01 1.016406784472425606e-01
6.700000000000000000e+01 1.021619735559535780e-01
6.900000000000000000e+01 1.026516646275881239e-01
7.100000000000000000e+01 1.031178919668069849e-01
7.300000000000000000e+01 1.035539828029198306e-01
7.500000000000000000e+01 1.039626178406151125e-01
7.700000000000000000e+01 1.043465514918207049e-01
7.900000000000000000e+01 1.047075016780183443e-01
8.100000000000000000e+01 1.050464779070545696e-01
8.300000000000000000e+01 1.053688747652568036e-01
8.500000000000000000e+01 1.056848697681884719e-01
8.700000000000000000e+01 1.059881782663699701e-01
8.900000000000000000e+01 1.062743414488549476e-01
9.100000000000000000e+01 1.065511391700785238e-01
9.300000000000000000e+01 1.068236034725728034e-01
9.500000000000000000e+01 1.070809461571301524e-01
9.700000000000000000e+01 1.073270612899629439e-01
9.900000000000000000e+01 1.075697742056377360e-01
1.010000000000000000e+02 1.078073847344588332e-01
1.030000000000000000e+02 1.080404361567741667e-01
1.050000000000000000e+02 1.082710028756693754e-01
1.070000000000000000e+02 1.084971114043821183e-01
1.090000000000000000e+02 1.087200768574954068e-01
1.110000000000000000e+02 1.089316875137056329e-01
1.130000000000000000e+02 1.091326569905554100e-01
1.150000000000000000e+02 1.093158047902543784e-01
1.170000000000000000e+02 1.094817135414148934e-01
1.190000000000000000e+02 1.096311909901400705e-01
1.210000000000000000e+02 1.097705990147511690e-01
1.230000000000000000e+02 1.099114852222288219e-01
1.250000000000000000e+02 1.100551775695364221e-01
1.270000000000000000e+02 1.101936976168167437e-01
1.290000000000000000e+02 1.103154249653975905e-01
1.310000000000000000e+02 1.104219142047696556e-01
1.330000000000000000e+02 1.105185345376709094e-01
1.350000000000000000e+02 1.106156529179933568e-01
1.370000000000000000e+02 1.107097666896522670e-01
1.390000000000000000e+02 1.107997904536762723e-01
1.410000000000000000e+02 1.108849192770610115e-01
1.430000000000000000e+02 1.109654817400188564e-01
1.450000000000000000e+02 1.110414886628494635e-01
1.470000000000000000e+02 1.111035211974625847e-01
1.490000000000000000e+02 1.111505713521375727e-01
