1.000000000000000000e+00 0.000000000000000000e+00
3.000000000000000000e+00 0.000000000000000000e+00
5.000000000000000000e+00 0.000000000000000000e+00
7.000000000000000000e+00 2.482241064805101871e-06
9.000000000000000000e+00 1.868971913121519890e-05
1.100000000000000000e+01 3.757880392063484010e-05
1.300000000000000000e+01 5.640694304487325894e-05
1.500000000000000000e+01 8.069032694291156105e-05
1.700000000000000000e+01 1.164219803668764541e-04
1.900000000000000000e+01 1.613478608842866535e-04
2.100000000000000000e+01 2.132941021951717531e-04
2.300000000000000000e+01 2.770099914428669763e-04
2.500000000000000000e+01 3.559974476422533840e-04
2.700000000000000000e+01 4.487986567272006511e-04
2.900000000000000000e+01 5.505225921677014966e-04
3.100000000000000000e+01 6.575220120924596401e-04
3.300000000000000000e+01 7.680334704508462451e-04
3.500000000000000000e+01 8.810511864510983671e-04
3.700000000000000000e+01 9.958751989288527895e-04
3.900000000000000000e+01 1.112180549308505739e-03
4.100000000000000000e+01 1.229742672201106224e-03
4.300000000000000000e+01 1.347589873420984574e-03
4.500000000000000000e+01 1.465386735485130210e-03
4.700000000000000000e+01 1.582542028053524064e-03
4.900000000000000000e+01 1.698517680571609567e-03
5.100000000000000000e+01 1.812906952066040134e-03
5.300000000000000000e+01 1.925614531389507889e-03
5.500000000000000000e+01 2.036803812991538898e-03
5.700000000000000000e+01 2.146859395207645349e-03
5.900000000000000000e+01 2.256126042073147708e-03
6.100000000000000000e+01 2.364926638067532672e-03
6.300000000000000000e+01 2.474316833192435894e-03
6.500000000000000000e+01 2.584358863067182099e-03
6.700000000000000000e+01 2.694927319585649350e-03
6.900000000000000000e+01 2.805934854033131920e-03
7.100000000000000000e+01 2.917319082210378944e-03
7.300000000000000000e+01 3.029047784426697199e-03
7.500000000000000000e+01 3.141150644598189601e-03
7.700000000000000000e+01 3.253745756622850038e-03
7.900000000000000000e+01 3.366479045318504504e-03
8.100000000000000000e+01 3.479474892695955113e-03
8.300000000000000000e+01 3.592732984646906935e-03
8.500000000000000000e+01 3.706199559858958104e-03
8.700000000000000000e+01 3.819118641137930759e-03
8.900000000000000000e+01 3.931416060414583136e-03
9.100000000000000000e+01 4.043041277830949909e-03
9.300000000000000000e+01 4.154055581424787036e-03
9.500000000000000000e+01 4.264640519865303681e-03
9.700000000000000000e+01 4.375022292379293631e-03
9.900000000000000000e+01 4.485406099354438680e-03
1.010000000000000000e+02 4.596093780137366913e-03
1.030000000000000000e+02 4.707053108870762337e-03
1.050000000000000000e+02 4.818273674235595827e-03
1.070000000000000000e+02 4.930581479963946911e-03
1.090000000000000000e+02 5.043862964862810827e-03
1.110000000000000000e+02 5.158054445953963452e-03
1.130000000000000000e+02 5.273215236461292754e-03
1.150000000000000000e+02 5.389439293510212003e-03
1.170000000000000000e+02 5.506715669902684240e-03
1.190000000000000000e+02 5.624882700680955416e-03
1.210000000000000000e+02 5.743834369124289907e-03
1.230000000000000000e+02 5.863443408850255167e-03
1.250000000000000000e+02 5.983696558555240408e-03
1.270000000000000000e+02 6.104015828087727691e-03
1.290000000000000000e+02 6.224461797753377823e-03
1.310000000000000000e+02 6.345223227360752283e-03
1.330000000000000000e+02 6.466165080504460150e-03
1.350000000000000000e+02 6.587352115447919765e-03
1.370000000000000000e+02 6.708818459718046689e-03
1.390000000000000000e+02 6.830569312109457947e-03
1.410000000000000000e+02 6.952351186398919580e-03
1.430000000000000000e+02 7.074110960884394395e-03
1.450000000000000000e+02 7.196206418724981901e-03
1.470000000000000000e+02 7.318639944903226890e-03
1.490000000000000000e+02 7.441480454221327534e-03
