1.000000000000000000e+00 5.939862254325549706e-01
3.000000000000000000e+00 6.283443499004333077e-01
5.000000000000000000e+00 6.467195011806058380e-01
7.000000000000000000e+00 6.600915572419565613e-01
9.000000000000000000e+00 6.716863068698220030e-01
1.100000000000000000e+01 6.826593379571113118e-01
1.300000000000000000e+01 6.932201271742182147e-01
1.500000000000000000e+01 7.033856253787367230e-01
1.700000000000000000e+01 7.131542046702492588e-01
1.900000000000000000e+01 7.225019122081857148e-01
2.100000000000000000e+01 7.313564495923474684e-01
2.300000000000000000e+01 7.396829717709135776e-01
2.500000000000000000e+01 7.474697029047124852e-01
2.700000000000000000e+01 7.547245819640640008e-01
2.900000000000000000e+01 7.614678106985955930e-01
3.100000000000000000e+01 7.677520043480973166e-01
3.300000000000000000e+01 7.736180539952324242e-01
3.500000000000000000e+01 7.791021886469036151e-01
3.700000000000000000e+01 7.842459454918353501e-01
3.900000000000000000e+01 7.890959429128177050e-01
4.100000000000000000e+01 7.936987196612326212e-01
4.300000000000000000e+01 7.980840400456008510e-01
4.500000000000000000e+01 8.022814400533611057e-01
4.700000000000000000e+01 8.063201017960621719e-01
4.900000000000000000e+01 8.102309351413599092e-01
5.100000000000000000e+01 8.140283273155671795e-01
5.300000000000000000e+01 8.177255769594646839e-01
5.500000000000000000e+01 8.213393509794213454e-01
5.700000000000000000e+01 8.248815734669787680e-01
5.900000000000000000e+01 8.283673329421669118e-01
6.100000000000000000e+01 8.318035335189235546e-01
6.300000000000000000e+01 8.351970344853195671e-01
6.500000000000000000e+01 8.385519906462024498e-01
6.700000000000000000e+01 8.418548864867728687e-01
6.900000000000000000e+01 8.451063938120787489e-01
7.100000000000000000e+01 8.483089923390765286e-01
7.300000000000000000e+01 8.514605721767121160e-01
7.500000000000000000e+01 8.545621234830267365e-01
7.700000000000000000e+01 8.576203267966726607e-01
7.900000000000000000e+01 8.606239843467138328e-01
8.100000000000000000e+01 8.635810728337540709e-01
8.300000000000000000e+01 8.664915368069991963e-01
8.500000000000000000e+01 8.693558079137664318e-01
8.700000000000000000e+01 8.721744321340059170e-01
8.900000000000000000e+01 8.749430772066332240e-01
9.100000000000000000e+01 8.776535512363132785e-01
9.300000000000000000e+01 8.803076018884194998e-01
9.500000000000000000e+01 8.829060982492976661e-01
9.700000000000000000e+01 8.854457040867375062e-01
9.900000000000000000e+01 8.879263181308073571e-01
1.010000000000000000e+02 8.903507822965710528e-01
1.030000000000000000e+02 8.927086109080618614e-01
1.050000000000000000e+02 8.950039118724548715e-01
1.070000000000000000e+02 8.972391709754514721e-01
1.090000000000000000e+02 8.994178583181786646e-01
1.110000000000000000e+02 9.015451097638174094e-01
1.130000000000000000e+02 9.036244193067364261e-01
1.150000000000000000e+02 9.056562822875076080e-01
1.170000000000000000e+02 9.076345221446534550e-01
1.190000000000000000e+02 9.095630267267422742e-01
1.210000000000000000e+02 9.114424687426980753e-01
1.230000000000000000e+02 9.132707517286505761e-01
1.250000000000000000e+02 9.150444439613001357e-01
1.270000000000000000e+02 9.167645914087404480e-01
1.290000000000000000e+02 9.184321053876516316e-01
1.310000000000000000e+02 9.200443319127795672e-01
1.330000000000000000e+02 9.216021371522817862e-01
1.350000000000000000e+02 9.231078557284781994e-01
1.370000000000000000e+02 9.245613708365709726e-01
1.390000000000000000e+02 9.259645957743326550e-01
1.410000000000000000e+02 9.273157587649374367e-01
1.430000000000000000e+02 9.286160107016697696e-01
1.450000000000000000e+02 9.298695591404437799e-01
1.470000000000000000e+02 9.310815381833211779e-01
1.490000000000000000e+02 9.322567287247581769e-01
