1.000000000000000000e+00 2.487912500586775266e-02
3.000000000000000000e+00 2.595370351923531604e-02
5.000000000000000000e+00 2.647917834625512779e-02
7.000000000000000000e+00 2.684885781635160118e-02
9.000000000000000000e+00 2.714692909993421388e-02
1.100000000000000000e+01 2.744382436479331222e-02
1.300000000000000000e+01 2.775634412466498890e-02
1.500000000000000000e+01 2.805579723368256673e-02
1.700000000000000000e+01 2.832703103808398293e-02
1.900000000000000000e+01 2.857634125769592526e-02
2.100000000000000000e+01 2.880538689094935823e-02
2.300000000000000000e+01 2.901924574004766111e-02
2.500000000000000000e+01 2.922339442337662518e-02
2.700000000000000000e+01 2.942183467242021067e-02
2.900000000000000000e+01 2.961404101492515206e-02
3.100000000000000000e+01 2.979946923417609028e-02
3.300000000000000000e+01 2.998099950269683678e-02
3.500000000000000000e+01 3.015721268021909207e-02
3.700000000000000000e+01 3.032463013644226546e-02
3.900000000000000000e+01 3.048318472697009174e-02
4.100000000000000000e+01 3.063399868259220060e-02
4.300000000000000000e+01 3.077658658947179937e-02
4.500000000000000000e+01 3.090890222526265774e-02
4.700000000000000000e+01 3.103097883444738692e-02
4.900000000000000000e+01 3.114441924394795169e-02
5.100000000000000000e+01 3.124958152371237752e-02
5.300000000000000000e+01 3.134973744115066019e-02
5.500000000000000000e+01 3.144340604692830166e-02
5.700000000000000000e+01 3.152645905887263567e-02
5.900000000000000000e+01 3.159695916154248163e-02
6.100000000000000000e+01 3.165616965010287220e-02
6.300000000000000000e+01 3.170566746785896672e-02
6.500000000000000000e+01 3.174531290612458978e-02
6.700000000000000000e+01 3.177770178878758234e-02
6.900000000000000000e+01 3.180180630248596874e-02
7.100000000000000000e+01 3.181903241736772081e-02
7.300000000000000000e+01 3.182795859152398599e-02
7.500000000000000000e+01 3.182933759608053137e-02
7.700000000000000000e+01 3.182502490742189494e-02
7.900000000000000000e+01 3.181472923473716019e-02
8.100000000000000000e+01 3.180284131918698076e-02
8.300000000000000000e+01 3.178976087126372807e-02
8.500000000000000000e+01 3.177541619295010111e-02
8.700000000000000000e+01 3.175840939783758365e-02
8.900000000000000000e+01 3.173926800988957631e-02
9.100000000000000000e+01 3.171953631166846144e-02
9.300000000000000000e+01 3.169960015445716373e-02
9.500000000000000000e+01 3.167951400931712236e-02
9.700000000000000000e+01 3.165951405268208063e-02
9.900000000000000000e+01 3.164036732449782008e-02
1.010000000000000000e+02 3.162236385401562266e-02
1.030000000000000000e+02 3.160738244484495585e-02
1.050000000000000000e+02 3.159583609128213677e-02
1.070000000000000000e+02 3.158530113466373468e-02
1.090000000000000000e+02 3.157720389741702771e-02
1.110000000000000000e+02 3.157172262934027085e-02
1.130000000000000000e+02 3.156837009639801295e-02
1.150000000000000000e+02 3.156663232891787629e-02
1.170000000000000000e+02 3.156282658485820569e-02
1.190000000000000000e+02 3.155724545886984256e-02
1.210000000000000000e+02 3.155216169962637984e-02
1.230000000000000000e+02 3.154884723212170172e-02
1.250000000000000000e+02 3.154768090010706683e-02
1.270000000000000000e+02 3.154888200346828153e-02
1.290000000000000000e+02 3.155052371209643436e-02
1.310000000000000000e+02 3.155159957948361349e-02
1.330000000000000000e+02 3.155243114718830899e-02
1.350000000000000000e+02 3.155632492421822644e-02
1.370000000000000000e+02 3.156338766971922283e-02
1.390000000000000000e+02 3.157516059507392558e-02
1.410000000000000000e+02 3.159185891527216405e-02
1.430000000000000000e+02 3.161340102484644365e-02
1.450000000000000000e+02 3.164207000353025379e-02
1.470000000000000000e+02 3.167785666278155610e-02
1.490000000000000000e+02 3.172076340269958106e-02
