1.000000000000000000e+00 3.135747521747925814e-01
3.000000000000000000e+00 3.710525380981136712e-01
5.000000000000000000e+00 3.997832443037365735e-01
7.000000000000000000e+00 4.173496092793564927e-01
9.000000000000000000e+00 4.304247481387132312e-01
1.100000000000000000e+01 4.410288697142887848e-01
1.300000000000000000e+01 4.503252523434195798e-01
1.500000000000000000e+01 4.589646728603220538e-01
1.700000000000000000e+01 4.672224648206034781e-01
1.900000000000000000e+01 4.752392317827390800e-01
2.100000000000000000e+01 4.832065184993340479e-01
2.300000000000000000e+01 4.911782435118452472e-01
2.500000000000000000e+01 4.991150372676919078e-01
2.700000000000000000e+01 5.069633822068229101e-01
2.900000000000000000e+01 5.146486575506898919e-01
3.100000000000000000e+01 5.222447320079823818e-01
3.300000000000000000e+01 5.296949567188823371e-01
3.500000000000000000e+01 5.371609761464465338e-01
3.700000000000000000e+01 5.447103912893810351e-01
3.900000000000000000e+01 5.523313103533002977e-01
4.100000000000000000e+01 5.600245030468584684e-01
4.300000000000000000e+01 5.677810179732882823e-01
4.500000000000000000e+01 5.755719443001536817e-01
4.700000000000000000e+01 5.833625679178298107e-01
4.900000000000000000e+01 5.911920761862898832e-01
5.100000000000000000e+01 5.990333547328248187e-01
5.300000000000000000e+01 6.068202216935090210e-01
5.500000000000000000e+01 6.145429296107134398e-01
5.700000000000000000e+01 6.221712568457572479e-01
5.900000000000000000e+01 6.297323075435194983e-01
6.100000000000000000e+01 6.372104621367358224e-01
6.300000000000000000e+01 6.444668905041398554e-01
6.500000000000000000e+01 6.515061360576496208e-01
6.700000000000000000e+01 6.583232021416732804e-01
6.900000000000000000e+01 6.648817112953883113e-01
7.100000000000000000e+01 6.711918092969918481e-01
7.300000000000000000e+01 6.771640370076246196e-01
7.500000000000000000e+01 6.828056836085789616e-01
7.700000000000000000e+01 6.882254410858326121e-01
7.900000000000000000e+01 6.933658955324855100e-01
8.100000000000000000e+01 6.982488360445779918e-01
8.300000000000000000e+01 7.028886627778823115e-01
8.500000000000000000e+01 7.072699830820515787e-01
8.700000000000000000e+01 7.114395204379733162e-01
8.900000000000000000e+01 7.154018440827348835e-01
9.100000000000000000e+01 7.191441871239590000e-01
9.300000000000000000e+01 7.226178567100364214e-01
9.500000000000000000e+01 7.258255928493547726e-01
9.700000000000000000e+01 7.287541773568184666e-01
9.900000000000000000e+01 7.313953144693210451e-01
1.010000000000000000e+02 7.337677353176141892e-01
1.030000000000000000e+02 7.359496495437926056e-01
1.050000000000000000e+02 7.379496591829153296e-01
1.070000000000000000e+02 7.397448178888654802e-01
1.090000000000000000e+02 7.413467737841028526e-01
1.110000000000000000e+02 7.427567828277203965e-01
1.130000000000000000e+02 7.439664134130974382e-01
1.150000000000000000e+02 7.449091967895660193e-01
1.170000000000000000e+02 7.455874214812423517e-01
1.190000000000000000e+02 7.460718154026657611e-01
1.210000000000000000e+02 7.463714122912881166e-01
1.230000000000000000e+02 7.464691268547507530e-01
1.250000000000000000e+02 7.463845008276617232e-01
1.270000000000000000e+02 7.461277428537169687e-01
1.290000000000000000e+02 7.457367587906873485e-01
1.310000000000000000e+02 7.452395460845602226e-01
1.330000000000000000e+02 7.446607866023915445e-01
1.350000000000000000e+02 7.440356715993214909e-01
1.370000000000000000e+02 7.434173838046771454e-01
1.390000000000000000e+02 7.428087454570295733e-01
1.410000000000000000e+02 7.421761352046435389e-01
1.430000000000000000e+02 7.415244894308508083e-01
1.450000000000000000e+02 7.408273040824215894e-01
1.470000000000000000e+02 7.400542062848285418e-01
1.490000000000000000e+02 7.392109469122082333e-01
