1.000000000000000000e+00 8.372591006423979465e-02
3.000000000000000000e+00 8.878274817323106305e-02
5.000000000000000000e+00 9.150190337111263617e-02
7.000000000000000000e+00 9.400602223243181843e-02
9.000000000000000000e+00 9.665766649447948833e-02
1.100000000000000000e+01 9.926720190954196887e-02
1.300000000000000000e+01 1.017563947825210757e-01
1.500000000000000000e+01 1.041152819881948632e-01
1.700000000000000000e+01 1.063436967868632843e-01
1.900000000000000000e+01 1.084132179558355835e-01
2.100000000000000000e+01 1.102636788756502506e-01
2.300000000000000000e+01 1.119134410404248881e-01
2.500000000000000000e+01 1.133483704132411951e-01
2.700000000000000000e+01 1.145852040927325399e-01
2.900000000000000000e+01 1.156434823383463151e-01
3.100000000000000000e+01 1.165420073885653496e-01
3.300000000000000000e+01 1.172822583164412347e-01
3.500000000000000000e+01 1.178858394442447999e-01
3.700000000000000000e+01 1.183845985765984432e-01
3.900000000000000000e+01 1.188101904577687495e-01
4.100000000000000000e+01 1.191954664838110745e-01
4.300000000000000000e+01 1.195530342006980717e-01
4.500000000000000000e+01 1.198811139072457621e-01
4.700000000000000000e+01 1.201777224856652726e-01
4.900000000000000000e+01 1.204404940345098485e-01
5.100000000000000000e+01 1.206483025241492646e-01
5.300000000000000000e+01 1.208077487095668978e-01
5.500000000000000000e+01 1.209177775026343271e-01
5.700000000000000000e+01 1.210112669570615473e-01
5.900000000000000000e+01 1.210890655720383569e-01
6.100000000000000000e+01 1.211277587190318084e-01
6.300000000000000000e+01 1.210974390877379570e-01
6.500000000000000000e+01 1.210121464853189943e-01
6.700000000000000000e+01 1.208739011669480723e-01
6.900000000000000000e+01 1.207195106123764017e-01
7.100000000000000000e+01 1.205495176144169012e-01
7.300000000000000000e+01 1.203552350780711100e-01
7.500000000000000000e+01 1.201505817143697641e-01
7.700000000000000000e+01 1.199453686553184628e-01
7.900000000000000000e+01 1.197367203986203776e-01
8.100000000000000000e+01 1.195178585859295595e-01
8.300000000000000000e+01 1.192980960246950994e-01
8.500000000000000000e+01 1.190558925749733987e-01
8.700000000000000000e+01 1.187929600698739430e-01
8.900000000000000000e+01 1.185190075575220936e-01
9.100000000000000000e+01 1.182515157319626864e-01
9.300000000000000000e+01 1.179911266878495013e-01
9.500000000000000000e+01 1.177353792644318942e-01
9.700000000000000000e+01 1.174902466967933101e-01
9.900000000000000000e+01 1.172528755784798538e-01
1.010000000000000000e+02 1.170236225451447565e-01
1.030000000000000000e+02 1.167825175814275473e-01
1.050000000000000000e+02 1.165224540215251681e-01
1.070000000000000000e+02 1.162442510263176354e-01
1.090000000000000000e+02 1.159539046293588394e-01
1.110000000000000000e+02 1.156607256326459554e-01
1.130000000000000000e+02 1.153663793908674684e-01
1.150000000000000000e+02 1.150682656416202043e-01
1.170000000000000000e+02 1.147838095117567070e-01
1.190000000000000000e+02 1.145158577096981878e-01
1.210000000000000000e+02 1.142667604593201602e-01
1.230000000000000000e+02 1.140288486000987644e-01
1.250000000000000000e+02 1.138027152644824902e-01
1.270000000000000000e+02 1.135896623726556642e-01
1.290000000000000000e+02 1.133912467505299171e-01
1.310000000000000000e+02 1.131962015809403477e-01
1.330000000000000000e+02 1.130133878098275035e-01
1.350000000000000000e+02 1.128431863886267816e-01
1.370000000000000000e+02 1.126987897646194448e-01
1.390000000000000000e+02 1.125791315412776328e-01
1.410000000000000000e+02 1.124833655259661613e-01
1.430000000000000000e+02 1.124111289263357571e-01
1.450000000000000000e+02 1.123647302026592465e-01
1.470000000000000000e+02 1.123430398926642537e-01
1.490000000000000000e+02 1.123373757518926208e-01
