0.000000000000000000e+00 3.591568654840642694e+01 3.517331594579661669e+01 nan nan nan
1.000000000000000000e+00 3.591568654840642694e+01 3.517467958216039392e+01 1.000000000000000000e+00 nan nan
2.000000000000000000e+00 3.591568654840642694e+01 3.517604321852417826e+01 nan nan nan
3.000000000000000000e+00 3.591568654840643404e+01 3.517740685488796260e+01 1.000000000000000000e+00 nan nan
4.000000000000000000e+00 3.591568654840642694e+01 3.517877049125173983e+01 nan nan nan
5.000000000000000000e+00 3.591568654840642694e+01 3.518013412761551706e+01 1.000000000000000000e+00 nan nan
6.000000000000000000e+00 3.591568654840642694e+01 3.518149776397928719e+01 1.000000000000000000e+00 nan nan
7.000000000000000000e+00 3.591568654840642694e+01 3.518286140034307863e+01 nan 1.000000000000000000e+00 nan
8.000000000000000000e+00 3.591568654840642694e+01 3.518422503670685586e+01 nan 1.000000000000000000e+00 nan
9.000000000000000000e+00 3.591568654840642694e+01 3.518558867307064020e+01 nan 1.000000000000000000e+00 nan
1.000000000000000000e+01 3.591568654840642694e+01 3.518695230943442454e+01 nan 1.000000000000000000e+00 nan
1.100000000000000000e+01 3.591568654840642694e+01 3.518831594579819466e+01 1.000000000000000000e+00 1.000000000000000000e+00 1.000000000000000000e+00
1.200000000000000000e+01 3.591568654840642694e+01 3.518967958216197900e+01 nan 1.000000000000000000e+00 nan
1.300000000000000000e+01 3.591568654840642694e+01 3.519104321852575623e+01 nan 1.000000000000000000e+00 nan
1.400000000000000000e+01 3.591568654840642694e+01 3.519240685488954767e+01 nan 1.000000000000000000e+00 nan
1.500000000000000000e+01 3.591568654840642694e+01 3.519377049125333201e+01 1.000000000000000000e+00 1.000000000000000000e+00 1.000000000000000000e+00
1.600000000000000000e+01 3.591568654840642694e+01 3.519513412761710214e+01 nan 1.000000000000000000e+00 nan
1.700000000000000000e+01 3.591568654840642694e+01 3.519649776398089358e+01 nan 1.000000000000000000e+00 nan
1.800000000000000000e+01 3.591568654840642694e+01 3.519786140034466371e+01 nan 1.000000000000000000e+00 nan
1.900000000000000000e+01 3.591568654840642694e+01 3.519922503670844804e+01 nan 1.000000000000000000e+00 nan
2.000000000000000000e+01 3.591568654840642694e+01 3.520058867307222528e+01 nan 1.000000000000000000e+00 nan
2.100000000000000000e+01 3.591568654840642694e+01 3.520195230943602382e+01 nan 1.000000000000000000e+00 nan
2.200000000000000000e+01 3.591568654840642694e+01 3.520331594579979395e+01 nan 1.000000000000000000e+00 nan
2.300000000000000000e+01 3.591568654840642694e+01 3.520467958216357118e+01 nan 1.000000000000000000e+00 nan
2.400000000000000000e+01 3.591568654840642694e+01 3.520604321852735552e+01 nan 1.000000000000000000e+00 nan
2.500000000000000000e+01 3.591568654840642694e+01 3.520740685489113986e+01 nan 1.000000000000000000e+00 nan
2.600000000000000000e+01 3.591568654840642694e+01 3.520877049125492420e+01 nan 1.000000000000000000e+00 nan
2.700000000000000000e+01 3.591568654840642694e+01 3.521013412761870143e+01 nan 1.000000000000000000e+00 nan
2.800000000000000000e+01 3.591568654840642694e+01 3.521149776398248576e+01 nan 1.000000000000000000e+00 nan
2.900000000000000000e+01 3.591568654840642694e+01 3.521286140034625589e+01 nan 1.000000000000000000e+00 nan
3.000000000000000000e+01 3.591568654840642694e+01 3.521422503671004733e+01 nan 1.000000000000000000e+00 nan
3.100000000000000000e+01 3.591568654840642694e+01 3.521558867307382457e+01 nan 1.000000000000000000e+00 nan
3.200000000000000000e+01 3.591568654840642694e+01 3.521695230943760890e+01 nan 1.000000000000000000e+00 nan
3.300000000000000000e+01 3.591705018477006206e+01 3.517331594579661669e+01 1.000000000000000000e+00 nan nan
3.400000000000000000e+01 3.591705018477006206e+01 3.517467958216039392e+01 1.000000000000000000e+00 nan nan
3.500000000000000000e+01 3.591705018477006206e+01 3.517604321852417826e+01 1.000000000000000000e+00 nan nan
3.600000000000000000e+01 3.591705018477006206e+01 3.517740685488795549e+01 1.000000000000000000e+00 nan nan
3.700000000000000000e+01 3.591705018477006206e+01 3.517877049125173983e+01 1.000000000000000000e+00 1.000000000000000000e+00 1.000000000000000000e+00
3.800000000000000000e+01 3.591705018477006206e+01 3.518013412761551706e+01 1.000000000000000000e+00 1.000000000000000000e+00 1.000000000000000000e+00
3.900000000000000000e+01 3.591705018477006917e+01 3.518149776397928719e+01 1.000000000000000000e+00 1.000000000000000000e+00 1.000000000000000000e+00
4.000000000000000000e+01 3.591705018477006917e+01 3.518286140034307863e+01 1.000000000000000000e+00 1.000000000000000000e+00 1.000000000000000000e+00
4.100000000000000000e+01 3.591705018477006206e+01 3.518422503670685586e+01 1.000000000000000000e+00 1.000000000000000000e+00 1.000000000000000000e+00
4.200000000000000000e+01 3.591705018477006206e+01 3.518558867307064730e+01 1.000000000000000000e+00 1.000000000000000000e+00 1.000000000000000000e+00
4.300000000000000000e+01 3.591705018477005495e+01 3.518695230943442454e+01 1.000000000000000000e+00 1.000000000000000000e+00 1.000000000000000000e+00
4.400000000000000000e+01 3.591705018477006206e+01 3.518831594579820887e+01 1.000000000000000000e+00 1.000000000000000000e+00 1.000000000000000000e+00
4.500000000000000000e+01 3.591705018477006917e+01 3.518967958216198610e+01 1.000000000000000000e+00 1.000000000000000000e+00 1.000000000000000000e+00
4.600000000000000000e+01 3.591705018477006206e+01 3.519104321852577044e+01 1.000000000000000000e+00 1.000000000000000000e+00 1.000000000000000000e+00
4.700000000000000000e+01 3.591705018477006206e+01 3.519240685488954767e+01 nan 1.000000000000000000e+00 nan
4.800000000000000000e+01 3.591705018477006206e+01 3.519377049125333201e+01 nan 1.000000000000000000e+00 nan
4.900000000000000000e+01 3.591705018477006917e+01 3.519513412761710214e+01 1.000000000000000000e+00 1.000000000000000000e+00 1.000000000000000000e+00
5.000000000000000000e+01 3.591705018477006206e+01 3.519649776398089358e+01 nan 1.000000000000000000e+00 nan
5.100000000000000000e+01 3.591705018477006206e+01 3.519786140034466371e+01 nan 1.000000000000000000e+00 nan
5.200000000000000000e+01 3.591705018477006206e+01 3.519922503670844804e+01 nan 1.000000000000000000e+00 nan
5.300000000000000000e+01 3.591705018477006917e+01 3.520058867307223949e+01 nan 1.000000000000000000e+00 nan
5.400000000000000000e+01 3.591705018477006206e+01 3.520195230943601672e+01 nan 1.000000000000000000e+00 nan
5.500000000000000000e+01 3.591705018477006206e+01 3.520331594579979395e+01 nan 1.000000000000000000e+00 nan
5.600000000000000000e+01 3.591705018477006206e+01 3.520467958216357829e+01 nan 1.000000000000000000e+00 nan
5.700000000000000000e+01 3.591705018477006206e+01 3.520604321852734842e+01 nan 1.000000000000000000e+00 nan
5.800000000000000000e+01 3.591705018477006206e+01 3.520740685489113986e+01 nan 1.000000000000000000e+00 nan
5.900000000000000000e+01 3.591705018477006206e+01 3.520877049125491709e+01 nan 1.000000000000000000e+00 nan
6.000000000000000000e+01 3.591705018477006206e+01 3.521013412761870143e+01 nan 1.000000000000000000e+00 nan
6.100000000000000000e+01 3.591705018477006206e+01 3.521149776398247866e+01 nan 1.000000000000000000e+00 nan
6.200000000000000000e+01 3.591705018477006206e+01 3.521286140034626300e+01 nan 1.000000000000000000e+00 nan
6.300000000000000000e+01 3.591705018477006206e+01 3.521422503671004733e+01 nan 1.000000000000000000e+00 nan
6.400000000000000000e+01 3.591705018477006206e+01 3.521558867307381746e+01 nan 1.000000000000000000e+00 nan
6.500000000000000000e+01 3.591705018477006206e+01 3.521695230943760890e+01 nan 1.000000000000000000e+00 nan
6.600000000000000000e+01 3.591841382113370429e+01 3.517331594579661669e+01 1.000000000000000000e+00 nan nan
6.700000000000000000e+01 3.591841382113370429e+01 3.517467958216039392e+01 1.000000000000000000e+00 1.000000000000000000e+00 1.000000000000000000e+00
6.800000000000000000e+01 3.591841382113370429e+01 3.517604321852417826e+01 1.000000000000000000e+00 1.000000000000000000e+00 1.000000000000000000e+00
6.900000000000000000e+01 3.591841382113369718e+01 3.517740685488795549e+01 1.000000000000000000e+00 1.000000000000000000e+00 1.000000000000000000e+00
7.000000000000000000e+01 3.591841382113369718e+01 3.517877049125173983e+01 1.000000000000000000e+00 1.000000000000000000e+00 1.000000000000000000e+00
7.100000000000000000e+01 3.591841382113370429e+01 3.518013412761551706e+01 1.000000000000000000e+00 1.000000000000000000e+00 1.000000000000000000e+00
7.200000000000000000e+01 3.591841382113370429e+01 3.518149776397928719e+01 1.000000000000000000e+00 1.000000000000000000e+00 1.000000000000000000e+00
7.300000000000000000e+01 3.591841382113370429e+01 3.518286140034307863e+01 1.000000000000000000e+00 1.000000000000000000e+00 1.000000000000000000e+00
7.400000000000000000e+01 3.591841382113370429e+01 3.518422503670686297e+01 1.000000000000000000e+00 1.000000000000000000e+00 1.000000000000000000e+00
7.500000000000000000e+01 3.591841382113370429e+01 3.518558867307064020e+01 nan 1.000000000000000000e+00 nan
7.600000000000000000e+01 3.591841382113369718e+01 3.518695230943441743e+01 1.000000000000000000e+00 1.000000000000000000e+00 1.000000000000000000e+00
7.700000000000000000e+01 3.591841382113370429e+01 3.518831594579820887e+01 nan 1.000000000000000000e+00 nan
7.800000000000000000e+01 3.591841382113370429e+01 3.518967958216198610e+01 1.000000000000000000e+00 1.000000000000000000e+00 1.000000000000000000e+00
7.900000000000000000e+01 3.591841382113370429e+01 3.519104321852575623e+01 1.000000000000000000e+00 1.000000000000000000e+00 1.000000000000000000e+00
8.000000000000000000e+01 3.591841382113370429e+01 3.519240685488954767e+01 nan 1.000000000000000000e+00 nan
8.100000000000000000e+01 3.591841382113370429e+01 3.519377049125333201e+01 nan 1.000000000000000000e+00 nan
8.200000000000000000e+01 3.591841382113371139e+01 3.519513412761710924e+01 nan 1.000000000000000000e+00 nan
8.300000000000000000e+01 3.591841382113370429e+01 3.519649776398089358e+01 1.000000000000000000e+00 1.000000000000000000e+00 1.000000000000000000e+00
8.400000000000000000e+01 3.591841382113370429e+01 3.519786140034466371e+01 1.000000000000000000e+00 1.000000000000000000e+00 1.000000000000000000e+00
8.500000000000000000e+01 3.591841382113371139e+01 3.519922503670844094e+01 nan 1.000000000000000000e+00 nan
8.600000000000000000e+01 3.591841382113370429e+01 3.520058867307223949e+01 nan 1.000000000000000000e+00 nan
8.700000000000000000e+01 3.591841382113370429e+01 3.520195230943601672e+01 nan 1.000000000000000000e+00 nan
8.800000000000000000e+01 3.591841382113370429e+01 3.520331594579979395e+01 nan 1.000000000000000000e+00 nan
8.900000000000000000e+01 3.591841382113371139e+01 3.520467958216357118e+01 1.000000000000000000e+00 1.000000000000000000e+00 1.000000000000000000e+00
9.000000000000000000e+01 3.591841382113370429e+01 3.520604321852735552e+01 nan 1.000000000000000000e+00 nan
9.100000000000000000e+01 3.591841382113370429e+01 3.520740685489113986e+01 nan 1.000000000000000000e+00 nan
9.200000000000000000e+01 3.591841382113370429e+01 3.520877049125492420e+01 nan 1.000000000000000000e+00 nan
9.300000000000000000e+01 3.591841382113370429e+01 3.521013412761869432e+01 nan 1.000000000000000000e+00 nan
9.400000000000000000e+01 3.591841382113371139e+01 3.521149776398248576e+01 nan 1.000000000000000000e+00 nan
9.500000000000000000e+01 3.591841382113370429e+01 3.521286140034625589e+01 nan 1.000000000000000000e+00 nan
9.600000000000000000e+01 3.591841382113370429e+01 3.521422503671004733e+01 nan 1.000000000000000000e+00 nan
9.700000000000000000e+01 3.591841382113370429e+01 3.521558867307381746e+01 nan 1.000000000000000000e+00 nan
9.800000000000000000e+01 3.591841382113370429e+01 3.521695230943760890e+01 nan 1.000000000000000000e+00 nan
9.900000000000000000e+01 3.591977745749733941e+01 3.517331594579661669e+01 nan nan nan
1.000000000000000000e+02 3.591977745749733941e+01 3.517467958216039392e+01 1.000000000000000000e+00 1.000000000000000000e+00 1.000000000000000000e+00
1.010000000000000000e+02 3.591977745749733941e+01 3.517604321852417826e+01 nan 1.000000000000000000e+00 nan
1.020000000000000000e+02 3.591977745749733231e+01 3.517740685488795549e+01 1.000000000000000000e+00 1.000000000000000000e+00 1.000000000000000000e+00
1.030000000000000000e+02 3.591977745749733941e+01 3.517877049125173983e+01 1.000000000000000000e+00 1.000000000000000000e+00 1.000000000000000000e+00
1.040000000000000000e+02 3.591977745749733231e+01 3.518013412761551706e+01 1.000000000000000000e+00 1.000000000000000000e+00 1.000000000000000000e+00
1.050000000000000000e+02 3.591977745749733231e+01 3.518149776397928719e+01 1.000000000000000000e+00 1.000000000000000000e+00 1.000000000000000000e+00
1.060000000000000000e+02 3.591977745749733941e+01 3.518286140034307863e+01 1.000000000000000000e+00 1.000000000000000000e+00 1.000000000000000000e+00
1.070000000000000000e+02 3.591977745749734652e+01 3.518422503670685586e+01 1.000000000000000000e+00 1.000000000000000000e+00 1.000000000000000000e+00
1.080000000000000000e+02 3.591977745749733231e+01 3.518558867307064730e+01 1.000000000000000000e+00 1.000000000000000000e+00 1.000000000000000000e+00
1.090000000000000000e+02 3.591977745749733231e+01 3.518695230943442454e+01 nan 1.000000000000000000e+00 nan
1.100000000000000000e+02 3.591977745749733941e+01 3.518831594579820887e+01 1.000000000000000000e+00 1.000000000000000000e+00 1.000000000000000000e+00
1.110000000000000000e+02 3.591977745749733231e+01 3.518967958216198610e+01 1.000000000000000000e+00 1.000000000000000000e+00 1.000000000000000000e+00
1.120000000000000000e+02 3.591977745749733231e+01 3.519104321852577044e+01 nan 1.000000000000000000e+00 nan
1.130000000000000000e+02 3.591977745749733231e+01 3.519240685488954767e+01 nan 1.000000000000000000e+00 nan
1.140000000000000000e+02 3.591977745749733231e+01 3.519377049125333201e+01 nan 1.000000000000000000e+00 nan
1.150000000000000000e+02 3.591977745749733941e+01 3.519513412761710214e+01 1.000000000000000000e+00 1.000000000000000000e+00 1.000000000000000000e+00
1.160000000000000000e+02 3.591977745749733231e+01 3.519649776398089358e+01 1.000000000000000000e+00 1.000000000000000000e+00 1.000000000000000000e+00
1.170000000000000000e+02 3.591977745749733231e+01 3.519786140034466371e+01 nan 1.000000000000000000e+00 nan
1.180000000000000000e+02 3.591977745749733231e+01 3.519922503670844804e+01 nan 1.000000000000000000e+00 nan
1.190000000000000000e+02 3.591977745749733941e+01 3.520058867307223949e+01 nan 1.000000000000000000e+00 nan
1.200000000000000000e+02 3.591977745749733231e+01 3.520195230943601672e+01 nan 1.000000000000000000e+00 nan
1.210000000000000000e+02 3.591977745749733941e+01 3.520331594579979395e+01 nan 1.000000000000000000e+00 nan
1.220000000000000000e+02 3.591977745749733941e+01 3.520467958216357829e+01 nan 1.000000000000000000e+00 nan
1.230000000000000000e+02 3.591977745749733941e+01 3.520604321852734842e+01 nan 1.000000000000000000e+00 nan
1.240000000000000000e+02 3.591977745749733231e+01 3.520740685489113986e+01 nan 1.000000000000000000e+00 nan
1.250000000000000000e+02 3.591977745749734652e+01 3.520877049125491709e+01 nan 1.000000000000000000e+00 nan
1.260000000000000000e+02 3.591977745749733231e+01 3.521013412761870143e+01 nan 1.000000000000000000e+00 nan
1.270000000000000000e+02 3.591977745749733941e+01 3.521149776398247866e+01 nan 1.000000000000000000e+00 nan
1.280000000000000000e+02 3.591977745749733231e+01 3.521286140034626300e+01 nan 1.000000000000000000e+00 nan
1.290000000000000000e+02 3.591977745749733941e+01 3.521422503671004733e+01 nan 1.000000000000000000e+00 nan
1.300000000000000000e+02 3.591977745749733941e+01 3.521558867307381746e+01 nan 1.000000000000000000e+00 nan
1.310000000000000000e+02 3.591977745749733941e+01 3.521695230943760890e+01 nan 1.000000000000000000e+00 nan
1.320000000000000000e+02 3.592114109386097454e+01 3.517331594579661669e+01 nan nan nan
1.330000000000000000e+02 3.592114109386096743e+01 3.517467958216039392e+01 nan 1.000000000000000000e+00 nan
1.340000000000000000e+02 3.592114109386097454e+01 3.517604321852417826e+01 1.000000000000000000e+00 1.000000000000000000e+00 1.000000000000000000e+00
1.350000000000000000e+02 3.592114109386096743e+01 3.517740685488796260e+01 1.000000000000000000e+00 1.000000000000000000e+00 1.000000000000000000e+00
1.360000000000000000e+02 3.592114109386096743e+01 3.517877049125173983e+01 1.000000000000000000e+00 1.000000000000000000e+00 1.000000000000000000e+00
1.370000000000000000e+02 3.592114109386096743e+01 3.518013412761551706e+01 1.000000000000000000e+00 1.000000000000000000e+00 1.000000000000000000e+00
1.380000000000000000e+02 3.592114109386096743e+01 3.518149776397928719e+01 1.000000000000000000e+00 1.000000000000000000e+00 1.000000000000000000e+00
1.390000000000000000e+02 3.592114109386096743e+01 3.518286140034307863e+01 1.000000000000000000e+00 1.000000000000000000e+00 1.000000000000000000e+00
1.400000000000000000e+02 3.592114109386096743e+01 3.518422503670685586e+01 1.000000000000000000e+00 1.000000000000000000e+00 1.000000000000000000e+00
1.410000000000000000e+02 3.592114109386096743e+01 3.518558867307064020e+01 1.000000000000000000e+00 1.000000000000000000e+00 1.000000000000000000e+00
1.420000000000000000e+02 3.592114109386096743e+01 3.518695230943442454e+01 1.000000000000000000e+00 1.000000000000000000e+00 1.000000000000000000e+00
1.430000000000000000e+02 3.592114109386096743e+01 3.518831594579820887e+01 nan 1.000000000000000000e+00 nan
1.440000000000000000e+02 3.592114109386097454e+01 3.518967958216197900e+01 1.000000000000000000e+00 1.000000000000000000e+00 1.000000000000000000e+00
1.450000000000000000e+02 3.592114109386097454e+01 3.519104321852575623e+01 1.000000000000000000e+00 1.000000000000000000e+00 1.000000000000000000e+00
1.460000000000000000e+02 3.592114109386096032e+01 3.519240685488954767e+01 nan 1.000000000000000000e+00 nan
1.470000000000000000e+02 3.592114109386097454e+01 3.519377049125333201e+01 1.000000000000000000e+00 1.000000000000000000e+00 1.000000000000000000e+00
1.480000000000000000e+02 3.592114109386097454e+01 3.519513412761710214e+01 1.000000000000000000e+00 1.000000000000000000e+00 1.000000000000000000e+00
1.490000000000000000e+02 3.592114109386097454e+01 3.519649776398089358e+01 1.000000000000000000e+00 1.000000000000000000e+00 1.000000000000000000e+00
1.500000000000000000e+02 3.592114109386097454e+01 3.519786140034466371e+01 nan 1.000000000000000000e+00 nan
1.510000000000000000e+02 3.592114109386096743e+01 3.519922503670844804e+01 nan 1.000000000000000000e+00 nan
1.520000000000000000e+02 3.592114109386097454e+01 3.520058867307223949e+01 nan 1.000000000000000000e+00 nan
1.530000000000000000e+02 3.592114109386097454e+01 3.520195230943601672e+01 1.000000000000000000e+00 1.000000000000000000e+00 1.000000000000000000e+00
1.540000000000000000e+02 3.592114109386096743e+01 3.520331594579979395e+01 nan 1.000000000000000000e+00 nan
1.550000000000000000e+02 3.592114109386096743e+01 3.520467958216357118e+01 nan 1.000000000000000000e+00 nan
1.560000000000000000e+02 3.592114109386097454e+01 3.520604321852734842e+01 nan 1.000000000000000000e+00 nan
1.570000000000000000e+02 3.592114109386096743e+01 3.520740685489113986e+01 nan 1.000000000000000000e+00 nan
1.580000000000000000e+02 3.592114109386097454e+01 3.520877049125492420e+01 nan 1.000000000000000000e+00 nan
1.590000000000000000e+02 3.592114109386096743e+01 3.521013412761869432e+01 nan 1.000000000000000000e+00 nan
1.600000000000000000e+02 3.592114109386097454e+01 3.521149776398247866e+01 nan 1.000000000000000000e+00 nan
1.610000000000000000e+02 3.592114109386096743e+01 3.521286140034626300e+01 nan 1.000000000000000000e+00 nan
1.620000000000000000e+02 3.592114109386096743e+01 3.521422503671003312e+01 nan 1.000000000000000000e+00 nan
1.630000000000000000e+02 3.592114109386097454e+01 3.521558867307382457e+01 nan 1.000000000000000000e+00 nan
1.640000000000000000e+02 3.592114109386096743e+01 3.521695230943760890e+01 nan 1.000000000000000000e+00 nan
1.650000000000000000e+02 3.592250473022460966e+01 3.517331594579661669e+01 nan 1.000000000000000000e+00 nan
1.660000000000000000e+02 3.592250473022460966e+01 3.517467958216039392e+01 nan 1.000000000000000000e+00 nan
1.670000000000000000e+02 3.592250473022460966e+01 3.517604321852417826e+01 nan 1.000000000000000000e+00 nan
1.680000000000000000e+02 3.592250473022460966e+01 3.517740685488796260e+01 1.000000000000000000e+00 1.000000000000000000e+00 1.000000000000000000e+00
1.690000000000000000e+02 3.592250473022460966e+01 3.517877049125173983e+01 1.000000000000000000e+00 1.000000000000000000e+00 1.000000000000000000e+00
1.700000000000000000e+02 3.592250473022460966e+01 3.518013412761551706e+01 1.000000000000000000e+00 1.000000000000000000e+00 1.000000000000000000e+00
1.710000000000000000e+02 3.592250473022460966e+01 3.518149776397928719e+01 1.000000000000000000e+00 1.000000000000000000e+00 1.000000000000000000e+00
1.720000000000000000e+02 3.592250473022460966e+01 3.518286140034307863e+01 1.000000000000000000e+00 1.000000000000000000e+00 1.000000000000000000e+00
1.730000000000000000e+02 3.592250473022460966e+01 3.518422503670685586e+01 1.000000000000000000e+00 1.000000000000000000e+00 1.000000000000000000e+00
1.740000000000000000e+02 3.592250473022460966e+01 3.518558867307064020e+01 1.000000000000000000e+00 1.000000000000000000e+00 1.000000000000000000e+00
1.750000000000000000e+02 3.592250473022460966e+01 3.518695230943442454e+01 1.000000000000000000e+00 1.000000000000000000e+00 1.000000000000000000e+00
1.760000000000000000e+02 3.592250473022461676e+01 3.518831594579820887e+01 nan 1.000000000000000000e+00 nan
1.770000000000000000e+02 3.592250473022460966e+01 3.518967958216197900e+01 1.000000000000000000e+00 1.000000000000000000e+00 1.000000000000000000e+00
1.780000000000000000e+02 3.592250473022461676e+01 3.519104321852575623e+01 1.000000000000000000e+00 1.000000000000000000e+00 1.000000000000000000e+00
1.790000000000000000e+02 3.592250473022461676e+01 3.519240685488954767e+01 1.000000000000000000e+00 1.000000000000000000e+00 1.000000000000000000e+00
1.800000000000000000e+02 3.592250473022461676e+01 3.519377049125333201e+01 1.000000000000000000e+00 1.000000000000000000e+00 1.000000000000000000e+00
1.810000000000000000e+02 3.592250473022461676e+01 3.519513412761710214e+01 1.000000000000000000e+00 1.000000000000000000e+00 1.000000000000000000e+00
1.820000000000000000e+02 3.592250473022461676e+01 3.519649776398089358e+01 1.000000000000000000e+00 1.000000000000000000e+00 1.000000000000000000e+00
1.830000000000000000e+02 3.592250473022460966e+01 3.519786140034466371e+01 1.000000000000000000e+00 1.000000000000000000e+00 1.000000000000000000e+00
1.840000000000000000e+02 3.592250473022460966e+01 3.519922503670844804e+01 1.000000000000000000e+00 1.000000000000000000e+00 1.000000000000000000e+00
1.850000000000000000e+02 3.592250473022461676e+01 3.520058867307223949e+01 nan 1.000000000000000000e+00 nan
1.860000000000000000e+02 3.592250473022460966e+01 3.520195230943601672e+01 nan 1.000000000000000000e+00 nan
1.870000000000000000e+02 3.592250473022460966e+01 3.520331594579979395e+01 nan 1.000000000000000000e+00 nan
1.880000000000000000e+02 3.592250473022460966e+01 3.520467958216357118e+01 nan 1.000000000000000000e+00 nan
1.890000000000000000e+02 3.592250473022460966e+01 3.520604321852734842e+01 nan 1.000000000000000000e+00 nan
1.900000000000000000e+02 3.592250473022460966e+01 3.520740685489113986e+01 nan 1.000000000000000000e+00 nan
1.910000000000000000e+02 3.592250473022461676e+01 3.520877049125492420e+01 1.000000000000000000e+00 1.000000000000000000e+00 1.000000000000000000e+00
1.920000000000000000e+02 3.592250473022460966e+01 3.521013412761869432e+01 nan 1.000000000000000000e+00 nan
1.930000000000000000e+02 3.592250473022460966e+01 3.521149776398247866e+01 nan 1.000000000000000000e+00 nan
1.940000000000000000e+02 3.592250473022461676e+01 3.521286140034626300e+01 nan 1.000000000000000000e+00 nan
1.950000000000000000e+02 3.592250473022460966e+01 3.521422503671003312e+01 nan 1.000000000000000000e+00 nan
1.960000000000000000e+02 3.592250473022460966e+01 3.521558867307382457e+01 nan 1.000000000000000000e+00 nan
1.970000000000000000e+02 3.592250473022460966e+01 3.521695230943760890e+01 nan 1.000000000000000000e+00 nan
1.980000000000000000e+02 3.592386836658823768e+01 3.517331594579661669e+01 nan nan nan
1.990000000000000000e+02 3.592386836658824478e+01 3.517467958216039392e+01 nan 1.000000000000000000e+00 nan
2.000000000000000000e+02 3.592386836658824478e+01 3.517604321852417826e+01 nan 1.000000000000000000e+00 nan
2.010000000000000000e+02 3.592386836658825189e+01 3.517740685488795549e+01 nan 1.000000000000000000e+00 nan
2.020000000000000000e+02 3.592386836658824478e+01 3.517877049125173983e+01 nan 1.000000000000000000e+00 nan
2.030000000000000000e+02 3.592386836658824478e+01 3.518013412761551706e+01 1.000000000000000000e+00 1.000000000000000000e+00 1.000000000000000000e+00
2.040000000000000000e+02 3.592386836658825189e+01 3.518149776397928719e+01 1.000000000000000000e+00 1.000000000000000000e+00 1.000000000000000000e+00
2.050000000000000000e+02 3.592386836658825189e+01 3.518286140034307863e+01 1.000000000000000000e+00 1.000000000000000000e+00 1.000000000000000000e+00
2.060000000000000000e+02 3.592386836658824478e+01 3.518422503670685586e+01 1.000000000000000000e+00 1.000000000000000000e+00 1.000000000000000000e+00
2.070000000000000000e+02 3.592386836658824478e+01 3.518558867307064730e+01 1.000000000000000000e+00 1.000000000000000000e+00 1.000000000000000000e+00
2.080000000000000000e+02 3.592386836658823768e+01 3.518695230943442454e+01 nan 1.000000000000000000e+00 nan
2.090000000000000000e+02 3.592386836658823768e+01 3.518831594579820887e+01 1.000000000000000000e+00 1.000000000000000000e+00 1.000000000000000000e+00
2.100000000000000000e+02 3.592386836658824478e+01 3.518967958216198610e+01 1.000000000000000000e+00 1.000000000000000000e+00 1.000000000000000000e+00
2.110000000000000000e+02 3.592386836658824478e+01 3.519104321852577044e+01 1.000000000000000000e+00 1.000000000000000000e+00 1.000000000000000000e+00
2.120000000000000000e+02 3.592386836658824478e+01 3.519240685488954767e+01 1.000000000000000000e+00 1.000000000000000000e+00 1.000000000000000000e+00
2.130000000000000000e+02 3.592386836658824478e+01 3.519377049125333201e+01 1.000000000000000000e+00 1.000000000000000000e+00 1.000000000000000000e+00
2.140000000000000000e+02 3.592386836658824478e+01 3.519513412761710214e+01 1.000000000000000000e+00 1.000000000000000000e+00 1.000000000000000000e+00
2.150000000000000000e+02 3.592386836658824478e+01 3.519649776398089358e+01 1.000000000000000000e+00 1.000000000000000000e+00 1.000000000000000000e+00
2.160000000000000000e+02 3.592386836658824478e+01 3.519786140034466371e+01 nan 1.000000000000000000e+00 nan
2.170000000000000000e+02 3.592386836658823768e+01 3.519922503670844804e+01 1.000000000000000000e+00 1.000000000000000000e+00 1.000000000000000000e+00
2.180000000000000000e+02 3.592386836658823768e+01 3.520058867307223949e+01 1.000000000000000000e+00 1.000000000000000000e+00 1.000000000000000000e+00
2.190000000000000000e+02 3.592386836658825189e+01 3.520195230943601672e+01 1.000000000000000000e+00 1.000000000000000000e+00 1.000000000000000000e+00
2.200000000000000000e+02 3.592386836658825189e+01 3.520331594579979395e+01 1.000000000000000000e+00 1.000000000000000000e+00 1.000000000000000000e+00
2.210000000000000000e+02 3.592386836658824478e+01 3.520467958216357829e+01 nan 1.000000000000000000e+00 nan
2.220000000000000000e+02 3.592386836658823768e+01 3.520604321852734842e+01 nan 1.000000000000000000e+00 nan
2.230000000000000000e+02 3.592386836658824478e+01 3.520740685489113986e+01 nan 1.000000000000000000e+00 nan
2.240000000000000000e+02 3.592386836658825189e+01 3.520877049125491709e+01 nan 1.000000000000000000e+00 nan
2.250000000000000000e+02 3.592386836658823768e+01 3.521013412761870143e+01 1.000000000000000000e+00 1.000000000000000000e+00 1.000000000000000000e+00
2.260000000000000000e+02 3.592386836658823768e+01 3.521149776398247866e+01 nan 1.000000000000000000e+00 nan
2.270000000000000000e+02 3.592386836658823768e+01 3.521286140034626300e+01 nan 1.000000000000000000e+00 nan
2.280000000000000000e+02 3.592386836658824478e+01 3.521422503671004733e+01 nan 1.000000000000000000e+00 nan
2.290000000000000000e+02 3.592386836658824478e+01 3.521558867307381746e+01 nan 1.000000000000000000e+00 nan
2.300000000000000000e+02 3.592386836658823768e+01 3.521695230943760890e+01 nan 1.000000000000000000e+00 nan
2.310000000000000000e+02 3.592523200295187991e+01 3.517331594579661669e+01 nan nan nan
2.320000000000000000e+02 3.592523200295187280e+01 3.517467958216039392e+01 nan nan nan
2.330000000000000000e+02 3.592523200295187991e+01 3.517604321852417826e+01 nan nan nan
2.340000000000000000e+02 3.592523200295187991e+01 3.517740685488796260e+01 nan 1.000000000000000000e+00 nan
2.350000000000000000e+02 3.592523200295187991e+01 3.517877049125173983e+01 nan 1.000000000000000000e+00 nan
2.360000000000000000e+02 3.592523200295187991e+01 3.518013412761551706e+01 nan 1.000000000000000000e+00 nan
2.370000000000000000e+02 3.592523200295187991e+01 3.518149776397928719e+01 1.000000000000000000e+00 1.000000000000000000e+00 1.000000000000000000e+00
2.380000000000000000e+02 3.592523200295187991e+01 3.518286140034307863e+01 1.000000000000000000e+00 1.000000000000000000e+00 1.000000000000000000e+00
2.390000000000000000e+02 3.592523200295187991e+01 3.518422503670685586e+01 1.000000000000000000e+00 1.000000000000000000e+00 1.000000000000000000e+00
2.400000000000000000e+02 3.592523200295187991e+01 3.518558867307064020e+01 1.000000000000000000e+00 1.000000000000000000e+00 1.000000000000000000e+00
2.410000000000000000e+02 3.592523200295187991e+01 3.518695230943442454e+01 nan 1.000000000000000000e+00 nan
2.420000000000000000e+02 3.592523200295187991e+01 3.518831594579820887e+01 1.000000000000000000e+00 1.000000000000000000e+00 1.000000000000000000e+00
2.430000000000000000e+02 3.592523200295187991e+01 3.518967958216197900e+01 nan 1.000000000000000000e+00 nan
2.440000000000000000e+02 3.592523200295187991e+01 3.519104321852575623e+01 1.000000000000000000e+00 1.000000000000000000e+00 1.000000000000000000e+00
2.450000000000000000e+02 3.592523200295187991e+01 3.519240685488954767e+01 1.000000000000000000e+00 1.000000000000000000e+00 1.000000000000000000e+00
2.460000000000000000e+02 3.592523200295187991e+01 3.519377049125333201e+01 1.000000000000000000e+00 1.000000000000000000e+00 1.000000000000000000e+00
2.470000000000000000e+02 3.592523200295187991e+01 3.519513412761710214e+01 1.000000000000000000e+00 1.000000000000000000e+00 1.000000000000000000e+00
2.480000000000000000e+02 3.592523200295187991e+01 3.519649776398089358e+01 1.000000000000000000e+00 1.000000000000000000e+00 1.000000000000000000e+00
2.490000000000000000e+02 3.592523200295187991e+01 3.519786140034466371e+01 1.000000000000000000e+00 1.000000000000000000e+00 1.000000000000000000e+00
2.500000000000000000e+02 3.592523200295187991e+01 3.519922503670844804e+01 nan 1.000000000000000000e+00 nan
2.510000000000000000e+02 3.592523200295187280e+01 3.520058867307223949e+01 1.000000000000000000e+00 1.000000000000000000e+00 1.000000000000000000e+00
2.520000000000000000e+02 3.592523200295187280e+01 3.520195230943601672e+01 1.000000000000000000e+00 1.000000000000000000e+00 1.000000000000000000e+00
2.530000000000000000e+02 3.592523200295187280e+01 3.520331594579979395e+01 1.000000000000000000e+00 1.000000000000000000e+00 1.000000000000000000e+00
2.540000000000000000e+02 3.592523200295187991e+01 3.520467958216357118e+01 1.000000000000000000e+00 1.000000000000000000e+00 1.000000000000000000e+00
2.550000000000000000e+02 3.592523200295187991e+01 3.520604321852734842e+01 nan 1.000000000000000000e+00 nan
2.560000000000000000e+02 3.592523200295187991e+01 3.520740685489113986e+01 nan 1.000000000000000000e+00 nan
2.570000000000000000e+02 3.592523200295187991e+01 3.520877049125492420e+01 nan 1.000000000000000000e+00 nan
2.580000000000000000e+02 3.592523200295187991e+01 3.521013412761869432e+01 nan 1.000000000000000000e+00 nan
2.590000000000000000e+02 3.592523200295187991e+01 3.521149776398247866e+01 nan 1.000000000000000000e+00 nan
2.600000000000000000e+02 3.592523200295187280e+01 3.521286140034626300e+01 nan 1.000000000000000000e+00 nan
2.610000000000000000e+02 3.592523200295187991e+01 3.521422503671003312e+01 nan 1.000000000000000000e+00 nan
2.620000000000000000e+02 3.592523200295187991e+01 3.521558867307382457e+01 nan 1.000000000000000000e+00 nan
2.630000000000000000e+02 3.592523200295187991e+01 3.521695230943760890e+01 nan 1.000000000000000000e+00 nan
2.640000000000000000e+02 3.592659563931551503e+01 3.517331594579661669e+01 nan nan nan
2.650000000000000000e+02 3.592659563931551503e+01 3.517467958216039392e+01 nan nan nan
2.660000000000000000e+02 3.592659563931551503e+01 3.517604321852417826e+01 nan nan nan
2.670000000000000000e+02 3.592659563931551503e+01 3.517740685488795549e+01 nan nan nan
2.680000000000000000e+02 3.592659563931551503e+01 3.517877049125173983e+01 nan 1.000000000000000000e+00 nan
2.690000000000000000e+02 3.592659563931552213e+01 3.518013412761551706e+01 nan 1.000000000000000000e+00 nan
2.700000000000000000e+02 3.592659563931552213e+01 3.518149776397928719e+01 1.000000000000000000e+00 1.000000000000000000e+00 1.000000000000000000e+00
2.710000000000000000e+02 3.592659563931552213e+01 3.518286140034307863e+01 nan 1.000000000000000000e+00 nan
2.720000000000000000e+02 3.592659563931551503e+01 3.518422503670686297e+01 nan 1.000000000000000000e+00 nan
2.730000000000000000e+02 3.592659563931550792e+01 3.518558867307064020e+01 1.000000000000000000e+00 1.000000000000000000e+00 1.000000000000000000e+00
2.740000000000000000e+02 3.592659563931551503e+01 3.518695230943441743e+01 nan 1.000000000000000000e+00 nan
2.750000000000000000e+02 3.592659563931550792e+01 3.518831594579820887e+01 1.000000000000000000e+00 1.000000000000000000e+00 1.000000000000000000e+00
2.760000000000000000e+02 3.592659563931551503e+01 3.518967958216198610e+01 1.000000000000000000e+00 1.000000000000000000e+00 1.000000000000000000e+00
2.770000000000000000e+02 3.592659563931550792e+01 3.519104321852575623e+01 1.000000000000000000e+00 1.000000000000000000e+00 1.000000000000000000e+00
2.780000000000000000e+02 3.592659563931551503e+01 3.519240685488954767e+01 1.000000000000000000e+00 1.000000000000000000e+00 1.000000000000000000e+00
2.790000000000000000e+02 3.592659563931552213e+01 3.519377049125333201e+01 nan 1.000000000000000000e+00 nan
2.800000000000000000e+02 3.592659563931551503e+01 3.519513412761710924e+01 1.000000000000000000e+00 1.000000000000000000e+00 1.000000000000000000e+00
2.810000000000000000e+02 3.592659563931552213e+01 3.519649776398089358e+01 1.000000000000000000e+00 1.000000000000000000e+00 1.000000000000000000e+00
2.820000000000000000e+02 3.592659563931551503e+01 3.519786140034466371e+01 nan 1.000000000000000000e+00 nan
2.830000000000000000e+02 3.592659563931551503e+01 3.519922503670844094e+01 1.000000000000000000e+00 1.000000000000000000e+00 1.000000000000000000e+00
2.840000000000000000e+02 3.592659563931550792e+01 3.520058867307223949e+01 nan 1.000000000000000000e+00 nan
2.850000000000000000e+02 3.592659563931552213e+01 3.520195230943601672e+01 nan 1.000000000000000000e+00 nan
2.860000000000000000e+02 3.592659563931551503e+01 3.520331594579979395e+01 1.000000000000000000e+00 1.000000000000000000e+00 1.000000000000000000e+00
2.870000000000000000e+02 3.592659563931552213e+01 3.520467958216357118e+01 1.000000000000000000e+00 1.000000000000000000e+00 1.000000000000000000e+00
2.880000000000000000e+02 3.592659563931550792e+01 3.520604321852735552e+01 1.000000000000000000e+00 1.000000000000000000e+00 1.000000000000000000e+00
2.890000000000000000e+02 3.592659563931552213e+01 3.520740685489113986e+01 nan 1.000000000000000000e+00 nan
2.900000000000000000e+02 3.592659563931552213e+01 3.520877049125492420e+01 nan 1.000000000000000000e+00 nan
2.910000000000000000e+02 3.592659563931551503e+01 3.521013412761869432e+01 nan 1.000000000000000000e+00 nan
2.920000000000000000e+02 3.592659563931551503e+01 3.521149776398248576e+01 nan 1.000000000000000000e+00 nan
2.930000000000000000e+02 3.592659563931551503e+01 3.521286140034625589e+01 nan 1.000000000000000000e+00 nan
2.940000000000000000e+02 3.592659563931551503e+01 3.521422503671004733e+01 nan 1.000000000000000000e+00 nan
2.950000000000000000e+02 3.592659563931550792e+01 3.521558867307381746e+01 nan 1.000000000000000000e+00 nan
2.960000000000000000e+02 3.592659563931551503e+01 3.521695230943760890e+01 nan 1.000000000000000000e+00 nan
2.970000000000000000e+02 3.592795927567915726e+01 3.517331594579661669e+01 nan nan nan
2.980000000000000000e+02 3.592795927567915726e+01 3.517467958216039392e+01 nan nan nan
2.990000000000000000e+02 3.592795927567916436e+01 3.517604321852417826e+01 nan nan nan
3.000000000000000000e+02 3.592795927567915015e+01 3.517740685488795549e+01 nan nan nan
3.010000000000000000e+02 3.592795927567915726e+01 3.517877049125173983e+01 nan 1.000000000000000000e+00 nan
3.020000000000000000e+02 3.592795927567915726e+01 3.518013412761551706e+01 nan 1.000000000000000000e+00 nan
3.030000000000000000e+02 3.592795927567915726e+01 3.518149776397928719e+01 nan 1.000000000000000000e+00 nan
3.040000000000000000e+02 3.592795927567915015e+01 3.518286140034307863e+01 nan 1.000000000000000000e+00 nan
3.050000000000000000e+02 3.592795927567915726e+01 3.518422503670685586e+01 nan 1.000000000000000000e+00 nan
3.060000000000000000e+02 3.592795927567915015e+01 3.518558867307064730e+01 nan 1.000000000000000000e+00 nan
3.070000000000000000e+02 3.592795927567916436e+01 3.518695230943442454e+01 nan 1.000000000000000000e+00 nan
3.080000000000000000e+02 3.592795927567915726e+01 3.518831594579820887e+01 nan 1.000000000000000000e+00 nan
3.090000000000000000e+02 3.592795927567916436e+01 3.518967958216198610e+01 nan 1.000000000000000000e+00 nan
3.100000000000000000e+02 3.592795927567915726e+01 3.519104321852577044e+01 nan 1.000000000000000000e+00 nan
3.110000000000000000e+02 3.592795927567915726e+01 3.519240685488954767e+01 nan 1.000000000000000000e+00 nan
3.120000000000000000e+02 3.592795927567915015e+01 3.519377049125333201e+01 1.000000000000000000e+00 1.000000000000000000e+00 1.000000000000000000e+00
3.130000000000000000e+02 3.592795927567915015e+01 3.519513412761710214e+01 nan 1.000000000000000000e+00 nan
3.140000000000000000e+02 3.592795927567915015e+01 3.519649776398089358e+01 1.000000000000000000e+00 1.000000000000000000e+00 1.000000000000000000e+00
3.150000000000000000e+02 3.592795927567915015e+01 3.519786140034466371e+01 1.000000000000000000e+00 1.000000000000000000e+00 1.000000000000000000e+00
3.160000000000000000e+02 3.592795927567915726e+01 3.519922503670844804e+01 1.000000000000000000e+00 1.000000000000000000e+00 1.000000000000000000e+00
3.170000000000000000e+02 3.592795927567915726e+01 3.520058867307223949e+01 1.000000000000000000e+00 1.000000000000000000e+00 1.000000000000000000e+00
3.180000000000000000e+02 3.592795927567915015e+01 3.520195230943601672e+01 nan 1.000000000000000000e+00 nan
3.190000000000000000e+02 3.592795927567915726e+01 3.520331594579979395e+01 1.000000000000000000e+00 1.000000000000000000e+00 1.000000000000000000e+00
3.200000000000000000e+02 3.592795927567915015e+01 3.520467958216357829e+01 1.000000000000000000e+00 1.000000000000000000e+00 1.000000000000000000e+00
3.210000000000000000e+02 3.592795927567915726e+01 3.520604321852734842e+01 1.000000000000000000e+00 1.000000000000000000e+00 1.000000000000000000e+00
3.220000000000000000e+02 3.592795927567915726e+01 3.520740685489113986e+01 1.000000000000000000e+00 1.000000000000000000e+00 1.000000000000000000e+00
3.230000000000000000e+02 3.592795927567915726e+01 3.520877049125491709e+01 nan 1.000000000000000000e+00 nan
3.240000000000000000e+02 3.592795927567915726e+01 3.521013412761870143e+01 nan 1.000000000000000000e+00 nan
3.250000000000000000e+02 3.592795927567915015e+01 3.521149776398247866e+01 nan 1.000000000000000000e+00 nan
3.260000000000000000e+02 3.592795927567915726e+01 3.521286140034626300e+01 nan 1.000000000000000000e+00 nan
3.270000000000000000e+02 3.592795927567915726e+01 3.521422503671004733e+01 nan 1.000000000000000000e+00 nan
3.280000000000000000e+02 3.592795927567915726e+01 3.521558867307381746e+01 nan 1.000000000000000000e+00 nan
3.290000000000000000e+02 3.592795927567916436e+01 3.521695230943760890e+01 nan 1.000000000000000000e+00 nan
3.300000000000000000e+02 3.592932291204279949e+01 3.517331594579661669e+01 nan nan nan
3.310000000000000000e+02 3.592932291204279238e+01 3.517467958216039392e+01 nan nan nan
3.320000000000000000e+02 3.592932291204279238e+01 3.517604321852417826e+01 nan nan nan
3.330000000000000000e+02 3.592932291204279949e+01 3.517740685488796260e+01 nan nan nan
3.340000000000000000e+02 3.592932291204279949e+01 3.517877049125173983e+01 nan nan nan
3.350000000000000000e+02 3.592932291204279949e+01 3.518013412761551706e+01 nan nan nan
3.360000000000000000e+02 3.592932291204279949e+01 3.518149776397928719e+01 nan 1.000000000000000000e+00 nan
3.370000000000000000e+02 3.592932291204279949e+01 3.518286140034307863e+01 nan 1.000000000000000000e+00 nan
3.380000000000000000e+02 3.592932291204279238e+01 3.518422503670685586e+01 nan 1.000000000000000000e+00 nan
3.390000000000000000e+02 3.592932291204279949e+01 3.518558867307064020e+01 nan 1.000000000000000000e+00 nan
3.400000000000000000e+02 3.592932291204279949e+01 3.518695230943442454e+01 nan 1.000000000000000000e+00 nan
3.410000000000000000e+02 3.592932291204279238e+01 3.518831594579819466e+01 nan 1.000000000000000000e+00 nan
3.420000000000000000e+02 3.592932291204279949e+01 3.518967958216197900e+01 nan 1.000000000000000000e+00 nan
3.430000000000000000e+02 3.592932291204279949e+01 3.519104321852575623e+01 nan 1.000000000000000000e+00 nan
3.440000000000000000e+02 3.592932291204279949e+01 3.519240685488954767e+01 nan 1.000000000000000000e+00 nan
3.450000000000000000e+02 3.592932291204279949e+01 3.519377049125333201e+01 nan 1.000000000000000000e+00 nan
3.460000000000000000e+02 3.592932291204279949e+01 3.519513412761710214e+01 1.000000000000000000e+00 1.000000000000000000e+00 1.000000000000000000e+00
3.470000000000000000e+02 3.592932291204279949e+01 3.519649776398089358e+01 1.000000000000000000e+00 1.000000000000000000e+00 1.000000000000000000e+00
3.480000000000000000e+02 3.592932291204279949e+01 3.519786140034466371e+01 1.000000000000000000e+00 1.000000000000000000e+00 1.000000000000000000e+00
3.490000000000000000e+02 3.592932291204279949e+01 3.519922503670844804e+01 1.000000000000000000e+00 1.000000000000000000e+00 1.000000000000000000e+00
3.500000000000000000e+02 3.592932291204279949e+01 3.520058867307222528e+01 1.000000000000000000e+00 1.000000000000000000e+00 1.000000000000000000e+00
3.510000000000000000e+02 3.592932291204279949e+01 3.520195230943602382e+01 1.000000000000000000e+00 1.000000000000000000e+00 1.000000000000000000e+00
3.520000000000000000e+02 3.592932291204279949e+01 3.520331594579979395e+01 1.000000000000000000e+00 1.000000000000000000e+00 1.000000000000000000e+00
3.530000000000000000e+02 3.592932291204279949e+01 3.520467958216357118e+01 1.000000000000000000e+00 1.000000000000000000e+00 1.000000000000000000e+00
3.540000000000000000e+02 3.592932291204279949e+01 3.520604321852735552e+01 1.000000000000000000e+00 1.000000000000000000e+00 1.000000000000000000e+00
3.550000000000000000e+02 3.592932291204279949e+01 3.520740685489113986e+01 nan 1.000000000000000000e+00 nan
3.560000000000000000e+02 3.592932291204279949e+01 3.520877049125492420e+01 nan 1.000000000000000000e+00 nan
3.570000000000000000e+02 3.592932291204279949e+01 3.521013412761870143e+01 1.000000000000000000e+00 1.000000000000000000e+00 1.000000000000000000e+00
3.580000000000000000e+02 3.592932291204279949e+01 3.521149776398248576e+01 nan 1.000000000000000000e+00 nan
3.590000000000000000e+02 3.592932291204279949e+01 3.521286140034625589e+01 nan 1.000000000000000000e+00 nan
3.600000000000000000e+02 3.592932291204279949e+01 3.521422503671004733e+01 nan 1.000000000000000000e+00 nan
3.610000000000000000e+02 3.592932291204279949e+01 3.521558867307382457e+01 nan 1.000000000000000000e+00 nan
3.620000000000000000e+02 3.592932291204279949e+01 3.521695230943760890e+01 nan 1.000000000000000000e+00 nan
3.630000000000000000e+02 3.593068654840642040e+01 3.517331594579661669e+01 nan nan nan
3.640000000000000000e+02 3.593068654840642751e+01 3.517467958216039392e+01 nan nan nan
3.650000000000000000e+02 3.593068654840642040e+01 3.517604321852417826e+01 nan nan nan
3.660000000000000000e+02 3.593068654840642040e+01 3.517740685488795549e+01 nan nan nan
3.670000000000000000e+02 3.593068654840642040e+01 3.517877049125173983e+01 nan nan nan
3.680000000000000000e+02 3.593068654840642040e+01 3.518013412761551706e+01 nan nan nan
3.690000000000000000e+02 3.593068654840642040e+01 3.518149776397928719e+01 nan 1.000000000000000000e+00 nan
3.700000000000000000e+02 3.593068654840642040e+01 3.518286140034307863e+01 nan 1.000000000000000000e+00 nan
3.710000000000000000e+02 3.593068654840642040e+01 3.518422503670685586e+01 nan 1.000000000000000000e+00 nan
3.720000000000000000e+02 3.593068654840642040e+01 3.518558867307064730e+01 nan 1.000000000000000000e+00 nan
3.730000000000000000e+02 3.593068654840642040e+01 3.518695230943442454e+01 nan 1.000000000000000000e+00 nan
3.740000000000000000e+02 3.593068654840642751e+01 3.518831594579820887e+01 nan 1.000000000000000000e+00 nan
3.750000000000000000e+02 3.593068654840642751e+01 3.518967958216198610e+01 nan 1.000000000000000000e+00 nan
3.760000000000000000e+02 3.593068654840642040e+01 3.519104321852577044e+01 nan 1.000000000000000000e+00 nan
3.770000000000000000e+02 3.593068654840642751e+01 3.519240685488954767e+01 nan 1.000000000000000000e+00 nan
3.780000000000000000e+02 3.593068654840642751e+01 3.519377049125333201e+01 nan 1.000000000000000000e+00 nan
3.790000000000000000e+02 3.593068654840642751e+01 3.519513412761710214e+01 nan 1.000000000000000000e+00 nan
3.800000000000000000e+02 3.593068654840643461e+01 3.519649776398089358e+01 1.000000000000000000e+00 1.000000000000000000e+00 1.000000000000000000e+00
3.810000000000000000e+02 3.593068654840642751e+01 3.519786140034466371e+01 nan 1.000000000000000000e+00 nan
3.820000000000000000e+02 3.593068654840642040e+01 3.519922503670844804e+01 nan 1.000000000000000000e+00 nan
3.830000000000000000e+02 3.593068654840642751e+01 3.520058867307223949e+01 1.000000000000000000e+00 1.000000000000000000e+00 1.000000000000000000e+00
3.840000000000000000e+02 3.593068654840642040e+01 3.520195230943601672e+01 1.000000000000000000e+00 1.000000000000000000e+00 1.000000000000000000e+00
3.850000000000000000e+02 3.593068654840642751e+01 3.520331594579979395e+01 1.000000000000000000e+00 1.000000000000000000e+00 1.000000000000000000e+00
3.860000000000000000e+02 3.593068654840642751e+01 3.520467958216357829e+01 1.000000000000000000e+00 1.000000000000000000e+00 1.000000000000000000e+00
3.870000000000000000e+02 3.593068654840642040e+01 3.520604321852734842e+01 1.000000000000000000e+00 1.000000000000000000e+00 1.000000000000000000e+00
3.880000000000000000e+02 3.593068654840642040e+01 3.520740685489113986e+01 1.000000000000000000e+00 1.000000000000000000e+00 1.000000000000000000e+00
3.890000000000000000e+02 3.593068654840642040e+01 3.520877049125491709e+01 1.000000000000000000e+00 1.000000000000000000e+00 1.000000000000000000e+00
3.900000000000000000e+02 3.593068654840642751e+01 3.521013412761870143e+01 nan 1.000000000000000000e+00 nan
3.910000000000000000e+02 3.593068654840642040e+01 3.521149776398247866e+01 1.000000000000000000e+00 1.000000000000000000e+00 1.000000000000000000e+00
3.920000000000000000e+02 3.593068654840642040e+01 3.521286140034626300e+01 nan 1.000000000000000000e+00 nan
3.930000000000000000e+02 3.593068654840642751e+01 3.521422503671004733e+01 nan 1.000000000000000000e+00 nan
3.940000000000000000e+02 3.593068654840642751e+01 3.521558867307381746e+01 nan 1.000000000000000000e+00 nan
3.950000000000000000e+02 3.593068654840642040e+01 3.521695230943760890e+01 nan 1.000000000000000000e+00 nan
3.960000000000000000e+02 3.593205018477006973e+01 3.517331594579661669e+01 nan nan nan
3.970000000000000000e+02 3.593205018477005552e+01 3.517467958216039392e+01 nan nan nan
3.980000000000000000e+02 3.593205018477006263e+01 3.517604321852417826e+01 nan nan nan
3.990000000000000000e+02 3.593205018477005552e+01 3.517740685488795549e+01 nan nan nan
4.000000000000000000e+02 3.593205018477005552e+01 3.517877049125173983e+01 nan nan nan
4.010000000000000000e+02 3.593205018477005552e+01 3.518013412761551706e+01 nan nan nan
4.020000000000000000e+02 3.593205018477006263e+01 3.518149776397928719e+01 nan 1.000000000000000000e+00 nan
4.030000000000000000e+02 3.593205018477006263e+01 3.518286140034307863e+01 nan 1.000000000000000000e+00 nan
4.040000000000000000e+02 3.593205018477006973e+01 3.518422503670685586e+01 nan 1.000000000000000000e+00 nan
4.050000000000000000e+02 3.593205018477005552e+01 3.518558867307064730e+01 nan 1.000000000000000000e+00 nan
4.060000000000000000e+02 3.593205018477005552e+01 3.518695230943442454e+01 nan 1.000000000000000000e+00 nan
4.070000000000000000e+02 3.593205018477005552e+01 3.518831594579820887e+01 nan 1.000000000000000000e+00 nan
4.080000000000000000e+02 3.593205018477005552e+01 3.518967958216198610e+01 1.000000000000000000e+00 1.000000000000000000e+00 1.000000000000000000e+00
4.090000000000000000e+02 3.593205018477005552e+01 3.519104321852577044e+01 nan 1.000000000000000000e+00 nan
4.100000000000000000e+02 3.593205018477005552e+01 3.519240685488954767e+01 nan 1.000000000000000000e+00 nan
4.110000000000000000e+02 3.593205018477005552e+01 3.519377049125333201e+01 nan 1.000000000000000000e+00 nan
4.120000000000000000e+02 3.593205018477006263e+01 3.519513412761710214e+01 nan 1.000000000000000000e+00 nan
4.130000000000000000e+02 3.593205018477006263e+01 3.519649776398089358e+01 1.000000000000000000e+00 1.000000000000000000e+00 1.000000000000000000e+00
4.140000000000000000e+02 3.593205018477005552e+01 3.519786140034466371e+01 nan 1.000000000000000000e+00 nan
4.150000000000000000e+02 3.593205018477005552e+01 3.519922503670844804e+01 1.000000000000000000e+00 1.000000000000000000e+00 1.000000000000000000e+00
4.160000000000000000e+02 3.593205018477005552e+01 3.520058867307223949e+01 1.000000000000000000e+00 1.000000000000000000e+00 1.000000000000000000e+00
4.170000000000000000e+02 3.593205018477005552e+01 3.520195230943601672e+01 1.000000000000000000e+00 1.000000000000000000e+00 1.000000000000000000e+00
4.180000000000000000e+02 3.593205018477006263e+01 3.520331594579979395e+01 1.000000000000000000e+00 1.000000000000000000e+00 1.000000000000000000e+00
4.190000000000000000e+02 3.593205018477006263e+01 3.520467958216357829e+01 nan 1.000000000000000000e+00 nan
4.200000000000000000e+02 3.593205018477006263e+01 3.520604321852734842e+01 1.000000000000000000e+00 1.000000000000000000e+00 1.000000000000000000e+00
4.210000000000000000e+02 3.593205018477005552e+01 3.520740685489113986e+01 1.000000000000000000e+00 1.000000000000000000e+00 1.000000000000000000e+00
4.220000000000000000e+02 3.593205018477005552e+01 3.520877049125491709e+01 1.000000000000000000e+00 1.000000000000000000e+00 1.000000000000000000e+00
4.230000000000000000e+02 3.593205018477005552e+01 3.521013412761870143e+01 1.000000000000000000e+00 1.000000000000000000e+00 1.000000000000000000e+00
4.240000000000000000e+02 3.593205018477005552e+01 3.521149776398247866e+01 1.000000000000000000e+00 1.000000000000000000e+00 1.000000000000000000e+00
4.250000000000000000e+02 3.593205018477006263e+01 3.521286140034626300e+01 nan 1.000000000000000000e+00 nan
4.260000000000000000e+02 3.593205018477005552e+01 3.521422503671004733e+01 1.000000000000000000e+00 1.000000000000000000e+00 1.000000000000000000e+00
4.270000000000000000e+02 3.593205018477006263e+01 3.521558867307381746e+01 nan 1.000000000000000000e+00 nan
4.280000000000000000e+02 3.593205018477005552e+01 3.521695230943760890e+01 nan 1.000000000000000000e+00 nan
4.290000000000000000e+02 3.593341382113369775e+01 3.517331594579661669e+01 nan nan nan
4.300000000000000000e+02 3.593341382113369775e+01 3.517467958216039392e+01 nan nan nan
4.310000000000000000e+02 3.593341382113369775e+01 3.517604321852417826e+01 nan nan nan
4.320000000000000000e+02 3.593341382113369775e+01 3.517740685488796260e+01 nan nan nan
4.330000000000000000e+02 3.593341382113369775e+01 3.517877049125173983e+01 nan nan nan
4.340000000000000000e+02 3.593341382113369775e+01 3.518013412761551706e+01 nan nan nan
4.350000000000000000e+02 3.593341382113370486e+01 3.518149776397928719e+01 nan nan nan
4.360000000000000000e+02 3.593341382113369775e+01 3.518286140034307863e+01 nan 1.000000000000000000e+00 nan
4.370000000000000000e+02 3.593341382113369775e+01 3.518422503670685586e+01 nan 1.000000000000000000e+00 nan
4.380000000000000000e+02 3.593341382113369775e+01 3.518558867307064020e+01 nan 1.000000000000000000e+00 nan
4.390000000000000000e+02 3.593341382113369775e+01 3.518695230943442454e+01 nan 1.000000000000000000e+00 nan
4.400000000000000000e+02 3.593341382113369775e+01 3.518831594579819466e+01 nan 1.000000000000000000e+00 nan
4.410000000000000000e+02 3.593341382113369775e+01 3.518967958216197900e+01 nan nan nan
4.420000000000000000e+02 3.593341382113369775e+01 3.519104321852575623e+01 nan nan nan
4.430000000000000000e+02 3.593341382113369775e+01 3.519240685488954767e+01 nan 1.000000000000000000e+00 nan
4.440000000000000000e+02 3.593341382113369775e+01 3.519377049125333201e+01 nan nan nan
4.450000000000000000e+02 3.593341382113369775e+01 3.519513412761710214e+01 nan nan nan
4.460000000000000000e+02 3.593341382113369775e+01 3.519649776398089358e+01 nan 1.000000000000000000e+00 nan
4.470000000000000000e+02 3.593341382113369775e+01 3.519786140034466371e+01 nan 1.000000000000000000e+00 nan
4.480000000000000000e+02 3.593341382113369775e+01 3.519922503670844804e+01 1.000000000000000000e+00 1.000000000000000000e+00 1.000000000000000000e+00
4.490000000000000000e+02 3.593341382113369775e+01 3.520058867307222528e+01 1.000000000000000000e+00 nan nan
4.500000000000000000e+02 3.593341382113369775e+01 3.520195230943602382e+01 nan 1.000000000000000000e+00 nan
4.510000000000000000e+02 3.593341382113369775e+01 3.520331594579979395e+01 nan 1.000000000000000000e+00 nan
4.520000000000000000e+02 3.593341382113369775e+01 3.520467958216357118e+01 nan 1.000000000000000000e+00 nan
4.530000000000000000e+02 3.593341382113369775e+01 3.520604321852735552e+01 1.000000000000000000e+00 1.000000000000000000e+00 1.000000000000000000e+00
4.540000000000000000e+02 3.593341382113369775e+01 3.520740685489113986e+01 1.000000000000000000e+00 1.000000000000000000e+00 1.000000000000000000e+00
4.550000000000000000e+02 3.593341382113369775e+01 3.520877049125492420e+01 nan 1.000000000000000000e+00 nan
4.560000000000000000e+02 3.593341382113369775e+01 3.521013412761870143e+01 nan 1.000000000000000000e+00 nan
4.570000000000000000e+02 3.593341382113369775e+01 3.521149776398248576e+01 1.000000000000000000e+00 1.000000000000000000e+00 1.000000000000000000e+00
4.580000000000000000e+02 3.593341382113369775e+01 3.521286140034625589e+01 1.000000000000000000e+00 1.000000000000000000e+00 1.000000000000000000e+00
4.590000000000000000e+02 3.593341382113369775e+01 3.521422503671004733e+01 nan 1.000000000000000000e+00 nan
4.600000000000000000e+02 3.593341382113370486e+01 3.521558867307382457e+01 1.000000000000000000e+00 1.000000000000000000e+00 1.000000000000000000e+00
4.610000000000000000e+02 3.593341382113369775e+01 3.521695230943760890e+01 nan 1.000000000000000000e+00 nan
4.620000000000000000e+02 3.593477745749733998e+01 3.517331594579661669e+01 nan nan nan
4.630000000000000000e+02 3.593477745749733998e+01 3.517467958216039392e+01 nan nan nan
4.640000000000000000e+02 3.593477745749733288e+01 3.517604321852417826e+01 nan nan nan
4.650000000000000000e+02 3.593477745749733288e+01 3.517740685488796260e+01 nan nan nan
4.660000000000000000e+02 3.593477745749733288e+01 3.517877049125173983e+01 nan nan nan
4.670000000000000000e+02 3.593477745749733998e+01 3.518013412761551706e+01 nan nan nan
4.680000000000000000e+02 3.593477745749733998e+01 3.518149776397928719e+01 nan nan nan
4.690000000000000000e+02 3.593477745749733288e+01 3.518286140034307863e+01 nan nan nan
4.700000000000000000e+02 3.593477745749733998e+01 3.518422503670685586e+01 nan nan nan
4.710000000000000000e+02 3.593477745749733288e+01 3.518558867307064020e+01 nan nan nan
4.720000000000000000e+02 3.593477745749733288e+01 3.518695230943442454e+01 nan nan nan
4.730000000000000000e+02 3.593477745749732577e+01 3.518831594579819466e+01 nan nan nan
4.740000000000000000e+02 3.593477745749733998e+01 3.518967958216197900e+01 nan nan nan
4.750000000000000000e+02 3.593477745749733998e+01 3.519104321852575623e+01 nan nan nan
4.760000000000000000e+02 3.593477745749733288e+01 3.519240685488954767e+01 nan nan nan
4.770000000000000000e+02 3.593477745749732577e+01 3.519377049125333201e+01 1.000000000000000000e+00 nan nan
4.780000000000000000e+02 3.593477745749733998e+01 3.519513412761710214e+01 nan nan nan
4.790000000000000000e+02 3.593477745749733998e+01 3.519649776398089358e+01 nan 1.000000000000000000e+00 nan
4.800000000000000000e+02 3.593477745749733998e+01 3.519786140034466371e+01 nan nan nan
4.810000000000000000e+02 3.593477745749733288e+01 3.519922503670844804e+01 1.000000000000000000e+00 1.000000000000000000e+00 1.000000000000000000e+00
4.820000000000000000e+02 3.593477745749733998e+01 3.520058867307222528e+01 nan nan nan
4.830000000000000000e+02 3.593477745749733288e+01 3.520195230943602382e+01 nan 1.000000000000000000e+00 nan
4.840000000000000000e+02 3.593477745749733288e+01 3.520331594579979395e+01 1.000000000000000000e+00 1.000000000000000000e+00 1.000000000000000000e+00
4.850000000000000000e+02 3.593477745749733998e+01 3.520467958216357118e+01 1.000000000000000000e+00 1.000000000000000000e+00 1.000000000000000000e+00
4.860000000000000000e+02 3.593477745749733998e+01 3.520604321852735552e+01 1.000000000000000000e+00 1.000000000000000000e+00 1.000000000000000000e+00
4.870000000000000000e+02 3.593477745749733998e+01 3.520740685489113986e+01 1.000000000000000000e+00 1.000000000000000000e+00 1.000000000000000000e+00
4.880000000000000000e+02 3.593477745749733998e+01 3.520877049125492420e+01 1.000000000000000000e+00 1.000000000000000000e+00 1.000000000000000000e+00
4.890000000000000000e+02 3.593477745749732577e+01 3.521013412761870143e+01 1.000000000000000000e+00 1.000000000000000000e+00 1.000000000000000000e+00
4.900000000000000000e+02 3.593477745749733998e+01 3.521149776398248576e+01 1.000000000000000000e+00 1.000000000000000000e+00 1.000000000000000000e+00
4.910000000000000000e+02 3.593477745749733998e+01 3.521286140034625589e+01 nan 1.000000000000000000e+00 nan
4.920000000000000000e+02 3.593477745749733998e+01 3.521422503671004733e+01 1.000000000000000000e+00 1.000000000000000000e+00 1.000000000000000000e+00
4.930000000000000000e+02 3.593477745749733998e+01 3.521558867307382457e+01 nan 1.000000000000000000e+00 nan
4.940000000000000000e+02 3.593477745749733998e+01 3.521695230943760890e+01 nan 1.000000000000000000e+00 nan
4.950000000000000000e+02 3.593614109386098221e+01 3.517331594579661669e+01 nan nan nan
4.960000000000000000e+02 3.593614109386098221e+01 3.517467958216039392e+01 nan nan nan
4.970000000000000000e+02 3.593614109386097510e+01 3.517604321852417826e+01 nan nan nan
4.980000000000000000e+02 3.593614109386097510e+01 3.517740685488796260e+01 nan nan nan
4.990000000000000000e+02 3.593614109386098221e+01 3.517877049125173983e+01 nan nan nan
5.000000000000000000e+02 3.593614109386097510e+01 3.518013412761551706e+01 nan nan nan
5.010000000000000000e+02 3.593614109386097510e+01 3.518149776397928719e+01 nan nan nan
5.020000000000000000e+02 3.593614109386098221e+01 3.518286140034307863e+01 nan nan nan
5.030000000000000000e+02 3.593614109386098221e+01 3.518422503670685586e+01 nan nan nan
5.040000000000000000e+02 3.593614109386098221e+01 3.518558867307064020e+01 nan nan nan
5.050000000000000000e+02 3.593614109386097510e+01 3.518695230943442454e+01 nan nan nan
5.060000000000000000e+02 3.593614109386098221e+01 3.518831594579820887e+01 nan nan nan
5.070000000000000000e+02 3.593614109386098221e+01 3.518967958216197900e+01 nan nan nan
5.080000000000000000e+02 3.593614109386097510e+01 3.519104321852575623e+01 nan nan nan
5.090000000000000000e+02 3.593614109386098221e+01 3.519240685488954767e+01 nan nan nan
5.100000000000000000e+02 3.593614109386097510e+01 3.519377049125333201e+01 nan nan nan
5.110000000000000000e+02 3.593614109386098221e+01 3.519513412761710214e+01 nan nan nan
5.120000000000000000e+02 3.593614109386097510e+01 3.519649776398089358e+01 nan nan nan
5.130000000000000000e+02 3.593614109386097510e+01 3.519786140034466371e+01 nan nan nan
5.140000000000000000e+02 3.593614109386097510e+01 3.519922503670844804e+01 nan 1.000000000000000000e+00 nan
5.150000000000000000e+02 3.593614109386097510e+01 3.520058867307223949e+01 1.000000000000000000e+00 1.000000000000000000e+00 1.000000000000000000e+00
5.160000000000000000e+02 3.593614109386098221e+01 3.520195230943601672e+01 1.000000000000000000e+00 1.000000000000000000e+00 1.000000000000000000e+00
5.170000000000000000e+02 3.593614109386098221e+01 3.520331594579979395e+01 1.000000000000000000e+00 1.000000000000000000e+00 1.000000000000000000e+00
5.180000000000000000e+02 3.593614109386098221e+01 3.520467958216357118e+01 1.000000000000000000e+00 1.000000000000000000e+00 1.000000000000000000e+00
5.190000000000000000e+02 3.593614109386098221e+01 3.520604321852734842e+01 1.000000000000000000e+00 1.000000000000000000e+00 1.000000000000000000e+00
5.200000000000000000e+02 3.593614109386098221e+01 3.520740685489113986e+01 1.000000000000000000e+00 1.000000000000000000e+00 1.000000000000000000e+00
5.210000000000000000e+02 3.593614109386097510e+01 3.520877049125492420e+01 1.000000000000000000e+00 1.000000000000000000e+00 1.000000000000000000e+00
5.220000000000000000e+02 3.593614109386098221e+01 3.521013412761869432e+01 1.000000000000000000e+00 1.000000000000000000e+00 1.000000000000000000e+00
5.230000000000000000e+02 3.593614109386098221e+01 3.521149776398247866e+01 nan 1.000000000000000000e+00 nan
5.240000000000000000e+02 3.593614109386098221e+01 3.521286140034626300e+01 1.000000000000000000e+00 1.000000000000000000e+00 1.000000000000000000e+00
5.250000000000000000e+02 3.593614109386098221e+01 3.521422503671003312e+01 1.000000000000000000e+00 1.000000000000000000e+00 1.000000000000000000e+00
5.260000000000000000e+02 3.593614109386098221e+01 3.521558867307382457e+01 nan 1.000000000000000000e+00 nan
5.270000000000000000e+02 3.593614109386098221e+01 3.521695230943760890e+01 nan 1.000000000000000000e+00 nan
5.280000000000000000e+02 3.593750473022461023e+01 3.517331594579661669e+01 nan nan nan
5.290000000000000000e+02 3.593750473022461733e+01 3.517467958216039392e+01 nan nan nan
5.300000000000000000e+02 3.593750473022461733e+01 3.517604321852417826e+01 nan nan nan
5.310000000000000000e+02 3.593750473022461733e+01 3.517740685488796260e+01 nan nan nan
5.320000000000000000e+02 3.593750473022461023e+01 3.517877049125173983e+01 nan nan nan
5.330000000000000000e+02 3.593750473022461733e+01 3.518013412761551706e+01 nan nan nan
5.340000000000000000e+02 3.593750473022461733e+01 3.518149776397928719e+01 nan nan nan
5.350000000000000000e+02 3.593750473022461023e+01 3.518286140034307863e+01 nan nan nan
5.360000000000000000e+02 3.593750473022461023e+01 3.518422503670685586e+01 nan nan nan
5.370000000000000000e+02 3.593750473022461023e+01 3.518558867307064020e+01 nan nan nan
5.380000000000000000e+02 3.593750473022461023e+01 3.518695230943442454e+01 nan nan nan
5.390000000000000000e+02 3.593750473022461733e+01 3.518831594579820887e+01 nan nan nan
5.400000000000000000e+02 3.593750473022461023e+01 3.518967958216197900e+01 nan nan nan
5.410000000000000000e+02 3.593750473022461733e+01 3.519104321852575623e+01 nan nan nan
5.420000000000000000e+02 3.593750473022461023e+01 3.519240685488954767e+01 nan nan nan
5.430000000000000000e+02 3.593750473022461023e+01 3.519377049125333201e+01 nan nan nan
5.440000000000000000e+02 3.593750473022460312e+01 3.519513412761710214e+01 nan nan nan
5.450000000000000000e+02 3.593750473022461023e+01 3.519649776398089358e+01 nan nan nan
5.460000000000000000e+02 3.593750473022461023e+01 3.519786140034466371e+01 nan 1.000000000000000000e+00 nan
5.470000000000000000e+02 3.593750473022461023e+01 3.519922503670844804e+01 nan 1.000000000000000000e+00 nan
5.480000000000000000e+02 3.593750473022461023e+01 3.520058867307223949e+01 nan 1.000000000000000000e+00 nan
5.490000000000000000e+02 3.593750473022461023e+01 3.520195230943601672e+01 nan 1.000000000000000000e+00 nan
5.500000000000000000e+02 3.593750473022461023e+01 3.520331594579979395e+01 nan 1.000000000000000000e+00 nan
5.510000000000000000e+02 3.593750473022461023e+01 3.520467958216357118e+01 nan 1.000000000000000000e+00 nan
5.520000000000000000e+02 3.593750473022461023e+01 3.520604321852734842e+01 nan 1.000000000000000000e+00 nan
5.530000000000000000e+02 3.593750473022461733e+01 3.520740685489113986e+01 1.000000000000000000e+00 1.000000000000000000e+00 1.000000000000000000e+00
5.540000000000000000e+02 3.593750473022461023e+01 3.520877049125492420e+01 1.000000000000000000e+00 1.000000000000000000e+00 1.000000000000000000e+00
5.550000000000000000e+02 3.593750473022461023e+01 3.521013412761869432e+01 1.000000000000000000e+00 1.000000000000000000e+00 1.000000000000000000e+00
5.560000000000000000e+02 3.593750473022461733e+01 3.521149776398247866e+01 1.000000000000000000e+00 1.000000000000000000e+00 1.000000000000000000e+00
5.570000000000000000e+02 3.593750473022461023e+01 3.521286140034626300e+01 nan 1.000000000000000000e+00 nan
5.580000000000000000e+02 3.593750473022461733e+01 3.521422503671003312e+01 1.000000000000000000e+00 1.000000000000000000e+00 1.000000000000000000e+00
5.590000000000000000e+02 3.593750473022461733e+01 3.521558867307382457e+01 nan 1.000000000000000000e+00 nan
5.600000000000000000e+02 3.593750473022461023e+01 3.521695230943760890e+01 1.000000000000000000e+00 1.000000000000000000e+00 1.000000000000000000e+00
5.610000000000000000e+02 3.593886836658824535e+01 3.517331594579661669e+01 nan nan nan
5.620000000000000000e+02 3.593886836658824535e+01 3.517467958216039392e+01 nan nan nan
5.630000000000000000e+02 3.593886836658824535e+01 3.517604321852417826e+01 nan nan nan
5.640000000000000000e+02 3.593886836658824535e+01 3.517740685488795549e+01 nan nan nan
5.650000000000000000e+02 3.593886836658824535e+01 3.517877049125173983e+01 nan nan nan
5.660000000000000000e+02 3.593886836658824535e+01 3.518013412761551706e+01 nan nan nan
5.670000000000000000e+02 3.593886836658824535e+01 3.518149776397928719e+01 nan nan nan
5.680000000000000000e+02 3.593886836658825246e+01 3.518286140034307863e+01 nan nan nan
5.690000000000000000e+02 3.593886836658824535e+01 3.518422503670685586e+01 nan nan nan
5.700000000000000000e+02 3.593886836658824535e+01 3.518558867307064730e+01 nan nan nan
5.710000000000000000e+02 3.593886836658824535e+01 3.518695230943442454e+01 nan nan nan
5.720000000000000000e+02 3.593886836658825246e+01 3.518831594579820887e+01 nan nan nan
5.730000000000000000e+02 3.593886836658824535e+01 3.518967958216198610e+01 nan nan nan
5.740000000000000000e+02 3.593886836658825246e+01 3.519104321852577044e+01 nan nan nan
5.750000000000000000e+02 3.593886836658824535e+01 3.519240685488954767e+01 nan nan nan
5.760000000000000000e+02 3.593886836658824535e+01 3.519377049125333201e+01 nan nan nan
5.770000000000000000e+02 3.593886836658824535e+01 3.519513412761710214e+01 nan nan nan
5.780000000000000000e+02 3.593886836658825246e+01 3.519649776398089358e+01 nan nan nan
5.790000000000000000e+02 3.593886836658824535e+01 3.519786140034466371e+01 nan 1.000000000000000000e+00 nan
5.800000000000000000e+02 3.593886836658825246e+01 3.519922503670844804e+01 nan 1.000000000000000000e+00 nan
5.810000000000000000e+02 3.593886836658824535e+01 3.520058867307223949e+01 nan 1.000000000000000000e+00 nan
5.820000000000000000e+02 3.593886836658825246e+01 3.520195230943601672e+01 nan 1.000000000000000000e+00 nan
5.830000000000000000e+02 3.593886836658824535e+01 3.520331594579979395e+01 nan 1.000000000000000000e+00 nan
5.840000000000000000e+02 3.593886836658824535e+01 3.520467958216357829e+01 nan 1.000000000000000000e+00 nan
5.850000000000000000e+02 3.593886836658824535e+01 3.520604321852734842e+01 1.000000000000000000e+00 1.000000000000000000e+00 1.000000000000000000e+00
5.860000000000000000e+02 3.593886836658824535e+01 3.520740685489113986e+01 nan 1.000000000000000000e+00 nan
5.870000000000000000e+02 3.593886836658824535e+01 3.520877049125491709e+01 1.000000000000000000e+00 1.000000000000000000e+00 1.000000000000000000e+00
5.880000000000000000e+02 3.593886836658824535e+01 3.521013412761870143e+01 nan 1.000000000000000000e+00 nan
5.890000000000000000e+02 3.593886836658824535e+01 3.521149776398247866e+01 nan 1.000000000000000000e+00 nan
5.900000000000000000e+02 3.593886836658825246e+01 3.521286140034626300e+01 1.000000000000000000e+00 1.000000000000000000e+00 1.000000000000000000e+00
5.910000000000000000e+02 3.593886836658824535e+01 3.521422503671004733e+01 nan 1.000000000000000000e+00 nan
5.920000000000000000e+02 3.593886836658824535e+01 3.521558867307381746e+01 nan 1.000000000000000000e+00 nan
5.930000000000000000e+02 3.593886836658824535e+01 3.521695230943760890e+01 nan 1.000000000000000000e+00 nan
5.940000000000000000e+02 3.594023200295188758e+01 3.517331594579661669e+01 nan nan nan
5.950000000000000000e+02 3.594023200295188758e+01 3.517467958216039392e+01 nan nan nan
5.960000000000000000e+02 3.594023200295188047e+01 3.517604321852417826e+01 nan nan nan
5.970000000000000000e+02 3.594023200295188047e+01 3.517740685488796260e+01 nan nan nan
5.980000000000000000e+02 3.594023200295188047e+01 3.517877049125173983e+01 nan nan nan
5.990000000000000000e+02 3.594023200295187337e+01 3.518013412761551706e+01 nan nan nan
6.000000000000000000e+02 3.594023200295188047e+01 3.518149776397928719e+01 nan nan nan
6.010000000000000000e+02 3.594023200295187337e+01 3.518286140034307863e+01 nan nan nan
6.020000000000000000e+02 3.594023200295188758e+01 3.518422503670685586e+01 nan nan nan
6.030000000000000000e+02 3.594023200295188758e+01 3.518558867307064020e+01 nan nan nan
6.040000000000000000e+02 3.594023200295188047e+01 3.518695230943442454e+01 nan nan nan
6.050000000000000000e+02 3.594023200295188047e+01 3.518831594579820887e+01 nan nan nan
6.060000000000000000e+02 3.594023200295188047e+01 3.518967958216197900e+01 nan nan nan
6.070000000000000000e+02 3.594023200295188047e+01 3.519104321852575623e+01 nan nan nan
6.080000000000000000e+02 3.594023200295188047e+01 3.519240685488954767e+01 nan nan nan
6.090000000000000000e+02 3.594023200295188047e+01 3.519377049125333201e+01 nan nan nan
6.100000000000000000e+02 3.594023200295187337e+01 3.519513412761710214e+01 nan nan nan
6.110000000000000000e+02 3.594023200295188758e+01 3.519649776398089358e+01 nan 1.000000000000000000e+00 nan
6.120000000000000000e+02 3.594023200295187337e+01 3.519786140034466371e+01 nan 1.000000000000000000e+00 nan
6.130000000000000000e+02 3.594023200295188758e+01 3.519922503670844804e+01 nan 1.000000000000000000e+00 nan
6.140000000000000000e+02 3.594023200295188758e+01 3.520058867307223949e+01 nan nan nan
6.150000000000000000e+02 3.594023200295188047e+01 3.520195230943601672e+01 nan 1.000000000000000000e+00 nan
6.160000000000000000e+02 3.594023200295188758e+01 3.520331594579979395e+01 nan 1.000000000000000000e+00 nan
6.170000000000000000e+02 3.594023200295188047e+01 3.520467958216357118e+01 1.000000000000000000e+00 nan nan
6.180000000000000000e+02 3.594023200295187337e+01 3.520604321852734842e+01 1.000000000000000000e+00 nan nan
6.190000000000000000e+02 3.594023200295188047e+01 3.520740685489113986e+01 1.000000000000000000e+00 1.000000000000000000e+00 1.000000000000000000e+00
6.200000000000000000e+02 3.594023200295188758e+01 3.520877049125492420e+01 1.000000000000000000e+00 1.000000000000000000e+00 1.000000000000000000e+00
6.210000000000000000e+02 3.594023200295188047e+01 3.521013412761869432e+01 nan 1.000000000000000000e+00 nan
6.220000000000000000e+02 3.594023200295188758e+01 3.521149776398247866e+01 nan 1.000000000000000000e+00 nan
6.230000000000000000e+02 3.594023200295188047e+01 3.521286140034626300e+01 nan 1.000000000000000000e+00 nan
6.240000000000000000e+02 3.594023200295188758e+01 3.521422503671003312e+01 nan nan nan
6.250000000000000000e+02 3.594023200295188047e+01 3.521558867307382457e+01 nan 1.000000000000000000e+00 nan
6.260000000000000000e+02 3.594023200295188047e+01 3.521695230943760890e+01 1.000000000000000000e+00 1.000000000000000000e+00 1.000000000000000000e+00
6.270000000000000000e+02 3.594159563931551560e+01 3.517331594579661669e+01 nan nan nan
6.280000000000000000e+02 3.594159563931552270e+01 3.517467958216039392e+01 nan nan nan
6.290000000000000000e+02 3.594159563931552270e+01 3.517604321852417826e+01 nan nan nan
6.300000000000000000e+02 3.594159563931551560e+01 3.517740685488796260e+01 nan nan nan
6.310000000000000000e+02 3.594159563931551560e+01 3.517877049125173983e+01 nan nan nan
6.320000000000000000e+02 3.594159563931551560e+01 3.518013412761551706e+01 nan nan nan
6.330000000000000000e+02 3.594159563931551560e+01 3.518149776397928719e+01 nan nan nan
6.340000000000000000e+02 3.594159563931551560e+01 3.518286140034307863e+01 nan nan nan
6.350000000000000000e+02 3.594159563931551560e+01 3.518422503670685586e+01 nan nan nan
6.360000000000000000e+02 3.594159563931552270e+01 3.518558867307064020e+01 nan nan nan
6.370000000000000000e+02 3.594159563931551560e+01 3.518695230943442454e+01 nan nan nan
6.380000000000000000e+02 3.594159563931551560e+01 3.518831594579820887e+01 nan nan nan
6.390000000000000000e+02 3.594159563931551560e+01 3.518967958216197900e+01 nan nan nan
6.400000000000000000e+02 3.594159563931552270e+01 3.519104321852575623e+01 nan nan nan
6.410000000000000000e+02 3.594159563931551560e+01 3.519240685488954767e+01 nan nan nan
6.420000000000000000e+02 3.594159563931551560e+01 3.519377049125333201e+01 nan nan nan
6.430000000000000000e+02 3.594159563931551560e+01 3.519513412761710214e+01 nan nan nan
6.440000000000000000e+02 3.594159563931551560e+01 3.519649776398089358e+01 nan 1.000000000000000000e+00 nan
6.450000000000000000e+02 3.594159563931551560e+01 3.519786140034466371e+01 nan 1.000000000000000000e+00 nan
6.460000000000000000e+02 3.594159563931551560e+01 3.519922503670844804e+01 nan 1.000000000000000000e+00 nan
6.470000000000000000e+02 3.594159563931550849e+01 3.520058867307223949e+01 nan 1.000000000000000000e+00 nan
6.480000000000000000e+02 3.594159563931551560e+01 3.520195230943601672e+01 nan 1.000000000000000000e+00 nan
6.490000000000000000e+02 3.594159563931551560e+01 3.520331594579979395e+01 nan 1.000000000000000000e+00 nan
6.500000000000000000e+02 3.594159563931550849e+01 3.520467958216357118e+01 1.000000000000000000e+00 nan nan
6.510000000000000000e+02 3.594159563931551560e+01 3.520604321852734842e+01 1.000000000000000000e+00 nan nan
6.520000000000000000e+02 3.594159563931551560e+01 3.520740685489113986e+01 nan 1.000000000000000000e+00 nan
6.530000000000000000e+02 3.594159563931551560e+01 3.520877049125492420e+01 nan 1.000000000000000000e+00 nan
6.540000000000000000e+02 3.594159563931551560e+01 3.521013412761869432e+01 nan 1.000000000000000000e+00 nan
6.550000000000000000e+02 3.594159563931551560e+01 3.521149776398247866e+01 nan 1.000000000000000000e+00 nan
6.560000000000000000e+02 3.594159563931551560e+01 3.521286140034626300e+01 nan 1.000000000000000000e+00 nan
6.570000000000000000e+02 3.594159563931551560e+01 3.521422503671003312e+01 nan 1.000000000000000000e+00 nan
6.580000000000000000e+02 3.594159563931551560e+01 3.521558867307382457e+01 nan 1.000000000000000000e+00 nan
6.590000000000000000e+02 3.594159563931550849e+01 3.521695230943760890e+01 nan nan nan
6.600000000000000000e+02 3.594295927567915783e+01 3.517331594579661669e+01 nan nan nan
6.610000000000000000e+02 3.594295927567915783e+01 3.517467958216039392e+01 nan nan nan
6.620000000000000000e+02 3.594295927567915783e+01 3.517604321852417826e+01 nan nan nan
6.630000000000000000e+02 3.594295927567916493e+01 3.517740685488795549e+01 nan nan nan
6.640000000000000000e+02 3.594295927567916493e+01 3.517877049125173983e+01 nan nan nan
6.650000000000000000e+02 3.594295927567916493e+01 3.518013412761551706e+01 nan nan nan
6.660000000000000000e+02 3.594295927567916493e+01 3.518149776397928719e+01 nan nan nan
6.670000000000000000e+02 3.594295927567916493e+01 3.518286140034307863e+01 nan nan nan
6.680000000000000000e+02 3.594295927567916493e+01 3.518422503670686297e+01 nan nan nan
6.690000000000000000e+02 3.594295927567916493e+01 3.518558867307064020e+01 nan nan nan
6.700000000000000000e+02 3.594295927567916493e+01 3.518695230943441743e+01 nan nan nan
6.710000000000000000e+02 3.594295927567916493e+01 3.518831594579820887e+01 nan nan nan
6.720000000000000000e+02 3.594295927567916493e+01 3.518967958216198610e+01 nan nan nan
6.730000000000000000e+02 3.594295927567916493e+01 3.519104321852575623e+01 nan nan nan
6.740000000000000000e+02 3.594295927567916493e+01 3.519240685488954767e+01 nan nan nan
6.750000000000000000e+02 3.594295927567916493e+01 3.519377049125333201e+01 nan nan nan
6.760000000000000000e+02 3.594295927567916493e+01 3.519513412761710924e+01 nan nan nan
6.770000000000000000e+02 3.594295927567915783e+01 3.519649776398089358e+01 nan 1.000000000000000000e+00 nan
6.780000000000000000e+02 3.594295927567915783e+01 3.519786140034466371e+01 nan nan nan
6.790000000000000000e+02 3.594295927567916493e+01 3.519922503670844094e+01 nan 1.000000000000000000e+00 nan
6.800000000000000000e+02 3.594295927567915783e+01 3.520058867307223949e+01 1.000000000000000000e+00 1.000000000000000000e+00 1.000000000000000000e+00
6.810000000000000000e+02 3.594295927567916493e+01 3.520195230943601672e+01 nan 1.000000000000000000e+00 nan
6.820000000000000000e+02 3.594295927567915783e+01 3.520331594579979395e+01 nan nan nan
6.830000000000000000e+02 3.594295927567916493e+01 3.520467958216357118e+01 1.000000000000000000e+00 nan nan
6.840000000000000000e+02 3.594295927567915783e+01 3.520604321852735552e+01 1.000000000000000000e+00 nan nan
6.850000000000000000e+02 3.594295927567916493e+01 3.520740685489113986e+01 nan nan nan
6.860000000000000000e+02 3.594295927567916493e+01 3.520877049125492420e+01 nan nan nan
6.870000000000000000e+02 3.594295927567916493e+01 3.521013412761869432e+01 1.000000000000000000e+00 nan nan
6.880000000000000000e+02 3.594295927567916493e+01 3.521149776398248576e+01 nan nan nan
6.890000000000000000e+02 3.594295927567916493e+01 3.521286140034625589e+01 nan 1.000000000000000000e+00 nan
6.900000000000000000e+02 3.594295927567916493e+01 3.521422503671004733e+01 nan 1.000000000000000000e+00 nan
6.910000000000000000e+02 3.594295927567916493e+01 3.521558867307381746e+01 nan nan nan
6.920000000000000000e+02 3.594295927567916493e+01 3.521695230943760890e+01 nan nan nan
6.930000000000000000e+02 3.594432291204280006e+01 3.517331594579661669e+01 nan nan nan
6.940000000000000000e+02 3.594432291204278584e+01 3.517467958216039392e+01 nan nan nan
6.950000000000000000e+02 3.594432291204279295e+01 3.517604321852417826e+01 nan nan nan
6.960000000000000000e+02 3.594432291204279295e+01 3.517740685488795549e+01 nan nan nan
6.970000000000000000e+02 3.594432291204280006e+01 3.517877049125173983e+01 nan nan nan
6.980000000000000000e+02 3.594432291204279295e+01 3.518013412761551706e+01 nan nan nan
6.990000000000000000e+02 3.594432291204280006e+01 3.518149776397928719e+01 nan nan nan
7.000000000000000000e+02 3.594432291204278584e+01 3.518286140034307863e+01 nan nan nan
7.010000000000000000e+02 3.594432291204279295e+01 3.518422503670685586e+01 nan nan nan
7.020000000000000000e+02 3.594432291204280006e+01 3.518558867307064730e+01 nan nan nan
7.030000000000000000e+02 3.594432291204278584e+01 3.518695230943442454e+01 nan nan nan
7.040000000000000000e+02 3.594432291204279295e+01 3.518831594579820887e+01 nan nan nan
7.050000000000000000e+02 3.594432291204280006e+01 3.518967958216198610e+01 nan nan nan
7.060000000000000000e+02 3.594432291204279295e+01 3.519104321852577044e+01 nan nan nan
7.070000000000000000e+02 3.594432291204280006e+01 3.519240685488954767e+01 nan nan nan
7.080000000000000000e+02 3.594432291204279295e+01 3.519377049125333201e+01 nan nan nan
7.090000000000000000e+02 3.594432291204279295e+01 3.519513412761710214e+01 nan nan nan
7.100000000000000000e+02 3.594432291204279295e+01 3.519649776398089358e+01 nan nan nan
7.110000000000000000e+02 3.594432291204279295e+01 3.519786140034466371e+01 nan 1.000000000000000000e+00 nan
7.120000000000000000e+02 3.594432291204278584e+01 3.519922503670844804e+01 nan 1.000000000000000000e+00 nan
7.130000000000000000e+02 3.594432291204280006e+01 3.520058867307223949e+01 1.000000000000000000e+00 1.000000000000000000e+00 1.000000000000000000e+00
7.140000000000000000e+02 3.594432291204279295e+01 3.520195230943601672e+01 nan 1.000000000000000000e+00 nan
7.150000000000000000e+02 3.594432291204279295e+01 3.520331594579979395e+01 nan nan nan
7.160000000000000000e+02 3.594432291204278584e+01 3.520467958216357829e+01 nan nan nan
7.170000000000000000e+02 3.594432291204280006e+01 3.520604321852734842e+01 nan nan nan
7.180000000000000000e+02 3.594432291204279295e+01 3.520740685489113986e+01 nan nan nan
7.190000000000000000e+02 3.594432291204280006e+01 3.520877049125491709e+01 nan nan nan
7.200000000000000000e+02 3.594432291204279295e+01 3.521013412761870143e+01 nan nan nan
7.210000000000000000e+02 3.594432291204279295e+01 3.521149776398247866e+01 nan nan nan
7.220000000000000000e+02 3.594432291204279295e+01 3.521286140034626300e+01 nan nan nan
7.230000000000000000e+02 3.594432291204279295e+01 3.521422503671004733e+01 nan nan nan
7.240000000000000000e+02 3.594432291204280006e+01 3.521558867307381746e+01 nan nan nan
7.250000000000000000e+02 3.594432291204280006e+01 3.521695230943760890e+01 nan nan nan
7.260000000000000000e+02 3.594568654840642807e+01 3.517331594579661669e+01 nan nan nan
7.270000000000000000e+02 3.594568654840643518e+01 3.517467958216039392e+01 nan nan nan
7.280000000000000000e+02 3.594568654840643518e+01 3.517604321852417826e+01 nan nan nan
7.290000000000000000e+02 3.594568654840642807e+01 3.517740685488795549e+01 nan nan nan
7.300000000000000000e+02 3.594568654840642097e+01 3.517877049125173983e+01 nan nan nan
7.310000000000000000e+02 3.594568654840642807e+01 3.518013412761551706e+01 nan nan nan
7.320000000000000000e+02 3.594568654840643518e+01 3.518149776397928719e+01 nan nan nan
7.330000000000000000e+02 3.594568654840643518e+01 3.518286140034307863e+01 nan nan nan
7.340000000000000000e+02 3.594568654840643518e+01 3.518422503670685586e+01 nan nan nan
7.350000000000000000e+02 3.594568654840643518e+01 3.518558867307064730e+01 nan nan nan
7.360000000000000000e+02 3.594568654840643518e+01 3.518695230943442454e+01 nan nan nan
7.370000000000000000e+02 3.594568654840643518e+01 3.518831594579820887e+01 nan nan nan
7.380000000000000000e+02 3.594568654840642097e+01 3.518967958216198610e+01 nan nan nan
7.390000000000000000e+02 3.594568654840642807e+01 3.519104321852577044e+01 nan nan nan
7.400000000000000000e+02 3.594568654840642807e+01 3.519240685488954767e+01 nan 1.000000000000000000e+00 nan
7.410000000000000000e+02 3.594568654840642807e+01 3.519377049125333201e+01 nan 1.000000000000000000e+00 nan
7.420000000000000000e+02 3.594568654840642807e+01 3.519513412761710214e+01 nan nan nan
7.430000000000000000e+02 3.594568654840643518e+01 3.519649776398089358e+01 nan nan nan
7.440000000000000000e+02 3.594568654840643518e+01 3.519786140034466371e+01 nan 1.000000000000000000e+00 nan
7.450000000000000000e+02 3.594568654840642097e+01 3.519922503670844804e+01 nan 1.000000000000000000e+00 nan
7.460000000000000000e+02 3.594568654840643518e+01 3.520058867307223949e+01 nan 1.000000000000000000e+00 nan
7.470000000000000000e+02 3.594568654840643518e+01 3.520195230943601672e+01 nan 1.000000000000000000e+00 nan
7.480000000000000000e+02 3.594568654840643518e+01 3.520331594579979395e+01 nan nan nan
7.490000000000000000e+02 3.594568654840643518e+01 3.520467958216357829e+01 nan nan nan
7.500000000000000000e+02 3.594568654840642807e+01 3.520604321852734842e+01 nan nan nan
7.510000000000000000e+02 3.594568654840642807e+01 3.520740685489113986e+01 nan nan nan
7.520000000000000000e+02 3.594568654840642807e+01 3.520877049125491709e+01 1.000000000000000000e+00 nan nan
7.530000000000000000e+02 3.594568654840642807e+01 3.521013412761870143e+01 nan nan nan
7.540000000000000000e+02 3.594568654840642807e+01 3.521149776398247866e+01 nan nan nan
7.550000000000000000e+02 3.594568654840643518e+01 3.521286140034626300e+01 nan nan nan
7.560000000000000000e+02 3.594568654840642097e+01 3.521422503671004733e+01 nan nan nan
7.570000000000000000e+02 3.594568654840643518e+01 3.521558867307381746e+01 nan nan nan
7.580000000000000000e+02 3.594568654840642807e+01 3.521695230943760890e+01 nan nan nan
