1.000000000000000000e+00 5.356913183279743418e-01
3.000000000000000000e+00 6.026795322476503625e-01
5.000000000000000000e+00 6.365975216267877324e-01
7.000000000000000000e+00 6.578381312148910975e-01
9.000000000000000000e+00 6.736244894969972696e-01
1.100000000000000000e+01 6.868963147982040107e-01
1.300000000000000000e+01 6.981618013691728297e-01
1.500000000000000000e+01 7.075661984889722866e-01
1.700000000000000000e+01 7.150779478552014012e-01
1.900000000000000000e+01 7.209440835092781885e-01
2.100000000000000000e+01 7.253833520470676088e-01
2.300000000000000000e+01 7.287688392077003030e-01
2.500000000000000000e+01 7.310997514192528746e-01
2.700000000000000000e+01 7.326515774856929841e-01
2.900000000000000000e+01 7.337247597367912988e-01
3.100000000000000000e+01 7.342203202357356906e-01
3.300000000000000000e+01 7.342333910046335843e-01
3.500000000000000000e+01 7.338004543779386157e-01
3.700000000000000000e+01 7.329278901805494906e-01
3.900000000000000000e+01 7.317671222733723724e-01
4.100000000000000000e+01 7.305363746709914174e-01
4.300000000000000000e+01 7.292686420683668347e-01
4.500000000000000000e+01 7.279963369433176679e-01
4.700000000000000000e+01 7.267132360970409710e-01
4.900000000000000000e+01 7.254826001779959288e-01
5.100000000000000000e+01 7.243907478347042517e-01
5.300000000000000000e+01 7.234913688919377694e-01
5.500000000000000000e+01 7.226690488992980610e-01
5.700000000000000000e+01 7.218831168379142849e-01
5.900000000000000000e+01 7.211258532741884331e-01
6.100000000000000000e+01 7.204447031336385088e-01
6.300000000000000000e+01 7.199255765074462632e-01
6.500000000000000000e+01 7.195178602682802405e-01
6.700000000000000000e+01 7.191480272930437234e-01
6.900000000000000000e+01 7.187082628220118341e-01
7.100000000000000000e+01 7.181888727695959762e-01
7.300000000000000000e+01 7.177063966276059359e-01
7.500000000000000000e+01 7.172336347805832180e-01
7.700000000000000000e+01 7.166948987097710999e-01
7.900000000000000000e+01 7.161611718452762787e-01
8.100000000000000000e+01 7.155366472032699265e-01
8.300000000000000000e+01 7.148001058242428041e-01
8.500000000000000000e+01 7.139940029222253681e-01
8.700000000000000000e+01 7.131705007886557368e-01
8.900000000000000000e+01 7.123556683473782902e-01
9.100000000000000000e+01 7.114799750381111121e-01
9.300000000000000000e+01 7.106789681785649071e-01
9.500000000000000000e+01 7.100046545070375359e-01
9.700000000000000000e+01 7.093193614206236841e-01
9.900000000000000000e+01 7.086237194235250891e-01
1.010000000000000000e+02 7.080760860407330215e-01
1.030000000000000000e+02 7.077470407526053053e-01
1.050000000000000000e+02 7.075865764551330095e-01
1.070000000000000000e+02 7.074947547578869234e-01
1.090000000000000000e+02 7.073727931405173752e-01
1.110000000000000000e+02 7.072206711007480440e-01
1.130000000000000000e+02 7.070768758718551927e-01
1.150000000000000000e+02 7.069110664198242633e-01
1.170000000000000000e+02 7.067218060792821444e-01
1.190000000000000000e+02 7.065149039831676303e-01
1.210000000000000000e+02 7.064095552301477010e-01
1.230000000000000000e+02 7.064095552301471459e-01
1.250000000000000000e+02 7.064095552301479231e-01
1.270000000000000000e+02 7.064095552301474790e-01
1.290000000000000000e+02 7.064095552301481451e-01
1.310000000000000000e+02 7.064095552301475900e-01
1.330000000000000000e+02 7.064095552301472569e-01
1.350000000000000000e+02 7.064095552301474790e-01
1.370000000000000000e+02 7.064095552301473679e-01
1.390000000000000000e+02 7.064095552301470349e-01
1.410000000000000000e+02 7.064095552301474790e-01
1.430000000000000000e+02 7.064095552301479231e-01
1.450000000000000000e+02 7.064095552301478120e-01
1.470000000000000000e+02 7.064095552301470349e-01
1.490000000000000000e+02 7.064095552301477010e-01
