1.000000000000000000e+00 3.762315896394108350e-01
3.000000000000000000e+00 4.092634869706506251e-01
5.000000000000000000e+00 4.246934554245038740e-01
7.000000000000000000e+00 4.345537442384919125e-01
9.000000000000000000e+00 4.419526107505389323e-01
1.100000000000000000e+01 4.479614045006516942e-01
1.300000000000000000e+01 4.530499879621606718e-01
1.500000000000000000e+01 4.574205036659091395e-01
1.700000000000000000e+01 4.612013748188774631e-01
1.900000000000000000e+01 4.645309853898530461e-01
2.100000000000000000e+01 4.674859546003575783e-01
2.300000000000000000e+01 4.701250414827159441e-01
2.500000000000000000e+01 4.725051866953318136e-01
2.700000000000000000e+01 4.746763269099049110e-01
2.900000000000000000e+01 4.766569910473179572e-01
3.100000000000000000e+01 4.784845392672606446e-01
3.300000000000000000e+01 4.802040087260464052e-01
3.500000000000000000e+01 4.818608085781319605e-01
3.700000000000000000e+01 4.835059281049435276e-01
3.900000000000000000e+01 4.851686161770222272e-01
4.100000000000000000e+01 4.868687320136615426e-01
4.300000000000000000e+01 4.886113860595379110e-01
4.500000000000000000e+01 4.904124541232686152e-01
4.700000000000000000e+01 4.922943666990295952e-01
4.900000000000000000e+01 4.942645559032129432e-01
5.100000000000000000e+01 4.963301757369619205e-01
5.300000000000000000e+01 4.985057272081259150e-01
5.500000000000000000e+01 5.007772007733544140e-01
5.700000000000000000e+01 5.031407416446425085e-01
5.900000000000000000e+01 5.055894754244451006e-01
6.100000000000000000e+01 5.081149051363678115e-01
6.300000000000000000e+01 5.107120279055576972e-01
6.500000000000000000e+01 5.133498169554662205e-01
6.700000000000000000e+01 5.160541088198706827e-01
6.900000000000000000e+01 5.188149670852930662e-01
7.100000000000000000e+01 5.216208257045146235e-01
7.300000000000000000e+01 5.244762407822713968e-01
7.500000000000000000e+01 5.273754288298615478e-01
7.700000000000000000e+01 5.303065720807417227e-01
7.900000000000000000e+01 5.332468070058707932e-01
8.100000000000000000e+01 5.361789987518057465e-01
8.300000000000000000e+01 5.391099745539460475e-01
8.500000000000000000e+01 5.420304109674873860e-01
8.700000000000000000e+01 5.449382380659646419e-01
8.900000000000000000e+01 5.478058061097798026e-01
9.100000000000000000e+01 5.506333758405921319e-01
9.300000000000000000e+01 5.534398067987154057e-01
9.500000000000000000e+01 5.562337845541767134e-01
9.700000000000000000e+01 5.590043536847748573e-01
9.900000000000000000e+01 5.617324905451579475e-01
1.010000000000000000e+02 5.644225781017686572e-01
1.030000000000000000e+02 5.670905731555784257e-01
1.050000000000000000e+02 5.697346988912739274e-01
1.070000000000000000e+02 5.723408109355223594e-01
1.090000000000000000e+02 5.749005596314211708e-01
1.110000000000000000e+02 5.774024383353061340e-01
1.130000000000000000e+02 5.798516663580000063e-01
1.150000000000000000e+02 5.822511086211867859e-01
1.170000000000000000e+02 5.846034603693103238e-01
1.190000000000000000e+02 5.869024846699776310e-01
1.210000000000000000e+02 5.891586874330487777e-01
1.230000000000000000e+02 5.913697059624061225e-01
1.250000000000000000e+02 5.935099976478603878e-01
1.270000000000000000e+02 5.955910176336338679e-01
1.290000000000000000e+02 5.976393099985801705e-01
1.310000000000000000e+02 5.996566832091619892e-01
1.330000000000000000e+02 6.016215255287213903e-01
1.350000000000000000e+02 6.035194322482134721e-01
1.370000000000000000e+02 6.053540249777866755e-01
1.390000000000000000e+02 6.071272722370686381e-01
1.410000000000000000e+02 6.088524068659502131e-01
1.430000000000000000e+02 6.105222019901377362e-01
1.450000000000000000e+02 6.121451812803275772e-01
1.470000000000000000e+02 6.137087553972279119e-01
1.490000000000000000e+02 6.152155198183251184e-01
