1.000000000000000000e+00 1.902225603956919642e-04
3.000000000000000000e+00 1.953779447647630008e-04
5.000000000000000000e+00 1.984993018496750139e-04
7.000000000000000000e+00 2.006541473381640017e-04
9.000000000000000000e+00 1.997987936107614715e-04
1.100000000000000000e+01 1.959144334902074291e-04
1.300000000000000000e+01 1.919293533385602046e-04
1.500000000000000000e+01 1.886057421266462697e-04
1.700000000000000000e+01 1.858552439870653217e-04
1.900000000000000000e+01 1.834499411407231051e-04
2.100000000000000000e+01 1.813298018749076590e-04
2.300000000000000000e+01 1.793581220326245784e-04
2.500000000000000000e+01 1.774032487832366556e-04
2.700000000000000000e+01 1.758551296154875487e-04
2.900000000000000000e+01 1.749403771021951215e-04
3.100000000000000000e+01 1.745609525430902309e-04
3.300000000000000000e+01 1.745200458203033378e-04
3.500000000000000000e+01 1.746516198103398310e-04
3.700000000000000000e+01 1.748298180580531991e-04
3.900000000000000000e+01 1.750068039719776536e-04
4.100000000000000000e+01 1.751394216406021442e-04
4.300000000000000000e+01 1.752524931970533828e-04
4.500000000000000000e+01 1.754050839298804121e-04
4.700000000000000000e+01 1.756387078047927375e-04
4.900000000000000000e+01 1.760102380417016832e-04
5.100000000000000000e+01 1.765769557419138991e-04
5.300000000000000000e+01 1.774080865373228733e-04
5.500000000000000000e+01 1.784833489135717599e-04
5.700000000000000000e+01 1.797814687281018564e-04
5.900000000000000000e+01 1.812951655674188700e-04
6.100000000000000000e+01 1.830186831236479961e-04
6.300000000000000000e+01 1.849314724750028560e-04
6.500000000000000000e+01 1.870712789383555119e-04
6.700000000000000000e+01 1.894376649744788921e-04
6.900000000000000000e+01 1.920334686108526867e-04
7.100000000000000000e+01 1.948586903366411605e-04
7.300000000000000000e+01 1.979253751039911080e-04
7.500000000000000000e+01 2.012263307702433224e-04
7.700000000000000000e+01 2.047401424880579413e-04
7.900000000000000000e+01 2.084438723299886220e-04
8.100000000000000000e+01 2.123434934101497973e-04
8.300000000000000000e+01 2.164242878917033153e-04
8.500000000000000000e+01 2.207082617616817899e-04
8.700000000000000000e+01 2.252115473542204427e-04
8.900000000000000000e+01 2.299577500418648057e-04
9.100000000000000000e+01 2.349576143629850122e-04
9.300000000000000000e+01 2.402077399349389353e-04
9.500000000000000000e+01 2.457136036677631807e-04
9.700000000000000000e+01 2.514722401343316704e-04
9.900000000000000000e+01 2.574776171028192451e-04
1.010000000000000000e+02 2.637135706941018398e-04
1.030000000000000000e+02 2.701823186673779631e-04
1.050000000000000000e+02 2.768961385117840734e-04
1.070000000000000000e+02 2.838612236455428928e-04
1.090000000000000000e+02 2.910820897644716965e-04
1.110000000000000000e+02 2.985500469969704085e-04
1.130000000000000000e+02 3.062626565824011493e-04
1.150000000000000000e+02 3.142150332430260207e-04
1.170000000000000000e+02 3.223923026118846735e-04
1.190000000000000000e+02 3.307761403592568428e-04
1.210000000000000000e+02 3.393677409938566925e-04
1.230000000000000000e+02 3.481740790016729648e-04
1.250000000000000000e+02 3.571932497885565994e-04
1.270000000000000000e+02 3.664228770333677332e-04
1.290000000000000000e+02 3.758674542371220895e-04
1.310000000000000000e+02 3.855323785779685153e-04
1.330000000000000000e+02 3.954261370555656185e-04
1.350000000000000000e+02 4.055586458208138012e-04
1.370000000000000000e+02 4.159197317733509536e-04
1.390000000000000000e+02 4.264955636380518555e-04
1.410000000000000000e+02 4.372830727835674836e-04
1.430000000000000000e+02 4.482797062774768193e-04
1.450000000000000000e+02 4.594786523700600256e-04
1.470000000000000000e+02 4.708770309564958012e-04
1.490000000000000000e+02 4.824769538515072398e-04
