1.000000000000000000e+00 4.044580262448316255e-02
3.000000000000000000e+00 4.762477024413269699e-02
5.000000000000000000e+00 5.253607685380301540e-02
7.000000000000000000e+00 5.659644658995832689e-02
9.000000000000000000e+00 6.007951315907889001e-02
1.100000000000000000e+01 6.337903625071350522e-02
1.300000000000000000e+01 6.659348496130612638e-02
1.500000000000000000e+01 6.983182981726310246e-02
1.700000000000000000e+01 7.312726402634528444e-02
1.900000000000000000e+01 7.648467773536915537e-02
2.100000000000000000e+01 7.990816162955249879e-02
2.300000000000000000e+01 8.335433429238414682e-02
2.500000000000000000e+01 8.677087344186673601e-02
2.700000000000000000e+01 9.010259417487065381e-02
2.900000000000000000e+01 9.332138656949706679e-02
3.100000000000000000e+01 9.642858213305771642e-02
3.300000000000000000e+01 9.944105532802549607e-02
3.500000000000000000e+01 1.023733776534729856e-01
3.700000000000000000e+01 1.052484525789473269e-01
3.900000000000000000e+01 1.080955517771712282e-01
4.100000000000000000e+01 1.109389761824984832e-01
4.300000000000000000e+01 1.137940015577854069e-01
4.500000000000000000e+01 1.166677655653519663e-01
4.700000000000000000e+01 1.195703649453516704e-01
4.900000000000000000e+01 1.225045877086283763e-01
5.100000000000000000e+01 1.254781986959856432e-01
5.300000000000000000e+01 1.284952896490338947e-01
5.500000000000000000e+01 1.315520063034418818e-01
5.700000000000000000e+01 1.346474131857314793e-01
5.900000000000000000e+01 1.377845313087023849e-01
6.100000000000000000e+01 1.409650427122723926e-01
6.300000000000000000e+01 1.441888885066286985e-01
6.500000000000000000e+01 1.474575351265470236e-01
6.700000000000000000e+01 1.507679425087586900e-01
6.900000000000000000e+01 1.541190573938093777e-01
7.100000000000000000e+01 1.575086638561769004e-01
7.300000000000000000e+01 1.609328736467189325e-01
7.500000000000000000e+01 1.643876948364831891e-01
7.700000000000000000e+01 1.678697457591162845e-01
7.900000000000000000e+01 1.713741105393237207e-01
8.100000000000000000e+01 1.748927480165435311e-01
8.300000000000000000e+01 1.784260833764784726e-01
8.500000000000000000e+01 1.819732495743846545e-01
8.700000000000000000e+01 1.855302968827433618e-01
8.900000000000000000e+01 1.890926673139190495e-01
9.100000000000000000e+01 1.926579467529557776e-01
9.300000000000000000e+01 1.962215840302330427e-01
9.500000000000000000e+01 1.997797848192163217e-01
9.700000000000000000e+01 2.033294720964029523e-01
9.900000000000000000e+01 2.068710052817107625e-01
1.010000000000000000e+02 2.104036037185688102e-01
1.030000000000000000e+02 2.139250786326818421e-01
1.050000000000000000e+02 2.174347111776864239e-01
1.070000000000000000e+02 2.209311195536065586e-01
1.090000000000000000e+02 2.244135891325400589e-01
1.110000000000000000e+02 2.278806016402187273e-01
1.130000000000000000e+02 2.313352753750136381e-01
1.150000000000000000e+02 2.347788045681500346e-01
1.170000000000000000e+02 2.382120214031165917e-01
1.190000000000000000e+02 2.416356753180501915e-01
1.210000000000000000e+02 2.450508043742429809e-01
1.230000000000000000e+02 2.484587095501031850e-01
1.250000000000000000e+02 2.518598850557148827e-01
1.270000000000000000e+02 2.552529097268009250e-01
1.290000000000000000e+02 2.586392616441346437e-01
1.310000000000000000e+02 2.620156284653918366e-01
1.330000000000000000e+02 2.653855311135324690e-01
1.350000000000000000e+02 2.687543187571236336e-01
1.370000000000000000e+02 2.721235177326425392e-01
1.390000000000000000e+02 2.754945501704691990e-01
1.410000000000000000e+02 2.788651565590249959e-01
1.430000000000000000e+02 2.822336877486363305e-01
1.450000000000000000e+02 2.855997290235624542e-01
1.470000000000000000e+02 2.889574054226329292e-01
1.490000000000000000e+02 2.923047058585543923e-01
