1.000000000000000000e+00 1.833297804306122103e-02
3.000000000000000000e+00 1.880652445590802468e-02
5.000000000000000000e+00 1.907967006942468124e-02
7.000000000000000000e+00 1.928840384458174739e-02
9.000000000000000000e+00 1.946386373402075876e-02
1.100000000000000000e+01 1.960972261437177178e-02
1.300000000000000000e+01 1.972358223447356895e-02
1.500000000000000000e+01 1.981014072764630818e-02
1.700000000000000000e+01 1.988076275344974331e-02
1.900000000000000000e+01 1.994080558008415327e-02
2.100000000000000000e+01 1.998972364009266034e-02
2.300000000000000000e+01 2.003023317282659477e-02
2.500000000000000000e+01 2.006480378844721635e-02
2.700000000000000000e+01 2.009586175954303222e-02
2.900000000000000000e+01 2.012745801567594750e-02
3.100000000000000000e+01 2.015971815824935121e-02
3.300000000000000000e+01 2.019232089497768889e-02
3.500000000000000000e+01 2.022528859602057416e-02
3.700000000000000000e+01 2.025769245500963489e-02
3.900000000000000000e+01 2.028782581582522226e-02
4.100000000000000000e+01 2.031463302140512628e-02
4.300000000000000000e+01 2.033769098241666740e-02
4.500000000000000000e+01 2.035692497303787096e-02
4.700000000000000000e+01 2.037198044119381546e-02
4.900000000000000000e+01 2.038198429970816683e-02
5.100000000000000000e+01 2.038714367985050568e-02
5.300000000000000000e+01 2.038779660662604076e-02
5.500000000000000000e+01 2.038393090071777269e-02
5.700000000000000000e+01 2.037542037272721540e-02
5.900000000000000000e+01 2.036207030630099446e-02
6.100000000000000000e+01 2.034437112581710672e-02
6.300000000000000000e+01 2.032169504031877683e-02
6.500000000000000000e+01 2.029399699266420942e-02
6.700000000000000000e+01 2.026149018155831705e-02
6.900000000000000000e+01 2.022448193532988547e-02
7.100000000000000000e+01 2.018293294936057691e-02
7.300000000000000000e+01 2.013400330192949284e-02
7.500000000000000000e+01 2.007903569264213317e-02
7.700000000000000000e+01 2.001777168947060925e-02
7.900000000000000000e+01 1.995172014027657426e-02
8.100000000000000000e+01 1.988112345681480875e-02
8.300000000000000000e+01 1.980659743208457169e-02
8.500000000000000000e+01 1.972714020293542259e-02
8.700000000000000000e+01 1.964180126948100735e-02
8.900000000000000000e+01 1.955291389364555155e-02
9.100000000000000000e+01 1.946038627671420329e-02
9.300000000000000000e+01 1.936480903995485559e-02
9.500000000000000000e+01 1.926644305849622985e-02
9.700000000000000000e+01 1.916532836822482100e-02
9.900000000000000000e+01 1.906194846160935708e-02
1.010000000000000000e+02 1.895567154670252386e-02
1.030000000000000000e+02 1.884681183610881217e-02
1.050000000000000000e+02 1.873651201850456971e-02
1.070000000000000000e+02 1.862525092496147838e-02
1.090000000000000000e+02 1.851286735883117540e-02
1.110000000000000000e+02 1.839964202447086361e-02
1.130000000000000000e+02 1.828526415675935102e-02
1.150000000000000000e+02 1.817078483747025519e-02
1.170000000000000000e+02 1.805671240297634927e-02
1.190000000000000000e+02 1.794256609859823381e-02
1.210000000000000000e+02 1.782733380118461941e-02
1.230000000000000000e+02 1.771124046196614898e-02
1.250000000000000000e+02 1.759486960656686527e-02
1.270000000000000000e+02 1.747758495362161657e-02
1.290000000000000000e+02 1.736052522517161911e-02
1.310000000000000000e+02 1.724396962620411422e-02
1.330000000000000000e+02 1.712802927183576518e-02
1.350000000000000000e+02 1.701284048715812069e-02
1.370000000000000000e+02 1.689848084496214931e-02
1.390000000000000000e+02 1.678396733792608675e-02
1.410000000000000000e+02 1.666883563853738259e-02
1.430000000000000000e+02 1.655321189484726396e-02
1.450000000000000000e+02 1.643881823166093437e-02
1.470000000000000000e+02 1.632640576256461085e-02
1.490000000000000000e+02 1.621596681821291241e-02
