1.000000000000000000e+00 4.428137651821817400e-03
3.000000000000000000e+00 4.347052297159592626e-03
5.000000000000000000e+00 4.153439160588523471e-03
7.000000000000000000e+00 4.192854395842160464e-03
9.000000000000000000e+00 4.465552844223119600e-03
1.100000000000000000e+01 4.811917906456741889e-03
1.300000000000000000e+01 5.172865633134904328e-03
1.500000000000000000e+01 5.528346316486243417e-03
1.700000000000000000e+01 5.874011163915060507e-03
1.900000000000000000e+01 6.212041304232029937e-03
2.100000000000000000e+01 6.547281582444774983e-03
2.300000000000000000e+01 6.883489087874172796e-03
2.500000000000000000e+01 7.216807859287022175e-03
2.700000000000000000e+01 7.543725633102238426e-03
2.900000000000000000e+01 7.848829866693551871e-03
3.100000000000000000e+01 8.121645699544433050e-03
3.300000000000000000e+01 8.354628574831268750e-03
3.500000000000000000e+01 8.563749194856695723e-03
3.700000000000000000e+01 8.753131714218986836e-03
3.900000000000000000e+01 8.926414391405734783e-03
4.100000000000000000e+01 9.084743976969789081e-03
4.300000000000000000e+01 9.232203481952527824e-03
4.500000000000000000e+01 9.372895611869047627e-03
4.700000000000000000e+01 9.510100298285695253e-03
4.900000000000000000e+01 9.645517610748943760e-03
5.100000000000000000e+01 9.780510409175158237e-03
5.300000000000000000e+01 9.898231921770639374e-03
5.500000000000000000e+01 9.999989223721805764e-03
5.700000000000000000e+01 1.009020689102158030e-02
5.900000000000000000e+01 1.017219575660288644e-02
6.100000000000000000e+01 1.024519396441014862e-02
6.300000000000000000e+01 1.031019885072048670e-02
6.500000000000000000e+01 1.036689564590875801e-02
6.700000000000000000e+01 1.041613425880627553e-02
6.900000000000000000e+01 1.045787915588580752e-02
7.100000000000000000e+01 1.049415571285083892e-02
7.300000000000000000e+01 1.052879113044269399e-02
7.500000000000000000e+01 1.057566635407880540e-02
7.700000000000000000e+01 1.063413586405792532e-02
7.900000000000000000e+01 1.070357724440351710e-02
8.100000000000000000e+01 1.078584587925524030e-02
8.300000000000000000e+01 1.088192537284038419e-02
8.500000000000000000e+01 1.099322849760997478e-02
8.700000000000000000e+01 1.112041248983319797e-02
8.900000000000000000e+01 1.126356334500722145e-02
9.100000000000000000e+01 1.142177162713420291e-02
9.300000000000000000e+01 1.158017130591104671e-02
9.500000000000000000e+01 1.173557720734197396e-02
9.700000000000000000e+01 1.188536176458643290e-02
9.900000000000000000e+01 1.202751808266899758e-02
1.010000000000000000e+02 1.216153217423521227e-02
1.030000000000000000e+02 1.228773512051040129e-02
1.050000000000000000e+02 1.240787354971562007e-02
1.070000000000000000e+02 1.252265343561076438e-02
1.090000000000000000e+02 1.263280202384453599e-02
1.110000000000000000e+02 1.273954136144350713e-02
1.130000000000000000e+02 1.284163713603536650e-02
1.150000000000000000e+02 1.294058779220041977e-02
1.170000000000000000e+02 1.303664513992619511e-02
1.190000000000000000e+02 1.312910685097334884e-02
1.210000000000000000e+02 1.321646045384405888e-02
1.230000000000000000e+02 1.329873984069929183e-02
1.250000000000000000e+02 1.337548557600842791e-02
1.270000000000000000e+02 1.344471054134821486e-02
1.290000000000000000e+02 1.350734646164408748e-02
1.310000000000000000e+02 1.356445314379672862e-02
1.330000000000000000e+02 1.361697466203204421e-02
1.350000000000000000e+02 1.366873454630057605e-02
1.370000000000000000e+02 1.372063409168122750e-02
1.390000000000000000e+02 1.377300638381828701e-02
1.410000000000000000e+02 1.382832782666987281e-02
1.430000000000000000e+02 1.388719506160951411e-02
1.450000000000000000e+02 1.394958181049321677e-02
1.470000000000000000e+02 1.401504490272198478e-02
1.490000000000000000e+02 1.408240071028132867e-02
