1.000000000000000000e+00 1.522224477369382711e-04
3.000000000000000000e+00 1.582555162304988272e-04
5.000000000000000000e+00 1.617786086919315025e-04
7.000000000000000000e+00 1.646413453549877559e-04
9.000000000000000000e+00 1.701498125311617926e-04
1.100000000000000000e+01 1.757986637015429565e-04
1.300000000000000000e+01 1.826030515140741883e-04
1.500000000000000000e+01 1.893118157112461120e-04
1.700000000000000000e+01 1.954558474319689765e-04
1.900000000000000000e+01 2.008194869703716634e-04
2.100000000000000000e+01 2.054973469208798420e-04
2.300000000000000000e+01 2.094574445815622354e-04
2.500000000000000000e+01 2.119466257410884680e-04
2.700000000000000000e+01 2.132794386237035766e-04
2.900000000000000000e+01 2.137601480159956324e-04
3.100000000000000000e+01 2.135476112702372475e-04
3.300000000000000000e+01 2.132209268466134233e-04
3.500000000000000000e+01 2.128547167090655279e-04
3.700000000000000000e+01 2.125299358215482215e-04
3.900000000000000000e+01 2.122492756353455690e-04
4.100000000000000000e+01 2.119905796177379287e-04
4.300000000000000000e+01 2.117404066048766964e-04
4.500000000000000000e+01 2.116143716396345908e-04
4.700000000000000000e+01 2.116045851320302873e-04
4.900000000000000000e+01 2.116813836070541299e-04
5.100000000000000000e+01 2.118706656047963932e-04
5.300000000000000000e+01 2.122163877662508469e-04
5.500000000000000000e+01 2.126914174029881366e-04
5.700000000000000000e+01 2.132781827416385667e-04
5.900000000000000000e+01 2.139708238284576680e-04
6.100000000000000000e+01 2.147578565836472109e-04
6.300000000000000000e+01 2.156430696088618149e-04
6.500000000000000000e+01 2.166292154831550576e-04
6.700000000000000000e+01 2.177156149556491727e-04
6.900000000000000000e+01 2.188912985918722853e-04
7.100000000000000000e+01 2.201111832095259402e-04
7.300000000000000000e+01 2.213535458771564990e-04
7.500000000000000000e+01 2.226111606496994355e-04
7.700000000000000000e+01 2.238870626487532434e-04
7.900000000000000000e+01 2.252120393101408879e-04
8.100000000000000000e+01 2.265924685879161515e-04
8.300000000000000000e+01 2.280045333011848641e-04
8.500000000000000000e+01 2.294404660971860466e-04
8.700000000000000000e+01 2.309025850264490032e-04
8.900000000000000000e+01 2.323966353485751313e-04
9.100000000000000000e+01 2.339235732556899094e-04
9.300000000000000000e+01 2.354817854787194520e-04
9.500000000000000000e+01 2.370743121942187059e-04
9.700000000000000000e+01 2.387027707644318042e-04
9.900000000000000000e+01 2.403673598830868841e-04
1.010000000000000000e+02 2.420618639503713254e-04
1.030000000000000000e+02 2.437997088484689101e-04
1.050000000000000000e+02 2.455974399366844807e-04
1.070000000000000000e+02 2.474612624857597254e-04
1.090000000000000000e+02 2.493941729733162305e-04
1.110000000000000000e+02 2.514090409737601561e-04
1.130000000000000000e+02 2.535230928982779020e-04
1.150000000000000000e+02 2.557578420532280461e-04
1.170000000000000000e+02 2.581324349627545089e-04
1.190000000000000000e+02 2.606561293851950012e-04
1.210000000000000000e+02 2.633380358614267891e-04
1.230000000000000000e+02 2.661934618668482244e-04
1.250000000000000000e+02 2.692377298942894015e-04
1.270000000000000000e+02 2.724909442072265264e-04
1.290000000000000000e+02 2.759607806386288331e-04
1.310000000000000000e+02 2.796489228888976442e-04
1.330000000000000000e+02 2.835612320311042822e-04
1.350000000000000000e+02 2.877115139330310711e-04
1.370000000000000000e+02 2.921139778672143805e-04
1.390000000000000000e+02 2.966749914661281906e-04
1.410000000000000000e+02 3.014143492527932011e-04
1.430000000000000000e+02 3.063516013648293068e-04
1.450000000000000000e+02 3.116172435546626929e-04
1.470000000000000000e+02 3.172283215883142660e-04
1.490000000000000000e+02 3.231931217290151537e-04
