1.000000000000000000e+00 1.009140440575950759e-02
3.000000000000000000e+00 1.021183394156865987e-02
5.000000000000000000e+00 1.029141432747593399e-02
7.000000000000000000e+00 1.032862173562276720e-02
9.000000000000000000e+00 1.034463828951615039e-02
1.100000000000000000e+01 1.035859258611104838e-02
1.300000000000000000e+01 1.036691287006064055e-02
1.500000000000000000e+01 1.036715606744953444e-02
1.700000000000000000e+01 1.036095189443697606e-02
1.900000000000000000e+01 1.034757494682403411e-02
2.100000000000000000e+01 1.032860409123381729e-02
2.300000000000000000e+01 1.030537686453991686e-02
2.500000000000000000e+01 1.027993722624975792e-02
2.700000000000000000e+01 1.025159129771169297e-02
2.900000000000000000e+01 1.022122152321536248e-02
3.100000000000000000e+01 1.018954019896023411e-02
3.300000000000000000e+01 1.015672978214277045e-02
3.500000000000000000e+01 1.012307999652795054e-02
3.700000000000000000e+01 1.008855607789005404e-02
3.900000000000000000e+01 1.005316337686512629e-02
4.100000000000000000e+01 1.001690871101579283e-02
4.300000000000000000e+01 9.979532444972627481e-03
4.500000000000000000e+01 9.941761006584504123e-03
4.700000000000000000e+01 9.902428416477371265e-03
4.900000000000000000e+01 9.861810533628334596e-03
5.100000000000000000e+01 9.821171289549068817e-03
5.300000000000000000e+01 9.780455293675327511e-03
5.500000000000000000e+01 9.739750724424678374e-03
5.700000000000000000e+01 9.699319680468776461e-03
5.900000000000000000e+01 9.659078390967468231e-03
6.100000000000000000e+01 9.618421964029733040e-03
6.300000000000000000e+01 9.577217437513274589e-03
6.500000000000000000e+01 9.535556448876048030e-03
6.700000000000000000e+01 9.494496479263148103e-03
6.900000000000000000e+01 9.453816778210999416e-03
7.100000000000000000e+01 9.413898502809381341e-03
7.300000000000000000e+01 9.374856719909119285e-03
7.500000000000000000e+01 9.336730332868081739e-03
7.700000000000000000e+01 9.299842237543098911e-03
7.900000000000000000e+01 9.264210746519063733e-03
8.100000000000000000e+01 9.229125758615897013e-03
8.300000000000000000e+01 9.194245575951165428e-03
8.500000000000000000e+01 9.159278422426697652e-03
8.700000000000000000e+01 9.125373701452610398e-03
8.900000000000000000e+01 9.092555266267843272e-03
9.100000000000000000e+01 9.060702050373237171e-03
9.300000000000000000e+01 9.029390023174155289e-03
9.500000000000000000e+01 8.996820862190224588e-03
9.700000000000000000e+01 8.964893960390907246e-03
9.900000000000000000e+01 8.933508157906833169e-03
1.010000000000000000e+02 8.902641169018732370e-03
1.030000000000000000e+02 8.872506529677304243e-03
1.050000000000000000e+02 8.842344447010486164e-03
1.070000000000000000e+02 8.812438909392428243e-03
1.090000000000000000e+02 8.782785682620697365e-03
1.110000000000000000e+02 8.754328230747066009e-03
1.130000000000000000e+02 8.727286717107762826e-03
1.150000000000000000e+02 8.701608001455141128e-03
1.170000000000000000e+02 8.677054677254991688e-03
1.190000000000000000e+02 8.652966291986197156e-03
1.210000000000000000e+02 8.629287882362279838e-03
1.230000000000000000e+02 8.605689282415673880e-03
1.250000000000000000e+02 8.582129831014029264e-03
1.270000000000000000e+02 8.558415732060065118e-03
1.290000000000000000e+02 8.534490813336015336e-03
1.310000000000000000e+02 8.511467655868520943e-03
1.330000000000000000e+02 8.489279804751670433e-03
1.350000000000000000e+02 8.467262280508203176e-03
1.370000000000000000e+02 8.445373560898916665e-03
1.390000000000000000e+02 8.423715926076047467e-03
1.410000000000000000e+02 8.402169995110231326e-03
1.430000000000000000e+02 8.380744419717922611e-03
1.450000000000000000e+02 8.359397894966535958e-03
1.470000000000000000e+02 8.338126645697219175e-03
1.490000000000000000e+02 8.316966946535497840e-03
