1.000000000000000000e+00 5.257997936016511886e-01
3.000000000000000000e+00 5.901853226748167147e-01
5.000000000000000000e+00 6.232606433055043471e-01
7.000000000000000000e+00 6.450043401504937934e-01
9.000000000000000000e+00 6.620772668885536172e-01
1.100000000000000000e+01 6.764952505134089744e-01
1.300000000000000000e+01 6.887224185323278514e-01
1.500000000000000000e+01 6.989254683922556666e-01
1.700000000000000000e+01 7.076208633191063413e-01
1.900000000000000000e+01 7.147808899140140060e-01
2.100000000000000000e+01 7.206249388249184040e-01
2.300000000000000000e+01 7.253061815774759502e-01
2.500000000000000000e+01 7.289771734196031083e-01
2.700000000000000000e+01 7.317564732269201677e-01
2.900000000000000000e+01 7.336453000130989111e-01
3.100000000000000000e+01 7.347085548403258226e-01
3.300000000000000000e+01 7.351329325157200945e-01
3.500000000000000000e+01 7.351704149165393387e-01
3.700000000000000000e+01 7.348849989730901200e-01
3.900000000000000000e+01 7.343201342654870345e-01
4.100000000000000000e+01 7.335726068175902892e-01
4.300000000000000000e+01 7.327365038044126866e-01
4.500000000000000000e+01 7.318491931416473140e-01
4.700000000000000000e+01 7.309301250254827131e-01
4.900000000000000000e+01 7.299775588364818546e-01
5.100000000000000000e+01 7.289239187981082502e-01
5.300000000000000000e+01 7.278358880239789164e-01
5.500000000000000000e+01 7.267382591480615606e-01
5.700000000000000000e+01 7.257198085795147913e-01
5.900000000000000000e+01 7.247667715986407799e-01
6.100000000000000000e+01 7.238919475314922192e-01
6.300000000000000000e+01 7.230995608050683199e-01
6.500000000000000000e+01 7.223985153697676243e-01
6.700000000000000000e+01 7.217391733254938657e-01
6.900000000000000000e+01 7.211841151565987484e-01
7.100000000000000000e+01 7.207273632712909439e-01
7.300000000000000000e+01 7.203425789740864893e-01
7.500000000000000000e+01 7.200243361024543098e-01
7.700000000000000000e+01 7.197751101556097986e-01
7.900000000000000000e+01 7.195296316635219069e-01
8.100000000000000000e+01 7.192866282699509339e-01
8.300000000000000000e+01 7.190509042041078880e-01
8.500000000000000000e+01 7.188356815137584288e-01
8.700000000000000000e+01 7.185436020559472503e-01
8.900000000000000000e+01 7.181540395058338966e-01
9.100000000000000000e+01 7.177004663938140183e-01
9.300000000000000000e+01 7.172240027114061833e-01
9.500000000000000000e+01 7.166811734588782734e-01
9.700000000000000000e+01 7.160561427039144888e-01
9.900000000000000000e+01 7.153242377575643740e-01
1.010000000000000000e+02 7.145454001274459399e-01
1.030000000000000000e+02 7.137192452379341745e-01
1.050000000000000000e+02 7.128810881041641734e-01
1.070000000000000000e+02 7.120173538383085532e-01
1.090000000000000000e+02 7.111285725121898604e-01
1.110000000000000000e+02 7.102444513564556416e-01
1.130000000000000000e+02 7.093328647223082761e-01
1.150000000000000000e+02 7.083852667300096773e-01
1.170000000000000000e+02 7.075247591974249683e-01
1.190000000000000000e+02 7.067957263911274213e-01
1.210000000000000000e+02 7.061495913858775175e-01
1.230000000000000000e+02 7.055496662728157897e-01
1.250000000000000000e+02 7.050024886664190138e-01
1.270000000000000000e+02 7.044435987369528362e-01
1.290000000000000000e+02 7.039194495377298910e-01
1.310000000000000000e+02 7.034436871262894631e-01
1.330000000000000000e+02 7.030163324330771513e-01
1.350000000000000000e+02 7.027270623339414435e-01
1.370000000000000000e+02 7.025800871452583252e-01
1.390000000000000000e+02 7.025800871452591023e-01
1.410000000000000000e+02 7.025800871452587693e-01
1.430000000000000000e+02 7.025800871452577701e-01
1.450000000000000000e+02 7.025800871452587693e-01
1.470000000000000000e+02 7.025800871452583252e-01
1.490000000000000000e+02 7.025800871452578811e-01
