1.000000000000000000e+00 2.221205440705464884e-02
3.000000000000000000e+00 2.496027054815119772e-02
5.000000000000000000e+00 2.579619536479949016e-02
7.000000000000000000e+00 2.621212719961463211e-02
9.000000000000000000e+00 2.670569962372637551e-02
1.100000000000000000e+01 2.731216010950476836e-02
1.300000000000000000e+01 2.796308500877697778e-02
1.500000000000000000e+01 2.860391414866014781e-02
1.700000000000000000e+01 2.923153287794766353e-02
1.900000000000000000e+01 2.983913707786223224e-02
2.100000000000000000e+01 3.042962714806207725e-02
2.300000000000000000e+01 3.101172090471826515e-02
2.500000000000000000e+01 3.159033854237947025e-02
2.700000000000000000e+01 3.217229933058884939e-02
2.900000000000000000e+01 3.275985419095073237e-02
3.100000000000000000e+01 3.335273990537002131e-02
3.300000000000000000e+01 3.394998513224667391e-02
3.500000000000000000e+01 3.455331746168899265e-02
3.700000000000000000e+01 3.516263346683057289e-02
3.900000000000000000e+01 3.577361591427075105e-02
4.100000000000000000e+01 3.638372148086022051e-02
4.300000000000000000e+01 3.699240993299190983e-02
4.500000000000000000e+01 3.760243637703730712e-02
4.700000000000000000e+01 3.821632192771395875e-02
4.900000000000000000e+01 3.883522535343997273e-02
5.100000000000000000e+01 3.945994453146250969e-02
5.300000000000000000e+01 4.009055901202895900e-02
5.500000000000000000e+01 4.072738304321932290e-02
5.700000000000000000e+01 4.137090853922564815e-02
5.900000000000000000e+01 4.202083585758331630e-02
6.100000000000000000e+01 4.267722686311437030e-02
6.300000000000000000e+01 4.333962042656691604e-02
6.500000000000000000e+01 4.400716453008135520e-02
6.700000000000000000e+01 4.467941442158407384e-02
6.900000000000000000e+01 4.535583226465522699e-02
7.100000000000000000e+01 4.603582628912783470e-02
7.300000000000000000e+01 4.671823088976934102e-02
7.500000000000000000e+01 4.740237322868212644e-02
7.700000000000000000e+01 4.808659661945902108e-02
7.900000000000000000e+01 4.876963176362369978e-02
8.100000000000000000e+01 4.945118447786023275e-02
8.300000000000000000e+01 5.013037544082143970e-02
8.500000000000000000e+01 5.080708132936118115e-02
8.700000000000000000e+01 5.148130011363993841e-02
8.900000000000000000e+01 5.215244500590643373e-02
9.100000000000000000e+01 5.282065531148816273e-02
9.300000000000000000e+01 5.348585234071490113e-02
9.500000000000000000e+01 5.414812299229954107e-02
9.700000000000000000e+01 5.480726940292790506e-02
9.900000000000000000e+01 5.546337077322416320e-02
1.010000000000000000e+02 5.611486600245130241e-02
1.030000000000000000e+02 5.676160070890845510e-02
1.050000000000000000e+02 5.740307523115883992e-02
1.070000000000000000e+02 5.803980386129392599e-02
1.090000000000000000e+02 5.867227569226363126e-02
1.110000000000000000e+02 5.930019082021742438e-02
1.130000000000000000e+02 5.992425129707956710e-02
1.150000000000000000e+02 6.054519355391885238e-02
1.170000000000000000e+02 6.116296313414015806e-02
1.190000000000000000e+02 6.177824079002824931e-02
1.210000000000000000e+02 6.239160099784313296e-02
1.230000000000000000e+02 6.300313807434276825e-02
1.250000000000000000e+02 6.361356914710458721e-02
1.270000000000000000e+02 6.422409054239985871e-02
1.290000000000000000e+02 6.483531405595410746e-02
1.310000000000000000e+02 6.544804269965587284e-02
1.330000000000000000e+02 6.606287628255780309e-02
1.350000000000000000e+02 6.668034701459235603e-02
1.370000000000000000e+02 6.730106077592190594e-02
1.390000000000000000e+02 6.792460854290327532e-02
1.410000000000000000e+02 6.855149255271275610e-02
1.430000000000000000e+02 6.918220026083132801e-02
1.450000000000000000e+02 6.981750182787749281e-02
1.470000000000000000e+02 7.045668477095901050e-02
1.490000000000000000e+02 7.110006438255001004e-02
