1.000000000000000000e+00 1.835743989926608144e-02
3.000000000000000000e+00 1.896484422959843208e-02
5.000000000000000000e+00 1.929558689257049320e-02
7.000000000000000000e+00 1.956687211669083659e-02
9.000000000000000000e+00 1.979432546212223087e-02
1.100000000000000000e+01 1.998428839343213692e-02
1.300000000000000000e+01 2.014575395469642149e-02
1.500000000000000000e+01 2.028558699612637017e-02
1.700000000000000000e+01 2.040410846446216730e-02
1.900000000000000000e+01 2.050458487274597896e-02
2.100000000000000000e+01 2.058990310331754170e-02
2.300000000000000000e+01 2.066291702920475259e-02
2.500000000000000000e+01 2.072670717820457309e-02
2.700000000000000000e+01 2.078552745947248592e-02
2.900000000000000000e+01 2.083928980637883566e-02
3.100000000000000000e+01 2.088750535144978659e-02
3.300000000000000000e+01 2.092969631820984500e-02
3.500000000000000000e+01 2.096621646355256718e-02
3.700000000000000000e+01 2.099804901754176445e-02
3.900000000000000000e+01 2.102611643828078414e-02
4.100000000000000000e+01 2.105013458262794401e-02
4.300000000000000000e+01 2.106952398846695385e-02
4.500000000000000000e+01 2.108278667003782303e-02
4.700000000000000000e+01 2.108936314467035888e-02
4.900000000000000000e+01 2.108891039766402908e-02
5.100000000000000000e+01 2.108155840578374018e-02
5.300000000000000000e+01 2.106799509995960218e-02
5.500000000000000000e+01 2.104834594092563904e-02
5.700000000000000000e+01 2.102242394172493256e-02
5.900000000000000000e+01 2.099049537792663234e-02
6.100000000000000000e+01 2.095221358808430079e-02
6.300000000000000000e+01 2.090739367141125626e-02
6.500000000000000000e+01 2.085622043048518393e-02
6.700000000000000000e+01 2.079840178751124480e-02
6.900000000000000000e+01 2.073380069516261859e-02
7.100000000000000000e+01 2.066334424560856142e-02
7.300000000000000000e+01 2.058754874456747430e-02
7.500000000000000000e+01 2.050539636907489083e-02
7.700000000000000000e+01 2.041729411032600083e-02
7.900000000000000000e+01 2.032371932263377090e-02
8.100000000000000000e+01 2.022457808775224297e-02
8.300000000000000000e+01 2.012136195992997312e-02
8.500000000000000000e+01 2.001442532510899763e-02
8.700000000000000000e+01 1.990250323520215137e-02
8.900000000000000000e+01 1.978655291320141618e-02
9.100000000000000000e+01 1.966686867396671978e-02
9.300000000000000000e+01 1.954507551763207118e-02
9.500000000000000000e+01 1.942133936356615909e-02
9.700000000000000000e+01 1.929620879508664455e-02
9.900000000000000000e+01 1.916987782597334711e-02
1.010000000000000000e+02 1.904165961313653010e-02
1.030000000000000000e+02 1.891168904769102710e-02
1.050000000000000000e+02 1.878084962608461694e-02
1.070000000000000000e+02 1.864961991115043904e-02
1.090000000000000000e+02 1.851721146896834203e-02
1.110000000000000000e+02 1.838399731185791364e-02
1.130000000000000000e+02 1.825147643743718628e-02
1.150000000000000000e+02 1.812040726986718919e-02
1.170000000000000000e+02 1.799101385427948063e-02
1.190000000000000000e+02 1.786348796686176854e-02
1.210000000000000000e+02 1.773753115107490341e-02
1.230000000000000000e+02 1.761411907457921533e-02
1.250000000000000000e+02 1.749189599373157655e-02
1.270000000000000000e+02 1.737185689875664352e-02
1.290000000000000000e+02 1.725406032361831432e-02
1.310000000000000000e+02 1.713857046037303711e-02
1.330000000000000000e+02 1.702503038106029098e-02
1.350000000000000000e+02 1.691339772899713711e-02
1.370000000000000000e+02 1.680411186561947545e-02
1.390000000000000000e+02 1.669476701511285466e-02
1.410000000000000000e+02 1.658808639962428000e-02
1.430000000000000000e+02 1.648317895395134958e-02
1.450000000000000000e+02 1.638019707068305575e-02
1.470000000000000000e+02 1.627901348614291255e-02
1.490000000000000000e+02 1.617961759498431906e-02
