1.000000000000000000e+00 2.665214233841685099e-01
3.000000000000000000e+00 3.163573839258148057e-01
5.000000000000000000e+00 3.413403284124024717e-01
7.000000000000000000e+00 3.575734564296847440e-01
9.000000000000000000e+00 3.709498805722466486e-01
1.100000000000000000e+01 3.831791900551944074e-01
1.300000000000000000e+01 3.952167378829960498e-01
1.500000000000000000e+01 4.072294323368846891e-01
1.700000000000000000e+01 4.190940795531870044e-01
1.900000000000000000e+01 4.307252345076396649e-01
2.100000000000000000e+01 4.420749765675560106e-01
2.300000000000000000e+01 4.532085095901485783e-01
2.500000000000000000e+01 4.639960881883100630e-01
2.700000000000000000e+01 4.743689769378044430e-01
2.900000000000000000e+01 4.844029155501642370e-01
3.100000000000000000e+01 4.940403320858771652e-01
3.300000000000000000e+01 5.032966295562499859e-01
3.500000000000000000e+01 5.122495797183548305e-01
3.700000000000000000e+01 5.209291618697776682e-01
3.900000000000000000e+01 5.293929007793878316e-01
4.100000000000000000e+01 5.376679871892136031e-01
4.300000000000000000e+01 5.457494273148888464e-01
4.500000000000000000e+01 5.536695977898878906e-01
4.700000000000000000e+01 5.614566693574734035e-01
4.900000000000000000e+01 5.691273308978876955e-01
5.100000000000000000e+01 5.767037174736072691e-01
5.300000000000000000e+01 5.841987992880344205e-01
5.500000000000000000e+01 5.916024146197513822e-01
5.700000000000000000e+01 5.989366728700715736e-01
5.900000000000000000e+01 6.062183775352755211e-01
6.100000000000000000e+01 6.135164827122868703e-01
6.300000000000000000e+01 6.208482008891328396e-01
6.500000000000000000e+01 6.282231048922770622e-01
6.700000000000000000e+01 6.356250514321296619e-01
6.900000000000000000e+01 6.430554046580908567e-01
7.100000000000000000e+01 6.504873202332526194e-01
7.300000000000000000e+01 6.578244328014100084e-01
7.500000000000000000e+01 6.650779654405920560e-01
7.700000000000000000e+01 6.722172230657017522e-01
7.900000000000000000e+01 6.791990962742924243e-01
8.100000000000000000e+01 6.860084802650836533e-01
8.300000000000000000e+01 6.926047033528148766e-01
8.500000000000000000e+01 6.989464236209927961e-01
8.700000000000000000e+01 7.050047753675594553e-01
8.900000000000000000e+01 7.107925932682643833e-01
9.100000000000000000e+01 7.163342288283693904e-01
9.300000000000000000e+01 7.216245781138741489e-01
9.500000000000000000e+01 7.267118494702763387e-01
9.700000000000000000e+01 7.316006606146147062e-01
9.900000000000000000e+01 7.362894549676379796e-01
1.010000000000000000e+02 7.407660184217338406e-01
1.030000000000000000e+02 7.450434553256899406e-01
1.050000000000000000e+02 7.491610815546801971e-01
1.070000000000000000e+02 7.531296384809740285e-01
1.090000000000000000e+02 7.569885090967520824e-01
1.110000000000000000e+02 7.607405025980034097e-01
1.130000000000000000e+02 7.644105301976145128e-01
1.150000000000000000e+02 7.680130935920790325e-01
1.170000000000000000e+02 7.715598810441519628e-01
1.190000000000000000e+02 7.750145070225289423e-01
1.210000000000000000e+02 7.784021439465778069e-01
1.230000000000000000e+02 7.817430248379555469e-01
1.250000000000000000e+02 7.850463845041524280e-01
1.270000000000000000e+02 7.882533532535642706e-01
1.290000000000000000e+02 7.913521583549180116e-01
1.310000000000000000e+02 7.942959327566357919e-01
1.330000000000000000e+02 7.971537076783458131e-01
1.350000000000000000e+02 7.999296936148085901e-01
1.370000000000000000e+02 8.025620209385888604e-01
1.390000000000000000e+02 8.050702084816512283e-01
1.410000000000000000e+02 8.074099103546737988e-01
1.430000000000000000e+02 8.095654153991814761e-01
1.450000000000000000e+02 8.115459337301529352e-01
1.470000000000000000e+02 8.133943932219268591e-01
1.490000000000000000e+02 8.151151334428465844e-01
