1.000000000000000000e+00 4.812411847672778409e-01
3.000000000000000000e+00 5.581065031777621144e-01
5.000000000000000000e+00 5.943621457884286086e-01
7.000000000000000000e+00 6.180139866409375404e-01
9.000000000000000000e+00 6.374971323943405821e-01
1.100000000000000000e+01 6.553177762187165634e-01
1.300000000000000000e+01 6.721507529425336802e-01
1.500000000000000000e+01 6.882539587441784956e-01
1.700000000000000000e+01 7.029957681361611588e-01
1.900000000000000000e+01 7.163785067559593767e-01
2.100000000000000000e+01 7.283984212419765125e-01
2.300000000000000000e+01 7.391298253891860348e-01
2.500000000000000000e+01 7.487401255537469158e-01
2.700000000000000000e+01 7.569979260357015960e-01
2.900000000000000000e+01 7.640365501255244052e-01
3.100000000000000000e+01 7.699783015167980249e-01
3.300000000000000000e+01 7.749469197234576390e-01
3.500000000000000000e+01 7.791186910914958963e-01
3.700000000000000000e+01 7.826707743632970171e-01
3.900000000000000000e+01 7.856851528302148946e-01
4.100000000000000000e+01 7.881910173347823623e-01
4.300000000000000000e+01 7.903265356189207447e-01
4.500000000000000000e+01 7.923395389173195635e-01
4.700000000000000000e+01 7.943172292468854145e-01
4.900000000000000000e+01 7.962586398026622048e-01
5.100000000000000000e+01 7.981196045024746555e-01
5.300000000000000000e+01 8.000122406426071198e-01
5.500000000000000000e+01 8.019947291793131372e-01
5.700000000000000000e+01 8.040787951542268663e-01
5.900000000000000000e+01 8.061381503787969915e-01
6.100000000000000000e+01 8.080636521760727886e-01
6.300000000000000000e+01 8.098452579558339526e-01
6.500000000000000000e+01 8.114705527601248081e-01
6.700000000000000000e+01 8.129515034764489556e-01
6.900000000000000000e+01 8.143313118196023881e-01
7.100000000000000000e+01 8.156548696857323089e-01
7.300000000000000000e+01 8.168806297296317132e-01
7.500000000000000000e+01 8.180104588047221181e-01
7.700000000000000000e+01 8.190347902277321790e-01
7.900000000000000000e+01 8.200413374675014078e-01
8.100000000000000000e+01 8.210168652880125428e-01
8.300000000000000000e+01 8.219546233754608799e-01
8.500000000000000000e+01 8.228115000621840647e-01
8.700000000000000000e+01 8.236235955335162728e-01
8.900000000000000000e+01 8.244618993609890145e-01
9.100000000000000000e+01 8.252588128349925833e-01
9.300000000000000000e+01 8.260182475078001740e-01
9.500000000000000000e+01 8.267473046220384925e-01
9.700000000000000000e+01 8.274240001316260917e-01
9.900000000000000000e+01 8.280490024511599767e-01
1.010000000000000000e+02 8.286598230228674478e-01
1.030000000000000000e+02 8.291915554346729333e-01
1.050000000000000000e+02 8.296839713054195986e-01
1.070000000000000000e+02 8.301520008718238364e-01
1.090000000000000000e+02 8.305762098929647674e-01
1.110000000000000000e+02 8.309779690228319415e-01
1.130000000000000000e+02 8.313233356843484634e-01
1.150000000000000000e+02 8.315488864836717564e-01
1.170000000000000000e+02 8.316465690899423890e-01
1.190000000000000000e+02 8.316751952928351788e-01
1.210000000000000000e+02 8.316903576271750254e-01
1.230000000000000000e+02 8.317278450847394033e-01
1.250000000000000000e+02 8.317779183677007637e-01
1.270000000000000000e+02 8.317663491698741307e-01
1.290000000000000000e+02 8.317056114096507136e-01
1.310000000000000000e+02 8.316274995511161450e-01
1.330000000000000000e+02 8.315593375890972805e-01
1.350000000000000000e+02 8.315037499787671926e-01
1.370000000000000000e+02 8.314293116086706181e-01
1.390000000000000000e+02 8.313132684451778331e-01
1.410000000000000000e+02 8.311570349045342976e-01
1.430000000000000000e+02 8.309902072056327693e-01
1.450000000000000000e+02 8.308339857408926221e-01
1.470000000000000000e+02 8.306900731502584456e-01
1.490000000000000000e+02 8.305648100812175194e-01
