1.000000000000000000e+00 8.241291418861507179e-02
3.000000000000000000e+00 8.513553683912522541e-02
5.000000000000000000e+00 8.690774503378018156e-02
7.000000000000000000e+00 8.852138702825818051e-02
9.000000000000000000e+00 9.020779948914992019e-02
1.100000000000000000e+01 9.179916401209908816e-02
1.300000000000000000e+01 9.332397626190125361e-02
1.500000000000000000e+01 9.485854264621240706e-02
1.700000000000000000e+01 9.644047250322707043e-02
1.900000000000000000e+01 9.799832398034902248e-02
2.100000000000000000e+01 9.953062440072080186e-02
2.300000000000000000e+01 1.010093965760852086e-01
2.500000000000000000e+01 1.023982752034678922e-01
2.700000000000000000e+01 1.037194218866975826e-01
2.900000000000000000e+01 1.049962436542194455e-01
3.100000000000000000e+01 1.062208995038904646e-01
3.300000000000000000e+01 1.073880823540533935e-01
3.500000000000000000e+01 1.085082859512689346e-01
3.700000000000000000e+01 1.095790668128963086e-01
3.900000000000000000e+01 1.106064904982269059e-01
4.100000000000000000e+01 1.115882045039860992e-01
4.300000000000000000e+01 1.125124128502850152e-01
4.500000000000000000e+01 1.133766828637139401e-01
4.700000000000000000e+01 1.141805371900592725e-01
4.900000000000000000e+01 1.149282358519609915e-01
5.100000000000000000e+01 1.156201598946768883e-01
5.300000000000000000e+01 1.162519848546492707e-01
5.500000000000000000e+01 1.168258753571490560e-01
5.700000000000000000e+01 1.173381873331326153e-01
5.900000000000000000e+01 1.177884370330425368e-01
6.100000000000000000e+01 1.181806271852843260e-01
6.300000000000000000e+01 1.185285461888313518e-01
6.500000000000000000e+01 1.188362502641649998e-01
6.700000000000000000e+01 1.190911155049494408e-01
6.900000000000000000e+01 1.193044406980943162e-01
7.100000000000000000e+01 1.194787511641878242e-01
7.300000000000000000e+01 1.196202166664032118e-01
7.500000000000000000e+01 1.197336578258146877e-01
7.700000000000000000e+01 1.197972762357030208e-01
7.900000000000000000e+01 1.198155930144106929e-01
8.100000000000000000e+01 1.198277775522975652e-01
8.300000000000000000e+01 1.198347137611686097e-01
8.500000000000000000e+01 1.198349777217784240e-01
8.700000000000000000e+01 1.198285176918786332e-01
8.900000000000000000e+01 1.198253478976699649e-01
9.100000000000000000e+01 1.198241635587963261e-01
9.300000000000000000e+01 1.198270667897350927e-01
9.500000000000000000e+01 1.198348703779195112e-01
9.700000000000000000e+01 1.198404443917178153e-01
9.900000000000000000e+01 1.198348863590579239e-01
1.010000000000000000e+02 1.198196201570106423e-01
1.030000000000000000e+02 1.197972681178847143e-01
1.050000000000000000e+02 1.197609943006582300e-01
1.070000000000000000e+02 1.197220466366906155e-01
1.090000000000000000e+02 1.196822641970449741e-01
1.110000000000000000e+02 1.196450931031279863e-01
1.130000000000000000e+02 1.196193824798950089e-01
1.150000000000000000e+02 1.195903470015006187e-01
1.170000000000000000e+02 1.195679551445930633e-01
1.190000000000000000e+02 1.195533389916141331e-01
1.210000000000000000e+02 1.195208598719208481e-01
1.230000000000000000e+02 1.194710346353575758e-01
1.250000000000000000e+02 1.194136340683382702e-01
1.270000000000000000e+02 1.193455173871379449e-01
1.290000000000000000e+02 1.192633000037037760e-01
1.310000000000000000e+02 1.191629949011602241e-01
1.330000000000000000e+02 1.190689954147100549e-01
1.350000000000000000e+02 1.189910455405613909e-01
1.370000000000000000e+02 1.189207644088166038e-01
1.390000000000000000e+02 1.188583690905851142e-01
1.410000000000000000e+02 1.187986385647316068e-01
1.430000000000000000e+02 1.187419058078402756e-01
1.450000000000000000e+02 1.186887628302892850e-01
1.470000000000000000e+02 1.186336597757796651e-01
1.490000000000000000e+02 1.185767120196616897e-01
