1.000000000000000000e+00 1.497796012995133985e-02
3.000000000000000000e+00 1.535396753288897909e-02
5.000000000000000000e+00 1.556462674696645898e-02
7.000000000000000000e+00 1.573556872826886721e-02
9.000000000000000000e+00 1.588452447478794216e-02
1.100000000000000000e+01 1.601745233783313793e-02
1.300000000000000000e+01 1.613570192131663639e-02
1.500000000000000000e+01 1.623901932287874494e-02
1.700000000000000000e+01 1.632923037042377512e-02
1.900000000000000000e+01 1.641026686464230888e-02
2.100000000000000000e+01 1.648514122569233464e-02
2.300000000000000000e+01 1.655492141817982432e-02
2.500000000000000000e+01 1.662158598214713567e-02
2.700000000000000000e+01 1.668528300028682132e-02
2.900000000000000000e+01 1.674441105590607215e-02
3.100000000000000000e+01 1.679723434645685742e-02
3.300000000000000000e+01 1.684248348442185517e-02
3.500000000000000000e+01 1.688006901137484306e-02
3.700000000000000000e+01 1.691082366767449052e-02
3.900000000000000000e+01 1.693480383813772416e-02
4.100000000000000000e+01 1.695244061399237001e-02
4.300000000000000000e+01 1.696433485368564753e-02
4.500000000000000000e+01 1.697120432990473216e-02
4.700000000000000000e+01 1.697243036952278405e-02
4.900000000000000000e+01 1.696823325839424967e-02
5.100000000000000000e+01 1.695972587508143281e-02
5.300000000000000000e+01 1.694729101576308850e-02
5.500000000000000000e+01 1.693143450315204301e-02
5.700000000000000000e+01 1.691161063528257014e-02
5.900000000000000000e+01 1.688799846940847171e-02
6.100000000000000000e+01 1.686086436502565178e-02
6.300000000000000000e+01 1.683013593490378934e-02
6.500000000000000000e+01 1.679540793597855686e-02
6.700000000000000000e+01 1.675667606780650853e-02
6.900000000000000000e+01 1.671392445669339644e-02
7.100000000000000000e+01 1.666730263025828496e-02
7.300000000000000000e+01 1.661587012993082091e-02
7.500000000000000000e+01 1.655911200001780603e-02
7.700000000000000000e+01 1.650038634493722345e-02
7.900000000000000000e+01 1.643807296362520542e-02
8.100000000000000000e+01 1.637245246445118152e-02
8.300000000000000000e+01 1.630515743826221886e-02
8.500000000000000000e+01 1.623673715736306811e-02
8.700000000000000000e+01 1.616628538911368818e-02
8.900000000000000000e+01 1.609386742488128075e-02
9.100000000000000000e+01 1.601981292877030505e-02
9.300000000000000000e+01 1.594412559433611154e-02
9.500000000000000000e+01 1.586691292389197372e-02
9.700000000000000000e+01 1.578797306652190979e-02
9.900000000000000000e+01 1.570762351510768262e-02
1.010000000000000000e+02 1.562566049686986425e-02
1.030000000000000000e+02 1.554228438790017375e-02
1.050000000000000000e+02 1.545766291374917056e-02
1.070000000000000000e+02 1.537161139996778836e-02
1.090000000000000000e+02 1.528436402111343906e-02
1.110000000000000000e+02 1.519605882228614036e-02
1.130000000000000000e+02 1.510675893500446065e-02
1.150000000000000000e+02 1.501750660612766186e-02
1.170000000000000000e+02 1.492811579762365337e-02
1.190000000000000000e+02 1.483894364695770296e-02
1.210000000000000000e+02 1.475071995138454994e-02
1.230000000000000000e+02 1.466354309975281822e-02
1.250000000000000000e+02 1.457728334806762671e-02
1.270000000000000000e+02 1.449142734426545065e-02
1.290000000000000000e+02 1.440592624618175499e-02
1.310000000000000000e+02 1.432116650489234644e-02
1.330000000000000000e+02 1.423720378785153784e-02
1.350000000000000000e+02 1.415214702482592291e-02
1.370000000000000000e+02 1.406613169442738620e-02
1.390000000000000000e+02 1.398040099804842562e-02
1.410000000000000000e+02 1.389622993495964742e-02
1.430000000000000000e+02 1.381363456755202446e-02
1.450000000000000000e+02 1.373193018463725323e-02
1.470000000000000000e+02 1.365073507990610668e-02
1.490000000000000000e+02 1.357009747800363986e-02
