0.000000000000000000e+00 3.591673177545720819e+01 3.517297262304266781e+01 1.000000000000000000e+00 nan nan
1.000000000000000000e+00 3.591673177545721529e+01 3.517433625940645214e+01 1.000000000000000000e+00 nan nan
2.000000000000000000e+00 3.591673177545721529e+01 3.517569989577022227e+01 1.000000000000000000e+00 nan nan
3.000000000000000000e+00 3.591673177545720819e+01 3.517706353213402082e+01 nan nan nan
4.000000000000000000e+00 3.591673177545720819e+01 3.517842716849779094e+01 nan nan nan
5.000000000000000000e+00 3.591673177545720819e+01 3.517979080486156818e+01 nan nan nan
6.000000000000000000e+00 3.591673177545720819e+01 3.518115444122536672e+01 nan nan nan
7.000000000000000000e+00 3.591673177545720819e+01 3.518251807758912975e+01 nan nan nan
8.000000000000000000e+00 3.591673177545721529e+01 3.518388171395291408e+01 nan nan nan
9.000000000000000000e+00 3.591673177545721529e+01 3.518524535031669842e+01 nan nan nan
1.000000000000000000e+01 3.591673177545721529e+01 3.518660898668048986e+01 nan nan nan
1.100000000000000000e+01 3.591673177545720819e+01 3.518797262304425999e+01 nan nan nan
1.200000000000000000e+01 3.591673177545721529e+01 3.518933625940803722e+01 nan nan nan
1.300000000000000000e+01 3.591673177545720819e+01 3.519069989577181445e+01 nan nan nan
1.400000000000000000e+01 3.591673177545721529e+01 3.519206353213560590e+01 nan nan nan
1.500000000000000000e+01 3.591673177545721529e+01 3.519342716849939023e+01 nan nan nan
1.600000000000000000e+01 3.591673177545721529e+01 3.519479080486316747e+01 nan nan nan
1.700000000000000000e+01 3.591673177545721529e+01 3.519615444122695180e+01 nan nan nan
1.800000000000000000e+01 3.591673177545721529e+01 3.519751807759072904e+01 nan nan nan
1.900000000000000000e+01 3.591673177545720819e+01 3.519888171395450627e+01 nan nan nan
2.000000000000000000e+01 3.591673177545720819e+01 3.520024535031829060e+01 nan nan nan
2.100000000000000000e+01 3.591673177545720819e+01 3.520160898668206784e+01 nan nan nan
2.200000000000000000e+01 3.591673177545720819e+01 3.520297262304585217e+01 nan nan nan
2.300000000000000000e+01 3.591673177545720819e+01 3.520433625940963651e+01 nan nan nan
2.400000000000000000e+01 3.591673177545720819e+01 3.520569989577340664e+01 nan nan nan
2.500000000000000000e+01 3.591673177545721529e+01 3.520706353213719098e+01 nan nan nan
2.600000000000000000e+01 3.591809541182083620e+01 3.517297262304266781e+01 1.000000000000000000e+00 nan nan
2.700000000000000000e+01 3.591809541182083620e+01 3.517433625940645214e+01 1.000000000000000000e+00 nan nan
2.800000000000000000e+01 3.591809541182084331e+01 3.517569989577023648e+01 1.000000000000000000e+00 nan nan
2.900000000000000000e+01 3.591809541182083620e+01 3.517706353213401371e+01 nan nan nan
3.000000000000000000e+01 3.591809541182083620e+01 3.517842716849779094e+01 nan nan nan
3.100000000000000000e+01 3.591809541182084331e+01 3.517979080486157528e+01 nan nan nan
3.200000000000000000e+01 3.591809541182083620e+01 3.518115444122536672e+01 nan nan nan
3.300000000000000000e+01 3.591809541182083620e+01 3.518251807758912975e+01 nan nan nan
3.400000000000000000e+01 3.591809541182083620e+01 3.518388171395292119e+01 nan nan nan
3.500000000000000000e+01 3.591809541182083620e+01 3.518524535031669132e+01 nan nan nan
3.600000000000000000e+01 3.591809541182084331e+01 3.518660898668048986e+01 nan nan nan
3.700000000000000000e+01 3.591809541182083620e+01 3.518797262304425999e+01 nan nan nan
3.800000000000000000e+01 3.591809541182083620e+01 3.518933625940804433e+01 nan nan nan
3.900000000000000000e+01 3.591809541182084331e+01 3.519069989577181445e+01 nan nan nan
4.000000000000000000e+01 3.591809541182084331e+01 3.519206353213560590e+01 nan nan nan
4.100000000000000000e+01 3.591809541182083620e+01 3.519342716849939734e+01 nan nan nan
4.200000000000000000e+01 3.591809541182083620e+01 3.519479080486316747e+01 nan nan nan
4.300000000000000000e+01 3.591809541182084331e+01 3.519615444122695180e+01 nan nan nan
4.400000000000000000e+01 3.591809541182083620e+01 3.519751807759072904e+01 nan nan nan
4.500000000000000000e+01 3.591809541182084331e+01 3.519888171395450627e+01 nan nan nan
4.600000000000000000e+01 3.591809541182084331e+01 3.520024535031829060e+01 nan nan nan
4.700000000000000000e+01 3.591809541182083620e+01 3.520160898668207494e+01 nan nan nan
4.800000000000000000e+01 3.591809541182083620e+01 3.520297262304585217e+01 nan nan nan
4.900000000000000000e+01 3.591809541182083620e+01 3.520433625940963651e+01 nan nan nan
5.000000000000000000e+01 3.591809541182085042e+01 3.520569989577340664e+01 nan nan nan
5.100000000000000000e+01 3.591809541182084331e+01 3.520706353213719808e+01 nan nan nan
5.200000000000000000e+01 3.591945904818448554e+01 3.517297262304266781e+01 1.000000000000000000e+00 nan nan
5.300000000000000000e+01 3.591945904818448554e+01 3.517433625940645214e+01 1.000000000000000000e+00 nan nan
5.400000000000000000e+01 3.591945904818447843e+01 3.517569989577022227e+01 1.000000000000000000e+00 nan nan
5.500000000000000000e+01 3.591945904818448554e+01 3.517706353213401371e+01 1.000000000000000000e+00 nan nan
5.600000000000000000e+01 3.591945904818448554e+01 3.517842716849779094e+01 nan nan nan
5.700000000000000000e+01 3.591945904818447843e+01 3.517979080486156818e+01 nan nan nan
5.800000000000000000e+01 3.591945904818448554e+01 3.518115444122535962e+01 nan nan nan
5.900000000000000000e+01 3.591945904818448554e+01 3.518251807758912975e+01 nan nan nan
6.000000000000000000e+01 3.591945904818448554e+01 3.518388171395291408e+01 nan nan nan
6.100000000000000000e+01 3.591945904818448554e+01 3.518524535031669842e+01 nan nan nan
6.200000000000000000e+01 3.591945904818448554e+01 3.518660898668048986e+01 nan nan nan
6.300000000000000000e+01 3.591945904818448554e+01 3.518797262304425999e+01 nan nan nan
6.400000000000000000e+01 3.591945904818449264e+01 3.518933625940803722e+01 nan nan nan
6.500000000000000000e+01 3.591945904818448554e+01 3.519069989577181445e+01 nan nan nan
6.600000000000000000e+01 3.591945904818449264e+01 3.519206353213560590e+01 nan nan nan
6.700000000000000000e+01 3.591945904818448554e+01 3.519342716849939023e+01 nan nan nan
6.800000000000000000e+01 3.591945904818449264e+01 3.519479080486316036e+01 nan nan nan
6.900000000000000000e+01 3.591945904818448554e+01 3.519615444122695180e+01 nan nan nan
7.000000000000000000e+01 3.591945904818448554e+01 3.519751807759072904e+01 nan nan nan
7.100000000000000000e+01 3.591945904818448554e+01 3.519888171395451337e+01 nan nan nan
7.200000000000000000e+01 3.591945904818449264e+01 3.520024535031829060e+01 nan nan nan
7.300000000000000000e+01 3.591945904818447843e+01 3.520160898668207494e+01 nan nan nan
7.400000000000000000e+01 3.591945904818447843e+01 3.520297262304585217e+01 nan nan nan
7.500000000000000000e+01 3.591945904818449264e+01 3.520433625940963651e+01 nan nan nan
7.600000000000000000e+01 3.591945904818448554e+01 3.520569989577341374e+01 nan nan nan
7.700000000000000000e+01 3.591945904818447843e+01 3.520706353213719808e+01 nan nan nan
7.800000000000000000e+01 3.592082268454812777e+01 3.517297262304266781e+01 nan nan nan
7.900000000000000000e+01 3.592082268454812777e+01 3.517433625940645214e+01 1.000000000000000000e+00 nan nan
8.000000000000000000e+01 3.592082268454812777e+01 3.517569989577023648e+01 1.000000000000000000e+00 nan nan
8.100000000000000000e+01 3.592082268454812777e+01 3.517706353213401371e+01 1.000000000000000000e+00 nan nan
8.200000000000000000e+01 3.592082268454812066e+01 3.517842716849779094e+01 nan nan nan
8.300000000000000000e+01 3.592082268454812777e+01 3.517979080486157528e+01 nan nan nan
8.400000000000000000e+01 3.592082268454812777e+01 3.518115444122536672e+01 nan nan nan
8.500000000000000000e+01 3.592082268454812066e+01 3.518251807758912975e+01 nan nan nan
8.600000000000000000e+01 3.592082268454812777e+01 3.518388171395292119e+01 nan nan nan
8.700000000000000000e+01 3.592082268454812066e+01 3.518524535031669132e+01 nan nan nan
8.800000000000000000e+01 3.592082268454812066e+01 3.518660898668048986e+01 nan nan nan
8.900000000000000000e+01 3.592082268454812777e+01 3.518797262304425999e+01 nan nan nan
9.000000000000000000e+01 3.592082268454813487e+01 3.518933625940804433e+01 nan nan nan
9.100000000000000000e+01 3.592082268454812777e+01 3.519069989577181445e+01 nan nan nan
9.200000000000000000e+01 3.592082268454812777e+01 3.519206353213560590e+01 nan nan nan
9.300000000000000000e+01 3.592082268454812777e+01 3.519342716849939734e+01 nan nan nan
9.400000000000000000e+01 3.592082268454812066e+01 3.519479080486316747e+01 nan nan nan
9.500000000000000000e+01 3.592082268454812777e+01 3.519615444122695180e+01 nan nan nan
9.600000000000000000e+01 3.592082268454812777e+01 3.519751807759072904e+01 nan nan nan
9.700000000000000000e+01 3.592082268454812066e+01 3.519888171395450627e+01 nan nan nan
9.800000000000000000e+01 3.592082268454812066e+01 3.520024535031829060e+01 nan nan nan
9.900000000000000000e+01 3.592082268454812777e+01 3.520160898668207494e+01 nan nan nan
1.000000000000000000e+02 3.592082268454812777e+01 3.520297262304585217e+01 nan nan nan
1.010000000000000000e+02 3.592082268454812777e+01 3.520433625940963651e+01 nan nan nan
1.020000000000000000e+02 3.592082268454812066e+01 3.520569989577340664e+01 nan nan nan
1.030000000000000000e+02 3.592082268454812066e+01 3.520706353213719808e+01 nan nan nan
1.040000000000000000e+02 3.592218632091176289e+01 3.517297262304266781e+01 nan nan nan
1.050000000000000000e+02 3.592218632091176289e+01 3.517433625940645214e+01 1.000000000000000000e+00 nan nan
1.060000000000000000e+02 3.592218632091176289e+01 3.517569989577023648e+01 1.000000000000000000e+00 nan nan
1.070000000000000000e+02 3.592218632091175579e+01 3.517706353213401371e+01 1.000000000000000000e+00 nan nan
1.080000000000000000e+02 3.592218632091175579e+01 3.517842716849779094e+01 1.000000000000000000e+00 nan nan
1.090000000000000000e+02 3.592218632091176289e+01 3.517979080486157528e+01 nan nan nan
1.100000000000000000e+02 3.592218632091176289e+01 3.518115444122536672e+01 nan nan nan
1.110000000000000000e+02 3.592218632091176289e+01 3.518251807758912975e+01 nan nan nan
1.120000000000000000e+02 3.592218632091175579e+01 3.518388171395292119e+01 nan nan nan
1.130000000000000000e+02 3.592218632091175579e+01 3.518524535031669132e+01 nan nan nan
1.140000000000000000e+02 3.592218632091175579e+01 3.518660898668048986e+01 nan nan nan
1.150000000000000000e+02 3.592218632091175579e+01 3.518797262304425999e+01 nan nan nan
1.160000000000000000e+02 3.592218632091175579e+01 3.518933625940804433e+01 nan nan nan
1.170000000000000000e+02 3.592218632091176289e+01 3.519069989577181445e+01 nan nan nan
1.180000000000000000e+02 3.592218632091176289e+01 3.519206353213560590e+01 nan nan nan
1.190000000000000000e+02 3.592218632091175579e+01 3.519342716849939734e+01 nan nan nan
1.200000000000000000e+02 3.592218632091176289e+01 3.519479080486316747e+01 nan nan nan
1.210000000000000000e+02 3.592218632091176289e+01 3.519615444122695180e+01 nan nan nan
1.220000000000000000e+02 3.592218632091176289e+01 3.519751807759072904e+01 nan nan nan
1.230000000000000000e+02 3.592218632091175579e+01 3.519888171395450627e+01 nan nan nan
1.240000000000000000e+02 3.592218632091175579e+01 3.520024535031829060e+01 nan nan nan
1.250000000000000000e+02 3.592218632091176289e+01 3.520160898668207494e+01 nan nan nan
1.260000000000000000e+02 3.592218632091176289e+01 3.520297262304585217e+01 nan nan nan
1.270000000000000000e+02 3.592218632091176289e+01 3.520433625940963651e+01 nan nan nan
1.280000000000000000e+02 3.592218632091175579e+01 3.520569989577340664e+01 nan nan nan
1.290000000000000000e+02 3.592218632091176289e+01 3.520706353213719808e+01 nan nan nan
1.300000000000000000e+02 3.592354995727539091e+01 3.517297262304266781e+01 nan nan nan
1.310000000000000000e+02 3.592354995727539801e+01 3.517433625940645214e+01 1.000000000000000000e+00 nan nan
1.320000000000000000e+02 3.592354995727539801e+01 3.517569989577022227e+01 1.000000000000000000e+00 nan nan
1.330000000000000000e+02 3.592354995727539091e+01 3.517706353213402082e+01 1.000000000000000000e+00 nan nan
1.340000000000000000e+02 3.592354995727539091e+01 3.517842716849779094e+01 1.000000000000000000e+00 nan nan
1.350000000000000000e+02 3.592354995727539091e+01 3.517979080486156818e+01 1.000000000000000000e+00 nan nan
1.360000000000000000e+02 3.592354995727539801e+01 3.518115444122536672e+01 nan nan nan
1.370000000000000000e+02 3.592354995727539091e+01 3.518251807758912975e+01 nan nan nan
1.380000000000000000e+02 3.592354995727539091e+01 3.518388171395291408e+01 nan nan nan
1.390000000000000000e+02 3.592354995727539091e+01 3.518524535031669842e+01 nan nan nan
1.400000000000000000e+02 3.592354995727539091e+01 3.518660898668048986e+01 nan nan nan
1.410000000000000000e+02 3.592354995727539801e+01 3.518797262304425999e+01 nan nan nan
1.420000000000000000e+02 3.592354995727539801e+01 3.518933625940803722e+01 nan nan nan
1.430000000000000000e+02 3.592354995727539801e+01 3.519069989577181445e+01 nan nan nan
1.440000000000000000e+02 3.592354995727538380e+01 3.519206353213560590e+01 nan nan nan
1.450000000000000000e+02 3.592354995727539091e+01 3.519342716849939023e+01 nan nan nan
1.460000000000000000e+02 3.592354995727539801e+01 3.519479080486316747e+01 nan nan nan
1.470000000000000000e+02 3.592354995727539801e+01 3.519615444122695180e+01 nan nan nan
1.480000000000000000e+02 3.592354995727539801e+01 3.519751807759072904e+01 nan nan nan
1.490000000000000000e+02 3.592354995727539801e+01 3.519888171395450627e+01 nan nan nan
1.500000000000000000e+02 3.592354995727538380e+01 3.520024535031829060e+01 nan nan nan
1.510000000000000000e+02 3.592354995727539801e+01 3.520160898668206784e+01 nan nan nan
1.520000000000000000e+02 3.592354995727539801e+01 3.520297262304585217e+01 nan nan nan
1.530000000000000000e+02 3.592354995727539801e+01 3.520433625940963651e+01 nan nan nan
1.540000000000000000e+02 3.592354995727539801e+01 3.520569989577340664e+01 nan nan nan
1.550000000000000000e+02 3.592354995727539801e+01 3.520706353213719098e+01 nan nan nan
1.560000000000000000e+02 3.592491359363902603e+01 3.517297262304266781e+01 nan nan nan
1.570000000000000000e+02 3.592491359363902603e+01 3.517433625940645214e+01 1.000000000000000000e+00 nan nan
1.580000000000000000e+02 3.592491359363902603e+01 3.517569989577023648e+01 1.000000000000000000e+00 1.000000000000000000e+00 1.000000000000000000e+00
1.590000000000000000e+02 3.592491359363903314e+01 3.517706353213401371e+01 1.000000000000000000e+00 1.000000000000000000e+00 1.000000000000000000e+00
1.600000000000000000e+02 3.592491359363902603e+01 3.517842716849779094e+01 1.000000000000000000e+00 1.000000000000000000e+00 1.000000000000000000e+00
1.610000000000000000e+02 3.592491359363902603e+01 3.517979080486157528e+01 1.000000000000000000e+00 1.000000000000000000e+00 1.000000000000000000e+00
1.620000000000000000e+02 3.592491359363902603e+01 3.518115444122536672e+01 1.000000000000000000e+00 1.000000000000000000e+00 1.000000000000000000e+00
1.630000000000000000e+02 3.592491359363902603e+01 3.518251807758912975e+01 nan 1.000000000000000000e+00 nan
1.640000000000000000e+02 3.592491359363902603e+01 3.518388171395292119e+01 nan 1.000000000000000000e+00 nan
1.650000000000000000e+02 3.592491359363902603e+01 3.518524535031669132e+01 nan 1.000000000000000000e+00 nan
1.660000000000000000e+02 3.592491359363903314e+01 3.518660898668048986e+01 nan 1.000000000000000000e+00 nan
1.670000000000000000e+02 3.592491359363902603e+01 3.518797262304425999e+01 nan nan nan
1.680000000000000000e+02 3.592491359363902603e+01 3.518933625940804433e+01 nan nan nan
1.690000000000000000e+02 3.592491359363902603e+01 3.519069989577181445e+01 nan nan nan
1.700000000000000000e+02 3.592491359363902603e+01 3.519206353213560590e+01 nan nan nan
1.710000000000000000e+02 3.592491359363902603e+01 3.519342716849939734e+01 nan nan nan
1.720000000000000000e+02 3.592491359363903314e+01 3.519479080486316747e+01 nan nan nan
1.730000000000000000e+02 3.592491359363902603e+01 3.519615444122695180e+01 nan nan nan
1.740000000000000000e+02 3.592491359363902603e+01 3.519751807759072904e+01 nan nan nan
1.750000000000000000e+02 3.592491359363902603e+01 3.519888171395450627e+01 nan nan nan
1.760000000000000000e+02 3.592491359363902603e+01 3.520024535031829060e+01 nan nan nan
1.770000000000000000e+02 3.592491359363903314e+01 3.520160898668207494e+01 nan nan nan
1.780000000000000000e+02 3.592491359363902603e+01 3.520297262304585217e+01 nan nan nan
1.790000000000000000e+02 3.592491359363902603e+01 3.520433625940963651e+01 nan nan nan
1.800000000000000000e+02 3.592491359363904024e+01 3.520569989577340664e+01 nan nan nan
1.810000000000000000e+02 3.592491359363902603e+01 3.520706353213719808e+01 nan nan nan
1.820000000000000000e+02 3.592627723000266116e+01 3.517297262304266781e+01 nan nan nan
1.830000000000000000e+02 3.592627723000265405e+01 3.517433625940645214e+01 1.000000000000000000e+00 1.000000000000000000e+00 1.000000000000000000e+00
1.840000000000000000e+02 3.592627723000266116e+01 3.517569989577023648e+01 1.000000000000000000e+00 1.000000000000000000e+00 1.000000000000000000e+00
1.850000000000000000e+02 3.592627723000265405e+01 3.517706353213401371e+01 1.000000000000000000e+00 1.000000000000000000e+00 1.000000000000000000e+00
1.860000000000000000e+02 3.592627723000265405e+01 3.517842716849779094e+01 1.000000000000000000e+00 1.000000000000000000e+00 1.000000000000000000e+00
1.870000000000000000e+02 3.592627723000265405e+01 3.517979080486157528e+01 1.000000000000000000e+00 1.000000000000000000e+00 1.000000000000000000e+00
1.880000000000000000e+02 3.592627723000265405e+01 3.518115444122536672e+01 1.000000000000000000e+00 1.000000000000000000e+00 1.000000000000000000e+00
1.890000000000000000e+02 3.592627723000265405e+01 3.518251807758912975e+01 nan 1.000000000000000000e+00 nan
1.900000000000000000e+02 3.592627723000266116e+01 3.518388171395292119e+01 nan 1.000000000000000000e+00 nan
1.910000000000000000e+02 3.592627723000265405e+01 3.518524535031669132e+01 nan 1.000000000000000000e+00 nan
1.920000000000000000e+02 3.592627723000266826e+01 3.518660898668048986e+01 nan 1.000000000000000000e+00 nan
1.930000000000000000e+02 3.592627723000266116e+01 3.518797262304425999e+01 nan 1.000000000000000000e+00 nan
1.940000000000000000e+02 3.592627723000266116e+01 3.518933625940804433e+01 nan nan nan
1.950000000000000000e+02 3.592627723000266826e+01 3.519069989577181445e+01 nan nan nan
1.960000000000000000e+02 3.592627723000266116e+01 3.519206353213560590e+01 nan nan nan
1.970000000000000000e+02 3.592627723000266116e+01 3.519342716849939734e+01 nan nan nan
1.980000000000000000e+02 3.592627723000266116e+01 3.519479080486316747e+01 nan nan nan
1.990000000000000000e+02 3.592627723000266116e+01 3.519615444122695180e+01 nan nan nan
2.000000000000000000e+02 3.592627723000266826e+01 3.519751807759072904e+01 nan nan nan
2.010000000000000000e+02 3.592627723000265405e+01 3.519888171395450627e+01 nan nan nan
2.020000000000000000e+02 3.592627723000266116e+01 3.520024535031829060e+01 nan nan nan
2.030000000000000000e+02 3.592627723000265405e+01 3.520160898668207494e+01 nan nan nan
2.040000000000000000e+02 3.592627723000266116e+01 3.520297262304585217e+01 nan nan nan
2.050000000000000000e+02 3.592627723000266116e+01 3.520433625940963651e+01 nan nan nan
2.060000000000000000e+02 3.592627723000266826e+01 3.520569989577340664e+01 nan nan nan
2.070000000000000000e+02 3.592627723000266116e+01 3.520706353213719808e+01 nan nan nan
2.080000000000000000e+02 3.592764086636630338e+01 3.517297262304266781e+01 nan nan nan
2.090000000000000000e+02 3.592764086636630338e+01 3.517433625940645214e+01 nan nan nan
2.100000000000000000e+02 3.592764086636629628e+01 3.517569989577023648e+01 nan 1.000000000000000000e+00 nan
2.110000000000000000e+02 3.592764086636630338e+01 3.517706353213401371e+01 1.000000000000000000e+00 1.000000000000000000e+00 1.000000000000000000e+00
2.120000000000000000e+02 3.592764086636630338e+01 3.517842716849779094e+01 1.000000000000000000e+00 1.000000000000000000e+00 1.000000000000000000e+00
2.130000000000000000e+02 3.592764086636630338e+01 3.517979080486156818e+01 1.000000000000000000e+00 1.000000000000000000e+00 1.000000000000000000e+00
2.140000000000000000e+02 3.592764086636630338e+01 3.518115444122535962e+01 1.000000000000000000e+00 1.000000000000000000e+00 1.000000000000000000e+00
2.150000000000000000e+02 3.592764086636630338e+01 3.518251807758912975e+01 1.000000000000000000e+00 1.000000000000000000e+00 1.000000000000000000e+00
2.160000000000000000e+02 3.592764086636630338e+01 3.518388171395291408e+01 1.000000000000000000e+00 1.000000000000000000e+00 1.000000000000000000e+00
2.170000000000000000e+02 3.592764086636630338e+01 3.518524535031669842e+01 nan 1.000000000000000000e+00 nan
2.180000000000000000e+02 3.592764086636630338e+01 3.518660898668048986e+01 nan 1.000000000000000000e+00 nan
2.190000000000000000e+02 3.592764086636630338e+01 3.518797262304426710e+01 nan 1.000000000000000000e+00 nan
2.200000000000000000e+02 3.592764086636630338e+01 3.518933625940804433e+01 nan 1.000000000000000000e+00 nan
2.210000000000000000e+02 3.592764086636630338e+01 3.519069989577181445e+01 nan 1.000000000000000000e+00 nan
2.220000000000000000e+02 3.592764086636630338e+01 3.519206353213560590e+01 nan nan nan
2.230000000000000000e+02 3.592764086636630338e+01 3.519342716849939734e+01 nan nan nan
2.240000000000000000e+02 3.592764086636630338e+01 3.519479080486316747e+01 nan nan nan
2.250000000000000000e+02 3.592764086636630338e+01 3.519615444122693759e+01 nan nan nan
2.260000000000000000e+02 3.592764086636630338e+01 3.519751807759072904e+01 nan nan nan
2.270000000000000000e+02 3.592764086636630338e+01 3.519888171395450627e+01 nan nan nan
2.280000000000000000e+02 3.592764086636630338e+01 3.520024535031829060e+01 nan nan nan
2.290000000000000000e+02 3.592764086636630338e+01 3.520160898668206784e+01 nan nan nan
2.300000000000000000e+02 3.592764086636630338e+01 3.520297262304585217e+01 nan nan nan
2.310000000000000000e+02 3.592764086636630338e+01 3.520433625940963651e+01 nan nan nan
2.320000000000000000e+02 3.592764086636630338e+01 3.520569989577341374e+01 nan nan nan
2.330000000000000000e+02 3.592764086636630338e+01 3.520706353213719098e+01 nan nan nan
2.340000000000000000e+02 3.592900450272993851e+01 3.517297262304266781e+01 nan nan nan
2.350000000000000000e+02 3.592900450272993851e+01 3.517433625940645214e+01 nan nan nan
2.360000000000000000e+02 3.592900450272993851e+01 3.517569989577022227e+01 1.000000000000000000e+00 nan nan
2.370000000000000000e+02 3.592900450272994561e+01 3.517706353213401371e+01 1.000000000000000000e+00 nan nan
2.380000000000000000e+02 3.592900450272993851e+01 3.517842716849779094e+01 1.000000000000000000e+00 1.000000000000000000e+00 1.000000000000000000e+00
2.390000000000000000e+02 3.592900450272993851e+01 3.517979080486156818e+01 1.000000000000000000e+00 1.000000000000000000e+00 1.000000000000000000e+00
2.400000000000000000e+02 3.592900450272993851e+01 3.518115444122535962e+01 1.000000000000000000e+00 1.000000000000000000e+00 1.000000000000000000e+00
2.410000000000000000e+02 3.592900450272993851e+01 3.518251807758913685e+01 nan 1.000000000000000000e+00 nan
2.420000000000000000e+02 3.592900450272993851e+01 3.518388171395291408e+01 1.000000000000000000e+00 1.000000000000000000e+00 1.000000000000000000e+00
2.430000000000000000e+02 3.592900450272993851e+01 3.518524535031669842e+01 nan 1.000000000000000000e+00 nan
2.440000000000000000e+02 3.592900450272994561e+01 3.518660898668048986e+01 nan 1.000000000000000000e+00 nan
2.450000000000000000e+02 3.592900450272994561e+01 3.518797262304425999e+01 nan 1.000000000000000000e+00 nan
2.460000000000000000e+02 3.592900450272993851e+01 3.518933625940804433e+01 nan 1.000000000000000000e+00 nan
2.470000000000000000e+02 3.592900450272993851e+01 3.519069989577182866e+01 nan 1.000000000000000000e+00 nan
2.480000000000000000e+02 3.592900450272994561e+01 3.519206353213560590e+01 nan 1.000000000000000000e+00 nan
2.490000000000000000e+02 3.592900450272993140e+01 3.519342716849939734e+01 nan nan nan
2.500000000000000000e+02 3.592900450272993851e+01 3.519479080486317457e+01 nan nan nan
2.510000000000000000e+02 3.592900450272994561e+01 3.519615444122695180e+01 nan nan nan
2.520000000000000000e+02 3.592900450272993851e+01 3.519751807759072904e+01 nan nan nan
2.530000000000000000e+02 3.592900450272993851e+01 3.519888171395450627e+01 nan nan nan
2.540000000000000000e+02 3.592900450272993851e+01 3.520024535031829060e+01 nan nan nan
2.550000000000000000e+02 3.592900450272993851e+01 3.520160898668207494e+01 nan nan nan
2.560000000000000000e+02 3.592900450272994561e+01 3.520297262304585217e+01 nan nan nan
2.570000000000000000e+02 3.592900450272993851e+01 3.520433625940963651e+01 nan nan nan
2.580000000000000000e+02 3.592900450272993851e+01 3.520569989577340664e+01 nan nan nan
2.590000000000000000e+02 3.592900450272993851e+01 3.520706353213719098e+01 nan nan nan
2.600000000000000000e+02 3.593036813909358074e+01 3.517297262304266781e+01 nan nan nan
2.610000000000000000e+02 3.593036813909357363e+01 3.517433625940645214e+01 nan nan nan
2.620000000000000000e+02 3.593036813909357363e+01 3.517569989577022227e+01 1.000000000000000000e+00 nan nan
2.630000000000000000e+02 3.593036813909357363e+01 3.517706353213401371e+01 1.000000000000000000e+00 nan nan
2.640000000000000000e+02 3.593036813909357363e+01 3.517842716849779094e+01 1.000000000000000000e+00 1.000000000000000000e+00 1.000000000000000000e+00
2.650000000000000000e+02 3.593036813909358074e+01 3.517979080486156818e+01 1.000000000000000000e+00 1.000000000000000000e+00 1.000000000000000000e+00
2.660000000000000000e+02 3.593036813909358074e+01 3.518115444122535962e+01 1.000000000000000000e+00 1.000000000000000000e+00 1.000000000000000000e+00
2.670000000000000000e+02 3.593036813909358074e+01 3.518251807758913685e+01 1.000000000000000000e+00 1.000000000000000000e+00 1.000000000000000000e+00
2.680000000000000000e+02 3.593036813909358074e+01 3.518388171395291408e+01 1.000000000000000000e+00 1.000000000000000000e+00 1.000000000000000000e+00
2.690000000000000000e+02 3.593036813909357363e+01 3.518524535031669842e+01 nan 1.000000000000000000e+00 nan
2.700000000000000000e+02 3.593036813909358074e+01 3.518660898668048986e+01 1.000000000000000000e+00 1.000000000000000000e+00 1.000000000000000000e+00
2.710000000000000000e+02 3.593036813909357363e+01 3.518797262304425999e+01 nan 1.000000000000000000e+00 nan
2.720000000000000000e+02 3.593036813909357363e+01 3.518933625940804433e+01 nan 1.000000000000000000e+00 nan
2.730000000000000000e+02 3.593036813909357363e+01 3.519069989577182866e+01 nan 1.000000000000000000e+00 nan
2.740000000000000000e+02 3.593036813909358074e+01 3.519206353213560590e+01 nan 1.000000000000000000e+00 nan
2.750000000000000000e+02 3.593036813909357363e+01 3.519342716849939734e+01 nan 1.000000000000000000e+00 nan
2.760000000000000000e+02 3.593036813909357363e+01 3.519479080486317457e+01 nan nan nan
2.770000000000000000e+02 3.593036813909357363e+01 3.519615444122695180e+01 nan nan nan
2.780000000000000000e+02 3.593036813909357363e+01 3.519751807759072904e+01 nan nan nan
2.790000000000000000e+02 3.593036813909357363e+01 3.519888171395450627e+01 nan nan nan
2.800000000000000000e+02 3.593036813909357363e+01 3.520024535031829060e+01 nan nan nan
2.810000000000000000e+02 3.593036813909357363e+01 3.520160898668207494e+01 nan nan nan
2.820000000000000000e+02 3.593036813909358074e+01 3.520297262304585217e+01 nan nan nan
2.830000000000000000e+02 3.593036813909357363e+01 3.520433625940963651e+01 nan nan nan
2.840000000000000000e+02 3.593036813909357363e+01 3.520569989577340664e+01 nan nan nan
2.850000000000000000e+02 3.593036813909357363e+01 3.520706353213719098e+01 nan nan nan
2.860000000000000000e+02 3.593173177545720165e+01 3.517297262304266781e+01 nan nan nan
2.870000000000000000e+02 3.593173177545721586e+01 3.517433625940645214e+01 nan nan nan
2.880000000000000000e+02 3.593173177545721586e+01 3.517569989577023648e+01 1.000000000000000000e+00 nan nan
2.890000000000000000e+02 3.593173177545721586e+01 3.517706353213401371e+01 nan nan nan
2.900000000000000000e+02 3.593173177545721586e+01 3.517842716849779094e+01 1.000000000000000000e+00 nan nan
2.910000000000000000e+02 3.593173177545721586e+01 3.517979080486157528e+01 1.000000000000000000e+00 1.000000000000000000e+00 1.000000000000000000e+00
2.920000000000000000e+02 3.593173177545721586e+01 3.518115444122536672e+01 1.000000000000000000e+00 1.000000000000000000e+00 1.000000000000000000e+00
2.930000000000000000e+02 3.593173177545720876e+01 3.518251807758912975e+01 1.000000000000000000e+00 1.000000000000000000e+00 1.000000000000000000e+00
2.940000000000000000e+02 3.593173177545720876e+01 3.518388171395292119e+01 1.000000000000000000e+00 1.000000000000000000e+00 1.000000000000000000e+00
2.950000000000000000e+02 3.593173177545721586e+01 3.518524535031669132e+01 nan 1.000000000000000000e+00 nan
2.960000000000000000e+02 3.593173177545720876e+01 3.518660898668048986e+01 nan 1.000000000000000000e+00 nan
2.970000000000000000e+02 3.593173177545720876e+01 3.518797262304425999e+01 nan 1.000000000000000000e+00 nan
2.980000000000000000e+02 3.593173177545720165e+01 3.518933625940804433e+01 nan 1.000000000000000000e+00 nan
2.990000000000000000e+02 3.593173177545720876e+01 3.519069989577181445e+01 nan 1.000000000000000000e+00 nan
3.000000000000000000e+02 3.593173177545721586e+01 3.519206353213560590e+01 nan 1.000000000000000000e+00 nan
3.010000000000000000e+02 3.593173177545720876e+01 3.519342716849939734e+01 nan 1.000000000000000000e+00 nan
3.020000000000000000e+02 3.593173177545721586e+01 3.519479080486316747e+01 1.000000000000000000e+00 1.000000000000000000e+00 1.000000000000000000e+00
3.030000000000000000e+02 3.593173177545721586e+01 3.519615444122695180e+01 nan nan nan
3.040000000000000000e+02 3.593173177545721586e+01 3.519751807759072904e+01 nan nan nan
3.050000000000000000e+02 3.593173177545720876e+01 3.519888171395450627e+01 nan nan nan
3.060000000000000000e+02 3.593173177545720876e+01 3.520024535031829060e+01 nan nan nan
3.070000000000000000e+02 3.593173177545720876e+01 3.520160898668207494e+01 nan nan nan
3.080000000000000000e+02 3.593173177545720876e+01 3.520297262304585217e+01 nan nan nan
3.090000000000000000e+02 3.593173177545720876e+01 3.520433625940963651e+01 nan nan nan
3.100000000000000000e+02 3.593173177545720876e+01 3.520569989577340664e+01 nan nan nan
3.110000000000000000e+02 3.593173177545721586e+01 3.520706353213719808e+01 nan nan nan
3.120000000000000000e+02 3.593309541182084388e+01 3.517297262304266781e+01 nan nan nan
3.130000000000000000e+02 3.593309541182085098e+01 3.517433625940645214e+01 nan nan nan
3.140000000000000000e+02 3.593309541182085098e+01 3.517569989577022227e+01 nan nan nan
3.150000000000000000e+02 3.593309541182084388e+01 3.517706353213401371e+01 1.000000000000000000e+00 nan nan
3.160000000000000000e+02 3.593309541182084388e+01 3.517842716849779094e+01 1.000000000000000000e+00 nan nan
3.170000000000000000e+02 3.593309541182084388e+01 3.517979080486156818e+01 1.000000000000000000e+00 nan nan
3.180000000000000000e+02 3.593309541182084388e+01 3.518115444122535962e+01 1.000000000000000000e+00 1.000000000000000000e+00 1.000000000000000000e+00
3.190000000000000000e+02 3.593309541182084388e+01 3.518251807758913685e+01 1.000000000000000000e+00 1.000000000000000000e+00 1.000000000000000000e+00
3.200000000000000000e+02 3.593309541182084388e+01 3.518388171395291408e+01 1.000000000000000000e+00 1.000000000000000000e+00 1.000000000000000000e+00
3.210000000000000000e+02 3.593309541182085098e+01 3.518524535031669842e+01 nan 1.000000000000000000e+00 nan
3.220000000000000000e+02 3.593309541182085098e+01 3.518660898668048986e+01 1.000000000000000000e+00 1.000000000000000000e+00 1.000000000000000000e+00
3.230000000000000000e+02 3.593309541182085098e+01 3.518797262304425999e+01 nan 1.000000000000000000e+00 nan
3.240000000000000000e+02 3.593309541182085098e+01 3.518933625940804433e+01 1.000000000000000000e+00 1.000000000000000000e+00 1.000000000000000000e+00
3.250000000000000000e+02 3.593309541182084388e+01 3.519069989577182866e+01 1.000000000000000000e+00 1.000000000000000000e+00 1.000000000000000000e+00
3.260000000000000000e+02 3.593309541182084388e+01 3.519206353213560590e+01 nan 1.000000000000000000e+00 nan
3.270000000000000000e+02 3.593309541182085098e+01 3.519342716849939734e+01 nan 1.000000000000000000e+00 nan
3.280000000000000000e+02 3.593309541182084388e+01 3.519479080486317457e+01 1.000000000000000000e+00 1.000000000000000000e+00 1.000000000000000000e+00
3.290000000000000000e+02 3.593309541182084388e+01 3.519615444122695180e+01 nan 1.000000000000000000e+00 nan
3.300000000000000000e+02 3.593309541182084388e+01 3.519751807759072904e+01 1.000000000000000000e+00 nan nan
3.310000000000000000e+02 3.593309541182084388e+01 3.519888171395450627e+01 nan nan nan
3.320000000000000000e+02 3.593309541182084388e+01 3.520024535031829060e+01 nan nan nan
3.330000000000000000e+02 3.593309541182084388e+01 3.520160898668207494e+01 nan nan nan
3.340000000000000000e+02 3.593309541182085098e+01 3.520297262304585217e+01 nan nan nan
3.350000000000000000e+02 3.593309541182084388e+01 3.520433625940963651e+01 nan nan nan
3.360000000000000000e+02 3.593309541182084388e+01 3.520569989577340664e+01 nan nan nan
3.370000000000000000e+02 3.593309541182084388e+01 3.520706353213719098e+01 nan nan nan
3.380000000000000000e+02 3.593445904818448611e+01 3.517297262304266781e+01 nan nan nan
3.390000000000000000e+02 3.593445904818448611e+01 3.517433625940645214e+01 nan nan nan
3.400000000000000000e+02 3.593445904818447900e+01 3.517569989577022227e+01 nan nan nan
3.410000000000000000e+02 3.593445904818448611e+01 3.517706353213401371e+01 1.000000000000000000e+00 nan nan
3.420000000000000000e+02 3.593445904818448611e+01 3.517842716849779094e+01 1.000000000000000000e+00 nan nan
3.430000000000000000e+02 3.593445904818448611e+01 3.517979080486156818e+01 1.000000000000000000e+00 nan nan
3.440000000000000000e+02 3.593445904818448611e+01 3.518115444122535962e+01 1.000000000000000000e+00 1.000000000000000000e+00 1.000000000000000000e+00
3.450000000000000000e+02 3.593445904818448611e+01 3.518251807758913685e+01 1.000000000000000000e+00 1.000000000000000000e+00 1.000000000000000000e+00
3.460000000000000000e+02 3.593445904818448611e+01 3.518388171395291408e+01 1.000000000000000000e+00 1.000000000000000000e+00 1.000000000000000000e+00
3.470000000000000000e+02 3.593445904818448611e+01 3.518524535031669842e+01 1.000000000000000000e+00 1.000000000000000000e+00 1.000000000000000000e+00
3.480000000000000000e+02 3.593445904818447900e+01 3.518660898668048986e+01 1.000000000000000000e+00 1.000000000000000000e+00 1.000000000000000000e+00
3.490000000000000000e+02 3.593445904818448611e+01 3.518797262304425999e+01 nan 1.000000000000000000e+00 nan
3.500000000000000000e+02 3.593445904818448611e+01 3.518933625940804433e+01 1.000000000000000000e+00 1.000000000000000000e+00 1.000000000000000000e+00
3.510000000000000000e+02 3.593445904818447900e+01 3.519069989577182866e+01 1.000000000000000000e+00 1.000000000000000000e+00 1.000000000000000000e+00
3.520000000000000000e+02 3.593445904818448611e+01 3.519206353213560590e+01 1.000000000000000000e+00 1.000000000000000000e+00 1.000000000000000000e+00
3.530000000000000000e+02 3.593445904818448611e+01 3.519342716849939734e+01 nan 1.000000000000000000e+00 nan
3.540000000000000000e+02 3.593445904818448611e+01 3.519479080486317457e+01 1.000000000000000000e+00 1.000000000000000000e+00 1.000000000000000000e+00
3.550000000000000000e+02 3.593445904818448611e+01 3.519615444122695180e+01 nan 1.000000000000000000e+00 nan
3.560000000000000000e+02 3.593445904818448611e+01 3.519751807759072904e+01 nan 1.000000000000000000e+00 nan
3.570000000000000000e+02 3.593445904818448611e+01 3.519888171395450627e+01 1.000000000000000000e+00 1.000000000000000000e+00 1.000000000000000000e+00
3.580000000000000000e+02 3.593445904818447900e+01 3.520024535031829060e+01 nan 1.000000000000000000e+00 nan
3.590000000000000000e+02 3.593445904818447900e+01 3.520160898668207494e+01 nan 1.000000000000000000e+00 nan
3.600000000000000000e+02 3.593445904818448611e+01 3.520297262304585217e+01 nan nan nan
3.610000000000000000e+02 3.593445904818447900e+01 3.520433625940963651e+01 nan nan nan
3.620000000000000000e+02 3.593445904818447900e+01 3.520569989577340664e+01 nan 1.000000000000000000e+00 nan
3.630000000000000000e+02 3.593445904818448611e+01 3.520706353213719098e+01 nan 1.000000000000000000e+00 nan
3.640000000000000000e+02 3.593582268454811413e+01 3.517297262304266781e+01 nan nan nan
3.650000000000000000e+02 3.593582268454811413e+01 3.517433625940645214e+01 nan nan nan
3.660000000000000000e+02 3.593582268454811413e+01 3.517569989577022227e+01 1.000000000000000000e+00 nan nan
3.670000000000000000e+02 3.593582268454811413e+01 3.517706353213402082e+01 nan nan nan
3.680000000000000000e+02 3.593582268454812123e+01 3.517842716849779094e+01 1.000000000000000000e+00 nan nan
3.690000000000000000e+02 3.593582268454811413e+01 3.517979080486156818e+01 1.000000000000000000e+00 nan nan
3.700000000000000000e+02 3.593582268454812123e+01 3.518115444122536672e+01 1.000000000000000000e+00 1.000000000000000000e+00 1.000000000000000000e+00
3.710000000000000000e+02 3.593582268454811413e+01 3.518251807758912975e+01 1.000000000000000000e+00 1.000000000000000000e+00 1.000000000000000000e+00
3.720000000000000000e+02 3.593582268454811413e+01 3.518388171395291408e+01 1.000000000000000000e+00 1.000000000000000000e+00 1.000000000000000000e+00
3.730000000000000000e+02 3.593582268454812123e+01 3.518524535031669842e+01 1.000000000000000000e+00 1.000000000000000000e+00 1.000000000000000000e+00
3.740000000000000000e+02 3.593582268454811413e+01 3.518660898668048986e+01 1.000000000000000000e+00 1.000000000000000000e+00 1.000000000000000000e+00
3.750000000000000000e+02 3.593582268454811413e+01 3.518797262304425999e+01 1.000000000000000000e+00 1.000000000000000000e+00 1.000000000000000000e+00
3.760000000000000000e+02 3.593582268454811413e+01 3.518933625940803722e+01 1.000000000000000000e+00 1.000000000000000000e+00 1.000000000000000000e+00
3.770000000000000000e+02 3.593582268454811413e+01 3.519069989577181445e+01 1.000000000000000000e+00 1.000000000000000000e+00 1.000000000000000000e+00
3.780000000000000000e+02 3.593582268454811413e+01 3.519206353213560590e+01 1.000000000000000000e+00 1.000000000000000000e+00 1.000000000000000000e+00
3.790000000000000000e+02 3.593582268454811413e+01 3.519342716849939023e+01 1.000000000000000000e+00 1.000000000000000000e+00 1.000000000000000000e+00
3.800000000000000000e+02 3.593582268454812123e+01 3.519479080486316747e+01 1.000000000000000000e+00 1.000000000000000000e+00 1.000000000000000000e+00
3.810000000000000000e+02 3.593582268454811413e+01 3.519615444122695180e+01 1.000000000000000000e+00 1.000000000000000000e+00 1.000000000000000000e+00
3.820000000000000000e+02 3.593582268454811413e+01 3.519751807759072904e+01 1.000000000000000000e+00 1.000000000000000000e+00 1.000000000000000000e+00
3.830000000000000000e+02 3.593582268454812123e+01 3.519888171395450627e+01 nan 1.000000000000000000e+00 nan
3.840000000000000000e+02 3.593582268454811413e+01 3.520024535031829060e+01 nan 1.000000000000000000e+00 nan
3.850000000000000000e+02 3.593582268454811413e+01 3.520160898668206784e+01 1.000000000000000000e+00 1.000000000000000000e+00 1.000000000000000000e+00
3.860000000000000000e+02 3.593582268454811413e+01 3.520297262304585217e+01 nan 1.000000000000000000e+00 nan
3.870000000000000000e+02 3.593582268454811413e+01 3.520433625940963651e+01 nan 1.000000000000000000e+00 nan
3.880000000000000000e+02 3.593582268454812123e+01 3.520569989577340664e+01 nan 1.000000000000000000e+00 nan
3.890000000000000000e+02 3.593582268454811413e+01 3.520706353213719098e+01 nan 1.000000000000000000e+00 nan
3.900000000000000000e+02 3.593718632091175635e+01 3.517297262304266781e+01 nan nan nan
3.910000000000000000e+02 3.593718632091174925e+01 3.517433625940645214e+01 1.000000000000000000e+00 nan nan
3.920000000000000000e+02 3.593718632091176346e+01 3.517569989577023648e+01 nan nan nan
3.930000000000000000e+02 3.593718632091176346e+01 3.517706353213401371e+01 nan nan nan
3.940000000000000000e+02 3.593718632091175635e+01 3.517842716849779094e+01 1.000000000000000000e+00 nan nan
3.950000000000000000e+02 3.593718632091176346e+01 3.517979080486157528e+01 1.000000000000000000e+00 nan nan
3.960000000000000000e+02 3.593718632091174925e+01 3.518115444122536672e+01 1.000000000000000000e+00 nan nan
3.970000000000000000e+02 3.593718632091176346e+01 3.518251807758912975e+01 1.000000000000000000e+00 1.000000000000000000e+00 1.000000000000000000e+00
3.980000000000000000e+02 3.593718632091176346e+01 3.518388171395292119e+01 1.000000000000000000e+00 1.000000000000000000e+00 1.000000000000000000e+00
3.990000000000000000e+02 3.593718632091176346e+01 3.518524535031669132e+01 1.000000000000000000e+00 1.000000000000000000e+00 1.000000000000000000e+00
4.000000000000000000e+02 3.593718632091174925e+01 3.518660898668048986e+01 1.000000000000000000e+00 1.000000000000000000e+00 1.000000000000000000e+00
4.010000000000000000e+02 3.593718632091175635e+01 3.518797262304425999e+01 1.000000000000000000e+00 1.000000000000000000e+00 1.000000000000000000e+00
4.020000000000000000e+02 3.593718632091174925e+01 3.518933625940804433e+01 1.000000000000000000e+00 1.000000000000000000e+00 1.000000000000000000e+00
4.030000000000000000e+02 3.593718632091175635e+01 3.519069989577181445e+01 1.000000000000000000e+00 1.000000000000000000e+00 1.000000000000000000e+00
4.040000000000000000e+02 3.593718632091175635e+01 3.519206353213560590e+01 1.000000000000000000e+00 1.000000000000000000e+00 1.000000000000000000e+00
4.050000000000000000e+02 3.593718632091176346e+01 3.519342716849939734e+01 nan 1.000000000000000000e+00 nan
4.060000000000000000e+02 3.593718632091176346e+01 3.519479080486316747e+01 1.000000000000000000e+00 1.000000000000000000e+00 1.000000000000000000e+00
4.070000000000000000e+02 3.593718632091175635e+01 3.519615444122695180e+01 1.000000000000000000e+00 1.000000000000000000e+00 1.000000000000000000e+00
4.080000000000000000e+02 3.593718632091175635e+01 3.519751807759072904e+01 1.000000000000000000e+00 1.000000000000000000e+00 1.000000000000000000e+00
4.090000000000000000e+02 3.593718632091174925e+01 3.519888171395450627e+01 1.000000000000000000e+00 1.000000000000000000e+00 1.000000000000000000e+00
4.100000000000000000e+02 3.593718632091175635e+01 3.520024535031829060e+01 1.000000000000000000e+00 1.000000000000000000e+00 1.000000000000000000e+00
4.110000000000000000e+02 3.593718632091176346e+01 3.520160898668207494e+01 1.000000000000000000e+00 1.000000000000000000e+00 1.000000000000000000e+00
4.120000000000000000e+02 3.593718632091175635e+01 3.520297262304585217e+01 nan 1.000000000000000000e+00 nan
4.130000000000000000e+02 3.593718632091176346e+01 3.520433625940963651e+01 1.000000000000000000e+00 1.000000000000000000e+00 1.000000000000000000e+00
4.140000000000000000e+02 3.593718632091174925e+01 3.520569989577340664e+01 1.000000000000000000e+00 1.000000000000000000e+00 1.000000000000000000e+00
4.150000000000000000e+02 3.593718632091175635e+01 3.520706353213719808e+01 nan 1.000000000000000000e+00 nan
4.160000000000000000e+02 3.593854995727539148e+01 3.517297262304266781e+01 nan nan nan
4.170000000000000000e+02 3.593854995727539148e+01 3.517433625940645214e+01 nan nan nan
4.180000000000000000e+02 3.593854995727539148e+01 3.517569989577022227e+01 nan nan nan
4.190000000000000000e+02 3.593854995727539148e+01 3.517706353213402082e+01 1.000000000000000000e+00 nan nan
4.200000000000000000e+02 3.593854995727539148e+01 3.517842716849779094e+01 nan nan nan
4.210000000000000000e+02 3.593854995727539148e+01 3.517979080486156818e+01 1.000000000000000000e+00 nan nan
4.220000000000000000e+02 3.593854995727539148e+01 3.518115444122536672e+01 1.000000000000000000e+00 nan nan
4.230000000000000000e+02 3.593854995727539148e+01 3.518251807758912975e+01 1.000000000000000000e+00 nan nan
4.240000000000000000e+02 3.593854995727539148e+01 3.518388171395291408e+01 1.000000000000000000e+00 1.000000000000000000e+00 1.000000000000000000e+00
4.250000000000000000e+02 3.593854995727539148e+01 3.518524535031669842e+01 1.000000000000000000e+00 1.000000000000000000e+00 1.000000000000000000e+00
4.260000000000000000e+02 3.593854995727539148e+01 3.518660898668048986e+01 1.000000000000000000e+00 1.000000000000000000e+00 1.000000000000000000e+00
4.270000000000000000e+02 3.593854995727539148e+01 3.518797262304425999e+01 nan 1.000000000000000000e+00 nan
4.280000000000000000e+02 3.593854995727539148e+01 3.518933625940803722e+01 1.000000000000000000e+00 1.000000000000000000e+00 1.000000000000000000e+00
4.290000000000000000e+02 3.593854995727539148e+01 3.519069989577181445e+01 1.000000000000000000e+00 1.000000000000000000e+00 1.000000000000000000e+00
4.300000000000000000e+02 3.593854995727539148e+01 3.519206353213560590e+01 1.000000000000000000e+00 1.000000000000000000e+00 1.000000000000000000e+00
4.310000000000000000e+02 3.593854995727539148e+01 3.519342716849939023e+01 1.000000000000000000e+00 1.000000000000000000e+00 1.000000000000000000e+00
4.320000000000000000e+02 3.593854995727539148e+01 3.519479080486316747e+01 1.000000000000000000e+00 1.000000000000000000e+00 1.000000000000000000e+00
4.330000000000000000e+02 3.593854995727539148e+01 3.519615444122695180e+01 1.000000000000000000e+00 1.000000000000000000e+00 1.000000000000000000e+00
4.340000000000000000e+02 3.593854995727539148e+01 3.519751807759072904e+01 1.000000000000000000e+00 1.000000000000000000e+00 1.000000000000000000e+00
4.350000000000000000e+02 3.593854995727539148e+01 3.519888171395450627e+01 1.000000000000000000e+00 1.000000000000000000e+00 1.000000000000000000e+00
4.360000000000000000e+02 3.593854995727539148e+01 3.520024535031829060e+01 1.000000000000000000e+00 1.000000000000000000e+00 1.000000000000000000e+00
4.370000000000000000e+02 3.593854995727539148e+01 3.520160898668206784e+01 1.000000000000000000e+00 1.000000000000000000e+00 1.000000000000000000e+00
4.380000000000000000e+02 3.593854995727539148e+01 3.520297262304585217e+01 nan 1.000000000000000000e+00 nan
4.390000000000000000e+02 3.593854995727539148e+01 3.520433625940963651e+01 nan 1.000000000000000000e+00 nan
4.400000000000000000e+02 3.593854995727539148e+01 3.520569989577340664e+01 nan 1.000000000000000000e+00 nan
4.410000000000000000e+02 3.593854995727539148e+01 3.520706353213719098e+01 nan 1.000000000000000000e+00 nan
4.420000000000000000e+02 3.593991359363902660e+01 3.517297262304266781e+01 nan nan nan
4.430000000000000000e+02 3.593991359363901950e+01 3.517433625940645214e+01 nan nan nan
4.440000000000000000e+02 3.593991359363902660e+01 3.517569989577023648e+01 nan nan nan
4.450000000000000000e+02 3.593991359363902660e+01 3.517706353213401371e+01 1.000000000000000000e+00 nan nan
4.460000000000000000e+02 3.593991359363902660e+01 3.517842716849779094e+01 1.000000000000000000e+00 nan nan
4.470000000000000000e+02 3.593991359363902660e+01 3.517979080486157528e+01 1.000000000000000000e+00 nan nan
4.480000000000000000e+02 3.593991359363902660e+01 3.518115444122536672e+01 1.000000000000000000e+00 nan nan
4.490000000000000000e+02 3.593991359363902660e+01 3.518251807758912975e+01 1.000000000000000000e+00 nan nan
4.500000000000000000e+02 3.593991359363901950e+01 3.518388171395292119e+01 1.000000000000000000e+00 1.000000000000000000e+00 1.000000000000000000e+00
4.510000000000000000e+02 3.593991359363901950e+01 3.518524535031669132e+01 1.000000000000000000e+00 1.000000000000000000e+00 1.000000000000000000e+00
4.520000000000000000e+02 3.593991359363901950e+01 3.518660898668048986e+01 1.000000000000000000e+00 1.000000000000000000e+00 1.000000000000000000e+00
4.530000000000000000e+02 3.593991359363902660e+01 3.518797262304425999e+01 1.000000000000000000e+00 1.000000000000000000e+00 1.000000000000000000e+00
4.540000000000000000e+02 3.593991359363902660e+01 3.518933625940804433e+01 1.000000000000000000e+00 1.000000000000000000e+00 1.000000000000000000e+00
4.550000000000000000e+02 3.593991359363903371e+01 3.519069989577181445e+01 1.000000000000000000e+00 1.000000000000000000e+00 1.000000000000000000e+00
4.560000000000000000e+02 3.593991359363901950e+01 3.519206353213560590e+01 1.000000000000000000e+00 1.000000000000000000e+00 1.000000000000000000e+00
4.570000000000000000e+02 3.593991359363902660e+01 3.519342716849939734e+01 1.000000000000000000e+00 1.000000000000000000e+00 1.000000000000000000e+00
4.580000000000000000e+02 3.593991359363902660e+01 3.519479080486316747e+01 1.000000000000000000e+00 1.000000000000000000e+00 1.000000000000000000e+00
4.590000000000000000e+02 3.593991359363902660e+01 3.519615444122695180e+01 1.000000000000000000e+00 1.000000000000000000e+00 1.000000000000000000e+00
4.600000000000000000e+02 3.593991359363903371e+01 3.519751807759072904e+01 1.000000000000000000e+00 1.000000000000000000e+00 1.000000000000000000e+00
4.610000000000000000e+02 3.593991359363902660e+01 3.519888171395450627e+01 1.000000000000000000e+00 1.000000000000000000e+00 1.000000000000000000e+00
4.620000000000000000e+02 3.593991359363901950e+01 3.520024535031829060e+01 1.000000000000000000e+00 1.000000000000000000e+00 1.000000000000000000e+00
4.630000000000000000e+02 3.593991359363902660e+01 3.520160898668207494e+01 1.000000000000000000e+00 1.000000000000000000e+00 1.000000000000000000e+00
4.640000000000000000e+02 3.593991359363903371e+01 3.520297262304585217e+01 1.000000000000000000e+00 1.000000000000000000e+00 1.000000000000000000e+00
4.650000000000000000e+02 3.593991359363902660e+01 3.520433625940963651e+01 1.000000000000000000e+00 1.000000000000000000e+00 1.000000000000000000e+00
4.660000000000000000e+02 3.593991359363902660e+01 3.520569989577340664e+01 nan 1.000000000000000000e+00 nan
4.670000000000000000e+02 3.593991359363901950e+01 3.520706353213719808e+01 1.000000000000000000e+00 1.000000000000000000e+00 1.000000000000000000e+00
4.680000000000000000e+02 3.594127723000266883e+01 3.517297262304266781e+01 nan nan nan
4.690000000000000000e+02 3.594127723000266883e+01 3.517433625940645214e+01 nan nan nan
4.700000000000000000e+02 3.594127723000266883e+01 3.517569989577022227e+01 nan nan nan
4.710000000000000000e+02 3.594127723000266883e+01 3.517706353213402082e+01 nan nan nan
4.720000000000000000e+02 3.594127723000266883e+01 3.517842716849779094e+01 nan nan nan
4.730000000000000000e+02 3.594127723000266883e+01 3.517979080486156818e+01 1.000000000000000000e+00 nan nan
4.740000000000000000e+02 3.594127723000266883e+01 3.518115444122536672e+01 1.000000000000000000e+00 nan nan
4.750000000000000000e+02 3.594127723000265462e+01 3.518251807758912975e+01 nan nan nan
4.760000000000000000e+02 3.594127723000266883e+01 3.518388171395291408e+01 1.000000000000000000e+00 1.000000000000000000e+00 1.000000000000000000e+00
4.770000000000000000e+02 3.594127723000266883e+01 3.518524535031669842e+01 1.000000000000000000e+00 1.000000000000000000e+00 1.000000000000000000e+00
4.780000000000000000e+02 3.594127723000266883e+01 3.518660898668048986e+01 1.000000000000000000e+00 1.000000000000000000e+00 1.000000000000000000e+00
4.790000000000000000e+02 3.594127723000266883e+01 3.518797262304425999e+01 1.000000000000000000e+00 1.000000000000000000e+00 1.000000000000000000e+00
4.800000000000000000e+02 3.594127723000266883e+01 3.518933625940803722e+01 1.000000000000000000e+00 1.000000000000000000e+00 1.000000000000000000e+00
4.810000000000000000e+02 3.594127723000266883e+01 3.519069989577181445e+01 1.000000000000000000e+00 1.000000000000000000e+00 1.000000000000000000e+00
4.820000000000000000e+02 3.594127723000266883e+01 3.519206353213560590e+01 1.000000000000000000e+00 1.000000000000000000e+00 1.000000000000000000e+00
4.830000000000000000e+02 3.594127723000266883e+01 3.519342716849939023e+01 1.000000000000000000e+00 1.000000000000000000e+00 1.000000000000000000e+00
4.840000000000000000e+02 3.594127723000266883e+01 3.519479080486316747e+01 1.000000000000000000e+00 1.000000000000000000e+00 1.000000000000000000e+00
4.850000000000000000e+02 3.594127723000266172e+01 3.519615444122695180e+01 1.000000000000000000e+00 1.000000000000000000e+00 1.000000000000000000e+00
4.860000000000000000e+02 3.594127723000266883e+01 3.519751807759072904e+01 1.000000000000000000e+00 1.000000000000000000e+00 1.000000000000000000e+00
4.870000000000000000e+02 3.594127723000266883e+01 3.519888171395450627e+01 1.000000000000000000e+00 1.000000000000000000e+00 1.000000000000000000e+00
4.880000000000000000e+02 3.594127723000266172e+01 3.520024535031829060e+01 1.000000000000000000e+00 1.000000000000000000e+00 1.000000000000000000e+00
4.890000000000000000e+02 3.594127723000266172e+01 3.520160898668206784e+01 1.000000000000000000e+00 1.000000000000000000e+00 1.000000000000000000e+00
4.900000000000000000e+02 3.594127723000266883e+01 3.520297262304585217e+01 1.000000000000000000e+00 1.000000000000000000e+00 1.000000000000000000e+00
4.910000000000000000e+02 3.594127723000266883e+01 3.520433625940963651e+01 nan 1.000000000000000000e+00 nan
4.920000000000000000e+02 3.594127723000266172e+01 3.520569989577340664e+01 nan 1.000000000000000000e+00 nan
4.930000000000000000e+02 3.594127723000266883e+01 3.520706353213719098e+01 1.000000000000000000e+00 1.000000000000000000e+00 1.000000000000000000e+00
4.940000000000000000e+02 3.594264086636629685e+01 3.517297262304266781e+01 nan nan nan
4.950000000000000000e+02 3.594264086636630395e+01 3.517433625940645214e+01 nan nan nan
4.960000000000000000e+02 3.594264086636630395e+01 3.517569989577023648e+01 nan nan nan
4.970000000000000000e+02 3.594264086636630395e+01 3.517706353213401371e+01 nan nan nan
4.980000000000000000e+02 3.594264086636628974e+01 3.517842716849779094e+01 nan nan nan
4.990000000000000000e+02 3.594264086636629685e+01 3.517979080486157528e+01 nan nan nan
5.000000000000000000e+02 3.594264086636629685e+01 3.518115444122536672e+01 nan nan nan
5.010000000000000000e+02 3.594264086636629685e+01 3.518251807758912975e+01 nan nan nan
5.020000000000000000e+02 3.594264086636629685e+01 3.518388171395292119e+01 1.000000000000000000e+00 nan nan
5.030000000000000000e+02 3.594264086636630395e+01 3.518524535031669132e+01 1.000000000000000000e+00 nan nan
5.040000000000000000e+02 3.594264086636628974e+01 3.518660898668048986e+01 1.000000000000000000e+00 1.000000000000000000e+00 1.000000000000000000e+00
5.050000000000000000e+02 3.594264086636630395e+01 3.518797262304425999e+01 1.000000000000000000e+00 1.000000000000000000e+00 1.000000000000000000e+00
5.060000000000000000e+02 3.594264086636629685e+01 3.518933625940804433e+01 1.000000000000000000e+00 1.000000000000000000e+00 1.000000000000000000e+00
5.070000000000000000e+02 3.594264086636630395e+01 3.519069989577181445e+01 1.000000000000000000e+00 1.000000000000000000e+00 1.000000000000000000e+00
5.080000000000000000e+02 3.594264086636630395e+01 3.519206353213560590e+01 1.000000000000000000e+00 1.000000000000000000e+00 1.000000000000000000e+00
5.090000000000000000e+02 3.594264086636630395e+01 3.519342716849939734e+01 1.000000000000000000e+00 1.000000000000000000e+00 1.000000000000000000e+00
5.100000000000000000e+02 3.594264086636630395e+01 3.519479080486316747e+01 1.000000000000000000e+00 1.000000000000000000e+00 1.000000000000000000e+00
5.110000000000000000e+02 3.594264086636630395e+01 3.519615444122695180e+01 1.000000000000000000e+00 1.000000000000000000e+00 1.000000000000000000e+00
5.120000000000000000e+02 3.594264086636629685e+01 3.519751807759072904e+01 1.000000000000000000e+00 1.000000000000000000e+00 1.000000000000000000e+00
5.130000000000000000e+02 3.594264086636628974e+01 3.519888171395450627e+01 1.000000000000000000e+00 1.000000000000000000e+00 1.000000000000000000e+00
5.140000000000000000e+02 3.594264086636629685e+01 3.520024535031829060e+01 1.000000000000000000e+00 1.000000000000000000e+00 1.000000000000000000e+00
5.150000000000000000e+02 3.594264086636630395e+01 3.520160898668207494e+01 1.000000000000000000e+00 1.000000000000000000e+00 1.000000000000000000e+00
5.160000000000000000e+02 3.594264086636630395e+01 3.520297262304585217e+01 nan 1.000000000000000000e+00 nan
5.170000000000000000e+02 3.594264086636629685e+01 3.520433625940963651e+01 nan 1.000000000000000000e+00 nan
5.180000000000000000e+02 3.594264086636630395e+01 3.520569989577340664e+01 1.000000000000000000e+00 1.000000000000000000e+00 1.000000000000000000e+00
5.190000000000000000e+02 3.594264086636630395e+01 3.520706353213719808e+01 nan 1.000000000000000000e+00 nan
5.200000000000000000e+02 3.594400450272993197e+01 3.517297262304266781e+01 nan nan nan
5.210000000000000000e+02 3.594400450272993908e+01 3.517433625940645214e+01 nan nan nan
5.220000000000000000e+02 3.594400450272993908e+01 3.517569989577022227e+01 nan nan nan
5.230000000000000000e+02 3.594400450272993908e+01 3.517706353213402082e+01 nan nan nan
5.240000000000000000e+02 3.594400450272993908e+01 3.517842716849779094e+01 nan nan nan
5.250000000000000000e+02 3.594400450272993197e+01 3.517979080486156818e+01 nan nan nan
5.260000000000000000e+02 3.594400450272993908e+01 3.518115444122536672e+01 nan nan nan
5.270000000000000000e+02 3.594400450272993908e+01 3.518251807758912975e+01 1.000000000000000000e+00 nan nan
5.280000000000000000e+02 3.594400450272993197e+01 3.518388171395291408e+01 nan nan nan
5.290000000000000000e+02 3.594400450272993908e+01 3.518524535031669842e+01 1.000000000000000000e+00 nan nan
5.300000000000000000e+02 3.594400450272992487e+01 3.518660898668048986e+01 1.000000000000000000e+00 nan nan
5.310000000000000000e+02 3.594400450272993908e+01 3.518797262304425999e+01 1.000000000000000000e+00 1.000000000000000000e+00 1.000000000000000000e+00
5.320000000000000000e+02 3.594400450272993908e+01 3.518933625940803722e+01 nan 1.000000000000000000e+00 nan
5.330000000000000000e+02 3.594400450272993908e+01 3.519069989577181445e+01 1.000000000000000000e+00 1.000000000000000000e+00 1.000000000000000000e+00
5.340000000000000000e+02 3.594400450272993908e+01 3.519206353213560590e+01 1.000000000000000000e+00 1.000000000000000000e+00 1.000000000000000000e+00
5.350000000000000000e+02 3.594400450272993908e+01 3.519342716849939023e+01 1.000000000000000000e+00 1.000000000000000000e+00 1.000000000000000000e+00
5.360000000000000000e+02 3.594400450272993908e+01 3.519479080486316747e+01 1.000000000000000000e+00 1.000000000000000000e+00 1.000000000000000000e+00
5.370000000000000000e+02 3.594400450272993908e+01 3.519615444122695180e+01 1.000000000000000000e+00 1.000000000000000000e+00 1.000000000000000000e+00
5.380000000000000000e+02 3.594400450272993197e+01 3.519751807759072904e+01 1.000000000000000000e+00 1.000000000000000000e+00 1.000000000000000000e+00
5.390000000000000000e+02 3.594400450272993908e+01 3.519888171395450627e+01 1.000000000000000000e+00 1.000000000000000000e+00 1.000000000000000000e+00
5.400000000000000000e+02 3.594400450272993908e+01 3.520024535031829060e+01 1.000000000000000000e+00 1.000000000000000000e+00 1.000000000000000000e+00
5.410000000000000000e+02 3.594400450272993908e+01 3.520160898668206784e+01 1.000000000000000000e+00 1.000000000000000000e+00 1.000000000000000000e+00
5.420000000000000000e+02 3.594400450272993197e+01 3.520297262304585217e+01 1.000000000000000000e+00 1.000000000000000000e+00 1.000000000000000000e+00
5.430000000000000000e+02 3.594400450272993908e+01 3.520433625940963651e+01 nan 1.000000000000000000e+00 nan
5.440000000000000000e+02 3.594400450272993908e+01 3.520569989577340664e+01 nan 1.000000000000000000e+00 nan
5.450000000000000000e+02 3.594400450272993908e+01 3.520706353213719098e+01 nan 1.000000000000000000e+00 nan
5.460000000000000000e+02 3.594536813909357420e+01 3.517297262304266781e+01 nan nan nan
5.470000000000000000e+02 3.594536813909357420e+01 3.517433625940645214e+01 nan nan nan
5.480000000000000000e+02 3.594536813909357420e+01 3.517569989577022227e+01 nan nan nan
5.490000000000000000e+02 3.594536813909357420e+01 3.517706353213402082e+01 nan nan nan
5.500000000000000000e+02 3.594536813909357420e+01 3.517842716849779094e+01 nan nan nan
5.510000000000000000e+02 3.594536813909357420e+01 3.517979080486156818e+01 nan nan nan
5.520000000000000000e+02 3.594536813909357420e+01 3.518115444122536672e+01 nan nan nan
5.530000000000000000e+02 3.594536813909357420e+01 3.518251807758912975e+01 nan nan nan
5.540000000000000000e+02 3.594536813909357420e+01 3.518388171395291408e+01 nan nan nan
5.550000000000000000e+02 3.594536813909357420e+01 3.518524535031669842e+01 nan nan nan
5.560000000000000000e+02 3.594536813909357420e+01 3.518660898668048986e+01 nan nan nan
5.570000000000000000e+02 3.594536813909357420e+01 3.518797262304425999e+01 nan 1.000000000000000000e+00 nan
5.580000000000000000e+02 3.594536813909357420e+01 3.518933625940803722e+01 nan 1.000000000000000000e+00 nan
5.590000000000000000e+02 3.594536813909357420e+01 3.519069989577181445e+01 1.000000000000000000e+00 1.000000000000000000e+00 1.000000000000000000e+00
5.600000000000000000e+02 3.594536813909357420e+01 3.519206353213560590e+01 1.000000000000000000e+00 1.000000000000000000e+00 1.000000000000000000e+00
5.610000000000000000e+02 3.594536813909357420e+01 3.519342716849939023e+01 nan 1.000000000000000000e+00 nan
5.620000000000000000e+02 3.594536813909357420e+01 3.519479080486316747e+01 1.000000000000000000e+00 1.000000000000000000e+00 1.000000000000000000e+00
5.630000000000000000e+02 3.594536813909358131e+01 3.519615444122695180e+01 1.000000000000000000e+00 1.000000000000000000e+00 1.000000000000000000e+00
5.640000000000000000e+02 3.594536813909357420e+01 3.519751807759072904e+01 1.000000000000000000e+00 1.000000000000000000e+00 1.000000000000000000e+00
5.650000000000000000e+02 3.594536813909357420e+01 3.519888171395450627e+01 1.000000000000000000e+00 1.000000000000000000e+00 1.000000000000000000e+00
5.660000000000000000e+02 3.594536813909357420e+01 3.520024535031829060e+01 1.000000000000000000e+00 1.000000000000000000e+00 1.000000000000000000e+00
5.670000000000000000e+02 3.594536813909357420e+01 3.520160898668206784e+01 1.000000000000000000e+00 1.000000000000000000e+00 1.000000000000000000e+00
5.680000000000000000e+02 3.594536813909357420e+01 3.520297262304585217e+01 1.000000000000000000e+00 1.000000000000000000e+00 1.000000000000000000e+00
5.690000000000000000e+02 3.594536813909357420e+01 3.520433625940963651e+01 nan 1.000000000000000000e+00 nan
5.700000000000000000e+02 3.594536813909357420e+01 3.520569989577340664e+01 1.000000000000000000e+00 1.000000000000000000e+00 1.000000000000000000e+00
5.710000000000000000e+02 3.594536813909357420e+01 3.520706353213719098e+01 1.000000000000000000e+00 1.000000000000000000e+00 1.000000000000000000e+00
5.720000000000000000e+02 3.594673177545721643e+01 3.517297262304266781e+01 nan nan nan
5.730000000000000000e+02 3.594673177545721643e+01 3.517433625940645214e+01 nan nan nan
5.740000000000000000e+02 3.594673177545721643e+01 3.517569989577023648e+01 nan nan nan
5.750000000000000000e+02 3.594673177545720932e+01 3.517706353213401371e+01 nan nan nan
5.760000000000000000e+02 3.594673177545720932e+01 3.517842716849779094e+01 nan nan nan
5.770000000000000000e+02 3.594673177545720932e+01 3.517979080486157528e+01 nan nan nan
5.780000000000000000e+02 3.594673177545721643e+01 3.518115444122536672e+01 nan nan nan
5.790000000000000000e+02 3.594673177545720932e+01 3.518251807758912975e+01 nan nan nan
5.800000000000000000e+02 3.594673177545720932e+01 3.518388171395292119e+01 nan nan nan
5.810000000000000000e+02 3.594673177545720932e+01 3.518524535031669132e+01 nan nan nan
5.820000000000000000e+02 3.594673177545720932e+01 3.518660898668048986e+01 nan nan nan
5.830000000000000000e+02 3.594673177545720932e+01 3.518797262304425999e+01 1.000000000000000000e+00 1.000000000000000000e+00 1.000000000000000000e+00
5.840000000000000000e+02 3.594673177545721643e+01 3.518933625940804433e+01 1.000000000000000000e+00 1.000000000000000000e+00 1.000000000000000000e+00
5.850000000000000000e+02 3.594673177545720932e+01 3.519069989577181445e+01 1.000000000000000000e+00 1.000000000000000000e+00 1.000000000000000000e+00
5.860000000000000000e+02 3.594673177545720932e+01 3.519206353213560590e+01 1.000000000000000000e+00 1.000000000000000000e+00 1.000000000000000000e+00
5.870000000000000000e+02 3.594673177545721643e+01 3.519342716849939734e+01 1.000000000000000000e+00 1.000000000000000000e+00 1.000000000000000000e+00
5.880000000000000000e+02 3.594673177545720932e+01 3.519479080486316747e+01 1.000000000000000000e+00 1.000000000000000000e+00 1.000000000000000000e+00
5.890000000000000000e+02 3.594673177545720932e+01 3.519615444122695180e+01 1.000000000000000000e+00 1.000000000000000000e+00 1.000000000000000000e+00
5.900000000000000000e+02 3.594673177545721643e+01 3.519751807759072904e+01 1.000000000000000000e+00 1.000000000000000000e+00 1.000000000000000000e+00
5.910000000000000000e+02 3.594673177545720932e+01 3.519888171395450627e+01 1.000000000000000000e+00 1.000000000000000000e+00 1.000000000000000000e+00
5.920000000000000000e+02 3.594673177545720932e+01 3.520024535031829060e+01 nan 1.000000000000000000e+00 nan
5.930000000000000000e+02 3.594673177545720932e+01 3.520160898668207494e+01 nan 1.000000000000000000e+00 nan
5.940000000000000000e+02 3.594673177545721643e+01 3.520297262304585217e+01 1.000000000000000000e+00 1.000000000000000000e+00 1.000000000000000000e+00
5.950000000000000000e+02 3.594673177545720932e+01 3.520433625940963651e+01 nan 1.000000000000000000e+00 nan
5.960000000000000000e+02 3.594673177545721643e+01 3.520569989577340664e+01 nan 1.000000000000000000e+00 nan
5.970000000000000000e+02 3.594673177545721643e+01 3.520706353213719808e+01 nan 1.000000000000000000e+00 nan
5.980000000000000000e+02 3.594809541182084445e+01 3.517297262304266781e+01 nan nan nan
5.990000000000000000e+02 3.594809541182084445e+01 3.517433625940645214e+01 nan nan nan
6.000000000000000000e+02 3.594809541182084445e+01 3.517569989577023648e+01 nan nan nan
6.010000000000000000e+02 3.594809541182085155e+01 3.517706353213401371e+01 nan nan nan
6.020000000000000000e+02 3.594809541182084445e+01 3.517842716849779094e+01 nan nan nan
6.030000000000000000e+02 3.594809541182083734e+01 3.517979080486157528e+01 nan nan nan
6.040000000000000000e+02 3.594809541182085155e+01 3.518115444122536672e+01 nan nan nan
6.050000000000000000e+02 3.594809541182085155e+01 3.518251807758912975e+01 nan nan nan
6.060000000000000000e+02 3.594809541182085155e+01 3.518388171395292119e+01 nan nan nan
6.070000000000000000e+02 3.594809541182084445e+01 3.518524535031669132e+01 nan nan nan
6.080000000000000000e+02 3.594809541182083734e+01 3.518660898668048986e+01 nan nan nan
6.090000000000000000e+02 3.594809541182084445e+01 3.518797262304425999e+01 nan nan nan
6.100000000000000000e+02 3.594809541182084445e+01 3.518933625940804433e+01 nan 1.000000000000000000e+00 nan
6.110000000000000000e+02 3.594809541182085155e+01 3.519069989577181445e+01 1.000000000000000000e+00 1.000000000000000000e+00 1.000000000000000000e+00
6.120000000000000000e+02 3.594809541182084445e+01 3.519206353213560590e+01 1.000000000000000000e+00 1.000000000000000000e+00 1.000000000000000000e+00
6.130000000000000000e+02 3.594809541182083734e+01 3.519342716849939734e+01 nan 1.000000000000000000e+00 nan
6.140000000000000000e+02 3.594809541182085155e+01 3.519479080486316747e+01 nan 1.000000000000000000e+00 nan
6.150000000000000000e+02 3.594809541182083734e+01 3.519615444122695180e+01 nan 1.000000000000000000e+00 nan
6.160000000000000000e+02 3.594809541182084445e+01 3.519751807759072904e+01 1.000000000000000000e+00 1.000000000000000000e+00 1.000000000000000000e+00
6.170000000000000000e+02 3.594809541182084445e+01 3.519888171395450627e+01 1.000000000000000000e+00 1.000000000000000000e+00 1.000000000000000000e+00
6.180000000000000000e+02 3.594809541182084445e+01 3.520024535031829060e+01 nan 1.000000000000000000e+00 nan
6.190000000000000000e+02 3.594809541182084445e+01 3.520160898668207494e+01 1.000000000000000000e+00 1.000000000000000000e+00 1.000000000000000000e+00
6.200000000000000000e+02 3.594809541182084445e+01 3.520297262304585217e+01 nan 1.000000000000000000e+00 nan
6.210000000000000000e+02 3.594809541182084445e+01 3.520433625940963651e+01 nan 1.000000000000000000e+00 nan
6.220000000000000000e+02 3.594809541182085155e+01 3.520569989577340664e+01 nan 1.000000000000000000e+00 nan
6.230000000000000000e+02 3.594809541182084445e+01 3.520706353213719808e+01 nan 1.000000000000000000e+00 nan
6.240000000000000000e+02 3.594945904818447957e+01 3.517297262304266781e+01 nan nan nan
6.250000000000000000e+02 3.594945904818447957e+01 3.517433625940645214e+01 nan nan nan
6.260000000000000000e+02 3.594945904818447957e+01 3.517569989577022227e+01 nan nan nan
6.270000000000000000e+02 3.594945904818447957e+01 3.517706353213402082e+01 nan nan nan
6.280000000000000000e+02 3.594945904818447957e+01 3.517842716849779094e+01 nan nan nan
6.290000000000000000e+02 3.594945904818447246e+01 3.517979080486156818e+01 nan nan nan
6.300000000000000000e+02 3.594945904818447957e+01 3.518115444122536672e+01 nan nan nan
6.310000000000000000e+02 3.594945904818447957e+01 3.518251807758912975e+01 nan nan nan
6.320000000000000000e+02 3.594945904818447957e+01 3.518388171395291408e+01 nan nan nan
6.330000000000000000e+02 3.594945904818447246e+01 3.518524535031669842e+01 1.000000000000000000e+00 nan nan
6.340000000000000000e+02 3.594945904818447246e+01 3.518660898668048986e+01 nan nan nan
6.350000000000000000e+02 3.594945904818447957e+01 3.518797262304425999e+01 nan nan nan
6.360000000000000000e+02 3.594945904818447246e+01 3.518933625940803722e+01 nan 1.000000000000000000e+00 nan
6.370000000000000000e+02 3.594945904818447246e+01 3.519069989577181445e+01 nan 1.000000000000000000e+00 nan
6.380000000000000000e+02 3.594945904818447957e+01 3.519206353213560590e+01 nan 1.000000000000000000e+00 nan
6.390000000000000000e+02 3.594945904818447957e+01 3.519342716849939023e+01 1.000000000000000000e+00 1.000000000000000000e+00 1.000000000000000000e+00
6.400000000000000000e+02 3.594945904818447246e+01 3.519479080486316747e+01 nan 1.000000000000000000e+00 nan
6.410000000000000000e+02 3.594945904818447957e+01 3.519615444122695180e+01 nan 1.000000000000000000e+00 nan
6.420000000000000000e+02 3.594945904818447246e+01 3.519751807759072904e+01 1.000000000000000000e+00 1.000000000000000000e+00 1.000000000000000000e+00
6.430000000000000000e+02 3.594945904818447246e+01 3.519888171395450627e+01 nan 1.000000000000000000e+00 nan
6.440000000000000000e+02 3.594945904818447957e+01 3.520024535031829060e+01 1.000000000000000000e+00 1.000000000000000000e+00 1.000000000000000000e+00
6.450000000000000000e+02 3.594945904818447957e+01 3.520160898668206784e+01 nan 1.000000000000000000e+00 nan
6.460000000000000000e+02 3.594945904818447957e+01 3.520297262304585217e+01 nan 1.000000000000000000e+00 nan
6.470000000000000000e+02 3.594945904818447246e+01 3.520433625940963651e+01 nan 1.000000000000000000e+00 nan
6.480000000000000000e+02 3.594945904818447957e+01 3.520569989577340664e+01 1.000000000000000000e+00 1.000000000000000000e+00 1.000000000000000000e+00
6.490000000000000000e+02 3.594945904818447957e+01 3.520706353213719098e+01 nan 1.000000000000000000e+00 nan
6.500000000000000000e+02 3.595082268454811469e+01 3.517297262304266781e+01 nan nan nan
6.510000000000000000e+02 3.595082268454812890e+01 3.517433625940645214e+01 nan nan nan
6.520000000000000000e+02 3.595082268454812180e+01 3.517569989577022227e+01 nan nan nan
6.530000000000000000e+02 3.595082268454812180e+01 3.517706353213401371e+01 nan nan nan
6.540000000000000000e+02 3.595082268454812180e+01 3.517842716849779094e+01 nan nan nan
6.550000000000000000e+02 3.595082268454811469e+01 3.517979080486156818e+01 nan nan nan
6.560000000000000000e+02 3.595082268454812890e+01 3.518115444122535962e+01 nan nan nan
6.570000000000000000e+02 3.595082268454812890e+01 3.518251807758913685e+01 nan nan nan
6.580000000000000000e+02 3.595082268454812180e+01 3.518388171395291408e+01 nan nan nan
6.590000000000000000e+02 3.595082268454811469e+01 3.518524535031669842e+01 nan nan nan
6.600000000000000000e+02 3.595082268454812180e+01 3.518660898668048986e+01 nan nan nan
6.610000000000000000e+02 3.595082268454812180e+01 3.518797262304425999e+01 nan nan nan
6.620000000000000000e+02 3.595082268454812180e+01 3.518933625940804433e+01 nan nan nan
6.630000000000000000e+02 3.595082268454811469e+01 3.519069989577182866e+01 nan 1.000000000000000000e+00 nan
6.640000000000000000e+02 3.595082268454812180e+01 3.519206353213560590e+01 nan 1.000000000000000000e+00 nan
6.650000000000000000e+02 3.595082268454811469e+01 3.519342716849939734e+01 nan 1.000000000000000000e+00 nan
6.660000000000000000e+02 3.595082268454812180e+01 3.519479080486317457e+01 nan 1.000000000000000000e+00 nan
6.670000000000000000e+02 3.595082268454812890e+01 3.519615444122695180e+01 nan 1.000000000000000000e+00 nan
6.680000000000000000e+02 3.595082268454811469e+01 3.519751807759072904e+01 nan 1.000000000000000000e+00 nan
6.690000000000000000e+02 3.595082268454812180e+01 3.519888171395450627e+01 nan 1.000000000000000000e+00 nan
6.700000000000000000e+02 3.595082268454811469e+01 3.520024535031829060e+01 nan 1.000000000000000000e+00 nan
6.710000000000000000e+02 3.595082268454812180e+01 3.520160898668207494e+01 1.000000000000000000e+00 1.000000000000000000e+00 1.000000000000000000e+00
6.720000000000000000e+02 3.595082268454812180e+01 3.520297262304585217e+01 nan 1.000000000000000000e+00 nan
6.730000000000000000e+02 3.595082268454812180e+01 3.520433625940963651e+01 nan 1.000000000000000000e+00 nan
6.740000000000000000e+02 3.595082268454812180e+01 3.520569989577340664e+01 nan 1.000000000000000000e+00 nan
6.750000000000000000e+02 3.595082268454812890e+01 3.520706353213719098e+01 nan 1.000000000000000000e+00 nan
