1.000000000000000000e+00 6.866319444444444198e-01
3.000000000000000000e+00 7.573785870637191886e-01
5.000000000000000000e+00 7.932885638496662839e-01
7.000000000000000000e+00 8.190237034373953895e-01
9.000000000000000000e+00 8.404920417520607145e-01
1.100000000000000000e+01 8.592959940846954803e-01
1.300000000000000000e+01 8.759149221258369922e-01
1.500000000000000000e+01 8.904538698433028809e-01
1.700000000000000000e+01 9.032360127093050917e-01
1.900000000000000000e+01 9.144240800356078225e-01
2.100000000000000000e+01 9.239616166247223150e-01
2.300000000000000000e+01 9.319826123054771871e-01
2.500000000000000000e+01 9.385575590648573829e-01
2.700000000000000000e+01 9.440052981212680994e-01
2.900000000000000000e+01 9.485423388590839000e-01
3.100000000000000000e+01 9.522949550996568924e-01
3.300000000000000000e+01 9.554038453287890809e-01
3.500000000000000000e+01 9.579855826978550537e-01
3.700000000000000000e+01 9.601999408630558230e-01
3.900000000000000000e+01 9.620608788087682273e-01
4.100000000000000000e+01 9.635729779750232815e-01
4.300000000000000000e+01 9.647967218518902488e-01
4.500000000000000000e+01 9.657844222718032778e-01
4.700000000000000000e+01 9.666749359034486622e-01
4.900000000000000000e+01 9.675380542624728575e-01
5.100000000000000000e+01 9.684646546515905952e-01
5.300000000000000000e+01 9.694809614900617989e-01
5.500000000000000000e+01 9.705174071734234964e-01
5.700000000000000000e+01 9.715726477863032562e-01
5.900000000000000000e+01 9.726669897501559747e-01
6.100000000000000000e+01 9.737332775255652662e-01
6.300000000000000000e+01 9.747925514777782130e-01
6.500000000000000000e+01 9.758423774320601485e-01
6.700000000000000000e+01 9.768497452457512997e-01
6.900000000000000000e+01 9.777312869088879976e-01
7.100000000000000000e+01 9.785187280653601105e-01
7.300000000000000000e+01 9.791698091523965974e-01
7.500000000000000000e+01 9.796805538804299607e-01
7.700000000000000000e+01 9.800551594645149356e-01
7.900000000000000000e+01 9.803156122390862537e-01
8.100000000000000000e+01 9.804970061105331425e-01
8.300000000000000000e+01 9.806198486960534533e-01
8.500000000000000000e+01 9.806995482167742972e-01
8.700000000000000000e+01 9.807715150628681933e-01
8.900000000000000000e+01 9.808987744680064402e-01
9.100000000000000000e+01 9.810297672136168989e-01
9.300000000000000000e+01 9.811701757904714993e-01
9.500000000000000000e+01 9.813204900715128964e-01
9.700000000000000000e+01 9.814710285667977985e-01
9.900000000000000000e+01 9.816243402629361015e-01
1.010000000000000000e+02 9.817807817845474183e-01
1.030000000000000000e+02 9.818936454636596478e-01
1.050000000000000000e+02 9.819665024320717306e-01
1.070000000000000000e+02 9.820008586990401911e-01
1.090000000000000000e+02 9.820050172170070590e-01
1.110000000000000000e+02 9.819840763123137695e-01
1.130000000000000000e+02 9.819424857658014538e-01
1.150000000000000000e+02 9.818821602229423906e-01
1.170000000000000000e+02 9.818040297354571067e-01
1.190000000000000000e+02 9.817171309385154254e-01
1.210000000000000000e+02 9.816246042641489922e-01
1.230000000000000000e+02 9.815295371493607535e-01
1.250000000000000000e+02 9.814408287439165823e-01
1.270000000000000000e+02 9.813612690555189033e-01
1.290000000000000000e+02 9.813037289581074685e-01
1.310000000000000000e+02 9.812726925281868295e-01
1.330000000000000000e+02 9.812726925281866075e-01
1.350000000000000000e+02 9.812726925281867185e-01
1.370000000000000000e+02 9.812726925281862744e-01
1.390000000000000000e+02 9.812726925281858303e-01
1.410000000000000000e+02 9.812726925281863855e-01
1.430000000000000000e+02 9.812726925281861634e-01
1.450000000000000000e+02 9.812726925281862744e-01
1.470000000000000000e+02 9.812726925281868295e-01
1.490000000000000000e+02 9.812726925281862744e-01
