1.000000000000000000e+00 2.939927481788728869e-04
3.000000000000000000e+00 3.340713348652935011e-04
5.000000000000000000e+00 3.704021089493414465e-04
7.000000000000000000e+00 4.090268837758648246e-04
9.000000000000000000e+00 4.364003126977600289e-04
1.100000000000000000e+01 4.555543617381641042e-04
1.300000000000000000e+01 4.685894881201191353e-04
1.500000000000000000e+01 4.784684721956811160e-04
1.700000000000000000e+01 4.872442085678274637e-04
1.900000000000000000e+01 4.959246863164290531e-04
2.100000000000000000e+01 5.044911357968695498e-04
2.300000000000000000e+01 5.122121389152800575e-04
2.500000000000000000e+01 5.187972560667386546e-04
2.700000000000000000e+01 5.244306624295758112e-04
2.900000000000000000e+01 5.294101123831662647e-04
3.100000000000000000e+01 5.337816224940672427e-04
3.300000000000000000e+01 5.375327015667563657e-04
3.500000000000000000e+01 5.407285970489006388e-04
3.700000000000000000e+01 5.435509292522899827e-04
3.900000000000000000e+01 5.460521841249565966e-04
4.100000000000000000e+01 5.481905521129704084e-04
4.300000000000000000e+01 5.500392786836894032e-04
4.500000000000000000e+01 5.516955412151469673e-04
4.700000000000000000e+01 5.532499666692780593e-04
4.900000000000000000e+01 5.547524816971183270e-04
5.100000000000000000e+01 5.562440246269506616e-04
5.300000000000000000e+01 5.577423348848142837e-04
5.500000000000000000e+01 5.592902399117472001e-04
5.700000000000000000e+01 5.609114931558467632e-04
5.900000000000000000e+01 5.625827935095140120e-04
6.100000000000000000e+01 5.642613405073548805e-04
6.300000000000000000e+01 5.659488821448954710e-04
6.500000000000000000e+01 5.676408274759570105e-04
6.700000000000000000e+01 5.692791534698260492e-04
6.900000000000000000e+01 5.708771622398023382e-04
7.100000000000000000e+01 5.724646761419149854e-04
7.300000000000000000e+01 5.740931898385870369e-04
7.500000000000000000e+01 5.758419078203402819e-04
7.700000000000000000e+01 5.777119010722531200e-04
7.900000000000000000e+01 5.797025780336362288e-04
8.100000000000000000e+01 5.818147990376276724e-04
8.300000000000000000e+01 5.840374716754581641e-04
8.500000000000000000e+01 5.863714734648528548e-04
8.700000000000000000e+01 5.888264635457440832e-04
8.900000000000000000e+01 5.914092006525928369e-04
9.100000000000000000e+01 5.940970832362113541e-04
9.300000000000000000e+01 5.968968946183927926e-04
9.500000000000000000e+01 5.998223908449951125e-04
9.700000000000000000e+01 6.028757194990186363e-04
9.900000000000000000e+01 6.060327496950623782e-04
1.010000000000000000e+02 6.092680787288529132e-04
1.030000000000000000e+02 6.125740806381951842e-04
1.050000000000000000e+02 6.159645233233534967e-04
1.070000000000000000e+02 6.194808377668614696e-04
1.090000000000000000e+02 6.231308900711551857e-04
1.110000000000000000e+02 6.269090170204494328e-04
1.130000000000000000e+02 6.308388978295553784e-04
1.150000000000000000e+02 6.349204546430842200e-04
1.170000000000000000e+02 6.391371322933547816e-04
1.190000000000000000e+02 6.434785780433660562e-04
1.210000000000000000e+02 6.479448389662412211e-04
1.230000000000000000e+02 6.525439798888976739e-04
1.250000000000000000e+02 6.572839246894446319e-04
1.270000000000000000e+02 6.621718600557935375e-04
1.290000000000000000e+02 6.672197274185664995e-04
1.310000000000000000e+02 6.724240866531339123e-04
1.330000000000000000e+02 6.777653340390710213e-04
1.350000000000000000e+02 6.832213612046889040e-04
1.370000000000000000e+02 6.886315639610396389e-04
1.390000000000000000e+02 6.940043983927335347e-04
1.410000000000000000e+02 6.993705897221369483e-04
1.430000000000000000e+02 7.047542731277722794e-04
1.450000000000000000e+02 7.102939013527986845e-04
1.470000000000000000e+02 7.159810934745935995e-04
1.490000000000000000e+02 7.218237308025399201e-04
