1.000000000000000000e+00 1.591791865152070162e-01
3.000000000000000000e+00 1.802699560638889587e-01
5.000000000000000000e+00 1.895182184541157611e-01
7.000000000000000000e+00 1.941951919442123087e-01
9.000000000000000000e+00 1.970392219329859529e-01
1.100000000000000000e+01 1.990785183550974891e-01
1.300000000000000000e+01 2.007025102560947571e-01
1.500000000000000000e+01 2.020699336067739438e-01
1.700000000000000000e+01 2.033041157459244408e-01
1.900000000000000000e+01 2.045154906356797531e-01
2.100000000000000000e+01 2.057809576599779477e-01
2.300000000000000000e+01 2.071124631948318973e-01
2.500000000000000000e+01 2.085316886914645451e-01
2.700000000000000000e+01 2.100643031016398155e-01
2.900000000000000000e+01 2.117136453789199013e-01
3.100000000000000000e+01 2.134749055967977149e-01
3.300000000000000000e+01 2.153395848634270804e-01
3.500000000000000000e+01 2.173238547820258715e-01
3.700000000000000000e+01 2.194391864789799751e-01
3.900000000000000000e+01 2.216818376294287241e-01
4.100000000000000000e+01 2.240459394612499544e-01
4.300000000000000000e+01 2.265412219589232334e-01
4.500000000000000000e+01 2.291707539904851432e-01
4.700000000000000000e+01 2.319116928844542347e-01
4.900000000000000000e+01 2.347634196237537996e-01
5.100000000000000000e+01 2.377329544248574233e-01
5.300000000000000000e+01 2.408123482277421123e-01
5.500000000000000000e+01 2.440028615355906982e-01
5.700000000000000000e+01 2.472900935628333796e-01
5.900000000000000000e+01 2.506758531251227495e-01
6.100000000000000000e+01 2.541646603369941415e-01
6.300000000000000000e+01 2.577616606557721068e-01
6.500000000000000000e+01 2.614799194130854598e-01
6.700000000000000000e+01 2.653174402739726379e-01
6.900000000000000000e+01 2.692816983151594679e-01
7.100000000000000000e+01 2.733667148050757945e-01
7.300000000000000000e+01 2.775769174538342821e-01
7.500000000000000000e+01 2.819128938264321427e-01
7.700000000000000000e+01 2.863777426134106463e-01
7.900000000000000000e+01 2.909785171684925453e-01
8.100000000000000000e+01 2.957052588301469775e-01
8.300000000000000000e+01 3.005567988716572048e-01
8.500000000000000000e+01 3.055380235609701511e-01
8.700000000000000000e+01 3.106429150304682585e-01
8.900000000000000000e+01 3.158687489470828336e-01
9.100000000000000000e+01 3.212081645228918036e-01
9.300000000000000000e+01 3.266706943139188191e-01
9.500000000000000000e+01 3.322502283741118889e-01
9.700000000000000000e+01 3.379366517676618553e-01
9.900000000000000000e+01 3.437114572056205741e-01
1.010000000000000000e+02 3.495702366557473795e-01
1.030000000000000000e+02 3.555044013600721087e-01
1.050000000000000000e+02 3.615114308063341886e-01
1.070000000000000000e+02 3.676029586375962888e-01
1.090000000000000000e+02 3.737754114577348519e-01
1.110000000000000000e+02 3.800291031920064455e-01
1.130000000000000000e+02 3.863506780646286387e-01
1.150000000000000000e+02 3.927386252474390771e-01
1.170000000000000000e+02 3.991859803181473376e-01
1.190000000000000000e+02 4.056782248242506439e-01
1.210000000000000000e+02 4.122118140967492295e-01
1.230000000000000000e+02 4.187803766563636954e-01
1.250000000000000000e+02 4.253759466593354244e-01
1.270000000000000000e+02 4.319910919963276807e-01
1.290000000000000000e+02 4.386155424680620030e-01
1.310000000000000000e+02 4.452446103787709442e-01
1.330000000000000000e+02 4.518746434123043221e-01
1.350000000000000000e+02 4.585054585869688948e-01
1.370000000000000000e+02 4.651307154169271874e-01
1.390000000000000000e+02 4.717443840303272573e-01
1.410000000000000000e+02 4.783367187322419278e-01
1.430000000000000000e+02 4.849081572469341461e-01
1.450000000000000000e+02 4.914555638469728649e-01
1.470000000000000000e+02 4.979746379387719468e-01
1.490000000000000000e+02 5.044652288670142815e-01
