1.000000000000000000e+00 9.606531746721103104e-02
3.000000000000000000e+00 1.129921890622030967e-01
5.000000000000000000e+00 1.213041933466070255e-01
7.000000000000000000e+00 1.270060408468057789e-01
9.000000000000000000e+00 1.317800251899688968e-01
1.100000000000000000e+01 1.361560000240167323e-01
1.300000000000000000e+01 1.404320976791416653e-01
1.500000000000000000e+01 1.446087367174461180e-01
1.700000000000000000e+01 1.487433450962708514e-01
1.900000000000000000e+01 1.528430664441720044e-01
2.100000000000000000e+01 1.568640887889234392e-01
2.300000000000000000e+01 1.608067678600317851e-01
2.500000000000000000e+01 1.646740170263866210e-01
2.700000000000000000e+01 1.684830897826335994e-01
2.900000000000000000e+01 1.722330229231113785e-01
3.100000000000000000e+01 1.759107625889644311e-01
3.300000000000000000e+01 1.795402935246592779e-01
3.500000000000000000e+01 1.831248919489275595e-01
3.700000000000000000e+01 1.866776657665419892e-01
3.900000000000000000e+01 1.902170744909652544e-01
4.100000000000000000e+01 1.937524846780240839e-01
4.300000000000000000e+01 1.973004370760367276e-01
4.500000000000000000e+01 2.008592127943920058e-01
4.700000000000000000e+01 2.044226751810074294e-01
4.900000000000000000e+01 2.079854891315600085e-01
5.100000000000000000e+01 2.115499992785304650e-01
5.300000000000000000e+01 2.151197212446409601e-01
5.500000000000000000e+01 2.186933215694076837e-01
5.700000000000000000e+01 2.222676906095488736e-01
5.900000000000000000e+01 2.258398803778528530e-01
6.100000000000000000e+01 2.294113674209825593e-01
6.300000000000000000e+01 2.329818462723145522e-01
6.500000000000000000e+01 2.365461326679433318e-01
6.700000000000000000e+01 2.401035805649683885e-01
6.900000000000000000e+01 2.436508257642806541e-01
7.100000000000000000e+01 2.471812207214946211e-01
7.300000000000000000e+01 2.506885855886908931e-01
7.500000000000000000e+01 2.541713321188825425e-01
7.700000000000000000e+01 2.576310149017629891e-01
7.900000000000000000e+01 2.610687228543546734e-01
8.100000000000000000e+01 2.644833614809121158e-01
8.300000000000000000e+01 2.678777297823368153e-01
8.500000000000000000e+01 2.712508145722893893e-01
8.700000000000000000e+01 2.745968642985140429e-01
8.900000000000000000e+01 2.779147951997171795e-01
9.100000000000000000e+01 2.812042131042583604e-01
9.300000000000000000e+01 2.844425649619550800e-01
9.500000000000000000e+01 2.876274472744521082e-01
9.700000000000000000e+01 2.907501412883439773e-01
9.900000000000000000e+01 2.938066956997366086e-01
1.010000000000000000e+02 2.967977736196732996e-01
1.030000000000000000e+02 2.997244224097117549e-01
1.050000000000000000e+02 3.025819466475085928e-01
1.070000000000000000e+02 3.053698360537543399e-01
1.090000000000000000e+02 3.080873887685350310e-01
1.110000000000000000e+02 3.107386441775364938e-01
1.130000000000000000e+02 3.133282480408789983e-01
1.150000000000000000e+02 3.158568574236078064e-01
1.170000000000000000e+02 3.183244328332239803e-01
1.190000000000000000e+02 3.207375714064055749e-01
1.210000000000000000e+02 3.231025364381090448e-01
1.230000000000000000e+02 3.254202470683399406e-01
1.250000000000000000e+02 3.276923849862739546e-01
1.270000000000000000e+02 3.299186861190092079e-01
1.290000000000000000e+02 3.320985559884996885e-01
1.310000000000000000e+02 3.342440835271435207e-01
1.330000000000000000e+02 3.363589959100740101e-01
1.350000000000000000e+02 3.384463221511564424e-01
1.370000000000000000e+02 3.405014944933003607e-01
1.390000000000000000e+02 3.425297505397029152e-01
1.410000000000000000e+02 3.445450781528140993e-01
1.430000000000000000e+02 3.465550809187404324e-01
1.450000000000000000e+02 3.485564774046051584e-01
1.470000000000000000e+02 3.505474957249085088e-01
1.490000000000000000e+02 3.525319256484015229e-01
