1.000000000000000000e+00 5.923984272608129320e-02
3.000000000000000000e+00 7.067495897570430508e-02
5.000000000000000000e+00 7.659460767508918799e-02
7.000000000000000000e+00 8.027849283089150134e-02
9.000000000000000000e+00 8.300323483887561693e-02
1.100000000000000000e+01 8.520802519991554913e-02
1.300000000000000000e+01 8.726819204033786637e-02
1.500000000000000000e+01 8.930971993939940123e-02
1.700000000000000000e+01 9.137773606297194817e-02
1.900000000000000000e+01 9.353745180831973816e-02
2.100000000000000000e+01 9.584642048021940752e-02
2.300000000000000000e+01 9.831414960873774422e-02
2.500000000000000000e+01 1.009548673929793194e-01
2.700000000000000000e+01 1.037559097173044176e-01
2.900000000000000000e+01 1.066956848853138906e-01
3.100000000000000000e+01 1.097529499334356506e-01
3.300000000000000000e+01 1.129048228400274523e-01
3.500000000000000000e+01 1.161323806252839708e-01
3.700000000000000000e+01 1.194301089205023203e-01
3.900000000000000000e+01 1.227994199148101373e-01
4.100000000000000000e+01 1.262417037809280274e-01
4.300000000000000000e+01 1.297566368304305939e-01
4.500000000000000000e+01 1.333435198364882890e-01
4.700000000000000000e+01 1.370026458045677797e-01
4.900000000000000000e+01 1.407342960317485847e-01
5.100000000000000000e+01 1.445409879477896897e-01
5.300000000000000000e+01 1.484251712764338427e-01
5.500000000000000000e+01 1.523890710130590964e-01
5.700000000000000000e+01 1.564317310131897454e-01
5.900000000000000000e+01 1.605502646993884897e-01
6.100000000000000000e+01 1.647397202880399592e-01
6.300000000000000000e+01 1.689964601337056171e-01
6.500000000000000000e+01 1.733181434884293326e-01
6.700000000000000000e+01 1.777037548880042728e-01
6.900000000000000000e+01 1.821517192159263221e-01
7.100000000000000000e+01 1.866593753888315943e-01
7.300000000000000000e+01 1.912223963474587451e-01
7.500000000000000000e+01 1.958375110619079429e-01
7.700000000000000000e+01 2.004994888068755143e-01
7.900000000000000000e+01 2.052015445089878654e-01
8.100000000000000000e+01 2.099391456448866933e-01
8.300000000000000000e+01 2.147095577807243139e-01
8.500000000000000000e+01 2.195059285454946663e-01
8.700000000000000000e+01 2.243204387541694045e-01
8.900000000000000000e+01 2.291485099510135459e-01
9.100000000000000000e+01 2.339863433014469640e-01
9.300000000000000000e+01 2.388286791124513142e-01
9.500000000000000000e+01 2.436701761989952253e-01
9.700000000000000000e+01 2.485057229922343902e-01
9.900000000000000000e+01 2.533293630953972198e-01
1.010000000000000000e+02 2.581366514528844469e-01
1.030000000000000000e+02 2.629227304912749030e-01
1.050000000000000000e+02 2.676831293387970101e-01
1.070000000000000000e+02 2.724108668055968963e-01
1.090000000000000000e+02 2.771033550339968565e-01
1.110000000000000000e+02 2.817570390757110355e-01
1.130000000000000000e+02 2.863669920440395922e-01
1.150000000000000000e+02 2.909310701559341128e-01
1.170000000000000000e+02 2.954473235065038228e-01
1.190000000000000000e+02 2.999135372332902838e-01
1.210000000000000000e+02 3.043271467713618561e-01
1.230000000000000000e+02 3.086856959235600995e-01
1.250000000000000000e+02 3.129875003540003586e-01
1.270000000000000000e+02 3.172298773008903616e-01
1.290000000000000000e+02 3.214123354046078962e-01
1.310000000000000000e+02 3.255349798192013200e-01
1.330000000000000000e+02 3.295976254691379559e-01
1.350000000000000000e+02 3.336001639949749409e-01
1.370000000000000000e+02 3.375397369552778359e-01
1.390000000000000000e+02 3.414198995753677801e-01
1.410000000000000000e+02 3.452400594311669790e-01
1.430000000000000000e+02 3.490013098921659340e-01
1.450000000000000000e+02 3.527032902372337908e-01
1.470000000000000000e+02 3.563468014194769440e-01
1.490000000000000000e+02 3.599361235936489045e-01
