1.000000000000000000e+00 2.314447861513579952e-02
3.000000000000000000e+00 2.360477753488510189e-02
5.000000000000000000e+00 2.383154841956369729e-02
7.000000000000000000e+00 2.403610779245868301e-02
9.000000000000000000e+00 2.420746317838695649e-02
1.100000000000000000e+01 2.436325974323738652e-02
1.300000000000000000e+01 2.450453161582510919e-02
1.500000000000000000e+01 2.463368541353994079e-02
1.700000000000000000e+01 2.476245695918743994e-02
1.900000000000000000e+01 2.490167788420971640e-02
2.100000000000000000e+01 2.505011417566482823e-02
2.300000000000000000e+01 2.520307947019650996e-02
2.500000000000000000e+01 2.535921143983876913e-02
2.700000000000000000e+01 2.551752677956065085e-02
2.900000000000000000e+01 2.567763360951391682e-02
3.100000000000000000e+01 2.583934730894843490e-02
3.300000000000000000e+01 2.600169339970526128e-02
3.500000000000000000e+01 2.616381788670085751e-02
3.700000000000000000e+01 2.632540202789990236e-02
3.900000000000000000e+01 2.648684788707167392e-02
4.100000000000000000e+01 2.664876809317695550e-02
4.300000000000000000e+01 2.681101678624564499e-02
4.500000000000000000e+01 2.697322456070871954e-02
4.700000000000000000e+01 2.713533294187076006e-02
4.900000000000000000e+01 2.729774750602598221e-02
5.100000000000000000e+01 2.746013662768764796e-02
5.300000000000000000e+01 2.762251536017612530e-02
5.500000000000000000e+01 2.778476227093906736e-02
5.700000000000000000e+01 2.794660924815550729e-02
5.900000000000000000e+01 2.810788407216957552e-02
6.100000000000000000e+01 2.826842662803796813e-02
6.300000000000000000e+01 2.842811787479604391e-02
6.500000000000000000e+01 2.858691434684812460e-02
6.700000000000000000e+01 2.874490183334177384e-02
6.900000000000000000e+01 2.890198000303212389e-02
7.100000000000000000e+01 2.905813324281125709e-02
7.300000000000000000e+01 2.921344404265635575e-02
7.500000000000000000e+01 2.936786078911746145e-02
7.700000000000000000e+01 2.952131922952205834e-02
7.900000000000000000e+01 2.967375798385651908e-02
8.100000000000000000e+01 2.982511411125765566e-02
8.300000000000000000e+01 2.997529934978404587e-02
8.500000000000000000e+01 3.012423026703281437e-02
8.700000000000000000e+01 3.027182063627698039e-02
8.900000000000000000e+01 3.041804509745271723e-02
9.100000000000000000e+01 3.056287307268545916e-02
9.300000000000000000e+01 3.070624151429213189e-02
9.500000000000000000e+01 3.084813392090368644e-02
9.700000000000000000e+01 3.098852752473091332e-02
9.900000000000000000e+01 3.112738928456415533e-02
1.010000000000000000e+02 3.126461996296958645e-02
1.030000000000000000e+02 3.140009262771170651e-02
1.050000000000000000e+02 3.153370955483969507e-02
1.070000000000000000e+02 3.166530121625743543e-02
1.090000000000000000e+02 3.179476465878916525e-02
1.110000000000000000e+02 3.192201963473317861e-02
1.130000000000000000e+02 3.204685464451084709e-02
1.150000000000000000e+02 3.216907523581169492e-02
1.170000000000000000e+02 3.228865750893916697e-02
1.190000000000000000e+02 3.240547690485973131e-02
1.210000000000000000e+02 3.251940688795751377e-02
1.230000000000000000e+02 3.263034310992085629e-02
1.250000000000000000e+02 3.273811897383538394e-02
1.270000000000000000e+02 3.284272273841193357e-02
1.290000000000000000e+02 3.294407932370380099e-02
1.310000000000000000e+02 3.304222744231910536e-02
1.330000000000000000e+02 3.313724032056031277e-02
1.350000000000000000e+02 3.322912072338624068e-02
1.370000000000000000e+02 3.331793417369766086e-02
1.390000000000000000e+02 3.340373715447220171e-02
1.410000000000000000e+02 3.348639871023573189e-02
1.430000000000000000e+02 3.356595083737956564e-02
1.450000000000000000e+02 3.364244335749499992e-02
1.470000000000000000e+02 3.371568958911708158e-02
1.490000000000000000e+02 3.378575807848616108e-02
