1.000000000000000000e+00 6.956668388266029623e-04
3.000000000000000000e+00 7.073245534767735876e-04
5.000000000000000000e+00 7.166658968593697665e-04
7.000000000000000000e+00 7.254956164224335424e-04
9.000000000000000000e+00 7.321572178992097335e-04
1.100000000000000000e+01 7.351225057657950757e-04
1.300000000000000000e+01 7.377318497528984054e-04
1.500000000000000000e+01 7.406952775220743135e-04
1.700000000000000000e+01 7.437064589609354570e-04
1.900000000000000000e+01 7.466576798887958333e-04
2.100000000000000000e+01 7.492216278034424803e-04
2.300000000000000000e+01 7.513941891925668415e-04
2.500000000000000000e+01 7.533088401825427383e-04
2.700000000000000000e+01 7.552259427805463332e-04
2.900000000000000000e+01 7.572119322125647756e-04
3.100000000000000000e+01 7.592379898844203723e-04
3.300000000000000000e+01 7.609218762416602999e-04
3.500000000000000000e+01 7.623036564927687664e-04
3.700000000000000000e+01 7.635032103175953822e-04
3.900000000000000000e+01 7.645946729183394908e-04
4.100000000000000000e+01 7.656428584988939079e-04
4.300000000000000000e+01 7.666803172191594129e-04
4.500000000000000000e+01 7.677777802080898439e-04
4.700000000000000000e+01 7.689668045022246545e-04
4.900000000000000000e+01 7.703954830055037561e-04
5.100000000000000000e+01 7.721438316040662997e-04
5.300000000000000000e+01 7.741866147314979685e-04
5.500000000000000000e+01 7.764992109167145884e-04
5.700000000000000000e+01 7.790685340152148086e-04
5.900000000000000000e+01 7.818668326446953643e-04
6.100000000000000000e+01 7.849248458701163500e-04
6.300000000000000000e+01 7.882412984169251402e-04
6.500000000000000000e+01 7.918336991846741668e-04
6.700000000000000000e+01 7.957310620375634969e-04
6.900000000000000000e+01 7.999151842846830007e-04
7.100000000000000000e+01 8.043643149534540626e-04
7.300000000000000000e+01 8.090998259123738379e-04
7.500000000000000000e+01 8.141743231419029669e-04
7.700000000000000000e+01 8.196282008133826125e-04
7.900000000000000000e+01 8.254748790947896708e-04
8.100000000000000000e+01 8.317178502083022451e-04
8.300000000000000000e+01 8.383607388591229892e-04
8.500000000000000000e+01 8.453859520218820478e-04
8.700000000000000000e+01 8.527822703189302800e-04
8.900000000000000000e+01 8.605370580473392650e-04
9.100000000000000000e+01 8.686211453111658543e-04
9.300000000000000000e+01 8.770130452336877269e-04
9.500000000000000000e+01 8.857280679599455198e-04
9.700000000000000000e+01 8.947706279721634459e-04
9.900000000000000000e+01 9.041442806804189658e-04
1.010000000000000000e+02 9.138301729623155012e-04
1.030000000000000000e+02 9.238146814729564227e-04
1.050000000000000000e+02 9.340818797843875032e-04
1.070000000000000000e+02 9.446220621007750395e-04
1.090000000000000000e+02 9.554210869631152292e-04
1.110000000000000000e+02 9.664469580205059529e-04
1.130000000000000000e+02 9.776726820144299168e-04
1.150000000000000000e+02 9.890743185912986846e-04
1.170000000000000000e+02 1.000629816078180134e-03
1.190000000000000000e+02 1.012332178121133630e-03
1.210000000000000000e+02 1.024129007806684477e-03
1.230000000000000000e+02 1.036001459068569552e-03
1.250000000000000000e+02 1.047944318318561052e-03
1.270000000000000000e+02 1.060000751058609580e-03
1.290000000000000000e+02 1.072159277488271556e-03
1.310000000000000000e+02 1.084412743043938754e-03
1.330000000000000000e+02 1.096756652487318462e-03
1.350000000000000000e+02 1.109200301017909673e-03
1.370000000000000000e+02 1.121755442908489719e-03
1.390000000000000000e+02 1.134416112335667748e-03
1.410000000000000000e+02 1.147179374343387792e-03
1.430000000000000000e+02 1.160034627143535779e-03
1.450000000000000000e+02 1.172971934643052272e-03
1.470000000000000000e+02 1.185985531137689897e-03
1.490000000000000000e+02 1.199078913040385608e-03
