1.000000000000000000e+00 6.952272357061406449e-02
3.000000000000000000e+00 8.876256094572665400e-02
5.000000000000000000e+00 9.757522906444793254e-02
7.000000000000000000e+00 1.017438601901398121e-01
9.000000000000000000e+00 1.039928186300125290e-01
1.100000000000000000e+01 1.052311615282751633e-01
1.300000000000000000e+01 1.058943275583593691e-01
1.500000000000000000e+01 1.062613463638542033e-01
1.700000000000000000e+01 1.064447291277783592e-01
1.900000000000000000e+01 1.065153940629817164e-01
2.100000000000000000e+01 1.064696581346064042e-01
2.300000000000000000e+01 1.063514119352202414e-01
2.500000000000000000e+01 1.061950530242612434e-01
2.700000000000000000e+01 1.060279037247873202e-01
2.900000000000000000e+01 1.058638178602482327e-01
3.100000000000000000e+01 1.057150589431772314e-01
3.300000000000000000e+01 1.055944696990248621e-01
3.500000000000000000e+01 1.055080505720290551e-01
3.700000000000000000e+01 1.054597813285164110e-01
3.900000000000000000e+01 1.054600949817442457e-01
4.100000000000000000e+01 1.055046484492244696e-01
4.300000000000000000e+01 1.055958106899536064e-01
4.500000000000000000e+01 1.057357521661252964e-01
4.700000000000000000e+01 1.059234021331423303e-01
4.900000000000000000e+01 1.061557955090413063e-01
5.100000000000000000e+01 1.064317410526610663e-01
5.300000000000000000e+01 1.067458224030385372e-01
5.500000000000000000e+01 1.070931030913009341e-01
5.700000000000000000e+01 1.074718877628965119e-01
5.900000000000000000e+01 1.078797327001830286e-01
6.100000000000000000e+01 1.083139808947075622e-01
6.300000000000000000e+01 1.087777405070282644e-01
6.500000000000000000e+01 1.092690783189262937e-01
6.700000000000000000e+01 1.097865161710891435e-01
6.900000000000000000e+01 1.103264917878535867e-01
7.100000000000000000e+01 1.108908235727705804e-01
7.300000000000000000e+01 1.114852371149147592e-01
7.500000000000000000e+01 1.121088477555487462e-01
7.700000000000000000e+01 1.127639402494002852e-01
7.900000000000000000e+01 1.134486188682086727e-01
8.100000000000000000e+01 1.141568143643157951e-01
8.300000000000000000e+01 1.148882141569612658e-01
8.500000000000000000e+01 1.156426691324351497e-01
8.700000000000000000e+01 1.164192405938688779e-01
8.900000000000000000e+01 1.172160993357987957e-01
9.100000000000000000e+01 1.180323869363293365e-01
9.300000000000000000e+01 1.188683691824581334e-01
9.500000000000000000e+01 1.197231338412433344e-01
9.700000000000000000e+01 1.205978266596949844e-01
9.900000000000000000e+01 1.214914105782891607e-01
1.010000000000000000e+02 1.224012969372908488e-01
1.030000000000000000e+02 1.233263618758563274e-01
1.050000000000000000e+02 1.242678129699430478e-01
1.070000000000000000e+02 1.252245078747652451e-01
1.090000000000000000e+02 1.261945481322580553e-01
1.110000000000000000e+02 1.271725725163551646e-01
1.130000000000000000e+02 1.281580344610174782e-01
1.150000000000000000e+02 1.291504644698223681e-01
1.170000000000000000e+02 1.301538708162609526e-01
1.190000000000000000e+02 1.311696549926698596e-01
1.210000000000000000e+02 1.321968728458838838e-01
1.230000000000000000e+02 1.332326554261122897e-01
1.250000000000000000e+02 1.342775332694248203e-01
1.270000000000000000e+02 1.353312695053966452e-01
1.290000000000000000e+02 1.363922922028558693e-01
1.310000000000000000e+02 1.374626268703174059e-01
1.330000000000000000e+02 1.385411043585983437e-01
1.350000000000000000e+02 1.396260691118583752e-01
1.370000000000000000e+02 1.407166718431384078e-01
1.390000000000000000e+02 1.418159923247321874e-01
1.410000000000000000e+02 1.429229598399748280e-01
1.430000000000000000e+02 1.440378005746023593e-01
1.450000000000000000e+02 1.451586217510942856e-01
1.470000000000000000e+02 1.462844480074163567e-01
1.490000000000000000e+02 1.474124928318509831e-01
