1.000000000000000000e+00 1.688197542329317180e-02
3.000000000000000000e+00 1.727138596872890286e-02
5.000000000000000000e+00 1.739856322164468061e-02
7.000000000000000000e+00 1.748421834708491218e-02
9.000000000000000000e+00 1.756870659748321906e-02
1.100000000000000000e+01 1.765025443829604246e-02
1.300000000000000000e+01 1.772396426168532102e-02
1.500000000000000000e+01 1.778963259556021193e-02
1.700000000000000000e+01 1.784368384507450944e-02
1.900000000000000000e+01 1.788949343934609360e-02
2.100000000000000000e+01 1.793185580997347373e-02
2.300000000000000000e+01 1.797199894611456461e-02
2.500000000000000000e+01 1.800927082901693232e-02
2.700000000000000000e+01 1.804168851876619684e-02
2.900000000000000000e+01 1.806799924631941057e-02
3.100000000000000000e+01 1.808806716829036709e-02
3.300000000000000000e+01 1.810289288136401886e-02
3.500000000000000000e+01 1.811326703126658888e-02
3.700000000000000000e+01 1.811877648912196825e-02
3.900000000000000000e+01 1.811866998845823584e-02
4.100000000000000000e+01 1.811253568734427777e-02
4.300000000000000000e+01 1.810086858714865521e-02
4.500000000000000000e+01 1.808510903542104309e-02
4.700000000000000000e+01 1.806584646289233209e-02
4.900000000000000000e+01 1.804311978094108593e-02
5.100000000000000000e+01 1.801680427406093798e-02
5.300000000000000000e+01 1.798588428694114505e-02
5.500000000000000000e+01 1.795117459282558059e-02
5.700000000000000000e+01 1.791335965254803320e-02
5.900000000000000000e+01 1.787339800950449309e-02
6.100000000000000000e+01 1.783095332966466717e-02
6.300000000000000000e+01 1.778597924843261513e-02
6.500000000000000000e+01 1.773840844286311835e-02
6.700000000000000000e+01 1.768646673308826855e-02
6.900000000000000000e+01 1.762994316158228436e-02
7.100000000000000000e+01 1.756806284741951885e-02
7.300000000000000000e+01 1.750066212562739754e-02
7.500000000000000000e+01 1.742758862808846398e-02
7.700000000000000000e+01 1.734902993475784250e-02
7.900000000000000000e+01 1.726520097475969795e-02
8.100000000000000000e+01 1.717622362658599577e-02
8.300000000000000000e+01 1.708406673099793771e-02
8.500000000000000000e+01 1.698888981376578400e-02
8.700000000000000000e+01 1.689004392013626621e-02
8.900000000000000000e+01 1.678756704838890723e-02
9.100000000000000000e+01 1.668213634992121719e-02
9.300000000000000000e+01 1.657402327849122337e-02
9.500000000000000000e+01 1.646386560592039139e-02
9.700000000000000000e+01 1.635206899434882288e-02
9.900000000000000000e+01 1.623755638414103863e-02
1.010000000000000000e+02 1.612074624972659187e-02
1.030000000000000000e+02 1.600258908725427087e-02
1.050000000000000000e+02 1.588374379569923445e-02
1.070000000000000000e+02 1.576422459860216119e-02
1.090000000000000000e+02 1.564449981458204686e-02
1.110000000000000000e+02 1.552480921999288555e-02
1.130000000000000000e+02 1.540578055009111935e-02
1.150000000000000000e+02 1.528781791377842314e-02
1.170000000000000000e+02 1.517019856996326688e-02
1.190000000000000000e+02 1.505314237734733940e-02
1.210000000000000000e+02 1.493685459964322337e-02
1.230000000000000000e+02 1.482087484076688444e-02
1.250000000000000000e+02 1.470525564335223301e-02
1.270000000000000000e+02 1.459042680977529205e-02
1.290000000000000000e+02 1.447654441596557540e-02
1.310000000000000000e+02 1.436443822071120646e-02
1.330000000000000000e+02 1.425464858462710538e-02
1.350000000000000000e+02 1.414714099665326241e-02
1.370000000000000000e+02 1.404095254587123254e-02
1.390000000000000000e+02 1.393584463790920047e-02
1.410000000000000000e+02 1.383169982531340381e-02
1.430000000000000000e+02 1.372941422764195618e-02
1.450000000000000000e+02 1.362880656883291852e-02
1.470000000000000000e+02 1.353007998303379367e-02
1.490000000000000000e+02 1.343320391590230312e-02
