1.000000000000000000e+00 2.684757699777557960e-01
3.000000000000000000e+00 3.146187327667772093e-01
5.000000000000000000e+00 3.334323597178728837e-01
7.000000000000000000e+00 3.422976499813908946e-01
9.000000000000000000e+00 3.473824629955479804e-01
1.100000000000000000e+01 3.508258706091055279e-01
1.300000000000000000e+01 3.534832149474035345e-01
1.500000000000000000e+01 3.557356422161982445e-01
1.700000000000000000e+01 3.577571163241950458e-01
1.900000000000000000e+01 3.596399026036188884e-01
2.100000000000000000e+01 3.614351967819524614e-01
2.300000000000000000e+01 3.631676464764964640e-01
2.500000000000000000e+01 3.648550587720654770e-01
2.700000000000000000e+01 3.665148376609413949e-01
2.900000000000000000e+01 3.681547069466728495e-01
3.100000000000000000e+01 3.697796493643401572e-01
3.300000000000000000e+01 3.713970621417143070e-01
3.500000000000000000e+01 3.730098801017089905e-01
3.700000000000000000e+01 3.746174254229048817e-01
3.900000000000000000e+01 3.762209139983102579e-01
4.100000000000000000e+01 3.778222971244812323e-01
4.300000000000000000e+01 3.794232828105442712e-01
4.500000000000000000e+01 3.810242446858950194e-01
4.700000000000000000e+01 3.826246161110112842e-01
4.900000000000000000e+01 3.842255477704995537e-01
5.100000000000000000e+01 3.858273965105191161e-01
5.300000000000000000e+01 3.874279833706963938e-01
5.500000000000000000e+01 3.890273066995230122e-01
5.700000000000000000e+01 3.906249896043181291e-01
5.900000000000000000e+01 3.922212555752357943e-01
6.100000000000000000e+01 3.938171627775901573e-01
6.300000000000000000e+01 3.954128444623270511e-01
6.500000000000000000e+01 3.970081811251410242e-01
6.700000000000000000e+01 3.986029908662895860e-01
6.900000000000000000e+01 4.001977129861595817e-01
7.100000000000000000e+01 4.017927140546589948e-01
7.300000000000000000e+01 4.033874290466935575e-01
7.500000000000000000e+01 4.049822092310956245e-01
7.700000000000000000e+01 4.065778772394289531e-01
7.900000000000000000e+01 4.081752110437553149e-01
8.100000000000000000e+01 4.097748116537547336e-01
8.300000000000000000e+01 4.113768778554728334e-01
8.500000000000000000e+01 4.129818134939188257e-01
8.700000000000000000e+01 4.145898525914148980e-01
8.900000000000000000e+01 4.162011621732617517e-01
9.100000000000000000e+01 4.178159305387859623e-01
9.300000000000000000e+01 4.194343483244911130e-01
9.500000000000000000e+01 4.210564391516784521e-01
9.700000000000000000e+01 4.226822570323163220e-01
9.900000000000000000e+01 4.243116192201674686e-01
1.010000000000000000e+02 4.259444000254478668e-01
1.030000000000000000e+02 4.275803822109105479e-01
1.050000000000000000e+02 4.292193219094863066e-01
1.070000000000000000e+02 4.308610587945158610e-01
1.090000000000000000e+02 4.325051620442403877e-01
1.110000000000000000e+02 4.341511694094336571e-01
1.130000000000000000e+02 4.357987950252834031e-01
1.150000000000000000e+02 4.374477678682650028e-01
1.170000000000000000e+02 4.390978315047935343e-01
1.190000000000000000e+02 4.407487460342229824e-01
1.210000000000000000e+02 4.424002588521731560e-01
1.230000000000000000e+02 4.440520117682617007e-01
1.250000000000000000e+02 4.457038069175134343e-01
1.270000000000000000e+02 4.473551053012903012e-01
1.290000000000000000e+02 4.490055296146495678e-01
1.310000000000000000e+02 4.506549830114146005e-01
1.330000000000000000e+02 4.523032382105467430e-01
1.350000000000000000e+02 4.539501339122755663e-01
1.370000000000000000e+02 4.555955763977802553e-01
1.390000000000000000e+02 4.572393774894810692e-01
1.410000000000000000e+02 4.588814016341009605e-01
1.430000000000000000e+02 4.605216244333671938e-01
1.450000000000000000e+02 4.621598725225802839e-01
1.470000000000000000e+02 4.637959988815429924e-01
1.490000000000000000e+02 4.654298851478880783e-01
