1.000000000000000000e+00 1.098225267966967955e-02
3.000000000000000000e+00 1.111472777320066108e-02
5.000000000000000000e+00 1.121813910745572684e-02
7.000000000000000000e+00 1.130065577944494581e-02
9.000000000000000000e+00 1.137816058899732141e-02
1.100000000000000000e+01 1.144708648455872169e-02
1.300000000000000000e+01 1.150459032173933860e-02
1.500000000000000000e+01 1.154942355492494244e-02
1.700000000000000000e+01 1.158219186295383896e-02
1.900000000000000000e+01 1.160274052477883178e-02
2.100000000000000000e+01 1.161475664189703938e-02
2.300000000000000000e+01 1.162098382231235849e-02
2.500000000000000000e+01 1.162334524460784113e-02
2.700000000000000000e+01 1.162293597086327956e-02
2.900000000000000000e+01 1.162061670393810253e-02
3.100000000000000000e+01 1.161655943532091673e-02
3.300000000000000000e+01 1.161092573662836358e-02
3.500000000000000000e+01 1.160435665483039447e-02
3.700000000000000000e+01 1.159645653161089918e-02
3.900000000000000000e+01 1.158702114512721870e-02
4.100000000000000000e+01 1.157429357147410354e-02
4.300000000000000000e+01 1.155804685637096263e-02
4.500000000000000000e+01 1.153750502993233784e-02
4.700000000000000000e+01 1.151250676628112757e-02
4.900000000000000000e+01 1.148287938551706411e-02
5.100000000000000000e+01 1.144846034291502335e-02
5.300000000000000000e+01 1.141002991224249197e-02
5.500000000000000000e+01 1.136760459356533914e-02
5.700000000000000000e+01 1.132157071346562294e-02
5.900000000000000000e+01 1.127162042840823553e-02
6.100000000000000000e+01 1.121832430058478103e-02
6.300000000000000000e+01 1.116299308280088720e-02
6.500000000000000000e+01 1.110601282387846389e-02
6.700000000000000000e+01 1.104768998618799181e-02
6.900000000000000000e+01 1.098840840345860492e-02
7.100000000000000000e+01 1.092719755856963459e-02
7.300000000000000000e+01 1.086452396875492443e-02
7.500000000000000000e+01 1.080041377176177431e-02
7.700000000000000000e+01 1.073590212011588108e-02
7.900000000000000000e+01 1.067223885953416662e-02
8.100000000000000000e+01 1.060937425219599106e-02
8.300000000000000000e+01 1.054831744200135368e-02
8.500000000000000000e+01 1.048924584418364780e-02
8.700000000000000000e+01 1.043059124827505624e-02
8.900000000000000000e+01 1.037258399963358890e-02
9.100000000000000000e+01 1.031645752716348063e-02
9.300000000000000000e+01 1.026273259996934861e-02
9.500000000000000000e+01 1.021067778935447201e-02
9.700000000000000000e+01 1.015935403937040515e-02
9.900000000000000000e+01 1.011013654752701552e-02
1.010000000000000000e+02 1.006273362309917374e-02
1.030000000000000000e+02 1.001704126679592299e-02
1.050000000000000000e+02 9.973034988043028015e-03
1.070000000000000000e+02 9.931255995954235694e-03
1.090000000000000000e+02 9.890825933257296754e-03
1.110000000000000000e+02 9.851700303269983472e-03
1.130000000000000000e+02 9.811549432743538190e-03
1.150000000000000000e+02 9.770774532675052804e-03
1.170000000000000000e+02 9.731116804879591520e-03
1.190000000000000000e+02 9.691656457769926014e-03
1.210000000000000000e+02 9.652343013864972399e-03
1.230000000000000000e+02 9.613530576610851419e-03
1.250000000000000000e+02 9.575504813848167984e-03
1.270000000000000000e+02 9.538715617339543762e-03
1.290000000000000000e+02 9.503058713015266612e-03
1.310000000000000000e+02 9.467619085873679730e-03
1.330000000000000000e+02 9.432333790603930623e-03
1.350000000000000000e+02 9.397618733541501790e-03
1.370000000000000000e+02 9.363173665456803185e-03
1.390000000000000000e+02 9.329046206398849961e-03
1.410000000000000000e+02 9.295761212412823049e-03
1.430000000000000000e+02 9.262921421641312492e-03
1.450000000000000000e+02 9.230545546766721898e-03
1.470000000000000000e+02 9.198332893991634229e-03
1.490000000000000000e+02 9.166333442135909948e-03
