1.000000000000000000e+00 1.962723468999616472e-02
3.000000000000000000e+00 2.013299866399675953e-02
5.000000000000000000e+00 2.040704340673138439e-02
7.000000000000000000e+00 2.060149470986860631e-02
9.000000000000000000e+00 2.077114779975985925e-02
1.100000000000000000e+01 2.092331012675885393e-02
1.300000000000000000e+01 2.105978739099334529e-02
1.500000000000000000e+01 2.118405964581093759e-02
1.700000000000000000e+01 2.129627252714227925e-02
1.900000000000000000e+01 2.139639820737915255e-02
2.100000000000000000e+01 2.148637046723411714e-02
2.300000000000000000e+01 2.156886478426356391e-02
2.500000000000000000e+01 2.164513309678339770e-02
2.700000000000000000e+01 2.171609571758648105e-02
2.900000000000000000e+01 2.178142968481477926e-02
3.100000000000000000e+01 2.184051552613341940e-02
3.300000000000000000e+01 2.189355428044326146e-02
3.500000000000000000e+01 2.194105932736412079e-02
3.700000000000000000e+01 2.198362031359823998e-02
3.900000000000000000e+01 2.202168046470653895e-02
4.100000000000000000e+01 2.205486160630287795e-02
4.300000000000000000e+01 2.208276915566131926e-02
4.500000000000000000e+01 2.210409186309281182e-02
4.700000000000000000e+01 2.211869573194902294e-02
4.900000000000000000e+01 2.212743607348965913e-02
5.100000000000000000e+01 2.213079228355996353e-02
5.300000000000000000e+01 2.212903116863251807e-02
5.500000000000000000e+01 2.212222268953911719e-02
5.700000000000000000e+01 2.211017887602750864e-02
5.900000000000000000e+01 2.209297524756748121e-02
6.100000000000000000e+01 2.207076377583716553e-02
6.300000000000000000e+01 2.204366247697786552e-02
6.500000000000000000e+01 2.201156137883797381e-02
6.700000000000000000e+01 2.197443783765340442e-02
6.900000000000000000e+01 2.193142539520132051e-02
7.100000000000000000e+01 2.188276193019800253e-02
7.300000000000000000e+01 2.182832449864369195e-02
7.500000000000000000e+01 2.176842797153299980e-02
7.700000000000000000e+01 2.170143652525058364e-02
7.900000000000000000e+01 2.162844327806923150e-02
8.100000000000000000e+01 2.154975912854228959e-02
8.300000000000000000e+01 2.146677336401359160e-02
8.500000000000000000e+01 2.138015687332373016e-02
8.700000000000000000e+01 2.129075958412374181e-02
8.900000000000000000e+01 2.119767807898931267e-02
9.100000000000000000e+01 2.110100031284567468e-02
9.300000000000000000e+01 2.100025830079477185e-02
9.500000000000000000e+01 2.089577633876571472e-02
9.700000000000000000e+01 2.078832146549602911e-02
9.900000000000000000e+01 2.067754443932345865e-02
1.010000000000000000e+02 2.056366403112463992e-02
1.030000000000000000e+02 2.044698576577586024e-02
1.050000000000000000e+02 2.032799111038741113e-02
1.070000000000000000e+02 2.020743759835874620e-02
1.090000000000000000e+02 2.008580360119360808e-02
1.110000000000000000e+02 1.996329861877377265e-02
1.130000000000000000e+02 1.983999775097911034e-02
1.150000000000000000e+02 1.971568734308126736e-02
1.170000000000000000e+02 1.959104640770137351e-02
1.190000000000000000e+02 1.946623076071873903e-02
1.210000000000000000e+02 1.934062075054276963e-02
1.230000000000000000e+02 1.921443824790236565e-02
1.250000000000000000e+02 1.908802672287035485e-02
1.270000000000000000e+02 1.896165998558296817e-02
1.290000000000000000e+02 1.883459131350118110e-02
1.310000000000000000e+02 1.870752223225313760e-02
1.330000000000000000e+02 1.858059360182240383e-02
1.350000000000000000e+02 1.845389182192946897e-02
1.370000000000000000e+02 1.832752483972277524e-02
1.390000000000000000e+02 1.820161527379959843e-02
1.410000000000000000e+02 1.807611578985768297e-02
1.430000000000000000e+02 1.795110264838628567e-02
1.450000000000000000e+02 1.782731403353754462e-02
1.470000000000000000e+02 1.770485535994603676e-02
1.490000000000000000e+02 1.758375480613549868e-02
