1.000000000000000000e+00 3.022432113341204651e-01
3.000000000000000000e+00 3.698946528117250665e-01
5.000000000000000000e+00 4.059501039262369826e-01
7.000000000000000000e+00 4.284061661889771999e-01
9.000000000000000000e+00 4.458855741558821473e-01
1.100000000000000000e+01 4.614576259632249267e-01
1.300000000000000000e+01 4.758350224366202363e-01
1.500000000000000000e+01 4.895078413032003528e-01
1.700000000000000000e+01 5.028966203485477626e-01
1.900000000000000000e+01 5.159737780701447729e-01
2.100000000000000000e+01 5.286282225632356058e-01
2.300000000000000000e+01 5.408150805499325475e-01
2.500000000000000000e+01 5.524262675887923191e-01
2.700000000000000000e+01 5.633686703937643703e-01
2.900000000000000000e+01 5.737032332296216897e-01
3.100000000000000000e+01 5.834285317255378800e-01
3.300000000000000000e+01 5.925616166561404885e-01
3.500000000000000000e+01 6.011825050175554352e-01
3.700000000000000000e+01 6.093749358926594528e-01
3.900000000000000000e+01 6.172030904072018931e-01
4.100000000000000000e+01 6.246877596457306447e-01
4.300000000000000000e+01 6.318226629695000707e-01
4.500000000000000000e+01 6.386335051788406547e-01
4.700000000000000000e+01 6.451422976431168133e-01
4.900000000000000000e+01 6.513607105968972633e-01
5.100000000000000000e+01 6.572958388173606448e-01
5.300000000000000000e+01 6.629380464603390477e-01
5.500000000000000000e+01 6.683039659748415406e-01
5.700000000000000000e+01 6.734066414249764154e-01
5.900000000000000000e+01 6.782956749327704316e-01
6.100000000000000000e+01 6.829441590952214369e-01
6.300000000000000000e+01 6.873589323049598132e-01
6.500000000000000000e+01 6.915668995024373267e-01
6.700000000000000000e+01 6.955570209185761854e-01
6.900000000000000000e+01 6.993639584397255415e-01
7.100000000000000000e+01 7.030059525391832986e-01
7.300000000000000000e+01 7.064826555131424879e-01
7.500000000000000000e+01 7.098112410531688399e-01
7.700000000000000000e+01 7.130028463652664517e-01
7.900000000000000000e+01 7.160771457664356632e-01
8.100000000000000000e+01 7.190525012795376814e-01
8.300000000000000000e+01 7.219656490340822241e-01
8.500000000000000000e+01 7.248265058944858286e-01
8.700000000000000000e+01 7.276284308479401552e-01
8.900000000000000000e+01 7.303909217695212508e-01
9.100000000000000000e+01 7.331368851533435205e-01
9.300000000000000000e+01 7.358503337098876163e-01
9.500000000000000000e+01 7.385400578855780829e-01
9.700000000000000000e+01 7.412229275670149109e-01
9.900000000000000000e+01 7.439020097974125001e-01
1.010000000000000000e+02 7.465673822168439333e-01
1.030000000000000000e+02 7.491792970726450784e-01
1.050000000000000000e+02 7.517580995138912758e-01
1.070000000000000000e+02 7.543006848458799762e-01
1.090000000000000000e+02 7.567852183306731373e-01
1.110000000000000000e+02 7.592135697787911752e-01
1.130000000000000000e+02 7.615605969146084231e-01
1.150000000000000000e+02 7.638362708473165341e-01
1.170000000000000000e+02 7.660334418024361547e-01
1.190000000000000000e+02 7.681528818268047454e-01
1.210000000000000000e+02 7.702095600073971537e-01
1.230000000000000000e+02 7.722044721905061415e-01
1.250000000000000000e+02 7.741415541565477287e-01
1.270000000000000000e+02 7.760371709700020215e-01
1.290000000000000000e+02 7.778717612760230882e-01
1.310000000000000000e+02 7.796419100164431182e-01
1.330000000000000000e+02 7.813966136422054731e-01
1.350000000000000000e+02 7.831388966475461011e-01
1.370000000000000000e+02 7.848216147036382040e-01
1.390000000000000000e+02 7.864476281460419660e-01
1.410000000000000000e+02 7.880317450269498369e-01
1.430000000000000000e+02 7.895708015512151734e-01
1.450000000000000000e+02 7.910743545482540329e-01
1.470000000000000000e+02 7.925520652006762257e-01
1.490000000000000000e+02 7.939479106083320303e-01
