1.000000000000000000e+00 1.159858799798285656e-02
3.000000000000000000e+00 1.221957854588329173e-02
5.000000000000000000e+00 1.266309101745277665e-02
7.000000000000000000e+00 1.306124715879375398e-02
9.000000000000000000e+00 1.336487049590406873e-02
1.100000000000000000e+01 1.351644345498037580e-02
1.300000000000000000e+01 1.353750421652766267e-02
1.500000000000000000e+01 1.347154071039102785e-02
1.700000000000000000e+01 1.332066297910261543e-02
1.900000000000000000e+01 1.312882611626009499e-02
2.100000000000000000e+01 1.293024392785691035e-02
2.300000000000000000e+01 1.274211459748841868e-02
2.500000000000000000e+01 1.259863493576873772e-02
2.700000000000000000e+01 1.248814045086577007e-02
2.900000000000000000e+01 1.240437706813224406e-02
3.100000000000000000e+01 1.234378657631662879e-02
3.300000000000000000e+01 1.230233638361566406e-02
3.500000000000000000e+01 1.227768020620823020e-02
3.700000000000000000e+01 1.226741440357659307e-02
3.900000000000000000e+01 1.226672612226376025e-02
4.100000000000000000e+01 1.227146004350365693e-02
4.300000000000000000e+01 1.227994525281939087e-02
4.500000000000000000e+01 1.227917688751056779e-02
4.700000000000000000e+01 1.225541457685030977e-02
4.900000000000000000e+01 1.221006024053705730e-02
5.100000000000000000e+01 1.215430400266181987e-02
5.300000000000000000e+01 1.210272589468752713e-02
5.500000000000000000e+01 1.205401929214688916e-02
5.700000000000000000e+01 1.200898290330765228e-02
5.900000000000000000e+01 1.196616661950866689e-02
6.100000000000000000e+01 1.192475663461500801e-02
6.300000000000000000e+01 1.188708436960128623e-02
6.500000000000000000e+01 1.185270892582979130e-02
6.700000000000000000e+01 1.182116860811810444e-02
6.900000000000000000e+01 1.179152662532445550e-02
7.100000000000000000e+01 1.176302346559832124e-02
7.300000000000000000e+01 1.173225423637225262e-02
7.500000000000000000e+01 1.169706379076884684e-02
7.700000000000000000e+01 1.165788374611065326e-02
7.900000000000000000e+01 1.162084137541763429e-02
8.100000000000000000e+01 1.158531454698241703e-02
8.300000000000000000e+01 1.155053058248212139e-02
8.500000000000000000e+01 1.151646184209120793e-02
8.700000000000000000e+01 1.148324965926295071e-02
8.900000000000000000e+01 1.145092629576283105e-02
9.100000000000000000e+01 1.141942479258073462e-02
9.300000000000000000e+01 1.138874496616626431e-02
9.500000000000000000e+01 1.135367795507247202e-02
9.700000000000000000e+01 1.131409808133232442e-02
9.900000000000000000e+01 1.127037052710089249e-02
1.010000000000000000e+02 1.122303379476530250e-02
1.030000000000000000e+02 1.117246386466397290e-02
1.050000000000000000e+02 1.112382071733752920e-02
1.070000000000000000e+02 1.107707109376931953e-02
1.090000000000000000e+02 1.103241857086023625e-02
1.110000000000000000e+02 1.098975265771529042e-02
1.130000000000000000e+02 1.094919472620192735e-02
1.150000000000000000e+02 1.091119165517939749e-02
1.170000000000000000e+02 1.087572433883643441e-02
1.190000000000000000e+02 1.084273897580301238e-02
1.210000000000000000e+02 1.081190255824959756e-02
1.230000000000000000e+02 1.078352196920784323e-02
1.250000000000000000e+02 1.075760894566879511e-02
1.270000000000000000e+02 1.073451924700430382e-02
1.290000000000000000e+02 1.071440451988781017e-02
1.310000000000000000e+02 1.069711682753748949e-02
1.330000000000000000e+02 1.068255212983959535e-02
1.350000000000000000e+02 1.067082469293667568e-02
1.370000000000000000e+02 1.066216455540824892e-02
1.390000000000000000e+02 1.065653699734148141e-02
1.410000000000000000e+02 1.065388382509513399e-02
1.430000000000000000e+02 1.065404472756348309e-02
1.450000000000000000e+02 1.065698355325372937e-02
1.470000000000000000e+02 1.066256371329399322e-02
1.490000000000000000e+02 1.067052471365881328e-02
