1.000000000000000000e+00 1.753494282083862821e-01
3.000000000000000000e+00 1.962020287139343289e-01
5.000000000000000000e+00 2.049963367389951996e-01
7.000000000000000000e+00 2.093365719894514365e-01
9.000000000000000000e+00 2.119993522721927981e-01
1.100000000000000000e+01 2.138348428573034754e-01
1.300000000000000000e+01 2.152584601565370459e-01
1.500000000000000000e+01 2.165132467718948739e-01
1.700000000000000000e+01 2.177225982802755144e-01
1.900000000000000000e+01 2.189256157828520788e-01
2.100000000000000000e+01 2.201879508020861964e-01
2.300000000000000000e+01 2.215554104585666373e-01
2.500000000000000000e+01 2.230103209923399721e-01
2.700000000000000000e+01 2.245841691305172638e-01
2.900000000000000000e+01 2.263074920427260439e-01
3.100000000000000000e+01 2.281912677896763553e-01
3.300000000000000000e+01 2.302300631395307606e-01
3.500000000000000000e+01 2.324247535009286159e-01
3.700000000000000000e+01 2.347676450586120289e-01
3.900000000000000000e+01 2.372579263542293759e-01
4.100000000000000000e+01 2.398859883261375003e-01
4.300000000000000000e+01 2.426518484507013129e-01
4.500000000000000000e+01 2.455354226591410782e-01
4.700000000000000000e+01 2.485591816094482320e-01
4.900000000000000000e+01 2.517209034646245014e-01
5.100000000000000000e+01 2.550195620083691717e-01
5.300000000000000000e+01 2.584395165963250252e-01
5.500000000000000000e+01 2.619746633631521160e-01
5.700000000000000000e+01 2.656206022368654551e-01
5.900000000000000000e+01 2.693928560169348563e-01
6.100000000000000000e+01 2.732817123151208838e-01
6.300000000000000000e+01 2.772697742861616188e-01
6.500000000000000000e+01 2.813607144440626318e-01
6.700000000000000000e+01 2.855552929658132788e-01
6.900000000000000000e+01 2.898519405202331090e-01
7.100000000000000000e+01 2.942535289354406558e-01
7.300000000000000000e+01 2.987558697111076800e-01
7.500000000000000000e+01 3.033502635400444625e-01
7.700000000000000000e+01 3.080289163330804936e-01
7.900000000000000000e+01 3.128024779983575865e-01
8.100000000000000000e+01 3.176704945967432359e-01
8.300000000000000000e+01 3.226270251096707842e-01
8.500000000000000000e+01 3.276714641577703757e-01
8.700000000000000000e+01 3.328050604705318216e-01
8.900000000000000000e+01 3.380386433876708674e-01
9.100000000000000000e+01 3.433681199233381554e-01
9.300000000000000000e+01 3.487912877006067447e-01
9.500000000000000000e+01 3.543069417028176238e-01
9.700000000000000000e+01 3.599093468565727205e-01
9.900000000000000000e+01 3.656039597742748448e-01
1.010000000000000000e+02 3.713760930673928318e-01
1.030000000000000000e+02 3.772152137450498488e-01
1.050000000000000000e+02 3.831136807777719699e-01
1.070000000000000000e+02 3.890732672908052692e-01
1.090000000000000000e+02 3.950948849798312512e-01
1.110000000000000000e+02 4.011739899683899324e-01
1.130000000000000000e+02 4.073017372491348764e-01
1.150000000000000000e+02 4.134705073011826215e-01
1.170000000000000000e+02 4.196793565368185375e-01
1.190000000000000000e+02 4.259195639556790924e-01
1.210000000000000000e+02 4.321713242993240334e-01
1.230000000000000000e+02 4.384242988316889855e-01
1.250000000000000000e+02 4.446706108172182592e-01
1.270000000000000000e+02 4.509010760112369676e-01
1.290000000000000000e+02 4.571039985258178451e-01
1.310000000000000000e+02 4.632737296906707103e-01
1.330000000000000000e+02 4.694120715303705671e-01
1.350000000000000000e+02 4.755172931726234786e-01
1.370000000000000000e+02 4.815912520361360638e-01
1.390000000000000000e+02 4.876237325791166199e-01
1.410000000000000000e+02 4.936062616673777548e-01
1.430000000000000000e+02 4.995282392923620085e-01
1.450000000000000000e+02 5.053863848001358683e-01
1.470000000000000000e+02 5.111777689706631378e-01
1.490000000000000000e+02 5.169074764843046843e-01
