1.000000000000000000e+00 1.340369734839896854e-02
3.000000000000000000e+00 1.366641039096272436e-02
5.000000000000000000e+00 1.378315830433451961e-02
7.000000000000000000e+00 1.383902929694391659e-02
9.000000000000000000e+00 1.386800265523968623e-02
1.100000000000000000e+01 1.388004648962737342e-02
1.300000000000000000e+01 1.387487896991368430e-02
1.500000000000000000e+01 1.385882504075186539e-02
1.700000000000000000e+01 1.383061534120366698e-02
1.900000000000000000e+01 1.379294151356791343e-02
2.100000000000000000e+01 1.374914322430775826e-02
2.300000000000000000e+01 1.370101833753878395e-02
2.500000000000000000e+01 1.365220308824988127e-02
2.700000000000000000e+01 1.360170565105844886e-02
2.900000000000000000e+01 1.354920682112581432e-02
3.100000000000000000e+01 1.349502744465547188e-02
3.300000000000000000e+01 1.343879850403995047e-02
3.500000000000000000e+01 1.338037408519832105e-02
3.700000000000000000e+01 1.331952913457101761e-02
3.900000000000000000e+01 1.325588405311062257e-02
4.100000000000000000e+01 1.318962182518124138e-02
4.300000000000000000e+01 1.311965308267382113e-02
4.500000000000000000e+01 1.304652351151192047e-02
4.700000000000000000e+01 1.297138145816101318e-02
4.900000000000000000e+01 1.289270550714960439e-02
5.100000000000000000e+01 1.281099120936335378e-02
5.300000000000000000e+01 1.272744938341108245e-02
5.500000000000000000e+01 1.264276611421277785e-02
5.700000000000000000e+01 1.255724743488173534e-02
5.900000000000000000e+01 1.247204199915730172e-02
6.100000000000000000e+01 1.238670798913332760e-02
6.300000000000000000e+01 1.230083547835325586e-02
6.500000000000000000e+01 1.221484822337148834e-02
6.700000000000000000e+01 1.212962867799050048e-02
6.900000000000000000e+01 1.204613047956371030e-02
7.100000000000000000e+01 1.196225405515183304e-02
7.300000000000000000e+01 1.187800715320130873e-02
7.500000000000000000e+01 1.179376802964682280e-02
7.700000000000000000e+01 1.170982819549715170e-02
7.900000000000000000e+01 1.162755038724394563e-02
8.100000000000000000e+01 1.154649008774533137e-02
8.300000000000000000e+01 1.146714713520591289e-02
8.500000000000000000e+01 1.138968058584055587e-02
8.700000000000000000e+01 1.131416480851610284e-02
8.900000000000000000e+01 1.124017852408520923e-02
9.100000000000000000e+01 1.116779128178391201e-02
9.300000000000000000e+01 1.109734947966733998e-02
9.500000000000000000e+01 1.102977447467501371e-02
9.700000000000000000e+01 1.096511274846623252e-02
9.900000000000000000e+01 1.090291768882789558e-02
1.010000000000000000e+02 1.084316413293828774e-02
1.030000000000000000e+02 1.078583845589331514e-02
1.050000000000000000e+02 1.072955919062568153e-02
1.070000000000000000e+02 1.067435234241265185e-02
1.090000000000000000e+02 1.062086768481418364e-02
1.110000000000000000e+02 1.056993289700025596e-02
1.130000000000000000e+02 1.052144851518121982e-02
1.150000000000000000e+02 1.047518113661394246e-02
1.170000000000000000e+02 1.042962628596866281e-02
1.190000000000000000e+02 1.038486127556570437e-02
1.210000000000000000e+02 1.034243576183591085e-02
1.230000000000000000e+02 1.030132881834400216e-02
1.250000000000000000e+02 1.026272846509035386e-02
1.270000000000000000e+02 1.022647368764018072e-02
1.290000000000000000e+02 1.019239797407367476e-02
1.310000000000000000e+02 1.015913414079416821e-02
1.330000000000000000e+02 1.012658528439724925e-02
1.350000000000000000e+02 1.009501187424555191e-02
1.370000000000000000e+02 1.006446012216244412e-02
1.390000000000000000e+02 1.003369493948180757e-02
1.410000000000000000e+02 1.000305299648152069e-02
1.430000000000000000e+02 9.973560170529305324e-03
1.450000000000000000e+02 9.945093750422628887e-03
1.470000000000000000e+02 9.917838311393367690e-03
1.490000000000000000e+02 9.891673685306967556e-03
