1.000000000000000000e+00 5.040136219897835002e-01
3.000000000000000000e+00 5.626186085950013460e-01
5.000000000000000000e+00 5.923391791806210671e-01
7.000000000000000000e+00 6.112266075794781095e-01
9.000000000000000000e+00 6.260479136580476833e-01
1.100000000000000000e+01 6.388101172384433868e-01
1.300000000000000000e+01 6.500850462176479549e-01
1.500000000000000000e+01 6.599107121597378445e-01
1.700000000000000000e+01 6.685909963857132876e-01
1.900000000000000000e+01 6.761062221088347535e-01
2.100000000000000000e+01 6.825050697524601695e-01
2.300000000000000000e+01 6.878611958474991628e-01
2.500000000000000000e+01 6.921658283861404914e-01
2.700000000000000000e+01 6.956578793262759852e-01
2.900000000000000000e+01 6.985400383772222277e-01
3.100000000000000000e+01 7.009616616056825178e-01
3.300000000000000000e+01 7.028757579589415272e-01
3.500000000000000000e+01 7.043288722722382822e-01
3.700000000000000000e+01 7.054179837949265952e-01
3.900000000000000000e+01 7.062109963219649345e-01
4.100000000000000000e+01 7.066698275358955783e-01
4.300000000000000000e+01 7.068274815538739819e-01
4.500000000000000000e+01 7.066817268644980388e-01
4.700000000000000000e+01 7.062686577589680770e-01
4.900000000000000000e+01 7.057689105152729070e-01
5.100000000000000000e+01 7.052323223524568085e-01
5.300000000000000000e+01 7.046572185446104974e-01
5.500000000000000000e+01 7.040761098572239085e-01
5.700000000000000000e+01 7.034999298590285388e-01
5.900000000000000000e+01 7.029028234664831398e-01
6.100000000000000000e+01 7.023332881584501974e-01
6.300000000000000000e+01 7.017665315479763022e-01
6.500000000000000000e+01 7.012371801677252936e-01
6.700000000000000000e+01 7.006661707036949682e-01
6.900000000000000000e+01 7.000537808407005791e-01
7.100000000000000000e+01 6.994504379947514838e-01
7.300000000000000000e+01 6.988863662721966907e-01
7.500000000000000000e+01 6.982984596645767095e-01
7.700000000000000000e+01 6.976847853185919046e-01
7.900000000000000000e+01 6.970136800987254411e-01
8.100000000000000000e+01 6.962232947414860318e-01
8.300000000000000000e+01 6.953702395826819593e-01
8.500000000000000000e+01 6.944510184036025713e-01
8.700000000000000000e+01 6.935692521768279661e-01
8.900000000000000000e+01 6.927209402899812130e-01
9.100000000000000000e+01 6.918277615751757814e-01
9.300000000000000000e+01 6.909076579172159782e-01
9.500000000000000000e+01 6.900198441937144267e-01
9.700000000000000000e+01 6.891499588299840884e-01
9.900000000000000000e+01 6.882489967651070906e-01
1.010000000000000000e+02 6.873135661025416843e-01
1.030000000000000000e+02 6.863398585343407632e-01
1.050000000000000000e+02 6.853364062792586253e-01
1.070000000000000000e+02 6.843663585861939902e-01
1.090000000000000000e+02 6.834255800419688498e-01
1.110000000000000000e+02 6.824900452611862844e-01
1.130000000000000000e+02 6.815754094467766366e-01
1.150000000000000000e+02 6.806776853424033602e-01
1.170000000000000000e+02 6.797964872869769470e-01
1.190000000000000000e+02 6.790096963067904223e-01
1.210000000000000000e+02 6.782865105356834512e-01
1.230000000000000000e+02 6.776150132995661934e-01
1.250000000000000000e+02 6.770892623606821203e-01
1.270000000000000000e+02 6.766930028269784181e-01
1.290000000000000000e+02 6.764310008768608107e-01
1.310000000000000000e+02 6.762438347837543828e-01
1.330000000000000000e+02 6.761560422046091201e-01
1.350000000000000000e+02 6.761560422046091201e-01
1.370000000000000000e+02 6.761560422046097862e-01
1.390000000000000000e+02 6.761560422046096752e-01
1.410000000000000000e+02 6.761560422046091201e-01
1.430000000000000000e+02 6.761560422046093421e-01
1.450000000000000000e+02 6.761560422046091201e-01
1.470000000000000000e+02 6.761560422046091201e-01
1.490000000000000000e+02 6.761560422046093421e-01
