1.000000000000000000e+00 9.944550022127907063e-03
3.000000000000000000e+00 1.096644892795461956e-02
5.000000000000000000e+00 1.139915510648470409e-02
7.000000000000000000e+00 1.163760349079612233e-02
9.000000000000000000e+00 1.178612207308304960e-02
1.100000000000000000e+01 1.188542186703700487e-02
1.300000000000000000e+01 1.196361081873265064e-02
1.500000000000000000e+01 1.202261736473642095e-02
1.700000000000000000e+01 1.206020428113829812e-02
1.900000000000000000e+01 1.207765612535338651e-02
2.100000000000000000e+01 1.208193102947963116e-02
2.300000000000000000e+01 1.207888477953167339e-02
2.500000000000000000e+01 1.206767734380176371e-02
2.700000000000000000e+01 1.204537466855892802e-02
2.900000000000000000e+01 1.201342520252013379e-02
3.100000000000000000e+01 1.197665703126715719e-02
3.300000000000000000e+01 1.193742880094117442e-02
3.500000000000000000e+01 1.190280803035193014e-02
3.700000000000000000e+01 1.187358290708062647e-02
3.900000000000000000e+01 1.185044512423771845e-02
4.100000000000000000e+01 1.183423069067024436e-02
4.300000000000000000e+01 1.182334990075584180e-02
4.500000000000000000e+01 1.181111552371993945e-02
4.700000000000000000e+01 1.179931623725305467e-02
4.900000000000000000e+01 1.178729946473711099e-02
5.100000000000000000e+01 1.177977905841076645e-02
5.300000000000000000e+01 1.177632845571241482e-02
5.500000000000000000e+01 1.177673645821286641e-02
5.700000000000000000e+01 1.177949049648208124e-02
5.900000000000000000e+01 1.178448167206336272e-02
6.100000000000000000e+01 1.178888749208439890e-02
6.300000000000000000e+01 1.179278294193575327e-02
6.500000000000000000e+01 1.179645876034873808e-02
6.700000000000000000e+01 1.180016994138799458e-02
6.900000000000000000e+01 1.180390749239279558e-02
7.100000000000000000e+01 1.180777145631539682e-02
7.300000000000000000e+01 1.181593253145474254e-02
7.500000000000000000e+01 1.182829755813330497e-02
7.700000000000000000e+01 1.184492353586874547e-02
7.900000000000000000e+01 1.186567970623086943e-02
8.100000000000000000e+01 1.188735759577552731e-02
8.300000000000000000e+01 1.191004539354934000e-02
8.500000000000000000e+01 1.193393363198014256e-02
8.700000000000000000e+01 1.195922255722114969e-02
8.900000000000000000e+01 1.198546011062284755e-02
9.100000000000000000e+01 1.201301718252034689e-02
9.300000000000000000e+01 1.204460846699284549e-02
9.500000000000000000e+01 1.208145035226704245e-02
9.700000000000000000e+01 1.212115150218173731e-02
9.900000000000000000e+01 1.216373364986944594e-02
1.010000000000000000e+02 1.220869120246248496e-02
1.030000000000000000e+02 1.225603849800915857e-02
1.050000000000000000e+02 1.230573956588920659e-02
1.070000000000000000e+02 1.235865132285096646e-02
1.090000000000000000e+02 1.241496429496713461e-02
1.110000000000000000e+02 1.247484768712636694e-02
1.130000000000000000e+02 1.253840662429395181e-02
1.150000000000000000e+02 1.260567328726625025e-02
1.170000000000000000e+02 1.267502266706510561e-02
1.190000000000000000e+02 1.274675952820047975e-02
1.210000000000000000e+02 1.282084233726077382e-02
1.230000000000000000e+02 1.289672437481814704e-02
1.250000000000000000e+02 1.297541285897307883e-02
1.270000000000000000e+02 1.305705835270498660e-02
1.290000000000000000e+02 1.314186472082290447e-02
1.310000000000000000e+02 1.323033289735375817e-02
1.330000000000000000e+02 1.332195412137060497e-02
1.350000000000000000e+02 1.341646383462447023e-02
1.370000000000000000e+02 1.351383872427946997e-02
1.390000000000000000e+02 1.361405466325982250e-02
1.410000000000000000e+02 1.371745841462645998e-02
1.430000000000000000e+02 1.382407943255870020e-02
1.450000000000000000e+02 1.393473033052128329e-02
1.470000000000000000e+02 1.404947245984045079e-02
1.490000000000000000e+02 1.416841570505456005e-02
