1.000000000000000000e+00 1.694606111857266395e-02
3.000000000000000000e+00 1.734201414532754448e-02
5.000000000000000000e+00 1.760221417591201210e-02
7.000000000000000000e+00 1.782500842555245768e-02
9.000000000000000000e+00 1.802107076137293706e-02
1.100000000000000000e+01 1.820176035165910200e-02
1.300000000000000000e+01 1.836522409147234303e-02
1.500000000000000000e+01 1.851186546245819908e-02
1.700000000000000000e+01 1.864195736775675627e-02
1.900000000000000000e+01 1.875853597956478325e-02
2.100000000000000000e+01 1.886623972532452953e-02
2.300000000000000000e+01 1.896940328555585253e-02
2.500000000000000000e+01 1.906934695105677591e-02
2.700000000000000000e+01 1.916453852677846292e-02
2.900000000000000000e+01 1.925524581886461917e-02
3.100000000000000000e+01 1.934160042140053992e-02
3.300000000000000000e+01 1.942349605779924993e-02
3.500000000000000000e+01 1.950032783000665848e-02
3.700000000000000000e+01 1.957127547891601704e-02
3.900000000000000000e+01 1.963551057590928739e-02
4.100000000000000000e+01 1.969244803762915108e-02
4.300000000000000000e+01 1.974235220710274241e-02
4.500000000000000000e+01 1.978562085328250397e-02
4.700000000000000000e+01 1.982254035687924798e-02
4.900000000000000000e+01 1.985295022032773637e-02
5.100000000000000000e+01 1.987665217670830931e-02
5.300000000000000000e+01 1.989375131417103759e-02
5.500000000000000000e+01 1.990449556682749588e-02
5.700000000000000000e+01 1.990900095698855399e-02
5.900000000000000000e+01 1.990684629228822722e-02
6.100000000000000000e+01 1.989756511917972759e-02
6.300000000000000000e+01 1.988096714692166866e-02
6.500000000000000000e+01 1.985679513044924516e-02
6.700000000000000000e+01 1.982487037087543591e-02
6.900000000000000000e+01 1.978471509268475703e-02
7.100000000000000000e+01 1.973445330134371289e-02
7.300000000000000000e+01 1.967328018878300444e-02
7.500000000000000000e+01 1.960117016317552974e-02
7.700000000000000000e+01 1.951842396445446770e-02
7.900000000000000000e+01 1.942555092071474032e-02
8.100000000000000000e+01 1.932356591026929138e-02
8.300000000000000000e+01 1.921385655544638471e-02
8.500000000000000000e+01 1.909719773741946902e-02
8.700000000000000000e+01 1.897499240868594228e-02
8.900000000000000000e+01 1.884735900534073583e-02
9.100000000000000000e+01 1.871485407358774999e-02
9.300000000000000000e+01 1.857893603413252048e-02
9.500000000000000000e+01 1.843986916888495919e-02
9.700000000000000000e+01 1.829843616208703949e-02
9.900000000000000000e+01 1.815608167961446640e-02
1.010000000000000000e+02 1.801364590132437105e-02
1.030000000000000000e+02 1.787189952404821813e-02
1.050000000000000000e+02 1.772989811321357134e-02
1.070000000000000000e+02 1.758833255583891475e-02
1.090000000000000000e+02 1.744782566083802333e-02
1.110000000000000000e+02 1.730860909869169628e-02
1.130000000000000000e+02 1.717098145948114940e-02
1.150000000000000000e+02 1.703500340330821317e-02
1.170000000000000000e+02 1.690003940072015709e-02
1.190000000000000000e+02 1.676633662755588894e-02
1.210000000000000000e+02 1.663391309835671183e-02
1.230000000000000000e+02 1.650293205132735697e-02
1.250000000000000000e+02 1.637350530109171753e-02
1.270000000000000000e+02 1.624619991380527040e-02
1.290000000000000000e+02 1.612110443770675694e-02
1.310000000000000000e+02 1.599897714954356953e-02
1.330000000000000000e+02 1.587902467057178413e-02
1.350000000000000000e+02 1.576124195334660527e-02
1.370000000000000000e+02 1.564442099031448929e-02
1.390000000000000000e+02 1.552904345126393526e-02
1.410000000000000000e+02 1.541450068961414122e-02
1.430000000000000000e+02 1.530194240893545388e-02
1.450000000000000000e+02 1.519030326625414595e-02
1.470000000000000000e+02 1.507986801081495631e-02
1.490000000000000000e+02 1.497063885742422329e-02
