1.000000000000000000e+00 3.586176918061291241e-01
3.000000000000000000e+00 4.440992348713193039e-01
5.000000000000000000e+00 4.886675448297206348e-01
7.000000000000000000e+00 5.169369584738390255e-01
9.000000000000000000e+00 5.379074615826002770e-01
1.100000000000000000e+01 5.558942559027504338e-01
1.300000000000000000e+01 5.722481392339361372e-01
1.500000000000000000e+01 5.876896196163494679e-01
1.700000000000000000e+01 6.025900613268673212e-01
1.900000000000000000e+01 6.169419410489705990e-01
2.100000000000000000e+01 6.306142587771341734e-01
2.300000000000000000e+01 6.435641988980274064e-01
2.500000000000000000e+01 6.558680594781511886e-01
2.700000000000000000e+01 6.676296309784235383e-01
2.900000000000000000e+01 6.787834346491850024e-01
3.100000000000000000e+01 6.892909050171021068e-01
3.300000000000000000e+01 6.991630494660456829e-01
3.500000000000000000e+01 7.083192834604391530e-01
3.700000000000000000e+01 7.168629617756703265e-01
3.900000000000000000e+01 7.248038106295267013e-01
4.100000000000000000e+01 7.321495143462792843e-01
4.300000000000000000e+01 7.391201873446469062e-01
4.500000000000000000e+01 7.458104778469698548e-01
4.700000000000000000e+01 7.521941663113549392e-01
4.900000000000000000e+01 7.583244861603652964e-01
5.100000000000000000e+01 7.642406825974841222e-01
5.300000000000000000e+01 7.698979523735571817e-01
5.500000000000000000e+01 7.753016324335939569e-01
5.700000000000000000e+01 7.804913004231071039e-01
5.900000000000000000e+01 7.855079317227966484e-01
6.100000000000000000e+01 7.903385085189554848e-01
6.300000000000000000e+01 7.950129264666550011e-01
6.500000000000000000e+01 7.995559775230969279e-01
6.700000000000000000e+01 8.039479315673703219e-01
6.900000000000000000e+01 8.081797353459092559e-01
7.100000000000000000e+01 8.122310113839465995e-01
7.300000000000000000e+01 8.160534824315671676e-01
7.500000000000000000e+01 8.196495369272763787e-01
7.700000000000000000e+01 8.230168750531577926e-01
7.900000000000000000e+01 8.261643363244577376e-01
8.100000000000000000e+01 8.291971531324184852e-01
8.300000000000000000e+01 8.321173151936227530e-01
8.500000000000000000e+01 8.349172031018491369e-01
8.700000000000000000e+01 8.376127317237045400e-01
8.900000000000000000e+01 8.402184893194837301e-01
9.100000000000000000e+01 8.426731514000308509e-01
9.300000000000000000e+01 8.449784202990529014e-01
9.500000000000000000e+01 8.472203074303981118e-01
9.700000000000000000e+01 8.494073690322203607e-01
9.900000000000000000e+01 8.515517003087298420e-01
1.010000000000000000e+02 8.535779012259436804e-01
1.030000000000000000e+02 8.555090920796193377e-01
1.050000000000000000e+02 8.574299750829483813e-01
1.070000000000000000e+02 8.593279967469289460e-01
1.090000000000000000e+02 8.611967991074223061e-01
1.110000000000000000e+02 8.630417060505085614e-01
1.130000000000000000e+02 8.648008223742436051e-01
1.150000000000000000e+02 8.664793919860576121e-01
1.170000000000000000e+02 8.680895186139984121e-01
1.190000000000000000e+02 8.696212511394412203e-01
1.210000000000000000e+02 8.710823280839471439e-01
1.230000000000000000e+02 8.724284703197240365e-01
1.250000000000000000e+02 8.736515163090405878e-01
1.270000000000000000e+02 8.748230388891384823e-01
1.290000000000000000e+02 8.759459139714534937e-01
1.310000000000000000e+02 8.769248456782088308e-01
1.330000000000000000e+02 8.777713895535534938e-01
1.350000000000000000e+02 8.785197537947728730e-01
1.370000000000000000e+02 8.791414256549928696e-01
1.390000000000000000e+02 8.796441457151029653e-01
1.410000000000000000e+02 8.800507640338737225e-01
1.430000000000000000e+02 8.803905376562474183e-01
1.450000000000000000e+02 8.806699466970651091e-01
1.470000000000000000e+02 8.809157324285805668e-01
1.490000000000000000e+02 8.811697009680988790e-01
