1.000000000000000000e+00 3.325218217445469193e-03
3.000000000000000000e+00 3.264305948261547741e-03
5.000000000000000000e+00 3.373661398790028798e-03
7.000000000000000000e+00 3.571842873346997571e-03
9.000000000000000000e+00 3.784323725739002775e-03
1.100000000000000000e+01 3.955921799413619766e-03
1.300000000000000000e+01 4.106884849958247763e-03
1.500000000000000000e+01 4.252987456765278118e-03
1.700000000000000000e+01 4.402595690116029026e-03
1.900000000000000000e+01 4.563798207262936835e-03
2.100000000000000000e+01 4.732330405089801850e-03
2.300000000000000000e+01 4.902105917409027569e-03
2.500000000000000000e+01 5.062348741286637477e-03
2.700000000000000000e+01 5.208089298337270634e-03
2.900000000000000000e+01 5.342238536791277248e-03
3.100000000000000000e+01 5.470753154096064108e-03
3.300000000000000000e+01 5.606774677718528999e-03
3.500000000000000000e+01 5.745837971858236415e-03
3.700000000000000000e+01 5.881337773372075084e-03
3.900000000000000000e+01 6.007489566706714079e-03
4.100000000000000000e+01 6.120446007372271069e-03
4.300000000000000000e+01 6.218049856816065812e-03
4.500000000000000000e+01 6.302244205144469369e-03
4.700000000000000000e+01 6.376417000898748633e-03
4.900000000000000000e+01 6.441470043154318148e-03
5.100000000000000000e+01 6.499004640120431553e-03
5.300000000000000000e+01 6.551091947067155807e-03
5.500000000000000000e+01 6.599744945102403726e-03
5.700000000000000000e+01 6.647691250246112737e-03
5.900000000000000000e+01 6.697633253846202450e-03
6.100000000000000000e+01 6.751104078078662418e-03
6.300000000000000000e+01 6.809415100934357312e-03
6.500000000000000000e+01 6.873054703298242529e-03
6.700000000000000000e+01 6.941838673682032557e-03
6.900000000000000000e+01 7.006413153008983485e-03
7.100000000000000000e+01 7.066568591547639500e-03
7.300000000000000000e+01 7.122802244195924892e-03
7.500000000000000000e+01 7.171928899697865845e-03
7.700000000000000000e+01 7.214971074927190031e-03
7.900000000000000000e+01 7.253733813963325616e-03
8.100000000000000000e+01 7.292469293324721491e-03
8.300000000000000000e+01 7.331640363323677079e-03
8.500000000000000000e+01 7.371621742997547244e-03
8.700000000000000000e+01 7.420197589671162497e-03
8.900000000000000000e+01 7.477930967613621860e-03
9.100000000000000000e+01 7.545215760180523645e-03
9.300000000000000000e+01 7.621957923269251367e-03
9.500000000000000000e+01 7.707046618029900209e-03
9.700000000000000000e+01 7.798804298690731329e-03
9.900000000000000000e+01 7.895445571105219607e-03
1.010000000000000000e+02 7.995504490881932824e-03
1.030000000000000000e+02 8.097474547054783756e-03
1.050000000000000000e+02 8.200138171334914183e-03
1.070000000000000000e+02 8.304380557409341002e-03
1.090000000000000000e+02 8.411195362292289701e-03
1.110000000000000000e+02 8.521567378374839130e-03
1.130000000000000000e+02 8.629820894573758672e-03
1.150000000000000000e+02 8.736416415806469438e-03
1.170000000000000000e+02 8.841938401391247204e-03
1.190000000000000000e+02 8.946731748256109285e-03
1.210000000000000000e+02 9.051297199320851306e-03
1.230000000000000000e+02 9.156230927056641100e-03
1.250000000000000000e+02 9.260539709343817982e-03
1.270000000000000000e+02 9.364161820134442316e-03
1.290000000000000000e+02 9.466686793313972004e-03
1.310000000000000000e+02 9.566665367042537227e-03
1.330000000000000000e+02 9.663196398338791404e-03
1.350000000000000000e+02 9.755480394743498707e-03
1.370000000000000000e+02 9.843117378670829254e-03
1.390000000000000000e+02 9.926045051872778302e-03
1.410000000000000000e+02 1.000424138846200961e-02
1.430000000000000000e+02 1.007890730944249746e-02
1.450000000000000000e+02 1.015069151228897848e-02
1.470000000000000000e+02 1.022021624768021386e-02
1.490000000000000000e+02 1.028880950007471373e-02
