1.000000000000000000e+00 0.000000000000000000e+00
3.000000000000000000e+00 2.220446049250313081e-16
5.000000000000000000e+00 2.220446049250313081e-16
7.000000000000000000e+00 0.000000000000000000e+00
9.000000000000000000e+00 3.470911726000114328e-05
1.100000000000000000e+01 9.645638740118922527e-05
1.300000000000000000e+01 1.595666899681935647e-04
1.500000000000000000e+01 2.210186834206151474e-04
1.700000000000000000e+01 2.803650206298913261e-04
1.900000000000000000e+01 3.367729115055784206e-04
2.100000000000000000e+01 3.897873421170316988e-04
2.300000000000000000e+01 4.393644512434846661e-04
2.500000000000000000e+01 4.851446271650905473e-04
2.700000000000000000e+01 5.273795932666525133e-04
2.900000000000000000e+01 5.662525721614741769e-04
3.100000000000000000e+01 6.021748982435459752e-04
3.300000000000000000e+01 6.356189368116327287e-04
3.500000000000000000e+01 6.675422526599694706e-04
3.700000000000000000e+01 6.984708474627732144e-04
3.900000000000000000e+01 7.287587613695745148e-04
4.100000000000000000e+01 7.587926289444046901e-04
4.300000000000000000e+01 7.885849077992057587e-04
4.500000000000000000e+01 8.183339958410806858e-04
4.700000000000000000e+01 8.480741762129095918e-04
4.900000000000000000e+01 8.778776208228089573e-04
5.100000000000000000e+01 9.076961202586497635e-04
5.300000000000000000e+01 9.376386558909155511e-04
5.500000000000000000e+01 9.681138614058282243e-04
5.700000000000000000e+01 9.991792920146513879e-04
5.900000000000000000e+01 1.030730556297765332e-03
6.100000000000000000e+01 1.062577653788809862e-03
6.300000000000000000e+01 1.094721437387424778e-03
6.500000000000000000e+01 1.127014802380754688e-03
6.700000000000000000e+01 1.159224505332123734e-03
6.900000000000000000e+01 1.191291737087984970e-03
7.100000000000000000e+01 1.223193532040700582e-03
7.300000000000000000e+01 1.254958200747946506e-03
7.500000000000000000e+01 1.286675061214048732e-03
7.700000000000000000e+01 1.318304734396313904e-03
7.900000000000000000e+01 1.349884049035687816e-03
8.100000000000000000e+01 1.381432990895326007e-03
8.300000000000000000e+01 1.412963534628053353e-03
8.500000000000000000e+01 1.444398197773089088e-03
8.700000000000000000e+01 1.475590100869172971e-03
8.900000000000000000e+01 1.506445193870442623e-03
9.100000000000000000e+01 1.537040979846082678e-03
9.300000000000000000e+01 1.567390416275182830e-03
9.500000000000000000e+01 1.597484493446432730e-03
9.700000000000000000e+01 1.627320600328441280e-03
9.900000000000000000e+01 1.656944195933318653e-03
1.010000000000000000e+02 1.686297298874150918e-03
1.030000000000000000e+02 1.715378276783807721e-03
1.050000000000000000e+02 1.744226281479521745e-03
1.070000000000000000e+02 1.772886109601690130e-03
1.090000000000000000e+02 1.801424623513181444e-03
1.110000000000000000e+02 1.829827991942978294e-03
1.130000000000000000e+02 1.858213646490747273e-03
1.150000000000000000e+02 1.886741477364894948e-03
1.170000000000000000e+02 1.915521731816194340e-03
1.190000000000000000e+02 1.943170236479607738e-03
1.210000000000000000e+02 1.969681712478799085e-03
1.230000000000000000e+02 1.995220260767704978e-03
1.250000000000000000e+02 2.019861864398730944e-03
1.270000000000000000e+02 2.045222488656017745e-03
1.290000000000000000e+02 2.071423822509466106e-03
1.310000000000000000e+02 2.098585919322437654e-03
1.330000000000000000e+02 2.126839481686126909e-03
1.350000000000000000e+02 2.156302072199745012e-03
1.370000000000000000e+02 2.187153963806864887e-03
1.390000000000000000e+02 2.219610392128479326e-03
1.410000000000000000e+02 2.253830026248238028e-03
1.430000000000000000e+02 2.289976076049193843e-03
1.450000000000000000e+02 2.328200066019081582e-03
1.470000000000000000e+02 2.368665509488332432e-03
1.490000000000000000e+02 2.411512034779073055e-03
