1.000000000000000000e+00 1.112733299135859610e-02
3.000000000000000000e+00 1.408770002068804317e-02
5.000000000000000000e+00 1.563543401917100173e-02
7.000000000000000000e+00 1.666755415665699402e-02
9.000000000000000000e+00 1.745887324199557611e-02
1.100000000000000000e+01 1.814260212426566099e-02
1.300000000000000000e+01 1.871910916129582159e-02
1.500000000000000000e+01 1.920486239053431632e-02
1.700000000000000000e+01 1.963174232816378151e-02
1.900000000000000000e+01 2.003382469732317706e-02
2.100000000000000000e+01 2.043294716316279569e-02
2.300000000000000000e+01 2.083647224598683678e-02
2.500000000000000000e+01 2.125782028503275800e-02
2.700000000000000000e+01 2.169986658487854658e-02
2.900000000000000000e+01 2.214697048294156367e-02
3.100000000000000000e+01 2.259090687506692952e-02
3.300000000000000000e+01 2.302846509270106701e-02
3.500000000000000000e+01 2.346317265663810936e-02
3.700000000000000000e+01 2.390028756023954148e-02
3.900000000000000000e+01 2.434376247508818203e-02
4.100000000000000000e+01 2.479615219171937834e-02
4.300000000000000000e+01 2.525688283280602686e-02
4.500000000000000000e+01 2.571242614537128102e-02
4.700000000000000000e+01 2.616336519232553837e-02
4.900000000000000000e+01 2.662167807648851969e-02
5.100000000000000000e+01 2.708614108292484168e-02
5.300000000000000000e+01 2.755663798001484199e-02
5.500000000000000000e+01 2.803362605831649645e-02
5.700000000000000000e+01 2.852093346639106297e-02
5.900000000000000000e+01 2.902278087951859487e-02
6.100000000000000000e+01 2.953936244632560104e-02
6.300000000000000000e+01 3.006572761322034992e-02
6.500000000000000000e+01 3.060019377932099438e-02
6.700000000000000000e+01 3.114489318128932371e-02
6.900000000000000000e+01 3.169686575150043595e-02
7.100000000000000000e+01 3.225743073060138855e-02
7.300000000000000000e+01 3.283609728261227545e-02
7.500000000000000000e+01 3.343695661827572607e-02
7.700000000000000000e+01 3.406174952541995982e-02
7.900000000000000000e+01 3.470441633745613430e-02
8.100000000000000000e+01 3.536494910783627432e-02
8.300000000000000000e+01 3.604292436804579225e-02
8.500000000000000000e+01 3.672916867957476406e-02
8.700000000000000000e+01 3.742081577645017809e-02
8.900000000000000000e+01 3.811840303971036903e-02
9.100000000000000000e+01 3.881916799773799109e-02
9.300000000000000000e+01 3.953510652496416977e-02
9.500000000000000000e+01 4.026648196225346421e-02
9.700000000000000000e+01 4.101394237657529640e-02
9.900000000000000000e+01 4.177786439040243049e-02
1.010000000000000000e+02 4.255856519134892935e-02
1.030000000000000000e+02 4.335607924484063957e-02
1.050000000000000000e+02 4.417025617323766529e-02
1.070000000000000000e+02 4.499861731942700338e-02
1.090000000000000000e+02 4.584128269722764770e-02
1.110000000000000000e+02 4.669040930984758031e-02
1.130000000000000000e+02 4.754862283556970937e-02
1.150000000000000000e+02 4.841569652463295625e-02
1.170000000000000000e+02 4.929408477353702800e-02
1.190000000000000000e+02 5.018400678401513382e-02
1.210000000000000000e+02 5.109092145371274540e-02
1.230000000000000000e+02 5.201469541849879086e-02
1.250000000000000000e+02 5.295494088453744919e-02
1.270000000000000000e+02 5.391156304065070071e-02
1.290000000000000000e+02 5.488459978438897657e-02
1.310000000000000000e+02 5.587418916058373153e-02
1.330000000000000000e+02 5.688037173641269373e-02
1.350000000000000000e+02 5.789780137306188568e-02
1.370000000000000000e+02 5.892636990582356127e-02
1.390000000000000000e+02 5.996071963090088275e-02
1.410000000000000000e+02 6.100298962332340036e-02
1.430000000000000000e+02 6.205316167058594345e-02
1.450000000000000000e+02 6.310897520325275956e-02
1.470000000000000000e+02 6.417027122290508423e-02
1.490000000000000000e+02 6.524754495889684147e-02
