1.000000000000000000e+00 5.858407079646021920e-02
3.000000000000000000e+00 7.198086501922240643e-02
5.000000000000000000e+00 7.845064556739522743e-02
7.000000000000000000e+00 8.272498522730764581e-02
9.000000000000000000e+00 8.622683935542785338e-02
1.100000000000000000e+01 8.939282046334418030e-02
1.300000000000000000e+01 9.251901524704853053e-02
1.500000000000000000e+01 9.559587911561928664e-02
1.700000000000000000e+01 9.864609656479284006e-02
1.900000000000000000e+01 1.017301722711687617e-01
2.100000000000000000e+01 1.048227742423984976e-01
2.300000000000000000e+01 1.079229560258335718e-01
2.500000000000000000e+01 1.110263334714313155e-01
2.700000000000000000e+01 1.141400315909755214e-01
2.900000000000000000e+01 1.172492865474807910e-01
3.100000000000000000e+01 1.203524070537507207e-01
3.300000000000000000e+01 1.234658599373952281e-01
3.500000000000000000e+01 1.265896161699848754e-01
3.700000000000000000e+01 1.297120105655800160e-01
3.900000000000000000e+01 1.328437680886788153e-01
4.100000000000000000e+01 1.360003428659325442e-01
4.300000000000000000e+01 1.391915756215897915e-01
4.500000000000000000e+01 1.424177727504204460e-01
4.700000000000000000e+01 1.456771591960678291e-01
4.900000000000000000e+01 1.489650905538734138e-01
5.100000000000000000e+01 1.522822260687818341e-01
5.300000000000000000e+01 1.556322333060382590e-01
5.500000000000000000e+01 1.590188743916367553e-01
5.700000000000000000e+01 1.624424728774142013e-01
5.900000000000000000e+01 1.659048662389764894e-01
6.100000000000000000e+01 1.693998021735265702e-01
6.300000000000000000e+01 1.729283520405880958e-01
6.500000000000000000e+01 1.764945508376311034e-01
6.700000000000000000e+01 1.800957481718584718e-01
6.900000000000000000e+01 1.837247748003074665e-01
7.100000000000000000e+01 1.873765626423392616e-01
7.300000000000000000e+01 1.910443962660957062e-01
7.500000000000000000e+01 1.947274661840735499e-01
7.700000000000000000e+01 1.984206820915356273e-01
7.900000000000000000e+01 2.021220320028677131e-01
8.100000000000000000e+01 2.058290268178021298e-01
8.300000000000000000e+01 2.095370010452776155e-01
8.500000000000000000e+01 2.132398184878643299e-01
8.700000000000000000e+01 2.169308375319818349e-01
8.900000000000000000e+01 2.206087514139563055e-01
9.100000000000000000e+01 2.242726224201833096e-01
9.300000000000000000e+01 2.279200309907301047e-01
9.500000000000000000e+01 2.315503992009830814e-01
9.700000000000000000e+01 2.351612391825261827e-01
9.900000000000000000e+01 2.387490183614886519e-01
1.010000000000000000e+02 2.423065154984884728e-01
1.030000000000000000e+02 2.458323729949181136e-01
1.050000000000000000e+02 2.493302997497311990e-01
1.070000000000000000e+02 2.528006521848235044e-01
1.090000000000000000e+02 2.562442313851197584e-01
1.110000000000000000e+02 2.596550344956826128e-01
1.130000000000000000e+02 2.630322507085933736e-01
1.150000000000000000e+02 2.663782925071311869e-01
1.170000000000000000e+02 2.696890410135054372e-01
1.190000000000000000e+02 2.729640865792378746e-01
1.210000000000000000e+02 2.762055851796703099e-01
1.230000000000000000e+02 2.794132393798588465e-01
1.250000000000000000e+02 2.825878731137693167e-01
1.270000000000000000e+02 2.857307227077350298e-01
1.290000000000000000e+02 2.888323260763898670e-01
1.310000000000000000e+02 2.918929072898956978e-01
1.330000000000000000e+02 2.949147774550142653e-01
1.350000000000000000e+02 2.978998788016470334e-01
1.370000000000000000e+02 3.008406635933369433e-01
1.390000000000000000e+02 3.037358553751458023e-01
1.410000000000000000e+02 3.065909857843660546e-01
1.430000000000000000e+02 3.094098600275291266e-01
1.450000000000000000e+02 3.121914982346780665e-01
1.470000000000000000e+02 3.149363680634171825e-01
1.490000000000000000e+02 3.176399658759241351e-01
