1.000000000000000000e+00 1.165478239488566548e-01
3.000000000000000000e+00 1.380273647913667912e-01
5.000000000000000000e+00 1.476916531425300771e-01
7.000000000000000000e+00 1.532488572460328768e-01
9.000000000000000000e+00 1.571209340715143954e-01
1.100000000000000000e+01 1.601653315634921082e-01
1.300000000000000000e+01 1.627396117560692135e-01
1.500000000000000000e+01 1.648809173282537177e-01
1.700000000000000000e+01 1.666626260555398309e-01
1.900000000000000000e+01 1.680739609312900118e-01
2.100000000000000000e+01 1.690822968613946431e-01
2.300000000000000000e+01 1.696390116432427986e-01
2.500000000000000000e+01 1.698264507564923864e-01
2.700000000000000000e+01 1.697288266223594411e-01
2.900000000000000000e+01 1.694019902293621982e-01
3.100000000000000000e+01 1.688632917033209280e-01
3.300000000000000000e+01 1.681726996425918497e-01
3.500000000000000000e+01 1.673789515464184641e-01
3.700000000000000000e+01 1.664882105855839400e-01
3.900000000000000000e+01 1.655235743704605023e-01
4.100000000000000000e+01 1.645124422537510567e-01
4.300000000000000000e+01 1.634613846272885418e-01
4.500000000000000000e+01 1.623761074900283985e-01
4.700000000000000000e+01 1.613098618970484344e-01
4.900000000000000000e+01 1.602630235552573446e-01
5.100000000000000000e+01 1.592300683125463800e-01
5.300000000000000000e+01 1.582077962433170448e-01
5.500000000000000000e+01 1.572181969392563161e-01
5.700000000000000000e+01 1.562536304496378037e-01
5.900000000000000000e+01 1.553522109477204483e-01
6.100000000000000000e+01 1.545000611521093470e-01
6.300000000000000000e+01 1.536896510604431887e-01
6.500000000000000000e+01 1.529344077387566614e-01
6.700000000000000000e+01 1.522291129599550041e-01
6.900000000000000000e+01 1.515755924332338189e-01
7.100000000000000000e+01 1.509868887443852614e-01
7.300000000000000000e+01 1.504591582865785204e-01
7.500000000000000000e+01 1.499875910705132931e-01
7.700000000000000000e+01 1.495684487425940068e-01
7.900000000000000000e+01 1.492005843294460510e-01
8.100000000000000000e+01 1.488815807779398925e-01
8.300000000000000000e+01 1.486052930649871540e-01
8.500000000000000000e+01 1.483728526264600500e-01
8.700000000000000000e+01 1.481800032785604015e-01
8.900000000000000000e+01 1.480304016795132016e-01
9.100000000000000000e+01 1.479210217656892201e-01
9.300000000000000000e+01 1.478524979970621267e-01
9.500000000000000000e+01 1.478256270912533532e-01
9.700000000000000000e+01 1.478357818730607898e-01
9.900000000000000000e+01 1.478826909984566340e-01
1.010000000000000000e+02 1.479650576054653000e-01
1.030000000000000000e+02 1.480803855955934445e-01
1.050000000000000000e+02 1.482302122221393903e-01
1.070000000000000000e+02 1.484166566733382542e-01
1.090000000000000000e+02 1.486385981119988653e-01
1.110000000000000000e+02 1.488979744776742775e-01
1.130000000000000000e+02 1.491943827892150409e-01
1.150000000000000000e+02 1.495251352160842373e-01
1.170000000000000000e+02 1.498881932147098084e-01
1.190000000000000000e+02 1.502846649350139119e-01
1.210000000000000000e+02 1.507140629541700028e-01
1.230000000000000000e+02 1.511774130598559918e-01
1.250000000000000000e+02 1.516759700014880252e-01
1.270000000000000000e+02 1.522136361579436992e-01
1.290000000000000000e+02 1.527901928294910228e-01
1.310000000000000000e+02 1.534063009806084787e-01
1.330000000000000000e+02 1.540626441777991351e-01
1.350000000000000000e+02 1.547459592399534900e-01
1.370000000000000000e+02 1.554569957145939263e-01
1.390000000000000000e+02 1.561934133513560585e-01
1.410000000000000000e+02 1.569319168335789882e-01
1.430000000000000000e+02 1.576722775252740183e-01
1.450000000000000000e+02 1.584150634241040523e-01
1.470000000000000000e+02 1.591602117283478224e-01
1.490000000000000000e+02 1.599068597434295524e-01
