1.000000000000000000e+00 5.621348677450606068e-01
3.000000000000000000e+00 5.828884475276976396e-01
5.000000000000000000e+00 5.938164272089632156e-01
7.000000000000000000e+00 6.022665009852676832e-01
9.000000000000000000e+00 6.098847890372629532e-01
1.100000000000000000e+01 6.171203549514110431e-01
1.300000000000000000e+01 6.241525079860570369e-01
1.500000000000000000e+01 6.310102409508074883e-01
1.700000000000000000e+01 6.377190948741640053e-01
1.900000000000000000e+01 6.442851832877531937e-01
2.100000000000000000e+01 6.507171738566496222e-01
2.300000000000000000e+01 6.570288277069248339e-01
2.500000000000000000e+01 6.632367895075184094e-01
2.700000000000000000e+01 6.693555129790229596e-01
2.900000000000000000e+01 6.753993973574243803e-01
3.100000000000000000e+01 6.813688560623174517e-01
3.300000000000000000e+01 6.872698491890474326e-01
3.500000000000000000e+01 6.931073737918667099e-01
3.700000000000000000e+01 6.988890946186562259e-01
3.900000000000000000e+01 7.046162668661064554e-01
4.100000000000000000e+01 7.102913320474681935e-01
4.300000000000000000e+01 7.159031303720143624e-01
4.500000000000000000e+01 7.214540910634329451e-01
4.700000000000000000e+01 7.269416017519608753e-01
4.900000000000000000e+01 7.323599653491463801e-01
5.100000000000000000e+01 7.376953556586810512e-01
5.300000000000000000e+01 7.429445022607372717e-01
5.500000000000000000e+01 7.481025458605947698e-01
5.700000000000000000e+01 7.531605974510447998e-01
5.900000000000000000e+01 7.581134855500334391e-01
6.100000000000000000e+01 7.629603085997429535e-01
6.300000000000000000e+01 7.676991543242958072e-01
6.500000000000000000e+01 7.723294625520311651e-01
6.700000000000000000e+01 7.768509798772196273e-01
6.900000000000000000e+01 7.812606107365278607e-01
7.100000000000000000e+01 7.855588590804464255e-01
7.300000000000000000e+01 7.897460462134566761e-01
7.500000000000000000e+01 7.938216859819059446e-01
7.700000000000000000e+01 7.977846317388208597e-01
7.900000000000000000e+01 8.016343274169450694e-01
8.100000000000000000e+01 8.053728314548121991e-01
8.300000000000000000e+01 8.090007456090071436e-01
8.500000000000000000e+01 8.125201997174014146e-01
8.700000000000000000e+01 8.159326885789737194e-01
8.900000000000000000e+01 8.192403383544155648e-01
9.100000000000000000e+01 8.224428091284579079e-01
9.300000000000000000e+01 8.255410591743616022e-01
9.500000000000000000e+01 8.285386469133191323e-01
9.700000000000000000e+01 8.314388113100915634e-01
9.900000000000000000e+01 8.342440041710312837e-01
1.010000000000000000e+02 8.369575162669914414e-01
1.030000000000000000e+02 8.395833254010299784e-01
1.050000000000000000e+02 8.421237708744613304e-01
1.070000000000000000e+02 8.445824271083121060e-01
1.090000000000000000e+02 8.469615056429680156e-01
1.110000000000000000e+02 8.492624731181186437e-01
1.130000000000000000e+02 8.514894057202299082e-01
1.150000000000000000e+02 8.536459117199176605e-01
1.170000000000000000e+02 8.557365979055473471e-01
1.190000000000000000e+02 8.577645779125914194e-01
1.210000000000000000e+02 8.597331618830530431e-01
1.230000000000000000e+02 8.616473073532069371e-01
1.250000000000000000e+02 8.635110333185946896e-01
1.270000000000000000e+02 8.653278660253878041e-01
1.290000000000000000e+02 8.671020327005505290e-01
1.310000000000000000e+02 8.688383118627958090e-01
1.330000000000000000e+02 8.705377503965735508e-01
1.350000000000000000e+02 8.722033935042263764e-01
1.370000000000000000e+02 8.738385824073058306e-01
1.390000000000000000e+02 8.754424881626799992e-01
1.410000000000000000e+02 8.770130218570734160e-01
1.430000000000000000e+02 8.785541480961540639e-01
1.450000000000000000e+02 8.800659143105615811e-01
1.470000000000000000e+02 8.815469816116292545e-01
1.490000000000000000e+02 8.829960812250827740e-01
