1.000000000000000000e+00 2.552995155461001975e-02
3.000000000000000000e+00 2.614368747775908108e-02
5.000000000000000000e+00 2.653595971203925874e-02
7.000000000000000000e+00 2.685741563266019760e-02
9.000000000000000000e+00 2.713138794566050116e-02
1.100000000000000000e+01 2.736439660067824242e-02
1.300000000000000000e+01 2.755429157749422764e-02
1.500000000000000000e+01 2.770486332584454203e-02
1.700000000000000000e+01 2.780910130494695931e-02
1.900000000000000000e+01 2.787200882466911445e-02
2.100000000000000000e+01 2.790278574222915253e-02
2.300000000000000000e+01 2.790684728430514738e-02
2.500000000000000000e+01 2.788822299147986072e-02
2.700000000000000000e+01 2.785065219923543722e-02
2.900000000000000000e+01 2.779554853543475534e-02
3.100000000000000000e+01 2.772361733772610304e-02
3.300000000000000000e+01 2.763485128677556357e-02
3.500000000000000000e+01 2.752997734517526052e-02
3.700000000000000000e+01 2.740982637669109323e-02
3.900000000000000000e+01 2.727858020399320793e-02
4.100000000000000000e+01 2.713746738467059938e-02
4.300000000000000000e+01 2.698776475332353986e-02
4.500000000000000000e+01 2.682541550753414494e-02
4.700000000000000000e+01 2.665127160380320603e-02
4.900000000000000000e+01 2.647001688538741515e-02
5.100000000000000000e+01 2.628181119820638401e-02
5.300000000000000000e+01 2.608936677622553102e-02
5.500000000000000000e+01 2.589316123839946471e-02
5.700000000000000000e+01 2.569367359111862648e-02
5.900000000000000000e+01 2.549250065257402387e-02
6.100000000000000000e+01 2.528945886421818390e-02
6.300000000000000000e+01 2.508451484299112355e-02
6.500000000000000000e+01 2.487809244828653732e-02
6.700000000000000000e+01 2.466816205804911455e-02
6.900000000000000000e+01 2.445803822634962099e-02
7.100000000000000000e+01 2.424891977512311225e-02
7.300000000000000000e+01 2.404123890521592255e-02
7.500000000000000000e+01 2.383546453528950781e-02
7.700000000000000000e+01 2.363109481334946249e-02
7.900000000000000000e+01 2.342881672968988305e-02
8.100000000000000000e+01 2.322804654746857267e-02
8.300000000000000000e+01 2.302971844319101624e-02
8.500000000000000000e+01 2.283605248723463710e-02
8.700000000000000000e+01 2.264603480467797247e-02
8.900000000000000000e+01 2.245876507332777994e-02
9.100000000000000000e+01 2.227500922512748449e-02
9.300000000000000000e+01 2.209494260005107069e-02
9.500000000000000000e+01 2.191730657371393498e-02
9.700000000000000000e+01 2.174240501175617180e-02
9.900000000000000000e+01 2.157032599755481783e-02
1.010000000000000000e+02 2.139906479047781751e-02
1.030000000000000000e+02 2.123071629620898459e-02
1.050000000000000000e+02 2.106669861395693566e-02
1.070000000000000000e+02 2.090734409790817594e-02
1.090000000000000000e+02 2.075068126134871349e-02
1.110000000000000000e+02 2.059535502258436068e-02
1.130000000000000000e+02 2.044227493418371289e-02
1.150000000000000000e+02 2.029137313853168756e-02
1.170000000000000000e+02 2.014281491368563604e-02
1.190000000000000000e+02 1.999773582714026166e-02
1.210000000000000000e+02 1.985508828210613697e-02
1.230000000000000000e+02 1.971488194151749251e-02
1.250000000000000000e+02 1.957646545473601396e-02
1.270000000000000000e+02 1.944048636505546490e-02
1.290000000000000000e+02 1.930695646677116351e-02
1.310000000000000000e+02 1.917653826983101162e-02
1.330000000000000000e+02 1.904914956975656271e-02
1.350000000000000000e+02 1.892510311111039734e-02
1.370000000000000000e+02 1.880439466271610627e-02
1.390000000000000000e+02 1.868575761335566909e-02
1.410000000000000000e+02 1.856910418924417883e-02
1.430000000000000000e+02 1.845413413215535314e-02
1.450000000000000000e+02 1.834181084862540612e-02
1.470000000000000000e+02 1.823204544934509119e-02
1.490000000000000000e+02 1.812495349732634597e-02
