1.000000000000000000e+00 4.479752841222550686e-02
3.000000000000000000e+00 4.928508057337188664e-02
5.000000000000000000e+00 5.282295167154971161e-02
7.000000000000000000e+00 5.610953047463773657e-02
9.000000000000000000e+00 5.879909118111870114e-02
1.100000000000000000e+01 6.077671368978931898e-02
1.300000000000000000e+01 6.223238646237838623e-02
1.500000000000000000e+01 6.341200547352865424e-02
1.700000000000000000e+01 6.449366757920649285e-02
1.900000000000000000e+01 6.555754459338525297e-02
2.100000000000000000e+01 6.662131600575038615e-02
2.300000000000000000e+01 6.768067266515387370e-02
2.500000000000000000e+01 6.872191115673331741e-02
2.700000000000000000e+01 6.969194204820627903e-02
2.900000000000000000e+01 7.060278368984285180e-02
3.100000000000000000e+01 7.148015077073721635e-02
3.300000000000000000e+01 7.237346324501214845e-02
3.500000000000000000e+01 7.328452206062241459e-02
3.700000000000000000e+01 7.421836805936710135e-02
3.900000000000000000e+01 7.518151536242889676e-02
4.100000000000000000e+01 7.616935861339180214e-02
4.300000000000000000e+01 7.717238119382352490e-02
4.500000000000000000e+01 7.818845433830057257e-02
4.700000000000000000e+01 7.921371219062844915e-02
4.900000000000000000e+01 8.024075395003615885e-02
5.100000000000000000e+01 8.126472589606148489e-02
5.300000000000000000e+01 8.226188823583036047e-02
5.500000000000000000e+01 8.323117994986117818e-02
5.700000000000000000e+01 8.417378441655531951e-02
5.900000000000000000e+01 8.510945329774677326e-02
6.100000000000000000e+01 8.604616232574113788e-02
6.300000000000000000e+01 8.699865676035334339e-02
6.500000000000000000e+01 8.797558704487973280e-02
6.700000000000000000e+01 8.898189717702620349e-02
6.900000000000000000e+01 9.001941744070296458e-02
7.100000000000000000e+01 9.108963281613402518e-02
7.300000000000000000e+01 9.219347685087841970e-02
7.500000000000000000e+01 9.333048589216164093e-02
7.700000000000000000e+01 9.450081433940737963e-02
7.900000000000000000e+01 9.568120751043751593e-02
8.100000000000000000e+01 9.687054881485324120e-02
8.300000000000000000e+01 9.807702657668726509e-02
8.500000000000000000e+01 9.929917174974567384e-02
8.700000000000000000e+01 1.005477261113980614e-01
8.900000000000000000e+01 1.018200258637195210e-01
9.100000000000000000e+01 1.031152159806629776e-01
9.300000000000000000e+01 1.044331435784827677e-01
9.500000000000000000e+01 1.057721821984686228e-01
9.700000000000000000e+01 1.071312508423939436e-01
9.900000000000000000e+01 1.085100632112323549e-01
1.010000000000000000e+02 1.099088980776739000e-01
1.030000000000000000e+02 1.113307592322618778e-01
1.050000000000000000e+02 1.127779036200730056e-01
1.070000000000000000e+02 1.142410805071197855e-01
1.090000000000000000e+02 1.157170928460985460e-01
1.110000000000000000e+02 1.172077705305476503e-01
1.130000000000000000e+02 1.187142723468448402e-01
1.150000000000000000e+02 1.202538879249152037e-01
1.170000000000000000e+02 1.218271484753699063e-01
1.190000000000000000e+02 1.234346550433352840e-01
1.210000000000000000e+02 1.250737327776478836e-01
1.230000000000000000e+02 1.267454740558442428e-01
1.250000000000000000e+02 1.284510353209125100e-01
1.270000000000000000e+02 1.301902211991134983e-01
1.290000000000000000e+02 1.319444284366154685e-01
1.310000000000000000e+02 1.337137094557473427e-01
1.330000000000000000e+02 1.354972421139640781e-01
1.350000000000000000e+02 1.372919873737987739e-01
1.370000000000000000e+02 1.390989816387763200e-01
1.390000000000000000e+02 1.409004940357805324e-01
1.410000000000000000e+02 1.426830177209197359e-01
1.430000000000000000e+02 1.444451539572001453e-01
1.450000000000000000e+02 1.461867270018109011e-01
1.470000000000000000e+02 1.479420678453764459e-01
1.490000000000000000e+02 1.497113618950663971e-01
