1.000000000000000000e+00 4.172813487881981143e-01
3.000000000000000000e+00 4.762562607460566477e-01
5.000000000000000000e+00 5.061493986312235460e-01
7.000000000000000000e+00 5.267387173996119776e-01
9.000000000000000000e+00 5.428707439748939878e-01
1.100000000000000000e+01 5.564343012629890950e-01
1.300000000000000000e+01 5.684991142473956316e-01
1.500000000000000000e+01 5.796952311404424130e-01
1.700000000000000000e+01 5.903516759229918698e-01
1.900000000000000000e+01 6.004943412351734233e-01
2.100000000000000000e+01 6.101874309667960627e-01
2.300000000000000000e+01 6.194553662938594440e-01
2.500000000000000000e+01 6.284694625273858914e-01
2.700000000000000000e+01 6.373090441615025803e-01
2.900000000000000000e+01 6.459241149570251750e-01
3.100000000000000000e+01 6.543469077462300554e-01
3.300000000000000000e+01 6.626406709874386181e-01
3.500000000000000000e+01 6.708487818826165405e-01
3.700000000000000000e+01 6.789804766376645873e-01
3.900000000000000000e+01 6.870440200428322708e-01
4.100000000000000000e+01 6.950603447657792699e-01
4.300000000000000000e+01 7.030408734582479502e-01
4.500000000000000000e+01 7.109265158927413619e-01
4.700000000000000000e+01 7.187043031309092722e-01
4.900000000000000000e+01 7.263954184730099239e-01
5.100000000000000000e+01 7.340053044672636418e-01
5.300000000000000000e+01 7.415026491692160437e-01
5.500000000000000000e+01 7.488840988359830586e-01
5.700000000000000000e+01 7.561593752195456819e-01
5.900000000000000000e+01 7.632529174165990637e-01
6.100000000000000000e+01 7.701844745685476612e-01
6.300000000000000000e+01 7.769402685545379050e-01
6.500000000000000000e+01 7.834253523192231672e-01
6.700000000000000000e+01 7.896163383829077898e-01
6.900000000000000000e+01 7.955371056782074568e-01
7.100000000000000000e+01 8.011862537299170306e-01
7.300000000000000000e+01 8.065490724101905817e-01
7.500000000000000000e+01 8.116320350374583992e-01
7.700000000000000000e+01 8.164781293585867683e-01
7.900000000000000000e+01 8.211170164768288871e-01
8.100000000000000000e+01 8.255767596511046635e-01
8.300000000000000000e+01 8.298886668645555353e-01
8.500000000000000000e+01 8.340297532213871712e-01
8.700000000000000000e+01 8.380184878878108590e-01
8.900000000000000000e+01 8.418631586807947542e-01
9.100000000000000000e+01 8.456085531360566510e-01
9.300000000000000000e+01 8.492252618744923209e-01
9.500000000000000000e+01 8.527284246620467911e-01
9.700000000000000000e+01 8.561178722971467536e-01
9.900000000000000000e+01 8.594141407563697932e-01
1.010000000000000000e+02 8.626668021704106959e-01
1.030000000000000000e+02 8.658980018963666758e-01
1.050000000000000000e+02 8.690417967242822783e-01
1.070000000000000000e+02 8.721083003073684115e-01
1.090000000000000000e+02 8.750752723222434692e-01
1.110000000000000000e+02 8.778908703709960015e-01
1.130000000000000000e+02 8.805654729996380548e-01
1.150000000000000000e+02 8.831288831272063877e-01
1.170000000000000000e+02 8.855993299190245693e-01
1.190000000000000000e+02 8.880242134223171879e-01
1.210000000000000000e+02 8.904164598107152662e-01
1.230000000000000000e+02 8.927008495600391447e-01
1.250000000000000000e+02 8.949108064599524681e-01
1.270000000000000000e+02 8.969864537750187328e-01
1.290000000000000000e+02 8.989271922331242282e-01
1.310000000000000000e+02 9.007513948833698603e-01
1.330000000000000000e+02 9.024762007733626579e-01
1.350000000000000000e+02 9.041197441497582643e-01
1.370000000000000000e+02 9.056761393370145186e-01
1.390000000000000000e+02 9.071714010455609323e-01
1.410000000000000000e+02 9.086086435620952528e-01
1.430000000000000000e+02 9.099784902498389005e-01
1.450000000000000000e+02 9.113041245204147600e-01
1.470000000000000000e+02 9.125764878931155177e-01
1.490000000000000000e+02 9.138023547670290903e-01
