1.000000000000000000e+00 1.746827972853348676e-01
3.000000000000000000e+00 1.986304901566480208e-01
5.000000000000000000e+00 2.090418064470360715e-01
7.000000000000000000e+00 2.144552775639605446e-01
9.000000000000000000e+00 2.178702711793366609e-01
1.100000000000000000e+01 2.203192443383887866e-01
1.300000000000000000e+01 2.223001548803290595e-01
1.500000000000000000e+01 2.241025934884915971e-01
1.700000000000000000e+01 2.258772802743312935e-01
1.900000000000000000e+01 2.276358128009884352e-01
2.100000000000000000e+01 2.293970442438295620e-01
2.300000000000000000e+01 2.311834099141797383e-01
2.500000000000000000e+01 2.330088996872248241e-01
2.700000000000000000e+01 2.349238058800077189e-01
2.900000000000000000e+01 2.369809390720359898e-01
3.100000000000000000e+01 2.391964479074577543e-01
3.300000000000000000e+01 2.415676435526981081e-01
3.500000000000000000e+01 2.441041482828597564e-01
3.700000000000000000e+01 2.467954085648643714e-01
3.900000000000000000e+01 2.496519024844385815e-01
4.100000000000000000e+01 2.526769378004123379e-01
4.300000000000000000e+01 2.558714998896659543e-01
4.500000000000000000e+01 2.592093124849593755e-01
4.700000000000000000e+01 2.627076837046360414e-01
4.900000000000000000e+01 2.663643937985442633e-01
5.100000000000000000e+01 2.701748120478255633e-01
5.300000000000000000e+01 2.741140577532923395e-01
5.500000000000000000e+01 2.781776151374689698e-01
5.700000000000000000e+01 2.823589594682909265e-01
5.900000000000000000e+01 2.866668686312937586e-01
6.100000000000000000e+01 2.910871991974239847e-01
6.300000000000000000e+01 2.956021705142705125e-01
6.500000000000000000e+01 3.002193976855204172e-01
6.700000000000000000e+01 3.049409211780980122e-01
6.900000000000000000e+01 3.097645413583544061e-01
7.100000000000000000e+01 3.146933659541496509e-01
7.300000000000000000e+01 3.197218489928141949e-01
7.500000000000000000e+01 3.248403238625914291e-01
7.700000000000000000e+01 3.300449155311383498e-01
7.900000000000000000e+01 3.353464697497779978e-01
8.100000000000000000e+01 3.407438153465238706e-01
8.300000000000000000e+01 3.462344508799736209e-01
8.500000000000000000e+01 3.518173509179848280e-01
8.700000000000000000e+01 3.574916607287330628e-01
8.900000000000000000e+01 3.632658451917091247e-01
9.100000000000000000e+01 3.691329879397561298e-01
9.300000000000000000e+01 3.750894458577629376e-01
9.500000000000000000e+01 3.811269848871491339e-01
9.700000000000000000e+01 3.872381979143442177e-01
9.900000000000000000e+01 3.934289549411048581e-01
1.010000000000000000e+02 3.996823320871666363e-01
1.030000000000000000e+02 4.059870125059144019e-01
1.050000000000000000e+02 4.123380658017006262e-01
1.070000000000000000e+02 4.187434292518625867e-01
1.090000000000000000e+02 4.252038763869430138e-01
1.110000000000000000e+02 4.317160251061886722e-01
1.130000000000000000e+02 4.382736121758530334e-01
1.150000000000000000e+02 4.448705397885065471e-01
1.170000000000000000e+02 4.515118438225249609e-01
1.190000000000000000e+02 4.581874800363714417e-01
1.210000000000000000e+02 4.648776064746287240e-01
1.230000000000000000e+02 4.715716023301017579e-01
1.250000000000000000e+02 4.782639563637073321e-01
1.270000000000000000e+02 4.849468220792638729e-01
1.290000000000000000e+02 4.916081834970623676e-01
1.310000000000000000e+02 4.982416082823942771e-01
1.330000000000000000e+02 5.048508707536794038e-01
1.350000000000000000e+02 5.114354574960635613e-01
1.370000000000000000e+02 5.179984975049169993e-01
1.390000000000000000e+02 5.245220322923911382e-01
1.410000000000000000e+02 5.309983976908198011e-01
1.430000000000000000e+02 5.374178265362576923e-01
1.450000000000000000e+02 5.437771939789135534e-01
1.470000000000000000e+02 5.500733178568334436e-01
1.490000000000000000e+02 5.563126564089133641e-01
