1.000000000000000000e+00 1.093912141127639792e-02
3.000000000000000000e+00 1.119764855624916233e-02
5.000000000000000000e+00 1.129163374919950336e-02
7.000000000000000000e+00 1.134344108771201398e-02
9.000000000000000000e+00 1.136071533614957385e-02
1.100000000000000000e+01 1.134868087068430231e-02
1.300000000000000000e+01 1.132112758682968234e-02
1.500000000000000000e+01 1.128275846322779330e-02
1.700000000000000000e+01 1.123334587208024704e-02
1.900000000000000000e+01 1.117754542415694274e-02
2.100000000000000000e+01 1.112138703572984610e-02
2.300000000000000000e+01 1.106444244140503130e-02
2.500000000000000000e+01 1.100502900541733275e-02
2.700000000000000000e+01 1.094146611452084805e-02
2.900000000000000000e+01 1.087540701969524903e-02
3.100000000000000000e+01 1.080786325889016020e-02
3.300000000000000000e+01 1.073884474017972046e-02
3.500000000000000000e+01 1.066759817176432534e-02
3.700000000000000000e+01 1.059488256140606044e-02
3.900000000000000000e+01 1.052286300523253004e-02
4.100000000000000000e+01 1.045211687046687654e-02
4.300000000000000000e+01 1.038206847114175879e-02
4.500000000000000000e+01 1.031254882768928294e-02
4.700000000000000000e+01 1.024297462558221294e-02
4.900000000000000000e+01 1.017230694829918125e-02
5.100000000000000000e+01 1.010073934367428095e-02
5.300000000000000000e+01 1.002975465838495950e-02
5.500000000000000000e+01 9.958656493433415413e-03
5.700000000000000000e+01 9.887515301258642531e-03
5.900000000000000000e+01 9.816407763065693182e-03
6.100000000000000000e+01 9.745482571052010989e-03
6.300000000000000000e+01 9.674857241990131307e-03
6.500000000000000000e+01 9.604718333605877234e-03
6.700000000000000000e+01 9.534957715167213799e-03
6.900000000000000000e+01 9.465804462133298181e-03
7.100000000000000000e+01 9.397931356092681376e-03
7.300000000000000000e+01 9.331350344738642555e-03
7.500000000000000000e+01 9.266168569239230379e-03
7.700000000000000000e+01 9.202453090364048904e-03
7.900000000000000000e+01 9.140619604084743166e-03
8.100000000000000000e+01 9.081014664022446503e-03
8.300000000000000000e+01 9.023118617033865085e-03
8.500000000000000000e+01 8.967009514590285058e-03
8.700000000000000000e+01 8.912711098356118633e-03
8.900000000000000000e+01 8.859378325117295283e-03
9.100000000000000000e+01 8.807064285794252712e-03
9.300000000000000000e+01 8.756340231209192027e-03
9.500000000000000000e+01 8.706721466292477452e-03
9.700000000000000000e+01 8.658336853728743066e-03
9.900000000000000000e+01 8.611952107273945778e-03
1.010000000000000000e+02 8.567547287355314900e-03
1.030000000000000000e+02 8.524852427573170743e-03
1.050000000000000000e+02 8.483647712003383745e-03
1.070000000000000000e+02 8.443906878017881645e-03
1.090000000000000000e+02 8.405509444949443854e-03
1.110000000000000000e+02 8.367855825352488175e-03
1.130000000000000000e+02 8.330920532503616194e-03
1.150000000000000000e+02 8.295593181151139639e-03
1.170000000000000000e+02 8.261928456888889549e-03
1.190000000000000000e+02 8.229591453025264514e-03
1.210000000000000000e+02 8.198722976470951274e-03
1.230000000000000000e+02 8.168798394860843359e-03
1.250000000000000000e+02 8.139995280857403870e-03
1.270000000000000000e+02 8.111655242714288505e-03
1.290000000000000000e+02 8.083698017554041826e-03
1.310000000000000000e+02 8.056330223541241509e-03
1.330000000000000000e+02 8.029479168539022105e-03
1.350000000000000000e+02 8.003623162965101123e-03
1.370000000000000000e+02 7.978669655067327504e-03
1.390000000000000000e+02 7.954511350145132553e-03
1.410000000000000000e+02 7.931516617698419758e-03
1.430000000000000000e+02 7.909612073864313864e-03
1.450000000000000000e+02 7.888706626082320206e-03
1.470000000000000000e+02 7.868131257941168855e-03
1.490000000000000000e+02 7.847831736513044554e-03
