1.000000000000000000e+00 1.511587166524851478e-01
3.000000000000000000e+00 1.686589721021752863e-01
5.000000000000000000e+00 1.764716369641590177e-01
7.000000000000000000e+00 1.806068804714638931e-01
9.000000000000000000e+00 1.832027875247708160e-01
1.100000000000000000e+01 1.850409594703482652e-01
1.300000000000000000e+01 1.864793259493496835e-01
1.500000000000000000e+01 1.876716826217587064e-01
1.700000000000000000e+01 1.887491357322268470e-01
1.900000000000000000e+01 1.897808198966950410e-01
2.100000000000000000e+01 1.908427216657312409e-01
2.300000000000000000e+01 1.919584100093268964e-01
2.500000000000000000e+01 1.931100832731938999e-01
2.700000000000000000e+01 1.943076792853480894e-01
2.900000000000000000e+01 1.955878866984882558e-01
3.100000000000000000e+01 1.969451676161809717e-01
3.300000000000000000e+01 1.983699373215729311e-01
3.500000000000000000e+01 1.998845525899614062e-01
3.700000000000000000e+01 2.014899252076027825e-01
3.900000000000000000e+01 2.031835942265295403e-01
4.100000000000000000e+01 2.049393041986639075e-01
4.300000000000000000e+01 2.067606303647251398e-01
4.500000000000000000e+01 2.086303026091146373e-01
4.700000000000000000e+01 2.105492171693665870e-01
4.900000000000000000e+01 2.125309459209263618e-01
5.100000000000000000e+01 2.145747332764600390e-01
5.300000000000000000e+01 2.166752558360057757e-01
5.500000000000000000e+01 2.188334099522173393e-01
5.700000000000000000e+01 2.210525702751097166e-01
5.900000000000000000e+01 2.233187395488178684e-01
6.100000000000000000e+01 2.256282481013789365e-01
6.300000000000000000e+01 2.279919265134645601e-01
6.500000000000000000e+01 2.304078821786105236e-01
6.700000000000000000e+01 2.328726131340216332e-01
6.900000000000000000e+01 2.353854540735119683e-01
7.100000000000000000e+01 2.379496683615675012e-01
7.300000000000000000e+01 2.405706249775922956e-01
7.500000000000000000e+01 2.432470335175587195e-01
7.700000000000000000e+01 2.459764305993989986e-01
7.900000000000000000e+01 2.487453526274486793e-01
8.100000000000000000e+01 2.515642972176496128e-01
8.300000000000000000e+01 2.544278717865320338e-01
8.500000000000000000e+01 2.573410167747514077e-01
8.700000000000000000e+01 2.603033669595726796e-01
8.900000000000000000e+01 2.633191137208970023e-01
9.100000000000000000e+01 2.663874175414000511e-01
9.300000000000000000e+01 2.695077445728151222e-01
9.500000000000000000e+01 2.726768756178952202e-01
9.700000000000000000e+01 2.758942201203234967e-01
9.900000000000000000e+01 2.791592929062064465e-01
1.010000000000000000e+02 2.824729981669313883e-01
1.030000000000000000e+02 2.858357478997232137e-01
1.050000000000000000e+02 2.892480236423979889e-01
1.070000000000000000e+02 2.927081723997223550e-01
1.090000000000000000e+02 2.962155913079517200e-01
1.110000000000000000e+02 2.997668412763276891e-01
1.130000000000000000e+02 3.033614387320908712e-01
1.150000000000000000e+02 3.070002242240837953e-01
1.170000000000000000e+02 3.106789207726982083e-01
1.190000000000000000e+02 3.143974870596074611e-01
1.210000000000000000e+02 3.181580901853027221e-01
1.230000000000000000e+02 3.219635482647236202e-01
1.250000000000000000e+02 3.258140669944975532e-01
1.270000000000000000e+02 3.297083519995653855e-01
1.290000000000000000e+02 3.336492537153815663e-01
1.310000000000000000e+02 3.376416588209172343e-01
1.330000000000000000e+02 3.416826873349382288e-01
1.350000000000000000e+02 3.457718018985768138e-01
1.370000000000000000e+02 3.499051534238188932e-01
1.390000000000000000e+02 3.540799875151903198e-01
1.410000000000000000e+02 3.582913794899371673e-01
1.430000000000000000e+02 3.625356887088937441e-01
1.450000000000000000e+02 3.667980302727251729e-01
1.470000000000000000e+02 3.710725008101855016e-01
1.490000000000000000e+02 3.753564507958976337e-01
