1.000000000000000000e+00 1.776422629503193740e-02
3.000000000000000000e+00 1.835604487889175296e-02
5.000000000000000000e+00 1.870020288871143688e-02
7.000000000000000000e+00 1.899298137542537734e-02
9.000000000000000000e+00 1.922991482329405866e-02
1.100000000000000000e+01 1.940476313613215265e-02
1.300000000000000000e+01 1.953989748859563669e-02
1.500000000000000000e+01 1.965802735756339015e-02
1.700000000000000000e+01 1.976904075644148051e-02
1.900000000000000000e+01 1.987402664887139014e-02
2.100000000000000000e+01 1.997227415597180311e-02
2.300000000000000000e+01 2.006223336099499654e-02
2.500000000000000000e+01 2.014571318106317399e-02
2.700000000000000000e+01 2.022372942538441798e-02
2.900000000000000000e+01 2.029808762685869628e-02
3.100000000000000000e+01 2.037063619034940043e-02
3.300000000000000000e+01 2.044182452196674493e-02
3.500000000000000000e+01 2.051074100477845441e-02
3.700000000000000000e+01 2.057672374025487638e-02
3.900000000000000000e+01 2.063970422598149224e-02
4.100000000000000000e+01 2.069871833516157000e-02
4.300000000000000000e+01 2.075355141638479672e-02
4.500000000000000000e+01 2.080410773937557689e-02
4.700000000000000000e+01 2.085002314995498818e-02
4.900000000000000000e+01 2.089052112688549734e-02
5.100000000000000000e+01 2.092443225658580097e-02
5.300000000000000000e+01 2.095124354488164808e-02
5.500000000000000000e+01 2.097085613084648248e-02
5.700000000000000000e+01 2.098291056961709700e-02
5.900000000000000000e+01 2.098711900519656393e-02
6.100000000000000000e+01 2.098291909494354179e-02
6.300000000000000000e+01 2.097032085568473203e-02
6.500000000000000000e+01 2.094930636306990834e-02
6.700000000000000000e+01 2.091983683010389949e-02
6.900000000000000000e+01 2.088163173616863766e-02
7.100000000000000000e+01 2.083402097481834581e-02
7.300000000000000000e+01 2.077772852407355764e-02
7.500000000000000000e+01 2.071345019243964192e-02
7.700000000000000000e+01 2.064136470307775806e-02
7.900000000000000000e+01 2.056195356313617051e-02
8.100000000000000000e+01 2.047580326192954825e-02
8.300000000000000000e+01 2.038297667424238124e-02
8.500000000000000000e+01 2.028435708004683313e-02
8.700000000000000000e+01 2.018131986989124549e-02
8.900000000000000000e+01 2.007450585007586330e-02
9.100000000000000000e+01 1.996443970484995667e-02
9.300000000000000000e+01 1.985139029199722849e-02
9.500000000000000000e+01 1.973607226833273831e-02
9.700000000000000000e+01 1.961908980403792579e-02
9.900000000000000000e+01 1.949994121787190782e-02
1.010000000000000000e+02 1.937819164389009696e-02
1.030000000000000000e+02 1.925417636942772237e-02
1.050000000000000000e+02 1.912858955265084315e-02
1.070000000000000000e+02 1.900252234905908111e-02
1.090000000000000000e+02 1.887665370824709310e-02
1.110000000000000000e+02 1.875136283096112688e-02
1.130000000000000000e+02 1.862700203051326220e-02
1.150000000000000000e+02 1.850412330573925068e-02
1.170000000000000000e+02 1.838282770414101375e-02
1.190000000000000000e+02 1.826326897805297111e-02
1.210000000000000000e+02 1.814534438790649240e-02
1.230000000000000000e+02 1.802857371349586568e-02
1.250000000000000000e+02 1.791369357420213859e-02
1.270000000000000000e+02 1.780083503929585920e-02
1.290000000000000000e+02 1.769010447684515874e-02
1.310000000000000000e+02 1.758207608762074603e-02
1.330000000000000000e+02 1.747633991706121215e-02
1.350000000000000000e+02 1.737287456755409742e-02
1.370000000000000000e+02 1.727047155581928894e-02
1.390000000000000000e+02 1.717036327552989849e-02
1.410000000000000000e+02 1.707286862222967549e-02
1.430000000000000000e+02 1.697686126800146411e-02
1.450000000000000000e+02 1.688125459788403226e-02
1.470000000000000000e+02 1.678680073784666327e-02
1.490000000000000000e+02 1.669350285474502371e-02
