1.000000000000000000e+00 1.461125247384789105e-01
3.000000000000000000e+00 1.645272002402689004e-01
5.000000000000000000e+00 1.720007797058641374e-01
7.000000000000000000e+00 1.754748369625542814e-01
9.000000000000000000e+00 1.775447446553901631e-01
1.100000000000000000e+01 1.791231512175300855e-01
1.300000000000000000e+01 1.804290115130352534e-01
1.500000000000000000e+01 1.815819490084568111e-01
1.700000000000000000e+01 1.825740862189358937e-01
1.900000000000000000e+01 1.835025407870023439e-01
2.100000000000000000e+01 1.844469439225845386e-01
2.300000000000000000e+01 1.854409823077964869e-01
2.500000000000000000e+01 1.864941076792149266e-01
2.700000000000000000e+01 1.876167195111143604e-01
2.900000000000000000e+01 1.888214855009527904e-01
3.100000000000000000e+01 1.900934144395732828e-01
3.300000000000000000e+01 1.914532312234107359e-01
3.500000000000000000e+01 1.929439099753675890e-01
3.700000000000000000e+01 1.945523368773151018e-01
3.900000000000000000e+01 1.962865288502547712e-01
4.100000000000000000e+01 1.981400007405619279e-01
4.300000000000000000e+01 2.000733637641125551e-01
4.500000000000000000e+01 2.020917183504616910e-01
4.700000000000000000e+01 2.041881469121755721e-01
4.900000000000000000e+01 2.063625667319468615e-01
5.100000000000000000e+01 2.086148395424953783e-01
5.300000000000000000e+01 2.109442107625205676e-01
5.500000000000000000e+01 2.133498105759049635e-01
5.700000000000000000e+01 2.158304612453879612e-01
5.900000000000000000e+01 2.183886841934862266e-01
6.100000000000000000e+01 2.210220667635688363e-01
6.300000000000000000e+01 2.237381727812278731e-01
6.500000000000000000e+01 2.265359833534967837e-01
6.700000000000000000e+01 2.294125146286918326e-01
6.900000000000000000e+01 2.323691446207053479e-01
7.100000000000000000e+01 2.354068370847403058e-01
7.300000000000000000e+01 2.385257144380477090e-01
7.500000000000000000e+01 2.417327989875424077e-01
7.700000000000000000e+01 2.450190469652088199e-01
7.900000000000000000e+01 2.483834803892751575e-01
8.100000000000000000e+01 2.518193583324431772e-01
8.300000000000000000e+01 2.553306973852709216e-01
8.500000000000000000e+01 2.589185007858012533e-01
8.700000000000000000e+01 2.625831885345051298e-01
8.900000000000000000e+01 2.663288247051607271e-01
9.100000000000000000e+01 2.701579006899549329e-01
9.300000000000000000e+01 2.740709781071816176e-01
9.500000000000000000e+01 2.780637279666323680e-01
9.700000000000000000e+01 2.821319413176427426e-01
9.900000000000000000e+01 2.862760878789410990e-01
1.010000000000000000e+02 2.905073480627553550e-01
1.030000000000000000e+02 2.948241212923360388e-01
1.050000000000000000e+02 2.992299438751903073e-01
1.070000000000000000e+02 3.037169243183854839e-01
1.090000000000000000e+02 3.082816424386738419e-01
1.110000000000000000e+02 3.129235475686072965e-01
1.130000000000000000e+02 3.176352474643935331e-01
1.150000000000000000e+02 3.224141622143936736e-01
1.170000000000000000e+02 3.272602233873417310e-01
1.190000000000000000e+02 3.321709696960136737e-01
1.210000000000000000e+02 3.371442569599969463e-01
1.230000000000000000e+02 3.421860595750780831e-01
1.250000000000000000e+02 3.472930606389148522e-01
1.270000000000000000e+02 3.524631130006089519e-01
1.290000000000000000e+02 3.576811973199522932e-01
1.310000000000000000e+02 3.629426087017535441e-01
1.330000000000000000e+02 3.682414866719075919e-01
1.350000000000000000e+02 3.735808728697821435e-01
1.370000000000000000e+02 3.789557217560609592e-01
1.390000000000000000e+02 3.843616576255282080e-01
1.410000000000000000e+02 3.897889057785677291e-01
1.430000000000000000e+02 3.952317634361129928e-01
1.450000000000000000e+02 4.006855531531664516e-01
1.470000000000000000e+02 4.061459751957284814e-01
1.490000000000000000e+02 4.116052745764577914e-01
