1.000000000000000000e+00 5.969880872106091418e-01
3.000000000000000000e+00 6.606742968956252904e-01
5.000000000000000000e+00 6.915153246645189267e-01
7.000000000000000000e+00 7.118811703966907434e-01
9.000000000000000000e+00 7.285646813401436273e-01
1.100000000000000000e+01 7.438821124466320489e-01
1.300000000000000000e+01 7.581455578771063575e-01
1.500000000000000000e+01 7.716333625102441696e-01
1.700000000000000000e+01 7.847575503459386370e-01
1.900000000000000000e+01 7.973081111100336349e-01
2.100000000000000000e+01 8.091153492972452677e-01
2.300000000000000000e+01 8.203215067234972402e-01
2.500000000000000000e+01 8.308775333200374424e-01
2.700000000000000000e+01 8.408144081170030315e-01
2.900000000000000000e+01 8.503142833896613073e-01
3.100000000000000000e+01 8.594009167189253784e-01
3.300000000000000000e+01 8.680301648599526576e-01
3.500000000000000000e+01 8.761179018024695120e-01
3.700000000000000000e+01 8.837473522755417976e-01
3.900000000000000000e+01 8.909763449395677881e-01
4.100000000000000000e+01 8.978475146010803654e-01
4.300000000000000000e+01 9.043252155337881959e-01
4.500000000000000000e+01 9.103920306698616294e-01
4.700000000000000000e+01 9.159293811027657828e-01
4.900000000000000000e+01 9.209674950120066983e-01
5.100000000000000000e+01 9.256064740953774406e-01
5.300000000000000000e+01 9.298515113804095567e-01
5.500000000000000000e+01 9.337083374679006065e-01
5.700000000000000000e+01 9.372095074583420837e-01
5.900000000000000000e+01 9.404014230398216601e-01
6.100000000000000000e+01 9.432237429408335538e-01
6.300000000000000000e+01 9.457207409057182268e-01
6.500000000000000000e+01 9.479369880131002235e-01
6.700000000000000000e+01 9.499061508068020743e-01
6.900000000000000000e+01 9.516424827223224359e-01
7.100000000000000000e+01 9.531623222001720519e-01
7.300000000000000000e+01 9.544793054192378667e-01
7.500000000000000000e+01 9.555922217418166831e-01
7.700000000000000000e+01 9.565196917324019221e-01
7.900000000000000000e+01 9.573140552761201238e-01
8.100000000000000000e+01 9.579509748912153899e-01
8.300000000000000000e+01 9.583973201294625488e-01
8.500000000000000000e+01 9.586556217366581922e-01
8.700000000000000000e+01 9.587590560411209939e-01
8.900000000000000000e+01 9.587141643550198822e-01
9.100000000000000000e+01 9.585281639481132432e-01
9.300000000000000000e+01 9.582005385809975184e-01
9.500000000000000000e+01 9.577452408405880968e-01
9.700000000000000000e+01 9.571658227102700645e-01
9.900000000000000000e+01 9.564378131834522234e-01
1.010000000000000000e+02 9.555833861862874645e-01
1.030000000000000000e+02 9.546348826988231284e-01
1.050000000000000000e+02 9.536346131317897656e-01
1.070000000000000000e+02 9.525995261972574069e-01
1.090000000000000000e+02 9.515618720573288947e-01
1.110000000000000000e+02 9.505546448150512528e-01
1.130000000000000000e+02 9.495778855528738127e-01
1.150000000000000000e+02 9.486417479269655395e-01
1.170000000000000000e+02 9.477742307114052078e-01
1.190000000000000000e+02 9.469981924445288746e-01
1.210000000000000000e+02 9.463136208997586785e-01
1.230000000000000000e+02 9.457318252202957520e-01
1.250000000000000000e+02 9.452646809245842663e-01
1.270000000000000000e+02 9.448151377000676421e-01
1.290000000000000000e+02 9.443827439730091422e-01
1.310000000000000000e+02 9.439783191908510673e-01
1.330000000000000000e+02 9.436020089464535188e-01
1.350000000000000000e+02 9.432575863637165936e-01
1.370000000000000000e+02 9.429449422467734987e-01
1.390000000000000000e+02 9.426688383270688254e-01
1.410000000000000000e+02 9.424299951282349985e-01
1.430000000000000000e+02 9.422261123021605789e-01
1.450000000000000000e+02 9.420579481450978010e-01
1.470000000000000000e+02 9.419263448338265343e-01
1.490000000000000000e+02 9.418237880416950869e-01
