1.000000000000000000e+00 3.941506368258296256e-02
3.000000000000000000e+00 4.204001855210692806e-02
5.000000000000000000e+00 4.325800502816645743e-02
7.000000000000000000e+00 4.402232779522041728e-02
9.000000000000000000e+00 4.459714589685348507e-02
1.100000000000000000e+01 4.510300300176517396e-02
1.300000000000000000e+01 4.557410216420576532e-02
1.500000000000000000e+01 4.602747751272884269e-02
1.700000000000000000e+01 4.647213877877509614e-02
1.900000000000000000e+01 4.690557788705773667e-02
2.100000000000000000e+01 4.732657699687681241e-02
2.300000000000000000e+01 4.773444052640296587e-02
2.500000000000000000e+01 4.812826222070887283e-02
2.700000000000000000e+01 4.850811591999470984e-02
2.900000000000000000e+01 4.887561591404421257e-02
3.100000000000000000e+01 4.923421032879282677e-02
3.300000000000000000e+01 4.958644529281286406e-02
3.500000000000000000e+01 4.993489645387538811e-02
3.700000000000000000e+01 5.028323044149818344e-02
3.900000000000000000e+01 5.063428453414209329e-02
4.100000000000000000e+01 5.099012646632106183e-02
4.300000000000000000e+01 5.135302905805883000e-02
4.500000000000000000e+01 5.172449967486714151e-02
4.700000000000000000e+01 5.210578589808667616e-02
4.900000000000000000e+01 5.249740497872568135e-02
5.100000000000000000e+01 5.289992136429533254e-02
5.300000000000000000e+01 5.331392432439785445e-02
5.500000000000000000e+01 5.373976331854901645e-02
5.700000000000000000e+01 5.417755221083087047e-02
5.900000000000000000e+01 5.462757668996065519e-02
6.100000000000000000e+01 5.508977496049471956e-02
6.300000000000000000e+01 5.556403509146790043e-02
6.500000000000000000e+01 5.604999593035764338e-02
6.700000000000000000e+01 5.654731641205967829e-02
6.900000000000000000e+01 5.705468618432207872e-02
7.100000000000000000e+01 5.757091674034020556e-02
7.300000000000000000e+01 5.809460044104608478e-02
7.500000000000000000e+01 5.862472634385884618e-02
7.700000000000000000e+01 5.916008709549402944e-02
7.900000000000000000e+01 5.969990563078741985e-02
8.100000000000000000e+01 6.024347472979529883e-02
8.300000000000000000e+01 6.079026269082199452e-02
8.500000000000000000e+01 6.133968345765439256e-02
8.700000000000000000e+01 6.189097715761693319e-02
8.900000000000000000e+01 6.244367809015960447e-02
9.100000000000000000e+01 6.299750288425831624e-02
9.300000000000000000e+01 6.355223798062037410e-02
9.500000000000000000e+01 6.410780537593618877e-02
9.700000000000000000e+01 6.466432003688860064e-02
9.900000000000000000e+01 6.522148245735548411e-02
1.010000000000000000e+02 6.577941704008860579e-02
1.030000000000000000e+02 6.633830649447236549e-02
1.050000000000000000e+02 6.689878264531645691e-02
1.070000000000000000e+02 6.746097783208704346e-02
1.090000000000000000e+02 6.802513671251919636e-02
1.110000000000000000e+02 6.859150551843695709e-02
1.130000000000000000e+02 6.916024087984851132e-02
1.150000000000000000e+02 6.973156897101195906e-02
1.170000000000000000e+02 7.030561836541349141e-02
1.190000000000000000e+02 7.088252187335208898e-02
1.210000000000000000e+02 7.146244847932459177e-02
1.230000000000000000e+02 7.204532437898159003e-02
1.250000000000000000e+02 7.263142386516263649e-02
1.270000000000000000e+02 7.322106822010032712e-02
1.290000000000000000e+02 7.381483076113648512e-02
1.310000000000000000e+02 7.441307329537238946e-02
1.330000000000000000e+02 7.501586367343704431e-02
1.350000000000000000e+02 7.562352670311844882e-02
1.370000000000000000e+02 7.623630929477531737e-02
1.390000000000000000e+02 7.685450324136278155e-02
1.410000000000000000e+02 7.747807964416519866e-02
1.430000000000000000e+02 7.810720450228991751e-02
1.450000000000000000e+02 7.874078240681725571e-02
1.470000000000000000e+02 7.937927388251941885e-02
1.490000000000000000e+02 8.002263065001768982e-02
