1.000000000000000000e+00 5.628481472511503991e-01
3.000000000000000000e+00 5.823541136864455181e-01
5.000000000000000000e+00 5.921653626612415344e-01
7.000000000000000000e+00 5.995727821119898326e-01
9.000000000000000000e+00 6.061809442533585557e-01
1.100000000000000000e+01 6.124823318907711700e-01
1.300000000000000000e+01 6.186324600118423556e-01
1.500000000000000000e+01 6.246715673815858016e-01
1.700000000000000000e+01 6.305912835046734166e-01
1.900000000000000000e+01 6.363825389937854959e-01
2.100000000000000000e+01 6.420513023326430702e-01
2.300000000000000000e+01 6.476116051873399559e-01
2.500000000000000000e+01 6.530735567607035552e-01
2.700000000000000000e+01 6.584442928963619712e-01
2.900000000000000000e+01 6.637387097162678051e-01
3.100000000000000000e+01 6.689719174837914784e-01
3.300000000000000000e+01 6.741550144751200513e-01
3.500000000000000000e+01 6.792983890976292960e-01
3.700000000000000000e+01 6.844050266884733613e-01
3.900000000000000000e+01 6.894732851258154049e-01
4.100000000000000000e+01 6.945077775820611699e-01
4.300000000000000000e+01 6.995094558759555881e-01
4.500000000000000000e+01 7.044743532280138831e-01
4.700000000000000000e+01 7.094008941711912319e-01
4.900000000000000000e+01 7.142898333342193595e-01
5.100000000000000000e+01 7.191316824116836814e-01
5.300000000000000000e+01 7.239249755981140844e-01
5.500000000000000000e+01 7.286642322597702837e-01
5.700000000000000000e+01 7.333410411493908043e-01
5.900000000000000000e+01 7.379507416165823619e-01
6.100000000000000000e+01 7.424896664385773892e-01
6.300000000000000000e+01 7.469527073505402015e-01
6.500000000000000000e+01 7.513353968841278707e-01
6.700000000000000000e+01 7.556355292504347565e-01
6.900000000000000000e+01 7.598523206372683747e-01
7.100000000000000000e+01 7.639851200317842039e-01
7.300000000000000000e+01 7.680339959358469804e-01
7.500000000000000000e+01 7.719992904414763046e-01
7.700000000000000000e+01 7.758803417133248725e-01
7.900000000000000000e+01 7.796761338980421341e-01
8.100000000000000000e+01 7.833845466353978049e-01
8.300000000000000000e+01 7.870051664675092873e-01
8.500000000000000000e+01 7.905382105225919886e-01
8.700000000000000000e+01 7.939824015041230254e-01
8.900000000000000000e+01 7.973366094259466408e-01
9.100000000000000000e+01 8.006009155660115395e-01
9.300000000000000000e+01 8.037758700872388307e-01
9.500000000000000000e+01 8.068618194673242705e-01
9.700000000000000000e+01 8.098604153154614904e-01
9.900000000000000000e+01 8.127733395327645383e-01
1.010000000000000000e+02 8.156021446398317165e-01
1.030000000000000000e+02 8.183477632307940564e-01
1.050000000000000000e+02 8.210121156326719571e-01
1.070000000000000000e+02 8.235965986288220630e-01
1.090000000000000000e+02 8.261033691963904912e-01
1.110000000000000000e+02 8.285349564272167511e-01
1.130000000000000000e+02 8.308925639924484852e-01
1.150000000000000000e+02 8.331782502667901547e-01
1.170000000000000000e+02 8.353945859237006388e-01
1.190000000000000000e+02 8.375449564712023065e-01
1.210000000000000000e+02 8.396323805877777824e-01
1.230000000000000000e+02 8.416597377329544383e-01
1.250000000000000000e+02 8.436299826898281395e-01
1.270000000000000000e+02 8.455463267269096583e-01
1.290000000000000000e+02 8.474116735829876346e-01
1.310000000000000000e+02 8.492285290817223053e-01
1.330000000000000000e+02 8.510000385859171068e-01
1.350000000000000000e+02 8.527295126700331629e-01
1.370000000000000000e+02 8.544193275310592028e-01
1.390000000000000000e+02 8.560727560356728993e-01
1.410000000000000000e+02 8.576930566945363266e-01
1.430000000000000000e+02 8.592830395633835883e-01
1.450000000000000000e+02 8.608459720347325650e-01
1.470000000000000000e+02 8.623843503880048722e-01
1.490000000000000000e+02 8.639007292451182929e-01
