1.000000000000000000e+00 2.560018467220683824e-01
3.000000000000000000e+00 3.160382829607084609e-01
5.000000000000000000e+00 3.465798478223639512e-01
7.000000000000000000e+00 3.632149058491076499e-01
9.000000000000000000e+00 3.743169529292609266e-01
1.100000000000000000e+01 3.833067157514546963e-01
1.300000000000000000e+01 3.915739103691617817e-01
1.500000000000000000e+01 3.994454698062135378e-01
1.700000000000000000e+01 4.069918537636133538e-01
1.900000000000000000e+01 4.143215556020909407e-01
2.100000000000000000e+01 4.214671960751016355e-01
2.300000000000000000e+01 4.284642746232389943e-01
2.500000000000000000e+01 4.353288920966481568e-01
2.700000000000000000e+01 4.420505231531468571e-01
2.900000000000000000e+01 4.486222672793217514e-01
3.100000000000000000e+01 4.550475430800670074e-01
3.300000000000000000e+01 4.613483313670559971e-01
3.500000000000000000e+01 4.675462014089825091e-01
3.700000000000000000e+01 4.736413363122981002e-01
3.900000000000000000e+01 4.796436398011038049e-01
4.100000000000000000e+01 4.855547698737618934e-01
4.300000000000000000e+01 4.913882954211634679e-01
4.500000000000000000e+01 4.971801838366189941e-01
4.700000000000000000e+01 5.029259179423852810e-01
4.900000000000000000e+01 5.086304869207991519e-01
5.100000000000000000e+01 5.143103693168822321e-01
5.300000000000000000e+01 5.199683106547147160e-01
5.500000000000000000e+01 5.256157217916689328e-01
5.700000000000000000e+01 5.312630913689035950e-01
5.900000000000000000e+01 5.369235380562185078e-01
6.100000000000000000e+01 5.425969467640691102e-01
6.300000000000000000e+01 5.482922692726936997e-01
6.500000000000000000e+01 5.540104124293679932e-01
6.700000000000000000e+01 5.597473916533212135e-01
6.900000000000000000e+01 5.654981498514632943e-01
7.100000000000000000e+01 5.712534713720787138e-01
7.300000000000000000e+01 5.770150578122650309e-01
7.500000000000000000e+01 5.827704712106153151e-01
7.700000000000000000e+01 5.885187272709031525e-01
7.900000000000000000e+01 5.942498755567953150e-01
8.100000000000000000e+01 5.999589784131662551e-01
8.300000000000000000e+01 6.056431693362560598e-01
8.500000000000000000e+01 6.112788200305023789e-01
8.700000000000000000e+01 6.168621433234157125e-01
8.900000000000000000e+01 6.223947640344560384e-01
9.100000000000000000e+01 6.278559487700074992e-01
9.300000000000000000e+01 6.332487443940073568e-01
9.500000000000000000e+01 6.385763094984421295e-01
9.700000000000000000e+01 6.438408564042681359e-01
9.900000000000000000e+01 6.490637714462331731e-01
1.010000000000000000e+02 6.542442347186587792e-01
1.030000000000000000e+02 6.593838825332891673e-01
1.050000000000000000e+02 6.644841799074002742e-01
1.070000000000000000e+02 6.695487325434918979e-01
1.090000000000000000e+02 6.745822989933885072e-01
1.110000000000000000e+02 6.795909814741853960e-01
1.130000000000000000e+02 6.845736515099271058e-01
1.150000000000000000e+02 6.894791033377760670e-01
1.170000000000000000e+02 6.943065130291597997e-01
1.190000000000000000e+02 6.990475384017442728e-01
1.210000000000000000e+02 7.037089730965093715e-01
1.230000000000000000e+02 7.082917684869443065e-01
1.250000000000000000e+02 7.127816835621254565e-01
1.270000000000000000e+02 7.171783310601738126e-01
1.290000000000000000e+02 7.215027364413627575e-01
1.310000000000000000e+02 7.257463951944345126e-01
1.330000000000000000e+02 7.299010317702819828e-01
1.350000000000000000e+02 7.339698792649627102e-01
1.370000000000000000e+02 7.379544026003080903e-01
1.390000000000000000e+02 7.418572043278940376e-01
1.410000000000000000e+02 7.456842745509900672e-01
1.430000000000000000e+02 7.494351681137279009e-01
1.450000000000000000e+02 7.531284346858073686e-01
1.470000000000000000e+02 7.567481164375197134e-01
1.490000000000000000e+02 7.602837651463638657e-01
