1.000000000000000000e+00 1.736587149255097717e-02
3.000000000000000000e+00 1.786042016412647815e-02
5.000000000000000000e+00 1.811514733752084272e-02
7.000000000000000000e+00 1.828919906111570182e-02
9.000000000000000000e+00 1.842907332471066528e-02
1.100000000000000000e+01 1.854557031693981894e-02
1.300000000000000000e+01 1.864319244404211151e-02
1.500000000000000000e+01 1.872023580182835545e-02
1.700000000000000000e+01 1.877669750274457705e-02
1.900000000000000000e+01 1.881988020024216723e-02
2.100000000000000000e+01 1.885528652372547853e-02
2.300000000000000000e+01 1.888441524366424318e-02
2.500000000000000000e+01 1.890806775584497057e-02
2.700000000000000000e+01 1.892754809537733340e-02
2.900000000000000000e+01 1.894301449407442828e-02
3.100000000000000000e+01 1.895562369722636475e-02
3.300000000000000000e+01 1.896534733578725263e-02
3.500000000000000000e+01 1.897239219657520515e-02
3.700000000000000000e+01 1.897828660834344205e-02
3.900000000000000000e+01 1.898227351484782499e-02
4.100000000000000000e+01 1.898404728926006424e-02
4.300000000000000000e+01 1.898338235467122992e-02
4.500000000000000000e+01 1.897895813858929692e-02
4.700000000000000000e+01 1.897099855542749847e-02
4.900000000000000000e+01 1.895984492827207379e-02
5.100000000000000000e+01 1.894509151090528754e-02
5.300000000000000000e+01 1.892649692208847600e-02
5.500000000000000000e+01 1.890437238545950027e-02
5.700000000000000000e+01 1.887836120464669865e-02
5.900000000000000000e+01 1.884853128944830036e-02
6.100000000000000000e+01 1.881566201006690253e-02
6.300000000000000000e+01 1.878019369705619113e-02
6.500000000000000000e+01 1.874221630963890384e-02
6.700000000000000000e+01 1.870149295843270831e-02
6.900000000000000000e+01 1.865733028935034898e-02
7.100000000000000000e+01 1.860998541308944709e-02
7.300000000000000000e+01 1.855876494794372888e-02
7.500000000000000000e+01 1.850328091019048937e-02
7.700000000000000000e+01 1.844404376171682181e-02
7.900000000000000000e+01 1.838073608676504822e-02
8.100000000000000000e+01 1.831362127729219136e-02
8.300000000000000000e+01 1.824335640368812683e-02
8.500000000000000000e+01 1.817031204177654846e-02
8.700000000000000000e+01 1.809406152376291654e-02
8.900000000000000000e+01 1.801574043200349085e-02
9.100000000000000000e+01 1.793485703449448909e-02
9.300000000000000000e+01 1.785153846445575176e-02
9.500000000000000000e+01 1.776593596219622206e-02
9.700000000000000000e+01 1.767761866841899288e-02
9.900000000000000000e+01 1.758684504709717711e-02
1.010000000000000000e+02 1.749384107052887050e-02
1.030000000000000000e+02 1.739882615518806297e-02
1.050000000000000000e+02 1.730237193541594998e-02
1.070000000000000000e+02 1.720388752758117423e-02
1.090000000000000000e+02 1.710443911266790185e-02
1.110000000000000000e+02 1.700419863939883758e-02
1.130000000000000000e+02 1.690400405292602493e-02
1.150000000000000000e+02 1.680219117819059527e-02
1.170000000000000000e+02 1.669892841445430598e-02
1.190000000000000000e+02 1.659432290104623231e-02
1.210000000000000000e+02 1.648960373131813650e-02
1.230000000000000000e+02 1.638489577631496719e-02
1.250000000000000000e+02 1.628050870277042428e-02
1.270000000000000000e+02 1.617684705900468423e-02
1.290000000000000000e+02 1.607345597344866928e-02
1.310000000000000000e+02 1.596999094960871446e-02
1.330000000000000000e+02 1.586654621737626503e-02
1.350000000000000000e+02 1.576235740925424622e-02
1.370000000000000000e+02 1.565751295823869516e-02
1.390000000000000000e+02 1.555340104176738958e-02
1.410000000000000000e+02 1.545079660347492556e-02
1.430000000000000000e+02 1.534973046285537102e-02
1.450000000000000000e+02 1.524902044966081061e-02
1.470000000000000000e+02 1.514837789348155717e-02
1.490000000000000000e+02 1.504788161306758187e-02
