1.000000000000000000e+00 3.442477160643544476e-01
3.000000000000000000e+00 3.838831633838420965e-01
5.000000000000000000e+00 4.031335040608059472e-01
7.000000000000000000e+00 4.148499964684027042e-01
9.000000000000000000e+00 4.242596732432785123e-01
1.100000000000000000e+01 4.328348840836618860e-01
1.300000000000000000e+01 4.407814954063752344e-01
1.500000000000000000e+01 4.483932953631108997e-01
1.700000000000000000e+01 4.559275642114785088e-01
1.900000000000000000e+01 4.634987815414611800e-01
2.100000000000000000e+01 4.711856254177630987e-01
2.300000000000000000e+01 4.790251049206295519e-01
2.500000000000000000e+01 4.870505133242652995e-01
2.700000000000000000e+01 4.953527848075861550e-01
2.900000000000000000e+01 5.039445855586167644e-01
3.100000000000000000e+01 5.127961425341849289e-01
3.300000000000000000e+01 5.219018459836698431e-01
3.500000000000000000e+01 5.312382292704572739e-01
3.700000000000000000e+01 5.407907710133975643e-01
3.900000000000000000e+01 5.504661439392175559e-01
4.100000000000000000e+01 5.602461439903266838e-01
4.300000000000000000e+01 5.701172312580876644e-01
4.500000000000000000e+01 5.800616714001557428e-01
4.700000000000000000e+01 5.901051941999346795e-01
4.900000000000000000e+01 6.002046521051362937e-01
5.100000000000000000e+01 6.102842357143256624e-01
5.300000000000000000e+01 6.203422326034038203e-01
5.500000000000000000e+01 6.303588499990078198e-01
5.700000000000000000e+01 6.402936693399225998e-01
5.900000000000000000e+01 6.501251721122673910e-01
6.100000000000000000e+01 6.597847662400380120e-01
6.300000000000000000e+01 6.692372969748787703e-01
6.500000000000000000e+01 6.784407079521805883e-01
6.700000000000000000e+01 6.873795930106167962e-01
6.900000000000000000e+01 6.960566977160065338e-01
7.100000000000000000e+01 7.044736941172725642e-01
7.300000000000000000e+01 7.126005165431406052e-01
7.500000000000000000e+01 7.204449820965453943e-01
7.700000000000000000e+01 7.280112024524940662e-01
7.900000000000000000e+01 7.353134373183494166e-01
8.100000000000000000e+01 7.423323330121334163e-01
8.300000000000000000e+01 7.490740474066560628e-01
8.500000000000000000e+01 7.555523462291608983e-01
8.700000000000000000e+01 7.617532051288229411e-01
8.900000000000000000e+01 7.676960953681076782e-01
9.100000000000000000e+01 7.733820700496091272e-01
9.300000000000000000e+01 7.788240268225050666e-01
9.500000000000000000e+01 7.839921446743679523e-01
9.700000000000000000e+01 7.889052296263712183e-01
9.900000000000000000e+01 7.936054013736569823e-01
1.010000000000000000e+02 7.981117568650578642e-01
1.030000000000000000e+02 8.024329727047962990e-01
1.050000000000000000e+02 8.065310992894432207e-01
1.070000000000000000e+02 8.104062742296095356e-01
1.090000000000000000e+02 8.141037728029205667e-01
1.110000000000000000e+02 8.176322294513359568e-01
1.130000000000000000e+02 8.210016788483932570e-01
1.150000000000000000e+02 8.242108416973983331e-01
1.170000000000000000e+02 8.271396446957332005e-01
1.190000000000000000e+02 8.298023940618863836e-01
1.210000000000000000e+02 8.322193935834258927e-01
1.230000000000000000e+02 8.344104467657098567e-01
1.250000000000000000e+02 8.363776099453167356e-01
1.270000000000000000e+02 8.381458729117846618e-01
1.290000000000000000e+02 8.397230932432515615e-01
1.310000000000000000e+02 8.411134364904008232e-01
1.330000000000000000e+02 8.423535290732897529e-01
1.350000000000000000e+02 8.434493243562029008e-01
1.370000000000000000e+02 8.444324958718796292e-01
1.390000000000000000e+02 8.453166380840343441e-01
1.410000000000000000e+02 8.460930189735526019e-01
1.430000000000000000e+02 8.467714849955132461e-01
1.450000000000000000e+02 8.473573374153614557e-01
1.470000000000000000e+02 8.478668618517822830e-01
1.490000000000000000e+02 8.483032813419011386e-01
