1.000000000000000000e+00 1.691065537079095016e-02
3.000000000000000000e+00 1.739943057178572339e-02
5.000000000000000000e+00 1.769056702096305500e-02
7.000000000000000000e+00 1.791765729612515567e-02
9.000000000000000000e+00 1.810925006443031560e-02
1.100000000000000000e+01 1.826981844637842745e-02
1.300000000000000000e+01 1.839830215765003718e-02
1.500000000000000000e+01 1.850942994133852881e-02
1.700000000000000000e+01 1.861840510771217705e-02
1.900000000000000000e+01 1.873046932032451650e-02
2.100000000000000000e+01 1.884473835046440726e-02
2.300000000000000000e+01 1.895577896156597220e-02
2.500000000000000000e+01 1.905718735432193611e-02
2.700000000000000000e+01 1.914831292649110672e-02
2.900000000000000000e+01 1.923203744683410488e-02
3.100000000000000000e+01 1.930880955306868429e-02
3.300000000000000000e+01 1.937879594566815911e-02
3.500000000000000000e+01 1.944293508545313909e-02
3.700000000000000000e+01 1.950171796108457478e-02
3.900000000000000000e+01 1.955517926165939446e-02
4.100000000000000000e+01 1.960329726328824407e-02
4.300000000000000000e+01 1.964595460950335770e-02
4.500000000000000000e+01 1.968280381256526379e-02
4.700000000000000000e+01 1.971343459312835389e-02
4.900000000000000000e+01 1.973719516607563840e-02
5.100000000000000000e+01 1.975375796829381692e-02
5.300000000000000000e+01 1.976322315194567469e-02
5.500000000000000000e+01 1.976571590872644446e-02
5.700000000000000000e+01 1.976117619037620621e-02
5.900000000000000000e+01 1.974970483201965443e-02
6.100000000000000000e+01 1.973112633047768849e-02
6.300000000000000000e+01 1.970540755175564929e-02
6.500000000000000000e+01 1.967216513567238145e-02
6.700000000000000000e+01 1.963003391737483394e-02
6.900000000000000000e+01 1.957921293171394073e-02
7.100000000000000000e+01 1.951989964279787770e-02
7.300000000000000000e+01 1.945256206198453519e-02
7.500000000000000000e+01 1.937930749071226089e-02
7.700000000000000000e+01 1.930045528293444779e-02
7.900000000000000000e+01 1.921628888487103559e-02
8.100000000000000000e+01 1.912682798719333999e-02
8.300000000000000000e+01 1.903269136341800838e-02
8.500000000000000000e+01 1.893421914812476459e-02
8.700000000000000000e+01 1.883029500247634935e-02
8.900000000000000000e+01 1.872159185236699219e-02
9.100000000000000000e+01 1.860867842367175395e-02
9.300000000000000000e+01 1.849134126999596450e-02
9.500000000000000000e+01 1.837044452236646919e-02
9.700000000000000000e+01 1.824655269689745563e-02
9.900000000000000000e+01 1.811863897119214695e-02
1.010000000000000000e+02 1.798858826525651100e-02
1.030000000000000000e+02 1.785659759583058115e-02
1.050000000000000000e+02 1.772323676037224072e-02
1.070000000000000000e+02 1.758838590385858325e-02
1.090000000000000000e+02 1.745366461662223312e-02
1.110000000000000000e+02 1.731947555111490455e-02
1.130000000000000000e+02 1.718612352919601793e-02
1.150000000000000000e+02 1.705405784700853022e-02
1.170000000000000000e+02 1.692311469695573223e-02
1.190000000000000000e+02 1.679351252577487852e-02
1.210000000000000000e+02 1.666419605788482805e-02
1.230000000000000000e+02 1.653607363516096385e-02
1.250000000000000000e+02 1.640959364542471377e-02
1.270000000000000000e+02 1.628423193762551513e-02
1.290000000000000000e+02 1.616018002510610785e-02
1.310000000000000000e+02 1.603715617005774252e-02
1.330000000000000000e+02 1.591513924244380984e-02
1.350000000000000000e+02 1.579415686936846974e-02
1.370000000000000000e+02 1.567538833463988368e-02
1.390000000000000000e+02 1.555841804972579734e-02
1.410000000000000000e+02 1.544343783294543915e-02
1.430000000000000000e+02 1.533035844281283033e-02
1.450000000000000000e+02 1.521813105961744572e-02
1.470000000000000000e+02 1.510652732805817244e-02
1.490000000000000000e+02 1.499555785894080007e-02
