1.000000000000000000e+00 1.263812826079913076e-02
3.000000000000000000e+00 1.274406244395243082e-02
5.000000000000000000e+00 1.278061817584585924e-02
7.000000000000000000e+00 1.276903610653334908e-02
9.000000000000000000e+00 1.274323744010319448e-02
1.100000000000000000e+01 1.270487515607332529e-02
1.300000000000000000e+01 1.265793600731057733e-02
1.500000000000000000e+01 1.260372308369028804e-02
1.700000000000000000e+01 1.254614960986888406e-02
1.900000000000000000e+01 1.248661476266044179e-02
2.100000000000000000e+01 1.242645033887157524e-02
2.300000000000000000e+01 1.236362377945654512e-02
2.500000000000000000e+01 1.229659888550505009e-02
2.700000000000000000e+01 1.222803629884472443e-02
2.900000000000000000e+01 1.215817817130415701e-02
3.100000000000000000e+01 1.208471648811138000e-02
3.300000000000000000e+01 1.200804275440858770e-02
3.500000000000000000e+01 1.192962358930804712e-02
3.700000000000000000e+01 1.184991988325301282e-02
3.900000000000000000e+01 1.176820857192140135e-02
4.100000000000000000e+01 1.168461439002821400e-02
4.300000000000000000e+01 1.159828385804351214e-02
4.500000000000000000e+01 1.150987455789254099e-02
4.700000000000000000e+01 1.141992849644102304e-02
4.900000000000000000e+01 1.132878016887906014e-02
5.100000000000000000e+01 1.123683239284867241e-02
5.300000000000000000e+01 1.114430774055996665e-02
5.500000000000000000e+01 1.105121375531414873e-02
5.700000000000000000e+01 1.095799116500784098e-02
5.900000000000000000e+01 1.086425439928562220e-02
6.100000000000000000e+01 1.076993377761548132e-02
6.300000000000000000e+01 1.067597886583815381e-02
6.500000000000000000e+01 1.058264862315683175e-02
6.700000000000000000e+01 1.049089030144989554e-02
6.900000000000000000e+01 1.040038768250983736e-02
7.100000000000000000e+01 1.031144632629765745e-02
7.300000000000000000e+01 1.022411626966546194e-02
7.500000000000000000e+01 1.013858139912571232e-02
7.700000000000000000e+01 1.005499706464074716e-02
7.900000000000000000e+01 9.972717343188941541e-03
8.100000000000000000e+01 9.891228923165629183e-03
8.300000000000000000e+01 9.812218817243922864e-03
8.500000000000000000e+01 9.736496480093226324e-03
8.700000000000000000e+01 9.663978543169138291e-03
8.900000000000000000e+01 9.594120665223138111e-03
9.100000000000000000e+01 9.526874484526492992e-03
9.300000000000000000e+01 9.462570516012513977e-03
9.500000000000000000e+01 9.400806373864978305e-03
9.700000000000000000e+01 9.341125970473984630e-03
9.900000000000000000e+01 9.283935144622779134e-03
1.010000000000000000e+02 9.229193268708857367e-03
1.030000000000000000e+02 9.176409115582484510e-03
1.050000000000000000e+02 9.124948519777298372e-03
1.070000000000000000e+02 9.074802710576923559e-03
1.090000000000000000e+02 9.026553993420782795e-03
1.110000000000000000e+02 8.979424600793040057e-03
1.130000000000000000e+02 8.933380298675741571e-03
1.150000000000000000e+02 8.888533571030476921e-03
1.170000000000000000e+02 8.844997153607647711e-03
1.190000000000000000e+02 8.803309205530518433e-03
1.210000000000000000e+02 8.762997032725761137e-03
1.230000000000000000e+02 8.724410791702386092e-03
1.250000000000000000e+02 8.686738758546641570e-03
1.270000000000000000e+02 8.650911236864677889e-03
1.290000000000000000e+02 8.616782893849150859e-03
1.310000000000000000e+02 8.584071382086500002e-03
1.330000000000000000e+02 8.552658580740613026e-03
1.350000000000000000e+02 8.522568818368658761e-03
1.370000000000000000e+02 8.493646850544211979e-03
1.390000000000000000e+02 8.465565830297117067e-03
1.410000000000000000e+02 8.438296510425713493e-03
1.430000000000000000e+02 8.412265266186325086e-03
1.450000000000000000e+02 8.387362243731599776e-03
1.470000000000000000e+02 8.363712037951720468e-03
1.490000000000000000e+02 8.341196480632695476e-03
