1.000000000000000000e+00 8.612857555038144763e-02
3.000000000000000000e+00 1.139391205622201086e-01
5.000000000000000000e+00 1.267011867171663475e-01
7.000000000000000000e+00 1.327185055860763407e-01
9.000000000000000000e+00 1.360673613773618618e-01
1.100000000000000000e+01 1.382839803565419912e-01
1.300000000000000000e+01 1.399631875236257983e-01
1.500000000000000000e+01 1.413649330894644063e-01
1.700000000000000000e+01 1.426235199728188574e-01
1.900000000000000000e+01 1.438066446849018964e-01
2.100000000000000000e+01 1.449465984584428213e-01
2.300000000000000000e+01 1.460639555618064023e-01
2.500000000000000000e+01 1.471733314242620327e-01
2.700000000000000000e+01 1.482775527844030217e-01
2.900000000000000000e+01 1.493751141904239299e-01
3.100000000000000000e+01 1.504684896937454885e-01
3.300000000000000000e+01 1.515614181655520198e-01
3.500000000000000000e+01 1.526561150078038498e-01
3.700000000000000000e+01 1.537533855376630454e-01
3.900000000000000000e+01 1.548522319060827712e-01
4.100000000000000000e+01 1.559524630631851094e-01
4.300000000000000000e+01 1.570545854257462404e-01
4.500000000000000000e+01 1.581592159984613888e-01
4.700000000000000000e+01 1.592670476332253005e-01
4.900000000000000000e+01 1.603791461813326436e-01
5.100000000000000000e+01 1.614957230240543495e-01
5.300000000000000000e+01 1.626174301646521325e-01
5.500000000000000000e+01 1.637450110692721950e-01
5.700000000000000000e+01 1.648797543010275257e-01
5.900000000000000000e+01 1.660212533484144437e-01
6.100000000000000000e+01 1.671695183582783129e-01
6.300000000000000000e+01 1.683246348356206568e-01
6.500000000000000000e+01 1.694860459155514976e-01
6.700000000000000000e+01 1.706536379932181990e-01
6.900000000000000000e+01 1.718279406450888835e-01
7.100000000000000000e+01 1.730094688743216702e-01
7.300000000000000000e+01 1.741983286484469762e-01
7.500000000000000000e+01 1.753949024658542077e-01
7.700000000000000000e+01 1.765994799641132929e-01
7.900000000000000000e+01 1.778121311641712721e-01
8.100000000000000000e+01 1.790330151121040103e-01
8.300000000000000000e+01 1.802620561681081979e-01
8.500000000000000000e+01 1.814996101862016431e-01
8.700000000000000000e+01 1.827457120059940987e-01
8.900000000000000000e+01 1.840003308747265587e-01
9.100000000000000000e+01 1.852634609899839191e-01
9.300000000000000000e+01 1.865346559398746162e-01
9.500000000000000000e+01 1.878135879461585445e-01
9.700000000000000000e+01 1.891003369091120989e-01
9.900000000000000000e+01 1.903948630747278603e-01
1.010000000000000000e+02 1.916964173938845439e-01
1.030000000000000000e+02 1.930047539628236830e-01
1.050000000000000000e+02 1.943199159948677535e-01
1.070000000000000000e+02 1.956430873344555676e-01
1.090000000000000000e+02 1.969742221771758617e-01
1.110000000000000000e+02 1.983130868375606592e-01
1.130000000000000000e+02 1.996587378167284932e-01
1.150000000000000000e+02 2.010107906450430137e-01
1.170000000000000000e+02 2.023689043789926867e-01
1.190000000000000000e+02 2.037326639622240032e-01
1.210000000000000000e+02 2.051006453927313178e-01
1.230000000000000000e+02 2.064724242772155716e-01
1.250000000000000000e+02 2.078478473358857936e-01
1.270000000000000000e+02 2.092264636485645646e-01
1.290000000000000000e+02 2.106076118555952892e-01
1.310000000000000000e+02 2.119906353259007892e-01
1.330000000000000000e+02 2.133744988005674692e-01
1.350000000000000000e+02 2.147588935644377806e-01
1.370000000000000000e+02 2.161445171819991184e-01
1.390000000000000000e+02 2.175309271444957337e-01
1.410000000000000000e+02 2.189175406451758787e-01
1.430000000000000000e+02 2.203040148310690949e-01
1.450000000000000000e+02 2.216893844681760983e-01
1.470000000000000000e+02 2.230732766864954586e-01
1.490000000000000000e+02 2.244551798174896362e-01
