1.000000000000000000e+00 7.197139025480558949e-02
3.000000000000000000e+00 8.045534958849309692e-02
5.000000000000000000e+00 8.478172513450599190e-02
7.000000000000000000e+00 8.733656976236470193e-02
9.000000000000000000e+00 8.915421064427875297e-02
1.100000000000000000e+01 9.078482648445540537e-02
1.300000000000000000e+01 9.229693621081724864e-02
1.500000000000000000e+01 9.365248217201338488e-02
1.700000000000000000e+01 9.485084475822413985e-02
1.900000000000000000e+01 9.589619607824506620e-02
2.100000000000000000e+01 9.681615098328422153e-02
2.300000000000000000e+01 9.763951860397801497e-02
2.500000000000000000e+01 9.839418783157172221e-02
2.700000000000000000e+01 9.908271805013824096e-02
2.900000000000000000e+01 9.971032627821574401e-02
3.100000000000000000e+01 1.002734456639896576e-01
3.300000000000000000e+01 1.007835404173526017e-01
3.500000000000000000e+01 1.012522113615449415e-01
3.700000000000000000e+01 1.016869919384011389e-01
3.900000000000000000e+01 1.020887327487791651e-01
4.100000000000000000e+01 1.024655922320192314e-01
4.300000000000000000e+01 1.028184865375668666e-01
4.500000000000000000e+01 1.031449759309879255e-01
4.700000000000000000e+01 1.034510806267100458e-01
4.900000000000000000e+01 1.037382380615484712e-01
5.100000000000000000e+01 1.040121625453552801e-01
5.300000000000000000e+01 1.042763222904100617e-01
5.500000000000000000e+01 1.045322903424836802e-01
5.700000000000000000e+01 1.047762366012233715e-01
5.900000000000000000e+01 1.050001557465020108e-01
6.100000000000000000e+01 1.052046667900202737e-01
6.300000000000000000e+01 1.053914890848611785e-01
6.500000000000000000e+01 1.055618957844898231e-01
6.700000000000000000e+01 1.057183655829839752e-01
6.900000000000000000e+01 1.058630760151605399e-01
7.100000000000000000e+01 1.060038785012208384e-01
7.300000000000000000e+01 1.061392897630839549e-01
7.500000000000000000e+01 1.062705660024678700e-01
7.700000000000000000e+01 1.063978720468046202e-01
7.900000000000000000e+01 1.065220120991158259e-01
8.100000000000000000e+01 1.066442457272565036e-01
8.300000000000000000e+01 1.067645369224693441e-01
8.500000000000000000e+01 1.068834733024447425e-01
8.700000000000000000e+01 1.069976803799455034e-01
8.900000000000000000e+01 1.071071238363696665e-01
9.100000000000000000e+01 1.072167211396803932e-01
9.300000000000000000e+01 1.073282923286091872e-01
9.500000000000000000e+01 1.074414681561222107e-01
9.700000000000000000e+01 1.075482255349656802e-01
9.900000000000000000e+01 1.076516057291041495e-01
1.010000000000000000e+02 1.077520784989062230e-01
1.030000000000000000e+02 1.078380666624412232e-01
1.050000000000000000e+02 1.079098433423683057e-01
1.070000000000000000e+02 1.079704383410177160e-01
1.090000000000000000e+02 1.080309178282038429e-01
1.110000000000000000e+02 1.080897215909283338e-01
1.130000000000000000e+02 1.081465613462195829e-01
1.150000000000000000e+02 1.081955978593083234e-01
1.170000000000000000e+02 1.082378106953987285e-01
1.190000000000000000e+02 1.082729880421197111e-01
1.210000000000000000e+02 1.082992142730897500e-01
1.230000000000000000e+02 1.083169026023630410e-01
1.250000000000000000e+02 1.083262972276634040e-01
1.270000000000000000e+02 1.083243372199583776e-01
1.290000000000000000e+02 1.083114921807866171e-01
1.310000000000000000e+02 1.082904339996841880e-01
1.330000000000000000e+02 1.082691123090673280e-01
1.350000000000000000e+02 1.082475314264110811e-01
1.370000000000000000e+02 1.082216783003163707e-01
1.390000000000000000e+02 1.081862360508830667e-01
1.410000000000000000e+02 1.081437354552385877e-01
1.430000000000000000e+02 1.081044754037643330e-01
1.450000000000000000e+02 1.080686469091367563e-01
1.470000000000000000e+02 1.080281667317555261e-01
1.490000000000000000e+02 1.079834317001956423e-01
