1.000000000000000000e+00 4.151663435201424779e-02
3.000000000000000000e+00 4.366228843318276098e-02
5.000000000000000000e+00 4.492005857739300723e-02
7.000000000000000000e+00 4.580546090767267930e-02
9.000000000000000000e+00 4.650294127012755130e-02
1.100000000000000000e+01 4.715059547860955824e-02
1.300000000000000000e+01 4.777346721019870568e-02
1.500000000000000000e+01 4.834105139348154889e-02
1.700000000000000000e+01 4.885729470547151010e-02
1.900000000000000000e+01 4.932564833413433103e-02
2.100000000000000000e+01 4.975768081221709771e-02
2.300000000000000000e+01 5.016393804025853775e-02
2.500000000000000000e+01 5.055230422944867463e-02
2.700000000000000000e+01 5.092514481042575980e-02
2.900000000000000000e+01 5.128464974512259023e-02
3.100000000000000000e+01 5.163104321862221902e-02
3.300000000000000000e+01 5.196660356745297360e-02
3.500000000000000000e+01 5.229167020304825719e-02
3.700000000000000000e+01 5.260590572292667133e-02
3.900000000000000000e+01 5.290904225904502489e-02
4.100000000000000000e+01 5.320082098364753431e-02
4.300000000000000000e+01 5.348039382937652686e-02
4.500000000000000000e+01 5.374842150542069596e-02
4.700000000000000000e+01 5.400606636438143315e-02
4.900000000000000000e+01 5.425355095231199076e-02
5.100000000000000000e+01 5.449123891105356332e-02
5.300000000000000000e+01 5.472009050975690236e-02
5.500000000000000000e+01 5.494068370755977870e-02
5.700000000000000000e+01 5.515276001666757910e-02
5.900000000000000000e+01 5.535734786752433134e-02
6.100000000000000000e+01 5.555487176149465078e-02
6.300000000000000000e+01 5.574530920855325089e-02
6.500000000000000000e+01 5.592842187509783347e-02
6.700000000000000000e+01 5.610405881645919024e-02
6.900000000000000000e+01 5.627234160859395651e-02
7.100000000000000000e+01 5.643263351791238946e-02
7.300000000000000000e+01 5.658478024331570211e-02
7.500000000000000000e+01 5.672861041691545925e-02
7.700000000000000000e+01 5.686376403138138080e-02
7.900000000000000000e+01 5.698994610958729723e-02
8.100000000000000000e+01 5.710710993801670909e-02
8.300000000000000000e+01 5.721575171899651036e-02
8.500000000000000000e+01 5.731607675195748985e-02
8.700000000000000000e+01 5.740761800668692239e-02
8.900000000000000000e+01 5.749037385145561174e-02
9.100000000000000000e+01 5.756445097439233383e-02
9.300000000000000000e+01 5.762994584497693751e-02
9.500000000000000000e+01 5.768698754816703467e-02
9.700000000000000000e+01 5.773603753156453244e-02
9.900000000000000000e+01 5.777753429161647247e-02
1.010000000000000000e+02 5.781198911740259572e-02
1.030000000000000000e+02 5.783981583980268848e-02
1.050000000000000000e+02 5.786152419176804340e-02
1.070000000000000000e+02 5.787762745927882424e-02
1.090000000000000000e+02 5.788874814350353226e-02
1.110000000000000000e+02 5.789544601876994712e-02
1.130000000000000000e+02 5.789818508789745799e-02
1.150000000000000000e+02 5.789738343629913242e-02
1.170000000000000000e+02 5.789363874882091920e-02
1.190000000000000000e+02 5.788750565305356144e-02
1.210000000000000000e+02 5.787953740969331573e-02
1.230000000000000000e+02 5.786978382683893862e-02
1.250000000000000000e+02 5.785879897533885430e-02
1.270000000000000000e+02 5.784716341554207997e-02
1.290000000000000000e+02 5.783471647481408517e-02
1.310000000000000000e+02 5.782206707731718520e-02
1.330000000000000000e+02 5.780950319426747530e-02
1.350000000000000000e+02 5.779734044874784704e-02
1.370000000000000000e+02 5.778583609469234439e-02
1.390000000000000000e+02 5.777480027131554063e-02
1.410000000000000000e+02 5.776448856874583093e-02
1.430000000000000000e+02 5.775472526197222845e-02
1.450000000000000000e+02 5.774570514336085925e-02
1.470000000000000000e+02 5.773776265680941044e-02
1.490000000000000000e+02 5.773102876246594128e-02
