1.000000000000000000e+00 3.765912305516261327e-02
3.000000000000000000e+00 4.113837086030114332e-02
5.000000000000000000e+00 4.306086494396466069e-02
7.000000000000000000e+00 4.448826839071629013e-02
9.000000000000000000e+00 4.564511945101590307e-02
1.100000000000000000e+01 4.666520685021602333e-02
1.300000000000000000e+01 4.760366326804699177e-02
1.500000000000000000e+01 4.852408096150040429e-02
1.700000000000000000e+01 4.945914873229251274e-02
1.900000000000000000e+01 5.039981415778327367e-02
2.100000000000000000e+01 5.133829034075299003e-02
2.300000000000000000e+01 5.226165345901057080e-02
2.500000000000000000e+01 5.317069690967402007e-02
2.700000000000000000e+01 5.406461080086299997e-02
2.900000000000000000e+01 5.495150781402224904e-02
3.100000000000000000e+01 5.583832242006792068e-02
3.300000000000000000e+01 5.672380215897310229e-02
3.500000000000000000e+01 5.760869884210129133e-02
3.700000000000000000e+01 5.849295411379962228e-02
3.900000000000000000e+01 5.937721441110521692e-02
4.100000000000000000e+01 6.026129771514310285e-02
4.300000000000000000e+01 6.114391657426621052e-02
4.500000000000000000e+01 6.202275733505924205e-02
4.700000000000000000e+01 6.289566161729043259e-02
4.900000000000000000e+01 6.376131776605864498e-02
5.100000000000000000e+01 6.461719297105050774e-02
5.300000000000000000e+01 6.546372299788616456e-02
5.500000000000000000e+01 6.630158432057631224e-02
5.700000000000000000e+01 6.713011120792278241e-02
5.900000000000000000e+01 6.794905927080963082e-02
6.100000000000000000e+01 6.875799766058843243e-02
6.300000000000000000e+01 6.955704041762877932e-02
6.500000000000000000e+01 7.034503898694111079e-02
6.700000000000000000e+01 7.112260710852202905e-02
6.900000000000000000e+01 7.188980657235588545e-02
7.100000000000000000e+01 7.264525137576727243e-02
7.300000000000000000e+01 7.338805486949107060e-02
7.500000000000000000e+01 7.411824668540378802e-02
7.700000000000000000e+01 7.483514311656791484e-02
7.900000000000000000e+01 7.553874419954831332e-02
8.100000000000000000e+01 7.622897823719287924e-02
8.300000000000000000e+01 7.690647796371752332e-02
8.500000000000000000e+01 7.756975776102370546e-02
8.700000000000000000e+01 7.821821287932551048e-02
8.900000000000000000e+01 7.885137241966033717e-02
9.100000000000000000e+01 7.946868404852558410e-02
9.300000000000000000e+01 8.007183653315397276e-02
9.500000000000000000e+01 8.066112948439652097e-02
9.700000000000000000e+01 8.123643985563488989e-02
9.900000000000000000e+01 8.179660156426116213e-02
1.010000000000000000e+02 8.233923710416113373e-02
1.030000000000000000e+02 8.286448683535230231e-02
1.050000000000000000e+02 8.337398627253811423e-02
1.070000000000000000e+02 8.386918104679030872e-02
1.090000000000000000e+02 8.435177201834631600e-02
1.110000000000000000e+02 8.482273148742824898e-02
1.130000000000000000e+02 8.528302395968134775e-02
1.150000000000000000e+02 8.573530327669176554e-02
1.170000000000000000e+02 8.617677562978975914e-02
1.190000000000000000e+02 8.660855874039918856e-02
1.210000000000000000e+02 8.703228239551696888e-02
1.230000000000000000e+02 8.744923752894973035e-02
1.250000000000000000e+02 8.785955331838635196e-02
1.270000000000000000e+02 8.826422052583060562e-02
1.290000000000000000e+02 8.866423588653460364e-02
1.310000000000000000e+02 8.906061676842469410e-02
1.330000000000000000e+02 8.945527966694832855e-02
1.350000000000000000e+02 8.984959517226820402e-02
1.370000000000000000e+02 9.024446288845133779e-02
1.390000000000000000e+02 9.064045671249065794e-02
1.410000000000000000e+02 9.103836087220107398e-02
1.430000000000000000e+02 9.144033221138392342e-02
1.450000000000000000e+02 9.184703856379217157e-02
1.470000000000000000e+02 9.225825359841910434e-02
1.490000000000000000e+02 9.267409293914952162e-02
