1.000000000000000000e+00 1.711045528401367033e-02
3.000000000000000000e+00 1.752251567583174019e-02
5.000000000000000000e+00 1.775981083163769014e-02
7.000000000000000000e+00 1.793560990005771405e-02
9.000000000000000000e+00 1.807298368994558757e-02
1.100000000000000000e+01 1.818409777653773318e-02
1.300000000000000000e+01 1.828425103715203281e-02
1.500000000000000000e+01 1.837767806230639067e-02
1.700000000000000000e+01 1.846158015001864161e-02
1.900000000000000000e+01 1.853704052506521816e-02
2.100000000000000000e+01 1.860899001571447720e-02
2.300000000000000000e+01 1.867829390839903514e-02
2.500000000000000000e+01 1.874357118506064790e-02
2.700000000000000000e+01 1.880143790561761286e-02
2.900000000000000000e+01 1.885165384674380995e-02
3.100000000000000000e+01 1.889441112384793175e-02
3.300000000000000000e+01 1.892924047766819662e-02
3.500000000000000000e+01 1.895527753078529720e-02
3.700000000000000000e+01 1.897179311819030545e-02
3.900000000000000000e+01 1.897859787608524584e-02
4.100000000000000000e+01 1.897614046210283067e-02
4.300000000000000000e+01 1.896481260361670973e-02
4.500000000000000000e+01 1.894472781018252672e-02
4.700000000000000000e+01 1.891676931973385045e-02
4.900000000000000000e+01 1.888191506201630787e-02
5.100000000000000000e+01 1.884089250779674707e-02
5.300000000000000000e+01 1.879461100316304201e-02
5.500000000000000000e+01 1.874357720845121200e-02
5.700000000000000000e+01 1.868832055172320317e-02
5.900000000000000000e+01 1.862935083336769715e-02
6.100000000000000000e+01 1.856702912937480132e-02
6.300000000000000000e+01 1.850189001020963175e-02
6.500000000000000000e+01 1.843422545736184137e-02
6.700000000000000000e+01 1.836363786294492595e-02
6.900000000000000000e+01 1.829034703665033401e-02
7.100000000000000000e+01 1.821250489529624428e-02
7.300000000000000000e+01 1.813048556695151525e-02
7.500000000000000000e+01 1.804492937928259266e-02
7.700000000000000000e+01 1.795601832640880691e-02
7.900000000000000000e+01 1.786386226142600009e-02
8.100000000000000000e+01 1.776949461906440764e-02
8.300000000000000000e+01 1.767340934969596766e-02
8.500000000000000000e+01 1.757549145129155832e-02
8.700000000000000000e+01 1.747507280984716971e-02
8.900000000000000000e+01 1.737254241338004324e-02
9.100000000000000000e+01 1.726816315002588365e-02
9.300000000000000000e+01 1.716168945963070236e-02
9.500000000000000000e+01 1.705309205719729437e-02
9.700000000000000000e+01 1.694255317132808969e-02
9.900000000000000000e+01 1.682908094466117888e-02
1.010000000000000000e+02 1.671313992396905590e-02
1.030000000000000000e+02 1.659488110482199019e-02
1.050000000000000000e+02 1.647432492580769292e-02
1.070000000000000000e+02 1.635155615848049582e-02
1.090000000000000000e+02 1.622738263045109264e-02
1.110000000000000000e+02 1.610215812429971471e-02
1.130000000000000000e+02 1.597672802930438785e-02
1.150000000000000000e+02 1.585086322290985006e-02
1.170000000000000000e+02 1.572386782265844385e-02
1.190000000000000000e+02 1.559606642350186423e-02
1.210000000000000000e+02 1.546806591415128551e-02
1.230000000000000000e+02 1.534071027528749465e-02
1.250000000000000000e+02 1.521371788759040555e-02
1.270000000000000000e+02 1.508740277768394478e-02
1.290000000000000000e+02 1.496196709565378313e-02
1.310000000000000000e+02 1.483722441635904055e-02
1.330000000000000000e+02 1.471458498683342331e-02
1.350000000000000000e+02 1.459402566907308518e-02
1.370000000000000000e+02 1.447564274354307123e-02
1.390000000000000000e+02 1.435934674665340083e-02
1.410000000000000000e+02 1.424513873683752596e-02
1.430000000000000000e+02 1.413371574539179498e-02
1.450000000000000000e+02 1.402459686634627278e-02
1.470000000000000000e+02 1.391793494821713661e-02
1.490000000000000000e+02 1.381367445179604303e-02
