1.000000000000000000e+00 0.000000000000000000e+00
3.000000000000000000e+00 1.857409618555294628e-05
5.000000000000000000e+00 5.743369598087966210e-05
7.000000000000000000e+00 1.052302024353579668e-04
9.000000000000000000e+00 1.501440950052446155e-04
1.100000000000000000e+01 1.845662575782336390e-04
1.300000000000000000e+01 2.100108370788333900e-04
1.500000000000000000e+01 2.338826251380154986e-04
1.700000000000000000e+01 2.620622626174906600e-04
1.900000000000000000e+01 2.939426015526880320e-04
2.100000000000000000e+01 3.280652575979869923e-04
2.300000000000000000e+01 3.660275020289649461e-04
2.500000000000000000e+01 4.083094224269778749e-04
2.700000000000000000e+01 4.541817784026180860e-04
2.900000000000000000e+01 5.026929729686768766e-04
3.100000000000000000e+01 5.531764178271503241e-04
3.300000000000000000e+01 6.049077743924824446e-04
3.500000000000000000e+01 6.572050733140155643e-04
3.700000000000000000e+01 7.095926394560247985e-04
3.900000000000000000e+01 7.617467227057916901e-04
4.100000000000000000e+01 8.136189211567224078e-04
4.300000000000000000e+01 8.651279857873062085e-04
4.500000000000000000e+01 9.163379898362578047e-04
4.700000000000000000e+01 9.673453264362752435e-04
4.900000000000000000e+01 1.018116106080713124e-03
5.100000000000000000e+01 1.068536079857462795e-03
5.300000000000000000e+01 1.118567967150485565e-03
5.500000000000000000e+01 1.168189910142447552e-03
5.700000000000000000e+01 1.217316223968811784e-03
5.900000000000000000e+01 1.265994826236793713e-03
6.100000000000000000e+01 1.314245418475801230e-03
6.300000000000000000e+01 1.362059398545722999e-03
6.500000000000000000e+01 1.409422221867573377e-03
6.700000000000000000e+01 1.456403338949474602e-03
6.900000000000000000e+01 1.503111447665905764e-03
7.100000000000000000e+01 1.549507344206779713e-03
7.300000000000000000e+01 1.595406657351583490e-03
7.500000000000000000e+01 1.640810662346336990e-03
7.700000000000000000e+01 1.685901576032877713e-03
7.900000000000000000e+01 1.730839878742340687e-03
8.100000000000000000e+01 1.775659041945765182e-03
8.300000000000000000e+01 1.820255806164516876e-03
8.500000000000000000e+01 1.864519120648222561e-03
8.700000000000000000e+01 1.908365505734033185e-03
8.900000000000000000e+01 1.951784967914038660e-03
9.100000000000000000e+01 1.994883775027322947e-03
9.300000000000000000e+01 2.037783850232233185e-03
9.500000000000000000e+01 2.080582236402839236e-03
9.700000000000000000e+01 2.123349747903291451e-03
9.900000000000000000e+01 2.166183301834045949e-03
1.010000000000000000e+02 2.209145957328684240e-03
1.030000000000000000e+02 2.252194401072271646e-03
1.050000000000000000e+02 2.295245579963300919e-03
1.070000000000000000e+02 2.338223154156215955e-03
1.090000000000000000e+02 2.381095055243087621e-03
1.110000000000000000e+02 2.423855287455922713e-03
1.130000000000000000e+02 2.466544208377108305e-03
1.150000000000000000e+02 2.509236819446036826e-03
1.170000000000000000e+02 2.551957671050875120e-03
1.190000000000000000e+02 2.594769244796735208e-03
1.210000000000000000e+02 2.637807362402266875e-03
1.230000000000000000e+02 2.681210919842968998e-03
1.250000000000000000e+02 2.725059472949209471e-03
1.270000000000000000e+02 2.769329799175435092e-03
1.290000000000000000e+02 2.813980699367890637e-03
1.310000000000000000e+02 2.858902597251744560e-03
1.330000000000000000e+02 2.903985691766197696e-03
1.350000000000000000e+02 2.949198688547149949e-03
1.370000000000000000e+02 2.994568615146575574e-03
1.390000000000000000e+02 3.040144674313127737e-03
1.410000000000000000e+02 3.085985573796024006e-03
1.430000000000000000e+02 3.132132551490807160e-03
1.450000000000000000e+02 3.178641211667554423e-03
1.470000000000000000e+02 3.225554624713411478e-03
1.490000000000000000e+02 3.272924701676505066e-03
