1.000000000000000000e+00 4.874820778647848130e-02
3.000000000000000000e+00 5.458599147921694428e-02
5.000000000000000000e+00 5.782775680573903898e-02
7.000000000000000000e+00 6.015695827706135645e-02
9.000000000000000000e+00 6.199485915919733525e-02
1.100000000000000000e+01 6.368312887507943110e-02
1.300000000000000000e+01 6.527167234412734054e-02
1.500000000000000000e+01 6.675436140234491944e-02
1.700000000000000000e+01 6.813186386514602511e-02
1.900000000000000000e+01 6.944454530546750881e-02
2.100000000000000000e+01 7.069456352909397889e-02
2.300000000000000000e+01 7.185381435103044279e-02
2.500000000000000000e+01 7.292021185916164328e-02
2.700000000000000000e+01 7.390769454603107746e-02
2.900000000000000000e+01 7.482789581005999668e-02
3.100000000000000000e+01 7.569370657290808158e-02
3.300000000000000000e+01 7.650477320912973944e-02
3.500000000000000000e+01 7.726123744003865479e-02
3.700000000000000000e+01 7.798114205066297711e-02
3.900000000000000000e+01 7.868872878604593613e-02
4.100000000000000000e+01 7.939029759741644821e-02
4.300000000000000000e+01 8.009491120352407734e-02
4.500000000000000000e+01 8.080123105888614710e-02
4.700000000000000000e+01 8.151453839521183298e-02
4.900000000000000000e+01 8.223048922191422694e-02
5.100000000000000000e+01 8.294191505756254301e-02
5.300000000000000000e+01 8.365170855753578660e-02
5.500000000000000000e+01 8.434950178111322305e-02
5.700000000000000000e+01 8.503372952987542366e-02
5.900000000000000000e+01 8.570468078571225057e-02
6.100000000000000000e+01 8.636636988730184150e-02
6.300000000000000000e+01 8.701155086658607374e-02
6.500000000000000000e+01 8.763988576510395312e-02
6.700000000000000000e+01 8.824916613309496949e-02
6.900000000000000000e+01 8.883947836522620989e-02
7.100000000000000000e+01 8.941613365827472126e-02
7.300000000000000000e+01 8.998260206019703666e-02
7.500000000000000000e+01 9.053882862513495944e-02
7.700000000000000000e+01 9.108302429611869755e-02
7.900000000000000000e+01 9.161168754095538880e-02
8.100000000000000000e+01 9.211931229169267876e-02
8.300000000000000000e+01 9.261079808460781493e-02
8.500000000000000000e+01 9.308340315578211843e-02
8.700000000000000000e+01 9.354112360423805228e-02
8.900000000000000000e+01 9.398381538983890948e-02
9.100000000000000000e+01 9.440446717310568836e-02
9.300000000000000000e+01 9.480482746950669171e-02
9.500000000000000000e+01 9.516784102232811460e-02
9.700000000000000000e+01 9.550839746064876401e-02
9.900000000000000000e+01 9.582716986278638771e-02
1.010000000000000000e+02 9.613145694941382935e-02
1.030000000000000000e+02 9.642631678189150790e-02
1.050000000000000000e+02 9.671233843208770775e-02
1.070000000000000000e+02 9.698766590310059499e-02
1.090000000000000000e+02 9.725356419421726795e-02
1.110000000000000000e+02 9.751296405248854882e-02
1.130000000000000000e+02 9.777045548460239210e-02
1.150000000000000000e+02 9.802703466764162155e-02
1.170000000000000000e+02 9.828247556606728441e-02
1.190000000000000000e+02 9.853251199725698850e-02
1.210000000000000000e+02 9.876211417399871628e-02
1.230000000000000000e+02 9.897450163219512209e-02
1.250000000000000000e+02 9.917149923971624315e-02
1.270000000000000000e+02 9.936874107260340594e-02
1.290000000000000000e+02 9.956679745361363132e-02
1.310000000000000000e+02 9.976226124640708015e-02
1.330000000000000000e+02 9.995868356654069586e-02
1.350000000000000000e+02 1.001536247539954738e-01
1.370000000000000000e+02 1.003418936669641104e-01
1.390000000000000000e+02 1.005247399911280981e-01
1.410000000000000000e+02 1.007039587904287048e-01
1.430000000000000000e+02 1.008781212973630659e-01
1.450000000000000000e+02 1.010474371901958213e-01
1.470000000000000000e+02 1.012105648198282637e-01
1.490000000000000000e+02 1.013699452749060592e-01
