1.000000000000000000e+00 1.899127796738718787e-01
3.000000000000000000e+00 2.145254028997318763e-01
5.000000000000000000e+00 2.253032346185465107e-01
7.000000000000000000e+00 2.314675069457557965e-01
9.000000000000000000e+00 2.356085330968941127e-01
1.100000000000000000e+01 2.386948207472344707e-01
1.300000000000000000e+01 2.412186568492566963e-01
1.500000000000000000e+01 2.433744054852174932e-01
1.700000000000000000e+01 2.453402560697692802e-01
1.900000000000000000e+01 2.472337613855358773e-01
2.100000000000000000e+01 2.491262026734778479e-01
2.300000000000000000e+01 2.510810363432686154e-01
2.500000000000000000e+01 2.530836695813349912e-01
2.700000000000000000e+01 2.551620074884961564e-01
2.900000000000000000e+01 2.573218664737725314e-01
3.100000000000000000e+01 2.595976031036995035e-01
3.300000000000000000e+01 2.620069074535340548e-01
3.500000000000000000e+01 2.645593470412131998e-01
3.700000000000000000e+01 2.672613650685522479e-01
3.900000000000000000e+01 2.700982774404924180e-01
4.100000000000000000e+01 2.730830118902428660e-01
4.300000000000000000e+01 2.762119132046106929e-01
4.500000000000000000e+01 2.794598542689157306e-01
4.700000000000000000e+01 2.828055720089780456e-01
4.900000000000000000e+01 2.862703800706605239e-01
5.100000000000000000e+01 2.898254641784674401e-01
5.300000000000000000e+01 2.934480452125145522e-01
5.500000000000000000e+01 2.971280151245736523e-01
5.700000000000000000e+01 3.008742072510044441e-01
5.900000000000000000e+01 3.046835011849269303e-01
6.100000000000000000e+01 3.085534051936121847e-01
6.300000000000000000e+01 3.124648136837061552e-01
6.500000000000000000e+01 3.164200467474821421e-01
6.700000000000000000e+01 3.204212267410180282e-01
6.900000000000000000e+01 3.244663036942662115e-01
7.100000000000000000e+01 3.285655893653561810e-01
7.300000000000000000e+01 3.327190374027790831e-01
7.500000000000000000e+01 3.369388745071637548e-01
7.700000000000000000e+01 3.412317972339891092e-01
7.900000000000000000e+01 3.455811227312602929e-01
8.100000000000000000e+01 3.499884528695117458e-01
8.300000000000000000e+01 3.544596260939134602e-01
8.500000000000000000e+01 3.589982327410027318e-01
8.700000000000000000e+01 3.636073582774420609e-01
8.900000000000000000e+01 3.682901097225913523e-01
9.100000000000000000e+01 3.730430303702445549e-01
9.300000000000000000e+01 3.778697667768939894e-01
9.500000000000000000e+01 3.827761432872718306e-01
9.700000000000000000e+01 3.877515776197850705e-01
9.900000000000000000e+01 3.927964255132727622e-01
1.010000000000000000e+02 3.979047817193503978e-01
1.030000000000000000e+02 4.030729319222686735e-01
1.050000000000000000e+02 4.082978715839031825e-01
1.070000000000000000e+02 4.135756611477339195e-01
1.090000000000000000e+02 4.189059396947726333e-01
1.110000000000000000e+02 4.242916688432283312e-01
1.130000000000000000e+02 4.297421043139110219e-01
1.150000000000000000e+02 4.352518047397504475e-01
1.170000000000000000e+02 4.408251783583743144e-01
1.190000000000000000e+02 4.464651912442659798e-01
1.210000000000000000e+02 4.521624927771230595e-01
1.230000000000000000e+02 4.579116828761270463e-01
1.250000000000000000e+02 4.636989238803220781e-01
1.270000000000000000e+02 4.695242997092470283e-01
1.290000000000000000e+02 4.753839946296885000e-01
1.310000000000000000e+02 4.812659618497275860e-01
1.330000000000000000e+02 4.871459743838638667e-01
1.350000000000000000e+02 4.930211432069686595e-01
1.370000000000000000e+02 4.988882460093745363e-01
1.390000000000000000e+02 5.047421200725660251e-01
1.410000000000000000e+02 5.105802965942309868e-01
1.430000000000000000e+02 5.164011745705829881e-01
1.450000000000000000e+02 5.221985896648078107e-01
1.470000000000000000e+02 5.279740512312619538e-01
1.490000000000000000e+02 5.337260609926905985e-01
