1.000000000000000000e+00 4.576610777180212253e-02
3.000000000000000000e+00 4.746942818083077498e-02
5.000000000000000000e+00 4.827163690549896025e-02
7.000000000000000000e+00 4.891736578345418085e-02
9.000000000000000000e+00 4.948083503149347528e-02
1.100000000000000000e+01 4.999652798599563130e-02
1.300000000000000000e+01 5.049057942379064912e-02
1.500000000000000000e+01 5.097477054993571066e-02
1.700000000000000000e+01 5.144090483556207349e-02
1.900000000000000000e+01 5.187938036138761699e-02
2.100000000000000000e+01 5.228361061888919803e-02
2.300000000000000000e+01 5.264901234053365187e-02
2.500000000000000000e+01 5.297541440327047102e-02
2.700000000000000000e+01 5.326665029820432107e-02
2.900000000000000000e+01 5.352481064250991238e-02
3.100000000000000000e+01 5.375029475661052825e-02
3.300000000000000000e+01 5.394445913620959931e-02
3.500000000000000000e+01 5.411051425483159871e-02
3.700000000000000000e+01 5.425228519205405053e-02
3.900000000000000000e+01 5.437332016529461409e-02
4.100000000000000000e+01 5.447537752201025985e-02
4.300000000000000000e+01 5.456155800346407236e-02
4.500000000000000000e+01 5.463418522391294552e-02
4.700000000000000000e+01 5.469389135802826818e-02
4.900000000000000000e+01 5.474207281511844769e-02
5.100000000000000000e+01 5.477917848190094752e-02
5.300000000000000000e+01 5.480701215979499885e-02
5.500000000000000000e+01 5.482633349069820916e-02
5.700000000000000000e+01 5.483827988738776416e-02
5.900000000000000000e+01 5.484148035930958009e-02
6.100000000000000000e+01 5.483684170331304397e-02
6.300000000000000000e+01 5.482527293777039734e-02
6.500000000000000000e+01 5.480743717978342477e-02
6.700000000000000000e+01 5.478583234599032625e-02
6.900000000000000000e+01 5.475866170487952989e-02
7.100000000000000000e+01 5.472432186629794248e-02
7.300000000000000000e+01 5.468330030039414424e-02
7.500000000000000000e+01 5.463602743677409279e-02
7.700000000000000000e+01 5.458258002616900306e-02
7.900000000000000000e+01 5.452329481805540112e-02
8.100000000000000000e+01 5.445836580382479308e-02
8.300000000000000000e+01 5.438756898676599949e-02
8.500000000000000000e+01 5.431106387232420563e-02
8.700000000000000000e+01 5.423178531713646056e-02
8.900000000000000000e+01 5.414973800342481880e-02
9.100000000000000000e+01 5.406398277337343128e-02
9.300000000000000000e+01 5.397539387913574682e-02
9.500000000000000000e+01 5.388386776507558817e-02
9.700000000000000000e+01 5.378854350849804344e-02
9.900000000000000000e+01 5.368949559068036947e-02
1.010000000000000000e+02 5.358714269339404090e-02
1.030000000000000000e+02 5.348159979364108807e-02
1.050000000000000000e+02 5.337239023594420040e-02
1.070000000000000000e+02 5.325853821228243579e-02
1.090000000000000000e+02 5.314069056194559160e-02
1.110000000000000000e+02 5.302175472484682572e-02
1.130000000000000000e+02 5.290174793753299465e-02
1.150000000000000000e+02 5.277788594873111805e-02
1.170000000000000000e+02 5.265104992300129183e-02
1.190000000000000000e+02 5.252154546873566421e-02
1.210000000000000000e+02 5.238853871462101353e-02
1.230000000000000000e+02 5.225232317475325683e-02
1.250000000000000000e+02 5.211514304346132054e-02
1.270000000000000000e+02 5.197723475401416771e-02
1.290000000000000000e+02 5.183748242509922388e-02
1.310000000000000000e+02 5.169801439736176896e-02
1.330000000000000000e+02 5.155902299379055975e-02
1.350000000000000000e+02 5.142080979929164464e-02
1.370000000000000000e+02 5.128163140177977031e-02
1.390000000000000000e+02 5.114169933653933686e-02
1.410000000000000000e+02 5.100153729639256284e-02
1.430000000000000000e+02 5.086232586799410704e-02
1.450000000000000000e+02 5.072418955064594837e-02
1.470000000000000000e+02 5.058677785917309322e-02
1.490000000000000000e+02 5.045077177617940389e-02
