1.000000000000000000e+00 2.114059326830243224e-01
3.000000000000000000e+00 2.395158001633992395e-01
5.000000000000000000e+00 2.513370260340170859e-01
7.000000000000000000e+00 2.577300224182145216e-01
9.000000000000000000e+00 2.622340828582463423e-01
1.100000000000000000e+01 2.659200236834372566e-01
1.300000000000000000e+01 2.691353395196722786e-01
1.500000000000000000e+01 2.720581023744598204e-01
1.700000000000000000e+01 2.747735249134864999e-01
1.900000000000000000e+01 2.773277270902477776e-01
2.100000000000000000e+01 2.797623080526254746e-01
2.300000000000000000e+01 2.821077744389742792e-01
2.500000000000000000e+01 2.843789791795454658e-01
2.700000000000000000e+01 2.865880642280176360e-01
2.900000000000000000e+01 2.887485909425658859e-01
3.100000000000000000e+01 2.908679019237974117e-01
3.300000000000000000e+01 2.929435050232435112e-01
3.500000000000000000e+01 2.949758908145232450e-01
3.700000000000000000e+01 2.969681373151382697e-01
3.900000000000000000e+01 2.989205970004225055e-01
4.100000000000000000e+01 3.008361914635002687e-01
4.300000000000000000e+01 3.027187218644886713e-01
4.500000000000000000e+01 3.045760347380924715e-01
4.700000000000000000e+01 3.064148455517683445e-01
4.900000000000000000e+01 3.082353226694889425e-01
5.100000000000000000e+01 3.100396959520798079e-01
5.300000000000000000e+01 3.118338696571175683e-01
5.500000000000000000e+01 3.136172314935782302e-01
5.700000000000000000e+01 3.153921880069285866e-01
5.900000000000000000e+01 3.171628956404740629e-01
6.100000000000000000e+01 3.189314372823868204e-01
6.300000000000000000e+01 3.206945727026002668e-01
6.500000000000000000e+01 3.224510482138316370e-01
6.700000000000000000e+01 3.242004181938114016e-01
6.900000000000000000e+01 3.259414344550077836e-01
7.100000000000000000e+01 3.276743657437334312e-01
7.300000000000000000e+01 3.294027656118265757e-01
7.500000000000000000e+01 3.311260894210638073e-01
7.700000000000000000e+01 3.328440551319803431e-01
7.900000000000000000e+01 3.345556899371029402e-01
8.100000000000000000e+01 3.362618495591385148e-01
8.300000000000000000e+01 3.379616388227185686e-01
8.500000000000000000e+01 3.396559509342146344e-01
8.700000000000000000e+01 3.413440663037814460e-01
8.900000000000000000e+01 3.430254774735793655e-01
9.100000000000000000e+01 3.446969228236762550e-01
9.300000000000000000e+01 3.463595018823454330e-01
9.500000000000000000e+01 3.480127800135853766e-01
9.700000000000000000e+01 3.496586508978406505e-01
9.900000000000000000e+01 3.512988174426021626e-01
1.010000000000000000e+02 3.529358529438203496e-01
1.030000000000000000e+02 3.545704185501927785e-01
1.050000000000000000e+02 3.562036788148278399e-01
1.070000000000000000e+02 3.578364755753660198e-01
1.090000000000000000e+02 3.594715636465199982e-01
1.110000000000000000e+02 3.611054178264062609e-01
1.130000000000000000e+02 3.627390986450035326e-01
1.150000000000000000e+02 3.643738915603956796e-01
1.170000000000000000e+02 3.660122711511009097e-01
1.190000000000000000e+02 3.676545593461961747e-01
1.210000000000000000e+02 3.693015467864352308e-01
1.230000000000000000e+02 3.709518198734134131e-01
1.250000000000000000e+02 3.726057627884866719e-01
1.270000000000000000e+02 3.742602332821085565e-01
1.290000000000000000e+02 3.759164705177150401e-01
1.310000000000000000e+02 3.775755964327659475e-01
1.330000000000000000e+02 3.792376858404881146e-01
1.350000000000000000e+02 3.809028062865092989e-01
1.370000000000000000e+02 3.825733946604422675e-01
1.390000000000000000e+02 3.842514404960521990e-01
1.410000000000000000e+02 3.859387659543476179e-01
1.430000000000000000e+02 3.876342262817836781e-01
1.450000000000000000e+02 3.893368168300542775e-01
1.470000000000000000e+02 3.910474392309865044e-01
1.490000000000000000e+02 3.927660216624023759e-01
