1.000000000000000000e+00 1.937629937629936627e-02
3.000000000000000000e+00 2.038251081582109769e-02
5.000000000000000000e+00 2.062491552093637104e-02
7.000000000000000000e+00 2.079367577413726575e-02
9.000000000000000000e+00 2.103355092842262852e-02
1.100000000000000000e+01 2.135825566900018124e-02
1.300000000000000000e+01 2.172027592142466990e-02
1.500000000000000000e+01 2.207695248946139888e-02
1.700000000000000000e+01 2.242076004022908187e-02
1.900000000000000000e+01 2.274527049143382218e-02
2.100000000000000000e+01 2.305057407607513653e-02
2.300000000000000000e+01 2.334852474123716437e-02
2.500000000000000000e+01 2.364618920972227922e-02
2.700000000000000000e+01 2.394530712306164322e-02
2.900000000000000000e+01 2.424731673343705207e-02
3.100000000000000000e+01 2.455409969455624175e-02
3.300000000000000000e+01 2.487235901892148604e-02
3.500000000000000000e+01 2.520765048837547706e-02
3.700000000000000000e+01 2.556451027931005981e-02
3.900000000000000000e+01 2.594663281701803381e-02
4.100000000000000000e+01 2.635698726981428042e-02
4.300000000000000000e+01 2.679907582721607895e-02
4.500000000000000000e+01 2.727395311551805701e-02
4.700000000000000000e+01 2.778068641544917394e-02
4.900000000000000000e+01 2.831687893976830850e-02
5.100000000000000000e+01 2.888179558201509067e-02
5.300000000000000000e+01 2.947374957009818441e-02
5.500000000000000000e+01 3.009080925091511816e-02
5.700000000000000000e+01 3.073098123594319997e-02
5.900000000000000000e+01 3.139233962160303815e-02
6.100000000000000000e+01 3.207339890493998702e-02
6.300000000000000000e+01 3.277418326508374502e-02
6.500000000000000000e+01 3.349530981373549654e-02
6.700000000000000000e+01 3.423737577279140076e-02
6.900000000000000000e+01 3.500039905295992959e-02
7.100000000000000000e+01 3.578399757285921634e-02
7.300000000000000000e+01 3.658733760730614737e-02
7.500000000000000000e+01 3.741007558305653458e-02
7.700000000000000000e+01 3.825230886810526698e-02
7.900000000000000000e+01 3.911350035464411512e-02
8.100000000000000000e+01 3.999258507135650120e-02
8.300000000000000000e+01 4.088868556029889856e-02
8.500000000000000000e+01 4.180084111343407294e-02
8.700000000000000000e+01 4.272854724257368897e-02
8.900000000000000000e+01 4.367102097022623752e-02
9.100000000000000000e+01 4.462738928740850319e-02
9.300000000000000000e+01 4.559715492337090836e-02
9.500000000000000000e+01 4.657942031953432593e-02
9.700000000000000000e+01 4.757328970956486991e-02
9.900000000000000000e+01 4.857798079136621539e-02
1.010000000000000000e+02 4.959278314576964775e-02
1.030000000000000000e+02 5.061745648831772471e-02
1.050000000000000000e+02 5.165179697088928545e-02
1.070000000000000000e+02 5.269567330525271043e-02
1.090000000000000000e+02 5.374873667352775275e-02
1.110000000000000000e+02 5.481002244306731885e-02
1.130000000000000000e+02 5.587889520132138799e-02
1.150000000000000000e+02 5.695483235924314602e-02
1.170000000000000000e+02 5.803771572864890871e-02
1.190000000000000000e+02 5.912708111141040668e-02
1.210000000000000000e+02 6.022258564917015722e-02
1.230000000000000000e+02 6.132384345652874824e-02
1.250000000000000000e+02 6.243051274675570639e-02
1.270000000000000000e+02 6.354236971391868938e-02
1.290000000000000000e+02 6.465939010947385768e-02
1.310000000000000000e+02 6.578167410599722320e-02
1.330000000000000000e+02 6.690924645325557751e-02
1.350000000000000000e+02 6.804203276037390502e-02
1.370000000000000000e+02 6.917986921536756206e-02
1.390000000000000000e+02 7.032236969922134318e-02
1.410000000000000000e+02 7.146938551302139953e-02
1.430000000000000000e+02 7.262087260717720039e-02
1.450000000000000000e+02 7.377681742557606892e-02
1.470000000000000000e+02 7.493734378200533897e-02
1.490000000000000000e+02 7.610284970958747230e-02
