1.000000000000000000e+00 1.524898737193236542e-02
3.000000000000000000e+00 1.801830824837657996e-02
5.000000000000000000e+00 1.947534702829667452e-02
7.000000000000000000e+00 2.053852982726434018e-02
9.000000000000000000e+00 2.140501546117978826e-02
1.100000000000000000e+01 2.213049088928498165e-02
1.300000000000000000e+01 2.278603767484121967e-02
1.500000000000000000e+01 2.339118709966292453e-02
1.700000000000000000e+01 2.394406196065201886e-02
1.900000000000000000e+01 2.447897398750398246e-02
2.100000000000000000e+01 2.502820628858926089e-02
2.300000000000000000e+01 2.557418192743055041e-02
2.500000000000000000e+01 2.610308451833887045e-02
2.700000000000000000e+01 2.660920574175540398e-02
2.900000000000000000e+01 2.709657527004105670e-02
3.100000000000000000e+01 2.755660753241773175e-02
3.300000000000000000e+01 2.799715965220872516e-02
3.500000000000000000e+01 2.842073085290908185e-02
3.700000000000000000e+01 2.883078340047362520e-02
3.900000000000000000e+01 2.923004562764852654e-02
4.100000000000000000e+01 2.961815037130488548e-02
4.300000000000000000e+01 2.999544374078477738e-02
4.500000000000000000e+01 3.038210341100366918e-02
4.700000000000000000e+01 3.077787152997624176e-02
4.900000000000000000e+01 3.118307429720801327e-02
5.100000000000000000e+01 3.159727688429958548e-02
5.300000000000000000e+01 3.201088191898415758e-02
5.500000000000000000e+01 3.242525996872780425e-02
5.700000000000000000e+01 3.282344448712049001e-02
5.900000000000000000e+01 3.321523418967431418e-02
6.100000000000000000e+01 3.359991306243159670e-02
6.300000000000000000e+01 3.399018482595617119e-02
6.500000000000000000e+01 3.438526728121948928e-02
6.700000000000000000e+01 3.478367552476802071e-02
6.900000000000000000e+01 3.518364735973977808e-02
7.100000000000000000e+01 3.557650480698648643e-02
7.300000000000000000e+01 3.595285485318033825e-02
7.500000000000000000e+01 3.631303072993907755e-02
7.700000000000000000e+01 3.666086728901907232e-02
7.900000000000000000e+01 3.700668682874397319e-02
8.100000000000000000e+01 3.736223162325291725e-02
8.300000000000000000e+01 3.773121877497231935e-02
8.500000000000000000e+01 3.810643873044783358e-02
8.700000000000000000e+01 3.848516462082729461e-02
8.900000000000000000e+01 3.886688392359194388e-02
9.100000000000000000e+01 3.925139718291659197e-02
9.300000000000000000e+01 3.964036329483799914e-02
9.500000000000000000e+01 4.003734074701725820e-02
9.700000000000000000e+01 4.044412570374966709e-02
9.900000000000000000e+01 4.084544254717714651e-02
1.010000000000000000e+02 4.124257172143641625e-02
1.030000000000000000e+02 4.162949226129653013e-02
1.050000000000000000e+02 4.200341423111741967e-02
1.070000000000000000e+02 4.236288564848744720e-02
1.090000000000000000e+02 4.270497374887549658e-02
1.110000000000000000e+02 4.303002228182328803e-02
1.130000000000000000e+02 4.333820831368595528e-02
1.150000000000000000e+02 4.364305849448180119e-02
1.170000000000000000e+02 4.394666950841019659e-02
1.190000000000000000e+02 4.424987552703674165e-02
1.210000000000000000e+02 4.455173844138116124e-02
1.230000000000000000e+02 4.485199965721275994e-02
1.250000000000000000e+02 4.514638523838387929e-02
1.270000000000000000e+02 4.543903983555608317e-02
1.290000000000000000e+02 4.573174772152643897e-02
1.310000000000000000e+02 4.602440424846787614e-02
1.330000000000000000e+02 4.631193765204166812e-02
1.350000000000000000e+02 4.659385462490284180e-02
1.370000000000000000e+02 4.687096420948722031e-02
1.390000000000000000e+02 4.714338644899285224e-02
1.410000000000000000e+02 4.741480799215713748e-02
1.430000000000000000e+02 4.768577052894318324e-02
1.450000000000000000e+02 4.795541581153994759e-02
1.470000000000000000e+02 4.822332520012351242e-02
1.490000000000000000e+02 4.848880127696808540e-02
