1.000000000000000000e+00 3.180484225972119994e-01
3.000000000000000000e+00 3.552915446093355412e-01
5.000000000000000000e+00 3.717404874259391256e-01
7.000000000000000000e+00 3.809639097628723103e-01
9.000000000000000000e+00 3.873727564294404679e-01
1.100000000000000000e+01 3.925643997497467730e-01
1.300000000000000000e+01 3.972264196694312854e-01
1.500000000000000000e+01 4.015995493830066820e-01
1.700000000000000000e+01 4.058004227744277381e-01
1.900000000000000000e+01 4.098783559323868619e-01
2.100000000000000000e+01 4.138429871501918544e-01
2.300000000000000000e+01 4.176979557543901711e-01
2.500000000000000000e+01 4.214665785373290507e-01
2.700000000000000000e+01 4.251570830198180273e-01
2.900000000000000000e+01 4.287620888458423263e-01
3.100000000000000000e+01 4.322780628020574945e-01
3.300000000000000000e+01 4.357086400326403153e-01
3.500000000000000000e+01 4.390611048333665778e-01
3.700000000000000000e+01 4.423292410061904212e-01
3.900000000000000000e+01 4.455151168887911961e-01
4.100000000000000000e+01 4.486102805881287958e-01
4.300000000000000000e+01 4.516187902489923189e-01
4.500000000000000000e+01 4.545578592521674066e-01
4.700000000000000000e+01 4.574326754419848484e-01
4.900000000000000000e+01 4.602476906244733490e-01
5.100000000000000000e+01 4.630095624694234857e-01
5.300000000000000000e+01 4.657232553527375085e-01
5.500000000000000000e+01 4.683885792749810095e-01
5.700000000000000000e+01 4.710169340725093301e-01
5.900000000000000000e+01 4.736117775906135696e-01
6.100000000000000000e+01 4.761644985375377281e-01
6.300000000000000000e+01 4.786849430914384973e-01
6.500000000000000000e+01 4.811840444383784776e-01
6.700000000000000000e+01 4.836639454752627021e-01
6.900000000000000000e+01 4.861240479414102866e-01
7.100000000000000000e+01 4.885597263858987294e-01
7.300000000000000000e+01 4.909751654095170226e-01
7.500000000000000000e+01 4.933685369067438709e-01
7.700000000000000000e+01 4.957403512975965265e-01
7.900000000000000000e+01 4.980914508399567620e-01
8.100000000000000000e+01 5.004215777220251127e-01
8.300000000000000000e+01 5.027307407688811347e-01
8.500000000000000000e+01 5.050198342351919223e-01
8.700000000000000000e+01 5.072892523533627518e-01
8.900000000000000000e+01 5.095362662268391185e-01
9.100000000000000000e+01 5.117613549743571522e-01
9.300000000000000000e+01 5.139629907733489489e-01
9.500000000000000000e+01 5.161357122431550204e-01
9.700000000000000000e+01 5.182841208845521130e-01
9.900000000000000000e+01 5.204082719810908531e-01
1.010000000000000000e+02 5.225060336314555354e-01
1.030000000000000000e+02 5.245831045582681762e-01
1.050000000000000000e+02 5.266384746595815791e-01
1.070000000000000000e+02 5.286706014194197945e-01
1.090000000000000000e+02 5.306792149973406092e-01
1.110000000000000000e+02 5.326674233478210230e-01
1.130000000000000000e+02 5.346378175986787884e-01
1.150000000000000000e+02 5.365905663725489827e-01
1.170000000000000000e+02 5.385267373979678585e-01
1.190000000000000000e+02 5.404422389745352495e-01
1.210000000000000000e+02 5.423328379207454919e-01
1.230000000000000000e+02 5.442011969718807407e-01
1.250000000000000000e+02 5.460357938149706936e-01
1.270000000000000000e+02 5.478406229648233872e-01
1.290000000000000000e+02 5.496174609977677594e-01
1.310000000000000000e+02 5.513673977283406469e-01
1.330000000000000000e+02 5.530901598750459502e-01
1.350000000000000000e+02 5.547866530193094059e-01
1.370000000000000000e+02 5.564609857587590191e-01
1.390000000000000000e+02 5.581104734826421998e-01
1.410000000000000000e+02 5.597278198880981659e-01
1.430000000000000000e+02 5.613153016414993424e-01
1.450000000000000000e+02 5.628853540659728427e-01
1.470000000000000000e+02 5.644378647940428984e-01
1.490000000000000000e+02 5.659648400398307189e-01
