1.000000000000000000e+00 4.163180519892673015e-02
3.000000000000000000e+00 4.321497558804221484e-02
5.000000000000000000e+00 4.407320489092203530e-02
7.000000000000000000e+00 4.474343277245884654e-02
9.000000000000000000e+00 4.529141449468909730e-02
1.100000000000000000e+01 4.576362558704238914e-02
1.300000000000000000e+01 4.618468860227320505e-02
1.500000000000000000e+01 4.656819736841188995e-02
1.700000000000000000e+01 4.692714775333040045e-02
1.900000000000000000e+01 4.726433962739629013e-02
2.100000000000000000e+01 4.758803990422011410e-02
2.300000000000000000e+01 4.790282172997539778e-02
2.500000000000000000e+01 4.820560360500636410e-02
2.700000000000000000e+01 4.849395330577976893e-02
2.900000000000000000e+01 4.876816939870820544e-02
3.100000000000000000e+01 4.902726254566280861e-02
3.300000000000000000e+01 4.927051559695683203e-02
3.500000000000000000e+01 4.949885075348403607e-02
3.700000000000000000e+01 4.971314974751717131e-02
3.900000000000000000e+01 4.991262124848983017e-02
4.100000000000000000e+01 5.009621445542677964e-02
4.300000000000000000e+01 5.026455614695835017e-02
4.500000000000000000e+01 5.041856203056405139e-02
4.700000000000000000e+01 5.055892227073965906e-02
4.900000000000000000e+01 5.068661807889152104e-02
5.100000000000000000e+01 5.080307744373613321e-02
5.300000000000000000e+01 5.091021221666103269e-02
5.500000000000000000e+01 5.100973134472908121e-02
5.700000000000000000e+01 5.110303486136036355e-02
5.900000000000000000e+01 5.119111940598264354e-02
6.100000000000000000e+01 5.127452228814211033e-02
6.300000000000000000e+01 5.135361543865690770e-02
6.500000000000000000e+01 5.142905698248134705e-02
6.700000000000000000e+01 5.150142276452518431e-02
6.900000000000000000e+01 5.157145565645271379e-02
7.100000000000000000e+01 5.163973772516239347e-02
7.300000000000000000e+01 5.170650223997852457e-02
7.500000000000000000e+01 5.177157975627044717e-02
7.700000000000000000e+01 5.183460349411439516e-02
7.900000000000000000e+01 5.189540203154840992e-02
8.100000000000000000e+01 5.195371962769634866e-02
8.300000000000000000e+01 5.200927618633277572e-02
8.500000000000000000e+01 5.206180211097510835e-02
8.700000000000000000e+01 5.211104960692891641e-02
8.900000000000000000e+01 5.215691636224772942e-02
9.100000000000000000e+01 5.219933589620717740e-02
9.300000000000000000e+01 5.223838334701202957e-02
9.500000000000000000e+01 5.227429327206356557e-02
9.700000000000000000e+01 5.230715464124313652e-02
9.900000000000000000e+01 5.233702973119269686e-02
1.010000000000000000e+02 5.236396844812862827e-02
1.030000000000000000e+02 5.238810077096545115e-02
1.050000000000000000e+02 5.240955459485008294e-02
1.070000000000000000e+02 5.242846417219027000e-02
1.090000000000000000e+02 5.244502537471640302e-02
1.110000000000000000e+02 5.245937128496946933e-02
1.130000000000000000e+02 5.247166046767426373e-02
1.150000000000000000e+02 5.248206016859546796e-02
1.170000000000000000e+02 5.249076952179110300e-02
1.190000000000000000e+02 5.249802948440951411e-02
1.210000000000000000e+02 5.250400804462518334e-02
1.230000000000000000e+02 5.250892077606050812e-02
1.250000000000000000e+02 5.251288085670502426e-02
1.270000000000000000e+02 5.251610543486984195e-02
1.290000000000000000e+02 5.251884789154026567e-02
1.310000000000000000e+02 5.252133311754325629e-02
1.330000000000000000e+02 5.252369200576634256e-02
1.350000000000000000e+02 5.252604194124865788e-02
1.370000000000000000e+02 5.252859293348344227e-02
1.390000000000000000e+02 5.253146109007378328e-02
1.410000000000000000e+02 5.253479075325639958e-02
1.430000000000000000e+02 5.253867978156190333e-02
1.450000000000000000e+02 5.254317119819629234e-02
1.470000000000000000e+02 5.254829290961882116e-02
1.490000000000000000e+02 5.255412737534415069e-02
