1.000000000000000000e+00 2.095420762407096404e-01
3.000000000000000000e+00 2.409061633987816808e-01
5.000000000000000000e+00 2.553784623734823844e-01
7.000000000000000000e+00 2.631781203589655949e-01
9.000000000000000000e+00 2.684228169097658823e-01
1.100000000000000000e+01 2.724603803055228868e-01
1.300000000000000000e+01 2.759006649319585280e-01
1.500000000000000000e+01 2.790030308392473790e-01
1.700000000000000000e+01 2.818900206783252482e-01
1.900000000000000000e+01 2.846400596680053185e-01
2.100000000000000000e+01 2.873154232873337266e-01
2.300000000000000000e+01 2.899418511422232614e-01
2.500000000000000000e+01 2.925528819997995633e-01
2.700000000000000000e+01 2.951578838339506961e-01
2.900000000000000000e+01 2.977516983716477217e-01
3.100000000000000000e+01 3.003284226325350081e-01
3.300000000000000000e+01 3.028854319595174482e-01
3.500000000000000000e+01 3.054220508302770698e-01
3.700000000000000000e+01 3.079400853738303301e-01
3.900000000000000000e+01 3.104370372700786529e-01
4.100000000000000000e+01 3.129112195895399351e-01
4.300000000000000000e+01 3.153623170514336937e-01
4.500000000000000000e+01 3.177938299474617478e-01
4.700000000000000000e+01 3.202121917198404999e-01
4.900000000000000000e+01 3.226270403070452542e-01
5.100000000000000000e+01 3.250445928622724967e-01
5.300000000000000000e+01 3.274732526103624197e-01
5.500000000000000000e+01 3.299179340231689350e-01
5.700000000000000000e+01 3.323823423641085739e-01
5.900000000000000000e+01 3.348696988448690570e-01
6.100000000000000000e+01 3.373833769806631189e-01
6.300000000000000000e+01 3.399223046550866600e-01
6.500000000000000000e+01 3.424874138856403016e-01
6.700000000000000000e+01 3.450819304160662737e-01
6.900000000000000000e+01 3.477107981592142405e-01
7.100000000000000000e+01 3.503715408468067727e-01
7.300000000000000000e+01 3.530623527609249024e-01
7.500000000000000000e+01 3.557829634903022509e-01
7.700000000000000000e+01 3.585341807094289956e-01
7.900000000000000000e+01 3.613180418441171993e-01
8.100000000000000000e+01 3.641378463118374320e-01
8.300000000000000000e+01 3.669939264647635868e-01
8.500000000000000000e+01 3.698874188740496338e-01
8.700000000000000000e+01 3.728155698041847321e-01
8.900000000000000000e+01 3.757775498120091706e-01
9.100000000000000000e+01 3.787722345582508199e-01
9.300000000000000000e+01 3.817947467292230890e-01
9.500000000000000000e+01 3.848455230188769782e-01
9.700000000000000000e+01 3.879234508846902685e-01
9.900000000000000000e+01 3.910345027643579163e-01
1.010000000000000000e+02 3.941770504755158777e-01
1.030000000000000000e+02 3.973500814087275179e-01
1.050000000000000000e+02 4.005504459092563696e-01
1.070000000000000000e+02 4.037787344215244545e-01
1.090000000000000000e+02 4.070350088454253168e-01
1.110000000000000000e+02 4.103194443406399383e-01
1.130000000000000000e+02 4.136305466290001176e-01
1.150000000000000000e+02 4.169686756103568870e-01
1.170000000000000000e+02 4.203341836024246936e-01
1.190000000000000000e+02 4.237292824877169073e-01
1.210000000000000000e+02 4.271555070438015633e-01
1.230000000000000000e+02 4.306020288312212285e-01
1.250000000000000000e+02 4.340685819765609521e-01
1.270000000000000000e+02 4.375565110604947572e-01
1.290000000000000000e+02 4.410608507014046609e-01
1.310000000000000000e+02 4.445806482314370589e-01
1.330000000000000000e+02 4.481162251901211757e-01
1.350000000000000000e+02 4.516655533041498138e-01
1.370000000000000000e+02 4.552258092006916668e-01
1.390000000000000000e+02 4.587957887142336544e-01
1.410000000000000000e+02 4.623699725072712985e-01
1.430000000000000000e+02 4.659479538587615322e-01
1.450000000000000000e+02 4.695268602353744880e-01
1.470000000000000000e+02 4.731006289404432463e-01
1.490000000000000000e+02 4.766699477084652692e-01
