1.000000000000000000e+00 1.853546910755148325e-01
3.000000000000000000e+00 2.167310677367153549e-01
5.000000000000000000e+00 2.324442686290355553e-01
7.000000000000000000e+00 2.426330523057182997e-01
9.000000000000000000e+00 2.508781195673510656e-01
1.100000000000000000e+01 2.585733655991421243e-01
1.300000000000000000e+01 2.660836362991634285e-01
1.500000000000000000e+01 2.735374095422887786e-01
1.700000000000000000e+01 2.809482682096117179e-01
1.900000000000000000e+01 2.883464096271491917e-01
2.100000000000000000e+01 2.958234232554922682e-01
2.300000000000000000e+01 3.034463837398986286e-01
2.500000000000000000e+01 3.112812152474222493e-01
2.700000000000000000e+01 3.194492986825354652e-01
2.900000000000000000e+01 3.280100543467256990e-01
3.100000000000000000e+01 3.369758471905904829e-01
3.300000000000000000e+01 3.463864778196552585e-01
3.500000000000000000e+01 3.563251649585834624e-01
3.700000000000000000e+01 3.668192087925352673e-01
3.900000000000000000e+01 3.778688716013022253e-01
4.100000000000000000e+01 3.894638036726105756e-01
4.300000000000000000e+01 4.015906121095612624e-01
4.500000000000000000e+01 4.142485305403313944e-01
4.700000000000000000e+01 4.274305307795938091e-01
4.900000000000000000e+01 4.411129673077718305e-01
5.100000000000000000e+01 4.552694660310452335e-01
5.300000000000000000e+01 4.698939588763009212e-01
5.500000000000000000e+01 4.850131051465365051e-01
5.700000000000000000e+01 5.005931033569219757e-01
5.900000000000000000e+01 5.165311657531084233e-01
6.100000000000000000e+01 5.327047070750862146e-01
6.300000000000000000e+01 5.490336743932933139e-01
6.500000000000000000e+01 5.654871658625196806e-01
6.700000000000000000e+01 5.819375907835697692e-01
6.900000000000000000e+01 5.983048451903127951e-01
7.100000000000000000e+01 6.144930912626971331e-01
7.300000000000000000e+01 6.304220684507567674e-01
7.500000000000000000e+01 6.460349770822585436e-01
7.700000000000000000e+01 6.612648909597126368e-01
7.900000000000000000e+01 6.760428890568499494e-01
8.100000000000000000e+01 6.902987285351067648e-01
8.300000000000000000e+01 7.040107383468982016e-01
8.500000000000000000e+01 7.171639227390709248e-01
8.700000000000000000e+01 7.298136581769505415e-01
8.900000000000000000e+01 7.419644386845787309e-01
9.100000000000000000e+01 7.536784170109189773e-01
9.300000000000000000e+01 7.649177094334171922e-01
9.500000000000000000e+01 7.756101099087165940e-01
9.700000000000000000e+01 7.858769779540505374e-01
9.900000000000000000e+01 7.956717584887318395e-01
1.010000000000000000e+02 8.050947524235111397e-01
1.030000000000000000e+02 8.141528534676781836e-01
1.050000000000000000e+02 8.228275140600701532e-01
1.070000000000000000e+02 8.311591078894737805e-01
1.090000000000000000e+02 8.391302895431415054e-01
1.110000000000000000e+02 8.466645353086386105e-01
1.130000000000000000e+02 8.537050567223322117e-01
1.150000000000000000e+02 8.602777191236020693e-01
1.170000000000000000e+02 8.664711504497418781e-01
1.190000000000000000e+02 8.722885177484360764e-01
1.210000000000000000e+02 8.776440205076287970e-01
1.230000000000000000e+02 8.825237234310437939e-01
1.250000000000000000e+02 8.869423381256632544e-01
1.270000000000000000e+02 8.909164226639815221e-01
1.290000000000000000e+02 8.944610256236192880e-01
1.310000000000000000e+02 8.975916877770696578e-01
1.330000000000000000e+02 9.003142543714768298e-01
1.350000000000000000e+02 9.026069466420090226e-01
1.370000000000000000e+02 9.044786351333659047e-01
1.390000000000000000e+02 9.059639624009667713e-01
1.410000000000000000e+02 9.070909421569447462e-01
1.430000000000000000e+02 9.078725407683477799e-01
1.450000000000000000e+02 9.083596067702536248e-01
1.470000000000000000e+02 9.086330212276690910e-01
1.490000000000000000e+02 9.087071262742503208e-01
