1.000000000000000000e+00 0.000000000000000000e+00
3.000000000000000000e+00 0.000000000000000000e+00
5.000000000000000000e+00 0.000000000000000000e+00
7.000000000000000000e+00 0.000000000000000000e+00
9.000000000000000000e+00 0.000000000000000000e+00
1.100000000000000000e+01 0.000000000000000000e+00
1.300000000000000000e+01 4.746427183066614930e-06
1.500000000000000000e+01 2.195225793144572890e-05
1.700000000000000000e+01 4.367272802974220269e-05
1.900000000000000000e+01 6.618823759851899524e-05
2.100000000000000000e+01 8.799512431367784160e-05
2.300000000000000000e+01 1.088404157311151366e-04
2.500000000000000000e+01 1.287243187451103665e-04
2.700000000000000000e+01 1.477997587969737125e-04
2.900000000000000000e+01 1.658971226004002375e-04
3.100000000000000000e+01 1.824048048454374182e-04
3.300000000000000000e+01 1.973705184667995383e-04
3.500000000000000000e+01 2.107835455872342223e-04
3.700000000000000000e+01 2.220495480376172281e-04
3.900000000000000000e+01 2.319521012216219091e-04
4.100000000000000000e+01 2.411312355652395212e-04
4.300000000000000000e+01 2.501148308674538967e-04
4.500000000000000000e+01 2.591123469843914506e-04
4.700000000000000000e+01 2.682344751432363950e-04
4.900000000000000000e+01 2.776758327862616227e-04
5.100000000000000000e+01 2.875974251780322177e-04
5.300000000000000000e+01 2.982143058175568129e-04
5.500000000000000000e+01 3.097134319887118181e-04
5.700000000000000000e+01 3.219890313554962802e-04
5.900000000000000000e+01 3.350913349163819888e-04
6.100000000000000000e+01 3.490981879363808105e-04
6.300000000000000000e+01 3.639139144820946470e-04
6.500000000000000000e+01 3.794529996621331946e-04
6.700000000000000000e+01 3.956265329929653518e-04
6.900000000000000000e+01 4.124119156375671835e-04
7.100000000000000000e+01 4.298871797773218262e-04
7.300000000000000000e+01 4.481194048471248692e-04
7.500000000000000000e+01 4.670687757064584389e-04
7.700000000000000000e+01 4.866627707693638172e-04
7.900000000000000000e+01 5.067289959156395796e-04
8.100000000000000000e+01 5.271106448589968352e-04
8.300000000000000000e+01 5.478860324282797123e-04
8.500000000000000000e+01 5.690494391149547582e-04
8.700000000000000000e+01 5.905385358012660291e-04
8.900000000000000000e+01 6.121378903943819338e-04
9.100000000000000000e+01 6.338901349780545758e-04
9.300000000000000000e+01 6.558952513746607593e-04
9.500000000000000000e+01 6.782489273647884787e-04
9.700000000000000000e+01 7.009376977877845860e-04
9.900000000000000000e+01 7.240079803254584334e-04
1.010000000000000000e+02 7.474547416097543362e-04
1.030000000000000000e+02 7.713200610969250803e-04
1.050000000000000000e+02 7.955733905096185055e-04
1.070000000000000000e+02 8.203313821516511339e-04
1.090000000000000000e+02 8.444129795933674743e-04
1.110000000000000000e+02 8.679370869812963463e-04
1.130000000000000000e+02 8.910014612780736698e-04
1.150000000000000000e+02 9.149319278626277807e-04
1.170000000000000000e+02 9.396921471466201936e-04
1.190000000000000000e+02 9.653837772499729297e-04
1.210000000000000000e+02 9.920329815301665022e-04
1.230000000000000000e+02 1.019603878035901801e-03
1.250000000000000000e+02 1.048207799834277587e-03
1.270000000000000000e+02 1.077856376668684391e-03
1.290000000000000000e+02 1.108553322305194655e-03
1.310000000000000000e+02 1.140298928227756470e-03
1.330000000000000000e+02 1.173133554902450193e-03
1.350000000000000000e+02 1.207141798072131067e-03
1.370000000000000000e+02 1.242417978907450760e-03
1.390000000000000000e+02 1.279093220361127159e-03
1.410000000000000000e+02 1.317284850139821550e-03
1.430000000000000000e+02 1.357134549918703748e-03
1.450000000000000000e+02 1.398763497936772460e-03
1.470000000000000000e+02 1.442305782169972517e-03
1.490000000000000000e+02 1.487927883104478433e-03
