1.000000000000000000e+00 1.712527043910172520e-02
3.000000000000000000e+00 1.749898280795947336e-02
5.000000000000000000e+00 1.769276675495645712e-02
7.000000000000000000e+00 1.783602064130218601e-02
9.000000000000000000e+00 1.794968551839060122e-02
1.100000000000000000e+01 1.804202730897863649e-02
1.300000000000000000e+01 1.812060953861238666e-02
1.500000000000000000e+01 1.818965305458186688e-02
1.700000000000000000e+01 1.825250149135482225e-02
1.900000000000000000e+01 1.831237981188471586e-02
2.100000000000000000e+01 1.837003459790065296e-02
2.300000000000000000e+01 1.842490386687090087e-02
2.500000000000000000e+01 1.847599130290589198e-02
2.700000000000000000e+01 1.852274157636413232e-02
2.900000000000000000e+01 1.856482673116910398e-02
3.100000000000000000e+01 1.860195454841995222e-02
3.300000000000000000e+01 1.863399783847852209e-02
3.500000000000000000e+01 1.866102247343870424e-02
3.700000000000000000e+01 1.868288535138018513e-02
3.900000000000000000e+01 1.869927629044909612e-02
4.100000000000000000e+01 1.871029928825196365e-02
4.300000000000000000e+01 1.871599366126308617e-02
4.500000000000000000e+01 1.871623943931488565e-02
4.700000000000000000e+01 1.871139427439794112e-02
4.900000000000000000e+01 1.870233255781317272e-02
5.100000000000000000e+01 1.868897585051232380e-02
5.300000000000000000e+01 1.867122373246687950e-02
5.500000000000000000e+01 1.864921841660605040e-02
5.700000000000000000e+01 1.862209436285389152e-02
5.900000000000000000e+01 1.859041790428039853e-02
6.100000000000000000e+01 1.855473595101519990e-02
6.300000000000000000e+01 1.851577423453720783e-02
6.500000000000000000e+01 1.847364029186970846e-02
6.700000000000000000e+01 1.842852802263861278e-02
6.900000000000000000e+01 1.838084985304477836e-02
7.100000000000000000e+01 1.833082242538652817e-02
7.300000000000000000e+01 1.827694729669748774e-02
7.500000000000000000e+01 1.821898563005230898e-02
7.700000000000000000e+01 1.815803371395796617e-02
7.900000000000000000e+01 1.809351041509332791e-02
8.100000000000000000e+01 1.802562612326230607e-02
8.300000000000000000e+01 1.795427684759698383e-02
8.500000000000000000e+01 1.787998020433523294e-02
8.700000000000000000e+01 1.780328139335063398e-02
8.900000000000000000e+01 1.772359427817926658e-02
9.100000000000000000e+01 1.764069159768566486e-02
9.300000000000000000e+01 1.755502438229528117e-02
9.500000000000000000e+01 1.746671421525536338e-02
9.700000000000000000e+01 1.737594970952982543e-02
9.900000000000000000e+01 1.728253935701573596e-02
1.010000000000000000e+02 1.718537527886498939e-02
1.030000000000000000e+02 1.708471334468830705e-02
1.050000000000000000e+02 1.698200633682089844e-02
1.070000000000000000e+02 1.687693583964255950e-02
1.090000000000000000e+02 1.676972746021232474e-02
1.110000000000000000e+02 1.666060941428104680e-02
1.130000000000000000e+02 1.655126440314846903e-02
1.150000000000000000e+02 1.644161471916782968e-02
1.170000000000000000e+02 1.633213886816886617e-02
1.190000000000000000e+02 1.622264428699149441e-02
1.210000000000000000e+02 1.611304874007934984e-02
1.230000000000000000e+02 1.600351439176184165e-02
1.250000000000000000e+02 1.589363108479902031e-02
1.270000000000000000e+02 1.578307964512226658e-02
1.290000000000000000e+02 1.567236540008676293e-02
1.310000000000000000e+02 1.556204438815222968e-02
1.330000000000000000e+02 1.545221031653187804e-02
1.350000000000000000e+02 1.534314468477537829e-02
1.370000000000000000e+02 1.523493909365281063e-02
1.390000000000000000e+02 1.512802907291999066e-02
1.410000000000000000e+02 1.502236994827643723e-02
1.430000000000000000e+02 1.491800509826268772e-02
1.450000000000000000e+02 1.481484216251605091e-02
1.470000000000000000e+02 1.471262787134852701e-02
1.490000000000000000e+02 1.461139096543839777e-02
