1.000000000000000000e+00 1.517352240434021171e-01
3.000000000000000000e+00 1.727464673569361064e-01
5.000000000000000000e+00 1.819465545308805998e-01
7.000000000000000000e+00 1.866037617497623424e-01
9.000000000000000000e+00 1.895424327338389725e-01
1.100000000000000000e+01 1.918406126713839699e-01
1.300000000000000000e+01 1.938425667074269443e-01
1.500000000000000000e+01 1.956734993364002140e-01
1.700000000000000000e+01 1.974047414437460901e-01
1.900000000000000000e+01 1.990709642362363807e-01
2.100000000000000000e+01 2.007112036622537010e-01
2.300000000000000000e+01 2.023435896640227716e-01
2.500000000000000000e+01 2.039670943441236339e-01
2.700000000000000000e+01 2.055835019589131729e-01
2.900000000000000000e+01 2.071844074444785244e-01
3.100000000000000000e+01 2.087620671240191239e-01
3.300000000000000000e+01 2.103184546553280576e-01
3.500000000000000000e+01 2.118567054801512306e-01
3.700000000000000000e+01 2.133760502237337375e-01
3.900000000000000000e+01 2.148739152080201276e-01
4.100000000000000000e+01 2.163488883544081309e-01
4.300000000000000000e+01 2.178008352209251930e-01
4.500000000000000000e+01 2.192330146463267182e-01
4.700000000000000000e+01 2.206485855078398339e-01
4.900000000000000000e+01 2.220504727644689869e-01
5.100000000000000000e+01 2.234408757313126603e-01
5.300000000000000000e+01 2.248224735344842573e-01
5.500000000000000000e+01 2.261986848020153262e-01
5.700000000000000000e+01 2.275714728015135746e-01
5.900000000000000000e+01 2.289418848680170315e-01
6.100000000000000000e+01 2.303118125328238452e-01
6.300000000000000000e+01 2.316831382786390670e-01
6.500000000000000000e+01 2.330568651579522088e-01
6.700000000000000000e+01 2.344344021273592205e-01
6.900000000000000000e+01 2.358164744948119118e-01
7.100000000000000000e+01 2.372052020378614401e-01
7.300000000000000000e+01 2.386009447759870339e-01
7.500000000000000000e+01 2.400039310026202966e-01
7.700000000000000000e+01 2.414149155345058917e-01
7.900000000000000000e+01 2.428337305424341785e-01
8.100000000000000000e+01 2.442569737925672779e-01
8.300000000000000000e+01 2.456850591715297183e-01
8.500000000000000000e+01 2.471180382036919365e-01
8.700000000000000000e+01 2.485564761370357978e-01
8.900000000000000000e+01 2.500016847480925897e-01
9.100000000000000000e+01 2.514526288950863497e-01
9.300000000000000000e+01 2.529081590793824663e-01
9.500000000000000000e+01 2.543681278623897146e-01
9.700000000000000000e+01 2.558332345845670819e-01
9.900000000000000000e+01 2.573040864024110919e-01
1.010000000000000000e+02 2.587860321450448087e-01
1.030000000000000000e+02 2.602796142018901637e-01
1.050000000000000000e+02 2.617835197974589523e-01
1.070000000000000000e+02 2.632984240913547325e-01
1.090000000000000000e+02 2.648231660639184248e-01
1.110000000000000000e+02 2.663590927972715461e-01
1.130000000000000000e+02 2.679081578147270992e-01
1.150000000000000000e+02 2.694710048798423241e-01
1.170000000000000000e+02 2.710459933773484709e-01
1.190000000000000000e+02 2.726335476559407223e-01
1.210000000000000000e+02 2.742345357924249605e-01
1.230000000000000000e+02 2.758518158447708091e-01
1.250000000000000000e+02 2.774847559025523935e-01
1.270000000000000000e+02 2.791357006887171810e-01
1.290000000000000000e+02 2.808064241015389984e-01
1.310000000000000000e+02 2.824973232886879293e-01
1.330000000000000000e+02 2.842066348891811867e-01
1.350000000000000000e+02 2.859350412001251396e-01
1.370000000000000000e+02 2.876827607990066760e-01
1.390000000000000000e+02 2.894491708183439815e-01
1.410000000000000000e+02 2.912349437019400300e-01
1.430000000000000000e+02 2.930389088593698954e-01
1.450000000000000000e+02 2.948603347504881178e-01
1.470000000000000000e+02 2.967011595498360021e-01
1.490000000000000000e+02 2.985606316368070168e-01
