1.000000000000000000e+00 1.670222493142337061e-02
3.000000000000000000e+00 1.705509646287040049e-02
5.000000000000000000e+00 1.725640256224469926e-02
7.000000000000000000e+00 1.741548066753062507e-02
9.000000000000000000e+00 1.756098576044040627e-02
1.100000000000000000e+01 1.769242547044158620e-02
1.300000000000000000e+01 1.780663738821230968e-02
1.500000000000000000e+01 1.789980394093726446e-02
1.700000000000000000e+01 1.797449538616968656e-02
1.900000000000000000e+01 1.803504142271150634e-02
2.100000000000000000e+01 1.808570421758415314e-02
2.300000000000000000e+01 1.812974005265344246e-02
2.500000000000000000e+01 1.816884958304099129e-02
2.700000000000000000e+01 1.820385680085301328e-02
2.900000000000000000e+01 1.823390453533346722e-02
3.100000000000000000e+01 1.825857930501872950e-02
3.300000000000000000e+01 1.827781028864716717e-02
3.500000000000000000e+01 1.829188939175274697e-02
3.700000000000000000e+01 1.830231308589724826e-02
3.900000000000000000e+01 1.830965501740289270e-02
4.100000000000000000e+01 1.831411283719075467e-02
4.300000000000000000e+01 1.831548799785420734e-02
4.500000000000000000e+01 1.831376502434223230e-02
4.700000000000000000e+01 1.830886462044267748e-02
4.900000000000000000e+01 1.830064493720162666e-02
5.100000000000000000e+01 1.828929599364359504e-02
5.300000000000000000e+01 1.827500713337970595e-02
5.500000000000000000e+01 1.825781199487086504e-02
5.700000000000000000e+01 1.823670256063603112e-02
5.900000000000000000e+01 1.821196560619420257e-02
6.100000000000000000e+01 1.818366332829013388e-02
6.300000000000000000e+01 1.815175440220107017e-02
6.500000000000000000e+01 1.811626784170661253e-02
6.700000000000000000e+01 1.807730992170941686e-02
6.900000000000000000e+01 1.803462399072630618e-02
7.100000000000000000e+01 1.798825268141368561e-02
7.300000000000000000e+01 1.793708081281653044e-02
7.500000000000000000e+01 1.788346887721226075e-02
7.700000000000000000e+01 1.782650605563884660e-02
7.900000000000000000e+01 1.776598076556745731e-02
8.100000000000000000e+01 1.770190740711585775e-02
8.300000000000000000e+01 1.763478848571231605e-02
8.500000000000000000e+01 1.756404504687014700e-02
8.700000000000000000e+01 1.748901161866089904e-02
8.900000000000000000e+01 1.741049995158372443e-02
9.100000000000000000e+01 1.732861778610872427e-02
9.300000000000000000e+01 1.724435745511954110e-02
9.500000000000000000e+01 1.715793449357683187e-02
9.700000000000000000e+01 1.706949924579492794e-02
9.900000000000000000e+01 1.697879933326928992e-02
1.010000000000000000e+02 1.688599007973434762e-02
1.030000000000000000e+02 1.679132621423462535e-02
1.050000000000000000e+02 1.669471401300526292e-02
1.070000000000000000e+02 1.659669672373109695e-02
1.090000000000000000e+02 1.649726082311497866e-02
1.110000000000000000e+02 1.639656802182620776e-02
1.130000000000000000e+02 1.629475904276134202e-02
1.150000000000000000e+02 1.619270551237472766e-02
1.170000000000000000e+02 1.609018202607337411e-02
1.190000000000000000e+02 1.598722630393256683e-02
1.210000000000000000e+02 1.588397437942112855e-02
1.230000000000000000e+02 1.578060892911059554e-02
1.250000000000000000e+02 1.567701458020831495e-02
1.270000000000000000e+02 1.557344384763792444e-02
1.290000000000000000e+02 1.546984256007366554e-02
1.310000000000000000e+02 1.536723909267589949e-02
1.330000000000000000e+02 1.526571334214477105e-02
1.350000000000000000e+02 1.516478201197291042e-02
1.370000000000000000e+02 1.506449469113813056e-02
1.390000000000000000e+02 1.496466407550334221e-02
1.410000000000000000e+02 1.486481718011600783e-02
1.430000000000000000e+02 1.476503581158050693e-02
1.450000000000000000e+02 1.466615083731159785e-02
1.470000000000000000e+02 1.456881362911111033e-02
1.490000000000000000e+02 1.447303371388153348e-02
