1.000000000000000000e+00 4.883658732281358494e-01
3.000000000000000000e+00 5.412967387077058934e-01
5.000000000000000000e+00 5.708378287607807078e-01
7.000000000000000000e+00 5.915249628032992479e-01
9.000000000000000000e+00 6.076915015866277692e-01
1.100000000000000000e+01 6.211375793039608517e-01
1.300000000000000000e+01 6.328565841743688525e-01
1.500000000000000000e+01 6.432933121525243880e-01
1.700000000000000000e+01 6.522214513247648338e-01
1.900000000000000000e+01 6.598353826607993300e-01
2.100000000000000000e+01 6.662738672986135979e-01
2.300000000000000000e+01 6.716331799867456542e-01
2.500000000000000000e+01 6.759292017022263677e-01
2.700000000000000000e+01 6.792548011988679413e-01
2.900000000000000000e+01 6.817371483363816598e-01
3.100000000000000000e+01 6.833462047375525872e-01
3.300000000000000000e+01 6.842725306268107044e-01
3.500000000000000000e+01 6.847172400733405606e-01
3.700000000000000000e+01 6.847623167653718035e-01
3.900000000000000000e+01 6.844907413351684067e-01
4.100000000000000000e+01 6.838302646064691181e-01
4.300000000000000000e+01 6.828006621016458055e-01
4.500000000000000000e+01 6.814174836702406868e-01
4.700000000000000000e+01 6.798485507493192692e-01
4.900000000000000000e+01 6.782050132275467824e-01
5.100000000000000000e+01 6.764784559990186796e-01
5.300000000000000000e+01 6.747328144195798849e-01
5.500000000000000000e+01 6.729593101773698738e-01
5.700000000000000000e+01 6.712244259283244308e-01
5.900000000000000000e+01 6.695382759352394020e-01
6.100000000000000000e+01 6.679050715128544979e-01
6.300000000000000000e+01 6.664606175760428020e-01
6.500000000000000000e+01 6.652147168215369888e-01
6.700000000000000000e+01 6.641596584257618563e-01
6.900000000000000000e+01 6.631572059155159682e-01
7.100000000000000000e+01 6.621500216527417271e-01
7.300000000000000000e+01 6.611314235481756674e-01
7.500000000000000000e+01 6.601028349956028496e-01
7.700000000000000000e+01 6.590681397112762019e-01
7.900000000000000000e+01 6.580188825509061257e-01
8.100000000000000000e+01 6.569551839099787571e-01
8.300000000000000000e+01 6.558006855688278680e-01
8.500000000000000000e+01 6.545225112062725836e-01
8.700000000000000000e+01 6.531432197739241996e-01
8.900000000000000000e+01 6.516733732410571189e-01
9.100000000000000000e+01 6.500996536773812062e-01
9.300000000000000000e+01 6.485149062919142171e-01
9.500000000000000000e+01 6.469873183196745980e-01
9.700000000000000000e+01 6.454826810034886009e-01
9.900000000000000000e+01 6.439577541231353841e-01
1.010000000000000000e+02 6.424362600316435579e-01
1.030000000000000000e+02 6.409596697124109177e-01
1.050000000000000000e+02 6.395117010728901263e-01
1.070000000000000000e+02 6.381144076045859315e-01
1.090000000000000000e+02 6.367493779015334088e-01
1.110000000000000000e+02 6.353988347224855948e-01
1.130000000000000000e+02 6.341258647182596020e-01
1.150000000000000000e+02 6.329788610069064791e-01
1.170000000000000000e+02 6.319212224580519344e-01
1.190000000000000000e+02 6.310395772003145609e-01
1.210000000000000000e+02 6.303408207738003810e-01
1.230000000000000000e+02 6.298577091042195653e-01
1.250000000000000000e+02 6.295632739428367319e-01
1.270000000000000000e+02 6.294597478555241654e-01
1.290000000000000000e+02 6.294597478555252756e-01
1.310000000000000000e+02 6.294597478555248316e-01
1.330000000000000000e+02 6.294597478555252756e-01
1.350000000000000000e+02 6.294597478555246095e-01
1.370000000000000000e+02 6.294597478555252756e-01
1.390000000000000000e+02 6.294597478555250536e-01
1.410000000000000000e+02 6.294597478555248316e-01
1.430000000000000000e+02 6.294597478555254977e-01
1.450000000000000000e+02 6.294597478555250536e-01
1.470000000000000000e+02 6.294597478555248316e-01
1.490000000000000000e+02 6.294597478555254977e-01
