1.000000000000000000e+00 2.018824886604964064e-02
3.000000000000000000e+00 2.101450373070912203e-02
5.000000000000000000e+00 2.140920718634964359e-02
7.000000000000000000e+00 2.174157377441154892e-02
9.000000000000000000e+00 2.202773447767125692e-02
1.100000000000000000e+01 2.225861226415515315e-02
1.300000000000000000e+01 2.244195071570642686e-02
1.500000000000000000e+01 2.257067834077430835e-02
1.700000000000000000e+01 2.265894949256186397e-02
1.900000000000000000e+01 2.270892443517458226e-02
2.100000000000000000e+01 2.272272968725619346e-02
2.300000000000000000e+01 2.270512876272146041e-02
2.500000000000000000e+01 2.266575487621846907e-02
2.700000000000000000e+01 2.261281843389906232e-02
2.900000000000000000e+01 2.254987682836429030e-02
3.100000000000000000e+01 2.247885063986465592e-02
3.300000000000000000e+01 2.240185485746815086e-02
3.500000000000000000e+01 2.231866688137995602e-02
3.700000000000000000e+01 2.223180790905388005e-02
3.900000000000000000e+01 2.214233860526637621e-02
4.100000000000000000e+01 2.205169248107297086e-02
4.300000000000000000e+01 2.195556718501201487e-02
4.500000000000000000e+01 2.185491468427724904e-02
4.700000000000000000e+01 2.175086417238980552e-02
4.900000000000000000e+01 2.164701046306538590e-02
5.100000000000000000e+01 2.154262744119717077e-02
5.300000000000000000e+01 2.143731304708995644e-02
5.500000000000000000e+01 2.132985017346145096e-02
5.700000000000000000e+01 2.121933918848362133e-02
5.900000000000000000e+01 2.110538528025029947e-02
6.100000000000000000e+01 2.098821532741312890e-02
6.300000000000000000e+01 2.086745520660260311e-02
6.500000000000000000e+01 2.074370158914151663e-02
6.700000000000000000e+01 2.061751177765480669e-02
6.900000000000000000e+01 2.049107727460197648e-02
7.100000000000000000e+01 2.036517296656503717e-02
7.300000000000000000e+01 2.023899355935854238e-02
7.500000000000000000e+01 2.011347711292976737e-02
7.700000000000000000e+01 1.998892583892919461e-02
7.900000000000000000e+01 1.986565511418114660e-02
8.100000000000000000e+01 1.974410334588982963e-02
8.300000000000000000e+01 1.962450622473643769e-02
8.500000000000000000e+01 1.950751685882579078e-02
8.700000000000000000e+01 1.939276555635238708e-02
8.900000000000000000e+01 1.928024054011701072e-02
9.100000000000000000e+01 1.917062721165307959e-02
9.300000000000000000e+01 1.906413936835793521e-02
9.500000000000000000e+01 1.896063289436289434e-02
9.700000000000000000e+01 1.885941156415948949e-02
9.900000000000000000e+01 1.876111444189088040e-02
1.010000000000000000e+02 1.866307781627796203e-02
1.030000000000000000e+02 1.856514872928238802e-02
1.050000000000000000e+02 1.846913226117863349e-02
1.070000000000000000e+02 1.837493616681906694e-02
1.090000000000000000e+02 1.828260023549166391e-02
1.110000000000000000e+02 1.819322499883313515e-02
1.130000000000000000e+02 1.810675811603323915e-02
1.150000000000000000e+02 1.802254104743727936e-02
1.170000000000000000e+02 1.794052709491245068e-02
1.190000000000000000e+02 1.785845719983469859e-02
1.210000000000000000e+02 1.777692220555870950e-02
1.230000000000000000e+02 1.769646789957779465e-02
1.250000000000000000e+02 1.761698884496964990e-02
1.270000000000000000e+02 1.753761371877637920e-02
1.290000000000000000e+02 1.745906125830043454e-02
1.310000000000000000e+02 1.738170163600138984e-02
1.330000000000000000e+02 1.730525406124017174e-02
1.350000000000000000e+02 1.722977299683881025e-02
1.370000000000000000e+02 1.715501187234647062e-02
1.390000000000000000e+02 1.708028004460027116e-02
1.410000000000000000e+02 1.700641704603922388e-02
1.430000000000000000e+02 1.693353557468102455e-02
1.450000000000000000e+02 1.686307604950143535e-02
1.470000000000000000e+02 1.679392514153688065e-02
1.490000000000000000e+02 1.672479328743559090e-02
