0.000000000000000000e+00 3.591402334039860733e+01 3.517191595189998310e+01 nan nan nan
1.000000000000000000e+00 3.591402334039861444e+01 3.517327958826376033e+01 nan nan nan
2.000000000000000000e+00 3.591402334039861444e+01 3.517464322462753756e+01 nan nan nan
3.000000000000000000e+00 3.591402334039862154e+01 3.517600686099132901e+01 1.000000000000000000e+00 nan nan
4.000000000000000000e+00 3.591402334039862154e+01 3.517737049735510624e+01 1.000000000000000000e+00 nan nan
5.000000000000000000e+00 3.591402334039862154e+01 3.517873413371887636e+01 nan nan nan
6.000000000000000000e+00 3.591402334039861444e+01 3.518009777008266070e+01 1.000000000000000000e+00 nan nan
7.000000000000000000e+00 3.591402334039860733e+01 3.518146140644644504e+01 1.000000000000000000e+00 nan nan
8.000000000000000000e+00 3.591402334039860733e+01 3.518282504281022938e+01 1.000000000000000000e+00 nan nan
9.000000000000000000e+00 3.591402334039862154e+01 3.518418867917400661e+01 1.000000000000000000e+00 nan nan
1.000000000000000000e+01 3.591402334039861444e+01 3.518555231553779095e+01 nan nan nan
1.100000000000000000e+01 3.591402334039860733e+01 3.518691595190156818e+01 nan 1.000000000000000000e+00 nan
1.200000000000000000e+01 3.591402334039861444e+01 3.518827958826534541e+01 nan 1.000000000000000000e+00 nan
1.300000000000000000e+01 3.591402334039860733e+01 3.518964322462913685e+01 nan 1.000000000000000000e+00 nan
1.400000000000000000e+01 3.591402334039860733e+01 3.519100686099292119e+01 nan 1.000000000000000000e+00 nan
1.500000000000000000e+01 3.591402334039861444e+01 3.519237049735669842e+01 nan 1.000000000000000000e+00 nan
1.600000000000000000e+01 3.591402334039861444e+01 3.519373413372048276e+01 nan 1.000000000000000000e+00 nan
1.700000000000000000e+01 3.591402334039862154e+01 3.519509777008425999e+01 nan 1.000000000000000000e+00 nan
1.800000000000000000e+01 3.591402334039862154e+01 3.519646140644803012e+01 nan 1.000000000000000000e+00 nan
1.900000000000000000e+01 3.591402334039861444e+01 3.519782504281180735e+01 nan 1.000000000000000000e+00 nan
2.000000000000000000e+01 3.591402334039862154e+01 3.519918867917559879e+01 nan 1.000000000000000000e+00 nan
2.100000000000000000e+01 3.591402334039861444e+01 3.520055231553938313e+01 nan 1.000000000000000000e+00 nan
2.200000000000000000e+01 3.591402334039861444e+01 3.520191595190316036e+01 nan 1.000000000000000000e+00 nan
2.300000000000000000e+01 3.591402334039861444e+01 3.520327958826694470e+01 nan 1.000000000000000000e+00 nan
2.400000000000000000e+01 3.591402334039862154e+01 3.520464322463072193e+01 nan 1.000000000000000000e+00 nan
2.500000000000000000e+01 3.591538697676224956e+01 3.517191595189998310e+01 nan nan nan
2.600000000000000000e+01 3.591538697676224956e+01 3.517327958826376033e+01 1.000000000000000000e+00 nan nan
2.700000000000000000e+01 3.591538697676224956e+01 3.517464322462753756e+01 1.000000000000000000e+00 nan nan
2.800000000000000000e+01 3.591538697676224956e+01 3.517600686099132901e+01 1.000000000000000000e+00 nan nan
2.900000000000000000e+01 3.591538697676224956e+01 3.517737049735510624e+01 nan nan nan
3.000000000000000000e+01 3.591538697676225667e+01 3.517873413371889058e+01 1.000000000000000000e+00 nan nan
3.100000000000000000e+01 3.591538697676224956e+01 3.518009777008266070e+01 1.000000000000000000e+00 nan nan
3.200000000000000000e+01 3.591538697676224956e+01 3.518146140644644504e+01 1.000000000000000000e+00 nan nan
3.300000000000000000e+01 3.591538697676224956e+01 3.518282504281022938e+01 nan 1.000000000000000000e+00 nan
3.400000000000000000e+01 3.591538697676224956e+01 3.518418867917400661e+01 nan 1.000000000000000000e+00 nan
3.500000000000000000e+01 3.591538697676224956e+01 3.518555231553779095e+01 nan 1.000000000000000000e+00 nan
3.600000000000000000e+01 3.591538697676224956e+01 3.518691595190157528e+01 nan 1.000000000000000000e+00 nan
3.700000000000000000e+01 3.591538697676224956e+01 3.518827958826535962e+01 nan 1.000000000000000000e+00 nan
3.800000000000000000e+01 3.591538697676224956e+01 3.518964322462913685e+01 nan 1.000000000000000000e+00 nan
3.900000000000000000e+01 3.591538697676224956e+01 3.519100686099291408e+01 nan 1.000000000000000000e+00 nan
4.000000000000000000e+01 3.591538697676224956e+01 3.519237049735670553e+01 nan 1.000000000000000000e+00 nan
4.100000000000000000e+01 3.591538697676224956e+01 3.519373413372047565e+01 nan 1.000000000000000000e+00 nan
4.200000000000000000e+01 3.591538697676224956e+01 3.519509777008425999e+01 nan 1.000000000000000000e+00 nan
4.300000000000000000e+01 3.591538697676224956e+01 3.519646140644803722e+01 nan 1.000000000000000000e+00 nan
4.400000000000000000e+01 3.591538697676224956e+01 3.519782504281181446e+01 nan 1.000000000000000000e+00 nan
4.500000000000000000e+01 3.591538697676225667e+01 3.519918867917559879e+01 nan 1.000000000000000000e+00 nan
4.600000000000000000e+01 3.591538697676224956e+01 3.520055231553938313e+01 nan 1.000000000000000000e+00 nan
4.700000000000000000e+01 3.591538697676224956e+01 3.520191595190316747e+01 nan 1.000000000000000000e+00 nan
4.800000000000000000e+01 3.591538697676224956e+01 3.520327958826694470e+01 nan 1.000000000000000000e+00 nan
4.900000000000000000e+01 3.591538697676224956e+01 3.520464322463072193e+01 nan 1.000000000000000000e+00 nan
5.000000000000000000e+01 3.591675061312589179e+01 3.517191595189998310e+01 1.000000000000000000e+00 nan nan
5.100000000000000000e+01 3.591675061312588468e+01 3.517327958826376033e+01 1.000000000000000000e+00 nan nan
5.200000000000000000e+01 3.591675061312589179e+01 3.517464322462753756e+01 1.000000000000000000e+00 nan nan
5.300000000000000000e+01 3.591675061312589179e+01 3.517600686099132901e+01 1.000000000000000000e+00 nan nan
5.400000000000000000e+01 3.591675061312589179e+01 3.517737049735510624e+01 1.000000000000000000e+00 nan nan
5.500000000000000000e+01 3.591675061312589179e+01 3.517873413371889058e+01 1.000000000000000000e+00 1.000000000000000000e+00 1.000000000000000000e+00
5.600000000000000000e+01 3.591675061312589179e+01 3.518009777008266070e+01 1.000000000000000000e+00 1.000000000000000000e+00 1.000000000000000000e+00
5.700000000000000000e+01 3.591675061312589179e+01 3.518146140644644504e+01 1.000000000000000000e+00 1.000000000000000000e+00 1.000000000000000000e+00
5.800000000000000000e+01 3.591675061312588468e+01 3.518282504281022938e+01 nan 1.000000000000000000e+00 nan
5.900000000000000000e+01 3.591675061312589889e+01 3.518418867917400661e+01 1.000000000000000000e+00 1.000000000000000000e+00 1.000000000000000000e+00
6.000000000000000000e+01 3.591675061312589179e+01 3.518555231553779095e+01 1.000000000000000000e+00 1.000000000000000000e+00 1.000000000000000000e+00
6.100000000000000000e+01 3.591675061312588468e+01 3.518691595190157528e+01 1.000000000000000000e+00 1.000000000000000000e+00 1.000000000000000000e+00
6.200000000000000000e+01 3.591675061312588468e+01 3.518827958826535962e+01 1.000000000000000000e+00 1.000000000000000000e+00 1.000000000000000000e+00
6.300000000000000000e+01 3.591675061312589179e+01 3.518964322462913685e+01 nan 1.000000000000000000e+00 nan
6.400000000000000000e+01 3.591675061312589179e+01 3.519100686099291408e+01 nan 1.000000000000000000e+00 nan
6.500000000000000000e+01 3.591675061312589179e+01 3.519237049735670553e+01 nan 1.000000000000000000e+00 nan
6.600000000000000000e+01 3.591675061312589179e+01 3.519373413372047565e+01 nan 1.000000000000000000e+00 nan
6.700000000000000000e+01 3.591675061312589179e+01 3.519509777008425999e+01 nan 1.000000000000000000e+00 nan
6.800000000000000000e+01 3.591675061312589179e+01 3.519646140644803722e+01 nan 1.000000000000000000e+00 nan
6.900000000000000000e+01 3.591675061312589179e+01 3.519782504281181446e+01 nan 1.000000000000000000e+00 nan
7.000000000000000000e+01 3.591675061312589179e+01 3.519918867917559879e+01 nan 1.000000000000000000e+00 nan
7.100000000000000000e+01 3.591675061312589179e+01 3.520055231553938313e+01 nan 1.000000000000000000e+00 nan
7.200000000000000000e+01 3.591675061312588468e+01 3.520191595190316747e+01 nan 1.000000000000000000e+00 nan
7.300000000000000000e+01 3.591675061312589179e+01 3.520327958826694470e+01 nan 1.000000000000000000e+00 nan
7.400000000000000000e+01 3.591675061312589179e+01 3.520464322463072193e+01 nan 1.000000000000000000e+00 nan
7.500000000000000000e+01 3.591811424948952691e+01 3.517191595189997599e+01 nan nan nan
7.600000000000000000e+01 3.591811424948952691e+01 3.517327958826376033e+01 1.000000000000000000e+00 nan nan
7.700000000000000000e+01 3.591811424948952691e+01 3.517464322462753756e+01 1.000000000000000000e+00 nan nan
7.800000000000000000e+01 3.591811424948952691e+01 3.517600686099132190e+01 1.000000000000000000e+00 nan nan
7.900000000000000000e+01 3.591811424948953402e+01 3.517737049735510624e+01 1.000000000000000000e+00 1.000000000000000000e+00 1.000000000000000000e+00
8.000000000000000000e+01 3.591811424948953402e+01 3.517873413371887636e+01 1.000000000000000000e+00 1.000000000000000000e+00 1.000000000000000000e+00
8.100000000000000000e+01 3.591811424948952691e+01 3.518009777008266070e+01 1.000000000000000000e+00 1.000000000000000000e+00 1.000000000000000000e+00
8.200000000000000000e+01 3.591811424948953402e+01 3.518146140644644504e+01 1.000000000000000000e+00 1.000000000000000000e+00 1.000000000000000000e+00
8.300000000000000000e+01 3.591811424948952691e+01 3.518282504281024359e+01 1.000000000000000000e+00 1.000000000000000000e+00 1.000000000000000000e+00
8.400000000000000000e+01 3.591811424948952691e+01 3.518418867917400661e+01 1.000000000000000000e+00 1.000000000000000000e+00 1.000000000000000000e+00
8.500000000000000000e+01 3.591811424948952691e+01 3.518555231553779095e+01 1.000000000000000000e+00 1.000000000000000000e+00 1.000000000000000000e+00
8.600000000000000000e+01 3.591811424948952691e+01 3.518691595190156818e+01 nan 1.000000000000000000e+00 nan
8.700000000000000000e+01 3.591811424948952691e+01 3.518827958826535962e+01 nan 1.000000000000000000e+00 nan
8.800000000000000000e+01 3.591811424948952691e+01 3.518964322462913685e+01 1.000000000000000000e+00 1.000000000000000000e+00 1.000000000000000000e+00
8.900000000000000000e+01 3.591811424948953402e+01 3.519100686099291408e+01 nan 1.000000000000000000e+00 nan
9.000000000000000000e+01 3.591811424948952691e+01 3.519237049735669842e+01 nan 1.000000000000000000e+00 nan
9.100000000000000000e+01 3.591811424948953402e+01 3.519373413372048276e+01 1.000000000000000000e+00 1.000000000000000000e+00 1.000000000000000000e+00
9.200000000000000000e+01 3.591811424948952691e+01 3.519509777008425289e+01 nan 1.000000000000000000e+00 nan
9.300000000000000000e+01 3.591811424948953402e+01 3.519646140644803012e+01 nan 1.000000000000000000e+00 nan
9.400000000000000000e+01 3.591811424948952691e+01 3.519782504281181446e+01 nan 1.000000000000000000e+00 nan
9.500000000000000000e+01 3.591811424948952691e+01 3.519918867917559879e+01 nan 1.000000000000000000e+00 nan
9.600000000000000000e+01 3.591811424948952691e+01 3.520055231553937602e+01 nan 1.000000000000000000e+00 nan
9.700000000000000000e+01 3.591811424948953402e+01 3.520191595190316747e+01 nan 1.000000000000000000e+00 nan
9.800000000000000000e+01 3.591811424948952691e+01 3.520327958826694470e+01 nan 1.000000000000000000e+00 nan
9.900000000000000000e+01 3.591811424948952691e+01 3.520464322463072193e+01 nan 1.000000000000000000e+00 nan
1.000000000000000000e+02 3.591947788585316204e+01 3.517191595189998310e+01 nan nan nan
1.010000000000000000e+02 3.591947788585316204e+01 3.517327958826376033e+01 1.000000000000000000e+00 nan nan
1.020000000000000000e+02 3.591947788585316204e+01 3.517464322462753756e+01 1.000000000000000000e+00 1.000000000000000000e+00 1.000000000000000000e+00
1.030000000000000000e+02 3.591947788585316204e+01 3.517600686099132901e+01 1.000000000000000000e+00 1.000000000000000000e+00 1.000000000000000000e+00
1.040000000000000000e+02 3.591947788585316204e+01 3.517737049735510624e+01 1.000000000000000000e+00 1.000000000000000000e+00 1.000000000000000000e+00
1.050000000000000000e+02 3.591947788585315493e+01 3.517873413371887636e+01 1.000000000000000000e+00 1.000000000000000000e+00 1.000000000000000000e+00
1.060000000000000000e+02 3.591947788585316204e+01 3.518009777008266070e+01 1.000000000000000000e+00 1.000000000000000000e+00 1.000000000000000000e+00
1.070000000000000000e+02 3.591947788585316204e+01 3.518146140644644504e+01 1.000000000000000000e+00 1.000000000000000000e+00 1.000000000000000000e+00
1.080000000000000000e+02 3.591947788585316204e+01 3.518282504281022938e+01 1.000000000000000000e+00 1.000000000000000000e+00 1.000000000000000000e+00
1.090000000000000000e+02 3.591947788585316204e+01 3.518418867917400661e+01 1.000000000000000000e+00 1.000000000000000000e+00 1.000000000000000000e+00
1.100000000000000000e+02 3.591947788585316204e+01 3.518555231553779095e+01 1.000000000000000000e+00 1.000000000000000000e+00 1.000000000000000000e+00
1.110000000000000000e+02 3.591947788585316204e+01 3.518691595190156818e+01 1.000000000000000000e+00 1.000000000000000000e+00 1.000000000000000000e+00
1.120000000000000000e+02 3.591947788585316204e+01 3.518827958826534541e+01 1.000000000000000000e+00 1.000000000000000000e+00 1.000000000000000000e+00
1.130000000000000000e+02 3.591947788585316204e+01 3.518964322462913685e+01 1.000000000000000000e+00 1.000000000000000000e+00 1.000000000000000000e+00
1.140000000000000000e+02 3.591947788585315493e+01 3.519100686099292119e+01 1.000000000000000000e+00 1.000000000000000000e+00 1.000000000000000000e+00
1.150000000000000000e+02 3.591947788585316204e+01 3.519237049735669842e+01 1.000000000000000000e+00 1.000000000000000000e+00 1.000000000000000000e+00
1.160000000000000000e+02 3.591947788585316204e+01 3.519373413372048276e+01 1.000000000000000000e+00 1.000000000000000000e+00 1.000000000000000000e+00
1.170000000000000000e+02 3.591947788585316914e+01 3.519509777008425999e+01 nan 1.000000000000000000e+00 nan
1.180000000000000000e+02 3.591947788585316914e+01 3.519646140644803012e+01 nan 1.000000000000000000e+00 nan
1.190000000000000000e+02 3.591947788585316204e+01 3.519782504281180735e+01 nan 1.000000000000000000e+00 nan
1.200000000000000000e+02 3.591947788585316914e+01 3.519918867917559879e+01 nan 1.000000000000000000e+00 nan
1.210000000000000000e+02 3.591947788585315493e+01 3.520055231553938313e+01 nan 1.000000000000000000e+00 nan
1.220000000000000000e+02 3.591947788585316204e+01 3.520191595190316036e+01 nan 1.000000000000000000e+00 nan
1.230000000000000000e+02 3.591947788585316204e+01 3.520327958826694470e+01 nan 1.000000000000000000e+00 nan
1.240000000000000000e+02 3.591947788585316204e+01 3.520464322463072193e+01 nan 1.000000000000000000e+00 nan
1.250000000000000000e+02 3.592084152221679716e+01 3.517191595189997599e+01 nan nan nan
1.260000000000000000e+02 3.592084152221679716e+01 3.517327958826376033e+01 nan nan nan
1.270000000000000000e+02 3.592084152221679716e+01 3.517464322462753756e+01 1.000000000000000000e+00 1.000000000000000000e+00 1.000000000000000000e+00
1.280000000000000000e+02 3.592084152221679716e+01 3.517600686099132190e+01 1.000000000000000000e+00 1.000000000000000000e+00 1.000000000000000000e+00
1.290000000000000000e+02 3.592084152221679716e+01 3.517737049735510624e+01 1.000000000000000000e+00 1.000000000000000000e+00 1.000000000000000000e+00
1.300000000000000000e+02 3.592084152221680426e+01 3.517873413371887636e+01 1.000000000000000000e+00 1.000000000000000000e+00 1.000000000000000000e+00
1.310000000000000000e+02 3.592084152221680426e+01 3.518009777008266070e+01 1.000000000000000000e+00 1.000000000000000000e+00 1.000000000000000000e+00
1.320000000000000000e+02 3.592084152221679716e+01 3.518146140644644504e+01 1.000000000000000000e+00 1.000000000000000000e+00 1.000000000000000000e+00
1.330000000000000000e+02 3.592084152221679716e+01 3.518282504281024359e+01 1.000000000000000000e+00 1.000000000000000000e+00 1.000000000000000000e+00
1.340000000000000000e+02 3.592084152221679716e+01 3.518418867917400661e+01 1.000000000000000000e+00 1.000000000000000000e+00 1.000000000000000000e+00
1.350000000000000000e+02 3.592084152221679716e+01 3.518555231553779095e+01 1.000000000000000000e+00 1.000000000000000000e+00 1.000000000000000000e+00
1.360000000000000000e+02 3.592084152221679716e+01 3.518691595190156818e+01 1.000000000000000000e+00 1.000000000000000000e+00 1.000000000000000000e+00
1.370000000000000000e+02 3.592084152221680426e+01 3.518827958826535962e+01 1.000000000000000000e+00 1.000000000000000000e+00 1.000000000000000000e+00
1.380000000000000000e+02 3.592084152221679716e+01 3.518964322462913685e+01 nan 1.000000000000000000e+00 nan
1.390000000000000000e+02 3.592084152221680426e+01 3.519100686099291408e+01 1.000000000000000000e+00 1.000000000000000000e+00 1.000000000000000000e+00
1.400000000000000000e+02 3.592084152221679716e+01 3.519237049735669842e+01 nan 1.000000000000000000e+00 nan
1.410000000000000000e+02 3.592084152221679716e+01 3.519373413372048276e+01 1.000000000000000000e+00 1.000000000000000000e+00 1.000000000000000000e+00
1.420000000000000000e+02 3.592084152221679716e+01 3.519509777008425289e+01 1.000000000000000000e+00 1.000000000000000000e+00 1.000000000000000000e+00
1.430000000000000000e+02 3.592084152221679716e+01 3.519646140644803012e+01 nan 1.000000000000000000e+00 nan
1.440000000000000000e+02 3.592084152221679716e+01 3.519782504281181446e+01 nan 1.000000000000000000e+00 nan
1.450000000000000000e+02 3.592084152221679716e+01 3.519918867917559879e+01 1.000000000000000000e+00 1.000000000000000000e+00 1.000000000000000000e+00
1.460000000000000000e+02 3.592084152221679716e+01 3.520055231553937602e+01 1.000000000000000000e+00 1.000000000000000000e+00 1.000000000000000000e+00
1.470000000000000000e+02 3.592084152221679716e+01 3.520191595190316747e+01 nan 1.000000000000000000e+00 nan
1.480000000000000000e+02 3.592084152221679716e+01 3.520327958826694470e+01 nan 1.000000000000000000e+00 nan
1.490000000000000000e+02 3.592084152221679716e+01 3.520464322463072193e+01 nan 1.000000000000000000e+00 nan
1.500000000000000000e+02 3.592220515858043228e+01 3.517191595189997599e+01 nan nan nan
1.510000000000000000e+02 3.592220515858043939e+01 3.517327958826376033e+01 nan 1.000000000000000000e+00 nan
1.520000000000000000e+02 3.592220515858043228e+01 3.517464322462753756e+01 nan 1.000000000000000000e+00 nan
1.530000000000000000e+02 3.592220515858043939e+01 3.517600686099132190e+01 nan 1.000000000000000000e+00 nan
1.540000000000000000e+02 3.592220515858043228e+01 3.517737049735510624e+01 1.000000000000000000e+00 1.000000000000000000e+00 1.000000000000000000e+00
1.550000000000000000e+02 3.592220515858043939e+01 3.517873413371887636e+01 1.000000000000000000e+00 1.000000000000000000e+00 1.000000000000000000e+00
1.560000000000000000e+02 3.592220515858043228e+01 3.518009777008266070e+01 1.000000000000000000e+00 1.000000000000000000e+00 1.000000000000000000e+00
1.570000000000000000e+02 3.592220515858043228e+01 3.518146140644644504e+01 1.000000000000000000e+00 1.000000000000000000e+00 1.000000000000000000e+00
1.580000000000000000e+02 3.592220515858043228e+01 3.518282504281024359e+01 1.000000000000000000e+00 1.000000000000000000e+00 1.000000000000000000e+00
1.590000000000000000e+02 3.592220515858043939e+01 3.518418867917400661e+01 1.000000000000000000e+00 1.000000000000000000e+00 1.000000000000000000e+00
1.600000000000000000e+02 3.592220515858043228e+01 3.518555231553779095e+01 1.000000000000000000e+00 1.000000000000000000e+00 1.000000000000000000e+00
1.610000000000000000e+02 3.592220515858043939e+01 3.518691595190156818e+01 1.000000000000000000e+00 1.000000000000000000e+00 1.000000000000000000e+00
1.620000000000000000e+02 3.592220515858043228e+01 3.518827958826535962e+01 1.000000000000000000e+00 1.000000000000000000e+00 1.000000000000000000e+00
1.630000000000000000e+02 3.592220515858043939e+01 3.518964322462913685e+01 1.000000000000000000e+00 1.000000000000000000e+00 1.000000000000000000e+00
1.640000000000000000e+02 3.592220515858043939e+01 3.519100686099291408e+01 1.000000000000000000e+00 1.000000000000000000e+00 1.000000000000000000e+00
1.650000000000000000e+02 3.592220515858043939e+01 3.519237049735669842e+01 1.000000000000000000e+00 1.000000000000000000e+00 1.000000000000000000e+00
1.660000000000000000e+02 3.592220515858043939e+01 3.519373413372048276e+01 1.000000000000000000e+00 1.000000000000000000e+00 1.000000000000000000e+00
1.670000000000000000e+02 3.592220515858043228e+01 3.519509777008425289e+01 nan 1.000000000000000000e+00 nan
1.680000000000000000e+02 3.592220515858043939e+01 3.519646140644803012e+01 1.000000000000000000e+00 1.000000000000000000e+00 1.000000000000000000e+00
1.690000000000000000e+02 3.592220515858043939e+01 3.519782504281181446e+01 nan 1.000000000000000000e+00 nan
1.700000000000000000e+02 3.592220515858043939e+01 3.519918867917559879e+01 nan 1.000000000000000000e+00 nan
1.710000000000000000e+02 3.592220515858043939e+01 3.520055231553937602e+01 nan 1.000000000000000000e+00 nan
1.720000000000000000e+02 3.592220515858043939e+01 3.520191595190316747e+01 nan 1.000000000000000000e+00 nan
1.730000000000000000e+02 3.592220515858043228e+01 3.520327958826694470e+01 1.000000000000000000e+00 1.000000000000000000e+00 1.000000000000000000e+00
1.740000000000000000e+02 3.592220515858043939e+01 3.520464322463072193e+01 nan 1.000000000000000000e+00 nan
1.750000000000000000e+02 3.592356879494406741e+01 3.517191595189997599e+01 nan nan nan
1.760000000000000000e+02 3.592356879494406741e+01 3.517327958826376033e+01 nan nan nan
1.770000000000000000e+02 3.592356879494406741e+01 3.517464322462753756e+01 1.000000000000000000e+00 1.000000000000000000e+00 1.000000000000000000e+00
1.780000000000000000e+02 3.592356879494407451e+01 3.517600686099132190e+01 nan 1.000000000000000000e+00 nan
1.790000000000000000e+02 3.592356879494406741e+01 3.517737049735510624e+01 1.000000000000000000e+00 1.000000000000000000e+00 1.000000000000000000e+00
1.800000000000000000e+02 3.592356879494407451e+01 3.517873413371887636e+01 1.000000000000000000e+00 1.000000000000000000e+00 1.000000000000000000e+00
1.810000000000000000e+02 3.592356879494406741e+01 3.518009777008266070e+01 1.000000000000000000e+00 1.000000000000000000e+00 1.000000000000000000e+00
1.820000000000000000e+02 3.592356879494406741e+01 3.518146140644644504e+01 1.000000000000000000e+00 1.000000000000000000e+00 1.000000000000000000e+00
1.830000000000000000e+02 3.592356879494406741e+01 3.518282504281024359e+01 1.000000000000000000e+00 1.000000000000000000e+00 1.000000000000000000e+00
1.840000000000000000e+02 3.592356879494406741e+01 3.518418867917400661e+01 1.000000000000000000e+00 1.000000000000000000e+00 1.000000000000000000e+00
1.850000000000000000e+02 3.592356879494406741e+01 3.518555231553779095e+01 1.000000000000000000e+00 1.000000000000000000e+00 1.000000000000000000e+00
1.860000000000000000e+02 3.592356879494406741e+01 3.518691595190156818e+01 1.000000000000000000e+00 1.000000000000000000e+00 1.000000000000000000e+00
1.870000000000000000e+02 3.592356879494406741e+01 3.518827958826535962e+01 1.000000000000000000e+00 1.000000000000000000e+00 1.000000000000000000e+00
1.880000000000000000e+02 3.592356879494407451e+01 3.518964322462913685e+01 1.000000000000000000e+00 1.000000000000000000e+00 1.000000000000000000e+00
1.890000000000000000e+02 3.592356879494406741e+01 3.519100686099291408e+01 1.000000000000000000e+00 1.000000000000000000e+00 1.000000000000000000e+00
1.900000000000000000e+02 3.592356879494406741e+01 3.519237049735669842e+01 nan 1.000000000000000000e+00 nan
1.910000000000000000e+02 3.592356879494406741e+01 3.519373413372048276e+01 1.000000000000000000e+00 1.000000000000000000e+00 1.000000000000000000e+00
1.920000000000000000e+02 3.592356879494407451e+01 3.519509777008425289e+01 nan 1.000000000000000000e+00 nan
1.930000000000000000e+02 3.592356879494407451e+01 3.519646140644803012e+01 1.000000000000000000e+00 1.000000000000000000e+00 1.000000000000000000e+00
1.940000000000000000e+02 3.592356879494406741e+01 3.519782504281181446e+01 nan 1.000000000000000000e+00 nan
1.950000000000000000e+02 3.592356879494406741e+01 3.519918867917559879e+01 nan 1.000000000000000000e+00 nan
1.960000000000000000e+02 3.592356879494406741e+01 3.520055231553937602e+01 nan 1.000000000000000000e+00 nan
1.970000000000000000e+02 3.592356879494406741e+01 3.520191595190316747e+01 nan 1.000000000000000000e+00 nan
1.980000000000000000e+02 3.592356879494407451e+01 3.520327958826694470e+01 nan 1.000000000000000000e+00 nan
1.990000000000000000e+02 3.592356879494406741e+01 3.520464322463072193e+01 nan 1.000000000000000000e+00 nan
2.000000000000000000e+02 3.592493243130770963e+01 3.517191595189996889e+01 nan nan nan
2.010000000000000000e+02 3.592493243130771674e+01 3.517327958826376033e+01 nan nan nan
2.020000000000000000e+02 3.592493243130771674e+01 3.517464322462753756e+01 nan nan nan
2.030000000000000000e+02 3.592493243130771674e+01 3.517600686099132901e+01 1.000000000000000000e+00 1.000000000000000000e+00 1.000000000000000000e+00
2.040000000000000000e+02 3.592493243130770963e+01 3.517737049735510624e+01 1.000000000000000000e+00 1.000000000000000000e+00 1.000000000000000000e+00
2.050000000000000000e+02 3.592493243130771674e+01 3.517873413371888347e+01 nan 1.000000000000000000e+00 nan
2.060000000000000000e+02 3.592493243130771674e+01 3.518009777008266070e+01 1.000000000000000000e+00 1.000000000000000000e+00 1.000000000000000000e+00
2.070000000000000000e+02 3.592493243130771674e+01 3.518146140644644504e+01 1.000000000000000000e+00 1.000000000000000000e+00 1.000000000000000000e+00
2.080000000000000000e+02 3.592493243130770963e+01 3.518282504281023648e+01 nan 1.000000000000000000e+00 nan
2.090000000000000000e+02 3.592493243130771674e+01 3.518418867917400661e+01 1.000000000000000000e+00 1.000000000000000000e+00 1.000000000000000000e+00
2.100000000000000000e+02 3.592493243130771674e+01 3.518555231553779095e+01 1.000000000000000000e+00 1.000000000000000000e+00 1.000000000000000000e+00
2.110000000000000000e+02 3.592493243130771674e+01 3.518691595190157528e+01 nan 1.000000000000000000e+00 nan
2.120000000000000000e+02 3.592493243130771674e+01 3.518827958826535962e+01 1.000000000000000000e+00 1.000000000000000000e+00 1.000000000000000000e+00
2.130000000000000000e+02 3.592493243130770963e+01 3.518964322462913685e+01 nan 1.000000000000000000e+00 nan
2.140000000000000000e+02 3.592493243130771674e+01 3.519100686099292119e+01 1.000000000000000000e+00 1.000000000000000000e+00 1.000000000000000000e+00
2.150000000000000000e+02 3.592493243130771674e+01 3.519237049735670553e+01 1.000000000000000000e+00 1.000000000000000000e+00 1.000000000000000000e+00
2.160000000000000000e+02 3.592493243130771674e+01 3.519373413372047565e+01 1.000000000000000000e+00 1.000000000000000000e+00 1.000000000000000000e+00
2.170000000000000000e+02 3.592493243130771674e+01 3.519509777008425999e+01 1.000000000000000000e+00 1.000000000000000000e+00 1.000000000000000000e+00
2.180000000000000000e+02 3.592493243130770963e+01 3.519646140644803012e+01 1.000000000000000000e+00 1.000000000000000000e+00 1.000000000000000000e+00
2.190000000000000000e+02 3.592493243130771674e+01 3.519782504281181446e+01 nan 1.000000000000000000e+00 nan
2.200000000000000000e+02 3.592493243130771674e+01 3.519918867917559879e+01 nan 1.000000000000000000e+00 nan
2.210000000000000000e+02 3.592493243130771674e+01 3.520055231553938313e+01 nan 1.000000000000000000e+00 nan
2.220000000000000000e+02 3.592493243130771674e+01 3.520191595190316036e+01 1.000000000000000000e+00 1.000000000000000000e+00 1.000000000000000000e+00
2.230000000000000000e+02 3.592493243130771674e+01 3.520327958826694470e+01 nan 1.000000000000000000e+00 nan
2.240000000000000000e+02 3.592493243130771674e+01 3.520464322463072193e+01 1.000000000000000000e+00 1.000000000000000000e+00 1.000000000000000000e+00
2.250000000000000000e+02 3.592629606767135186e+01 3.517191595189998310e+01 nan nan nan
2.260000000000000000e+02 3.592629606767133765e+01 3.517327958826376033e+01 nan nan nan
2.270000000000000000e+02 3.592629606767134476e+01 3.517464322462753756e+01 1.000000000000000000e+00 nan nan
2.280000000000000000e+02 3.592629606767135186e+01 3.517600686099132901e+01 nan nan nan
2.290000000000000000e+02 3.592629606767135186e+01 3.517737049735510624e+01 nan nan nan
2.300000000000000000e+02 3.592629606767134476e+01 3.517873413371887636e+01 nan 1.000000000000000000e+00 nan
2.310000000000000000e+02 3.592629606767134476e+01 3.518009777008266070e+01 1.000000000000000000e+00 1.000000000000000000e+00 1.000000000000000000e+00
2.320000000000000000e+02 3.592629606767134476e+01 3.518146140644644504e+01 nan 1.000000000000000000e+00 nan
2.330000000000000000e+02 3.592629606767133765e+01 3.518282504281022938e+01 1.000000000000000000e+00 1.000000000000000000e+00 1.000000000000000000e+00
2.340000000000000000e+02 3.592629606767134476e+01 3.518418867917400661e+01 1.000000000000000000e+00 1.000000000000000000e+00 1.000000000000000000e+00
2.350000000000000000e+02 3.592629606767134476e+01 3.518555231553779095e+01 nan 1.000000000000000000e+00 nan
2.360000000000000000e+02 3.592629606767134476e+01 3.518691595190156818e+01 1.000000000000000000e+00 1.000000000000000000e+00 1.000000000000000000e+00
2.370000000000000000e+02 3.592629606767133765e+01 3.518827958826534541e+01 1.000000000000000000e+00 1.000000000000000000e+00 1.000000000000000000e+00
2.380000000000000000e+02 3.592629606767133765e+01 3.518964322462913685e+01 1.000000000000000000e+00 1.000000000000000000e+00 1.000000000000000000e+00
2.390000000000000000e+02 3.592629606767133765e+01 3.519100686099292119e+01 nan 1.000000000000000000e+00 nan
2.400000000000000000e+02 3.592629606767135186e+01 3.519237049735669842e+01 1.000000000000000000e+00 1.000000000000000000e+00 1.000000000000000000e+00
2.410000000000000000e+02 3.592629606767134476e+01 3.519373413372048276e+01 1.000000000000000000e+00 1.000000000000000000e+00 1.000000000000000000e+00
2.420000000000000000e+02 3.592629606767133765e+01 3.519509777008425999e+01 1.000000000000000000e+00 1.000000000000000000e+00 1.000000000000000000e+00
2.430000000000000000e+02 3.592629606767134476e+01 3.519646140644803012e+01 1.000000000000000000e+00 1.000000000000000000e+00 1.000000000000000000e+00
2.440000000000000000e+02 3.592629606767135186e+01 3.519782504281180735e+01 1.000000000000000000e+00 1.000000000000000000e+00 1.000000000000000000e+00
2.450000000000000000e+02 3.592629606767133765e+01 3.519918867917559879e+01 1.000000000000000000e+00 1.000000000000000000e+00 1.000000000000000000e+00
2.460000000000000000e+02 3.592629606767133765e+01 3.520055231553938313e+01 nan 1.000000000000000000e+00 nan
2.470000000000000000e+02 3.592629606767134476e+01 3.520191595190316036e+01 1.000000000000000000e+00 1.000000000000000000e+00 1.000000000000000000e+00
2.480000000000000000e+02 3.592629606767134476e+01 3.520327958826694470e+01 1.000000000000000000e+00 1.000000000000000000e+00 1.000000000000000000e+00
2.490000000000000000e+02 3.592629606767133765e+01 3.520464322463072193e+01 nan 1.000000000000000000e+00 nan
2.500000000000000000e+02 3.592765970403497988e+01 3.517191595189998310e+01 nan nan nan
2.510000000000000000e+02 3.592765970403497278e+01 3.517327958826376033e+01 nan nan nan
2.520000000000000000e+02 3.592765970403497278e+01 3.517464322462753756e+01 nan nan nan
2.530000000000000000e+02 3.592765970403497988e+01 3.517600686099132901e+01 nan nan nan
2.540000000000000000e+02 3.592765970403497278e+01 3.517737049735510624e+01 1.000000000000000000e+00 nan nan
2.550000000000000000e+02 3.592765970403497278e+01 3.517873413371887636e+01 1.000000000000000000e+00 1.000000000000000000e+00 1.000000000000000000e+00
2.560000000000000000e+02 3.592765970403497988e+01 3.518009777008266070e+01 nan 1.000000000000000000e+00 nan
2.570000000000000000e+02 3.592765970403497278e+01 3.518146140644644504e+01 nan 1.000000000000000000e+00 nan
2.580000000000000000e+02 3.592765970403497988e+01 3.518282504281022938e+01 1.000000000000000000e+00 1.000000000000000000e+00 1.000000000000000000e+00
2.590000000000000000e+02 3.592765970403497988e+01 3.518418867917400661e+01 1.000000000000000000e+00 1.000000000000000000e+00 1.000000000000000000e+00
2.600000000000000000e+02 3.592765970403497278e+01 3.518555231553779095e+01 1.000000000000000000e+00 1.000000000000000000e+00 1.000000000000000000e+00
2.610000000000000000e+02 3.592765970403497988e+01 3.518691595190156818e+01 1.000000000000000000e+00 1.000000000000000000e+00 1.000000000000000000e+00
2.620000000000000000e+02 3.592765970403497988e+01 3.518827958826534541e+01 1.000000000000000000e+00 1.000000000000000000e+00 1.000000000000000000e+00
2.630000000000000000e+02 3.592765970403497988e+01 3.518964322462913685e+01 1.000000000000000000e+00 1.000000000000000000e+00 1.000000000000000000e+00
2.640000000000000000e+02 3.592765970403498699e+01 3.519100686099292119e+01 1.000000000000000000e+00 1.000000000000000000e+00 1.000000000000000000e+00
2.650000000000000000e+02 3.592765970403497988e+01 3.519237049735669842e+01 nan 1.000000000000000000e+00 nan
2.660000000000000000e+02 3.592765970403497988e+01 3.519373413372048276e+01 1.000000000000000000e+00 1.000000000000000000e+00 1.000000000000000000e+00
2.670000000000000000e+02 3.592765970403497278e+01 3.519509777008425999e+01 1.000000000000000000e+00 1.000000000000000000e+00 1.000000000000000000e+00
2.680000000000000000e+02 3.592765970403497278e+01 3.519646140644803012e+01 1.000000000000000000e+00 1.000000000000000000e+00 1.000000000000000000e+00
2.690000000000000000e+02 3.592765970403497278e+01 3.519782504281180735e+01 1.000000000000000000e+00 1.000000000000000000e+00 1.000000000000000000e+00
2.700000000000000000e+02 3.592765970403497278e+01 3.519918867917559879e+01 nan 1.000000000000000000e+00 nan
2.710000000000000000e+02 3.592765970403497988e+01 3.520055231553938313e+01 nan 1.000000000000000000e+00 nan
2.720000000000000000e+02 3.592765970403497278e+01 3.520191595190316036e+01 nan 1.000000000000000000e+00 nan
2.730000000000000000e+02 3.592765970403497988e+01 3.520327958826694470e+01 nan 1.000000000000000000e+00 nan
2.740000000000000000e+02 3.592765970403497988e+01 3.520464322463072193e+01 nan 1.000000000000000000e+00 nan
2.750000000000000000e+02 3.592902334039861501e+01 3.517191595189998310e+01 nan nan nan
2.760000000000000000e+02 3.592902334039862211e+01 3.517327958826376033e+01 nan nan nan
2.770000000000000000e+02 3.592902334039862211e+01 3.517464322462753756e+01 nan nan nan
2.780000000000000000e+02 3.592902334039861501e+01 3.517600686099132901e+01 nan nan nan
2.790000000000000000e+02 3.592902334039862211e+01 3.517737049735510624e+01 nan nan nan
2.800000000000000000e+02 3.592902334039861501e+01 3.517873413371889058e+01 nan nan nan
2.810000000000000000e+02 3.592902334039861501e+01 3.518009777008266070e+01 nan nan nan
2.820000000000000000e+02 3.592902334039861501e+01 3.518146140644644504e+01 nan 1.000000000000000000e+00 nan
2.830000000000000000e+02 3.592902334039862211e+01 3.518282504281022938e+01 nan 1.000000000000000000e+00 nan
2.840000000000000000e+02 3.592902334039861501e+01 3.518418867917400661e+01 1.000000000000000000e+00 1.000000000000000000e+00 1.000000000000000000e+00
2.850000000000000000e+02 3.592902334039861501e+01 3.518555231553779095e+01 nan 1.000000000000000000e+00 nan
2.860000000000000000e+02 3.592902334039862211e+01 3.518691595190157528e+01 1.000000000000000000e+00 1.000000000000000000e+00 1.000000000000000000e+00
2.870000000000000000e+02 3.592902334039862211e+01 3.518827958826535962e+01 1.000000000000000000e+00 1.000000000000000000e+00 1.000000000000000000e+00
2.880000000000000000e+02 3.592902334039861501e+01 3.518964322462913685e+01 1.000000000000000000e+00 1.000000000000000000e+00 1.000000000000000000e+00
2.890000000000000000e+02 3.592902334039862211e+01 3.519100686099291408e+01 nan 1.000000000000000000e+00 nan
2.900000000000000000e+02 3.592902334039861501e+01 3.519237049735670553e+01 1.000000000000000000e+00 1.000000000000000000e+00 1.000000000000000000e+00
2.910000000000000000e+02 3.592902334039862211e+01 3.519373413372047565e+01 1.000000000000000000e+00 1.000000000000000000e+00 1.000000000000000000e+00
2.920000000000000000e+02 3.592902334039861501e+01 3.519509777008425999e+01 1.000000000000000000e+00 1.000000000000000000e+00 1.000000000000000000e+00
2.930000000000000000e+02 3.592902334039861501e+01 3.519646140644803722e+01 nan 1.000000000000000000e+00 nan
2.940000000000000000e+02 3.592902334039861501e+01 3.519782504281181446e+01 1.000000000000000000e+00 1.000000000000000000e+00 1.000000000000000000e+00
2.950000000000000000e+02 3.592902334039861501e+01 3.519918867917559879e+01 nan 1.000000000000000000e+00 nan
2.960000000000000000e+02 3.592902334039861501e+01 3.520055231553938313e+01 nan 1.000000000000000000e+00 nan
2.970000000000000000e+02 3.592902334039861501e+01 3.520191595190316747e+01 1.000000000000000000e+00 1.000000000000000000e+00 1.000000000000000000e+00
2.980000000000000000e+02 3.592902334039861501e+01 3.520327958826694470e+01 nan 1.000000000000000000e+00 nan
2.990000000000000000e+02 3.592902334039862211e+01 3.520464322463072193e+01 1.000000000000000000e+00 1.000000000000000000e+00 1.000000000000000000e+00
3.000000000000000000e+02 3.593038697676225723e+01 3.517191595189998310e+01 nan nan nan
3.010000000000000000e+02 3.593038697676225723e+01 3.517327958826376033e+01 nan nan nan
3.020000000000000000e+02 3.593038697676225723e+01 3.517464322462753756e+01 nan nan nan
3.030000000000000000e+02 3.593038697676225723e+01 3.517600686099132901e+01 nan nan nan
3.040000000000000000e+02 3.593038697676224302e+01 3.517737049735510624e+01 nan nan nan
3.050000000000000000e+02 3.593038697676225723e+01 3.517873413371887636e+01 nan nan nan
3.060000000000000000e+02 3.593038697676225013e+01 3.518009777008266070e+01 nan nan nan
3.070000000000000000e+02 3.593038697676225723e+01 3.518146140644644504e+01 nan 1.000000000000000000e+00 nan
3.080000000000000000e+02 3.593038697676225723e+01 3.518282504281022938e+01 nan 1.000000000000000000e+00 nan
3.090000000000000000e+02 3.593038697676225723e+01 3.518418867917400661e+01 nan 1.000000000000000000e+00 nan
3.100000000000000000e+02 3.593038697676225723e+01 3.518555231553779095e+01 nan 1.000000000000000000e+00 nan
3.110000000000000000e+02 3.593038697676225013e+01 3.518691595190156818e+01 1.000000000000000000e+00 1.000000000000000000e+00 1.000000000000000000e+00
3.120000000000000000e+02 3.593038697676225723e+01 3.518827958826534541e+01 nan 1.000000000000000000e+00 nan
3.130000000000000000e+02 3.593038697676225723e+01 3.518964322462913685e+01 1.000000000000000000e+00 1.000000000000000000e+00 1.000000000000000000e+00
3.140000000000000000e+02 3.593038697676225723e+01 3.519100686099292119e+01 1.000000000000000000e+00 1.000000000000000000e+00 1.000000000000000000e+00
3.150000000000000000e+02 3.593038697676225013e+01 3.519237049735669842e+01 1.000000000000000000e+00 1.000000000000000000e+00 1.000000000000000000e+00
3.160000000000000000e+02 3.593038697676225013e+01 3.519373413372048276e+01 1.000000000000000000e+00 1.000000000000000000e+00 1.000000000000000000e+00
3.170000000000000000e+02 3.593038697676225723e+01 3.519509777008425999e+01 1.000000000000000000e+00 1.000000000000000000e+00 1.000000000000000000e+00
3.180000000000000000e+02 3.593038697676225723e+01 3.519646140644803012e+01 1.000000000000000000e+00 1.000000000000000000e+00 1.000000000000000000e+00
3.190000000000000000e+02 3.593038697676225723e+01 3.519782504281180735e+01 nan 1.000000000000000000e+00 nan
3.200000000000000000e+02 3.593038697676225013e+01 3.519918867917559879e+01 1.000000000000000000e+00 1.000000000000000000e+00 1.000000000000000000e+00
3.210000000000000000e+02 3.593038697676225723e+01 3.520055231553938313e+01 nan 1.000000000000000000e+00 nan
3.220000000000000000e+02 3.593038697676225013e+01 3.520191595190316036e+01 1.000000000000000000e+00 1.000000000000000000e+00 1.000000000000000000e+00
3.230000000000000000e+02 3.593038697676225013e+01 3.520327958826694470e+01 nan 1.000000000000000000e+00 nan
3.240000000000000000e+02 3.593038697676225723e+01 3.520464322463072193e+01 nan 1.000000000000000000e+00 nan
3.250000000000000000e+02 3.593175061312589236e+01 3.517191595189998310e+01 nan nan nan
3.260000000000000000e+02 3.593175061312588525e+01 3.517327958826376033e+01 nan nan nan
3.270000000000000000e+02 3.593175061312588525e+01 3.517464322462753756e+01 nan nan nan
3.280000000000000000e+02 3.593175061312589236e+01 3.517600686099132901e+01 nan nan nan
3.290000000000000000e+02 3.593175061312588525e+01 3.517737049735510624e+01 nan nan nan
3.300000000000000000e+02 3.593175061312587815e+01 3.517873413371887636e+01 nan nan nan
3.310000000000000000e+02 3.593175061312587815e+01 3.518009777008266070e+01 nan nan nan
3.320000000000000000e+02 3.593175061312588525e+01 3.518146140644644504e+01 nan 1.000000000000000000e+00 nan
3.330000000000000000e+02 3.593175061312589236e+01 3.518282504281022938e+01 1.000000000000000000e+00 1.000000000000000000e+00 1.000000000000000000e+00
3.340000000000000000e+02 3.593175061312587815e+01 3.518418867917400661e+01 nan 1.000000000000000000e+00 nan
3.350000000000000000e+02 3.593175061312588525e+01 3.518555231553779095e+01 1.000000000000000000e+00 1.000000000000000000e+00 1.000000000000000000e+00
3.360000000000000000e+02 3.593175061312588525e+01 3.518691595190156818e+01 1.000000000000000000e+00 1.000000000000000000e+00 1.000000000000000000e+00
3.370000000000000000e+02 3.593175061312588525e+01 3.518827958826534541e+01 1.000000000000000000e+00 1.000000000000000000e+00 1.000000000000000000e+00
3.380000000000000000e+02 3.593175061312588525e+01 3.518964322462913685e+01 nan 1.000000000000000000e+00 nan
3.390000000000000000e+02 3.593175061312588525e+01 3.519100686099292119e+01 1.000000000000000000e+00 1.000000000000000000e+00 1.000000000000000000e+00
3.400000000000000000e+02 3.593175061312587815e+01 3.519237049735669842e+01 nan 1.000000000000000000e+00 nan
3.410000000000000000e+02 3.593175061312589236e+01 3.519373413372048276e+01 nan 1.000000000000000000e+00 nan
3.420000000000000000e+02 3.593175061312588525e+01 3.519509777008425999e+01 1.000000000000000000e+00 1.000000000000000000e+00 1.000000000000000000e+00
3.430000000000000000e+02 3.593175061312589236e+01 3.519646140644803012e+01 nan nan nan
3.440000000000000000e+02 3.593175061312589236e+01 3.519782504281180735e+01 nan 1.000000000000000000e+00 nan
3.450000000000000000e+02 3.593175061312587815e+01 3.519918867917559879e+01 nan 1.000000000000000000e+00 nan
3.460000000000000000e+02 3.593175061312588525e+01 3.520055231553938313e+01 1.000000000000000000e+00 1.000000000000000000e+00 1.000000000000000000e+00
3.470000000000000000e+02 3.593175061312589236e+01 3.520191595190316036e+01 nan 1.000000000000000000e+00 nan
3.480000000000000000e+02 3.593175061312589236e+01 3.520327958826694470e+01 nan 1.000000000000000000e+00 nan
3.490000000000000000e+02 3.593175061312588525e+01 3.520464322463072193e+01 nan 1.000000000000000000e+00 nan
3.500000000000000000e+02 3.593311424948952038e+01 3.517191595189998310e+01 nan nan nan
3.510000000000000000e+02 3.593311424948952038e+01 3.517327958826376033e+01 nan nan nan
3.520000000000000000e+02 3.593311424948952038e+01 3.517464322462753756e+01 nan nan nan
3.530000000000000000e+02 3.593311424948952748e+01 3.517600686099132901e+01 nan nan nan
3.540000000000000000e+02 3.593311424948952748e+01 3.517737049735511334e+01 nan nan nan
3.550000000000000000e+02 3.593311424948952038e+01 3.517873413371888347e+01 nan nan nan
3.560000000000000000e+02 3.593311424948952748e+01 3.518009777008265360e+01 nan nan nan
3.570000000000000000e+02 3.593311424948952038e+01 3.518146140644643083e+01 nan nan nan
3.580000000000000000e+02 3.593311424948952748e+01 3.518282504281022938e+01 1.000000000000000000e+00 1.000000000000000000e+00 1.000000000000000000e+00
3.590000000000000000e+02 3.593311424948952038e+01 3.518418867917402082e+01 nan 1.000000000000000000e+00 nan
3.600000000000000000e+02 3.593311424948952038e+01 3.518555231553779095e+01 1.000000000000000000e+00 1.000000000000000000e+00 1.000000000000000000e+00
3.610000000000000000e+02 3.593311424948952748e+01 3.518691595190156818e+01 nan 1.000000000000000000e+00 nan
3.620000000000000000e+02 3.593311424948952748e+01 3.518827958826535962e+01 1.000000000000000000e+00 1.000000000000000000e+00 1.000000000000000000e+00
3.630000000000000000e+02 3.593311424948952038e+01 3.518964322462912264e+01 1.000000000000000000e+00 nan nan
3.640000000000000000e+02 3.593311424948952038e+01 3.519100686099292119e+01 nan nan nan
3.650000000000000000e+02 3.593311424948952038e+01 3.519237049735669842e+01 1.000000000000000000e+00 1.000000000000000000e+00 1.000000000000000000e+00
3.660000000000000000e+02 3.593311424948952038e+01 3.519373413372048276e+01 1.000000000000000000e+00 1.000000000000000000e+00 1.000000000000000000e+00
3.670000000000000000e+02 3.593311424948952038e+01 3.519509777008425999e+01 1.000000000000000000e+00 nan nan
3.680000000000000000e+02 3.593311424948952038e+01 3.519646140644803722e+01 nan 1.000000000000000000e+00 nan
3.690000000000000000e+02 3.593311424948952038e+01 3.519782504281180735e+01 nan 1.000000000000000000e+00 nan
3.700000000000000000e+02 3.593311424948952038e+01 3.519918867917560590e+01 nan 1.000000000000000000e+00 nan
3.710000000000000000e+02 3.593311424948952038e+01 3.520055231553937602e+01 nan 1.000000000000000000e+00 nan
3.720000000000000000e+02 3.593311424948952038e+01 3.520191595190316036e+01 nan 1.000000000000000000e+00 nan
3.730000000000000000e+02 3.593311424948952038e+01 3.520327958826694470e+01 nan 1.000000000000000000e+00 nan
3.740000000000000000e+02 3.593311424948952748e+01 3.520464322463072193e+01 nan 1.000000000000000000e+00 nan
3.750000000000000000e+02 3.593447788585316260e+01 3.517191595189998310e+01 nan nan nan
3.760000000000000000e+02 3.593447788585316260e+01 3.517327958826376033e+01 nan nan nan
3.770000000000000000e+02 3.593447788585316971e+01 3.517464322462753756e+01 nan nan nan
3.780000000000000000e+02 3.593447788585316260e+01 3.517600686099132901e+01 nan nan nan
3.790000000000000000e+02 3.593447788585317682e+01 3.517737049735510624e+01 nan nan nan
3.800000000000000000e+02 3.593447788585316260e+01 3.517873413371887636e+01 nan nan nan
3.810000000000000000e+02 3.593447788585316260e+01 3.518009777008266070e+01 nan nan nan
3.820000000000000000e+02 3.593447788585316260e+01 3.518146140644644504e+01 nan nan nan
3.830000000000000000e+02 3.593447788585316971e+01 3.518282504281022938e+01 nan nan nan
3.840000000000000000e+02 3.593447788585316260e+01 3.518418867917400661e+01 1.000000000000000000e+00 nan nan
3.850000000000000000e+02 3.593447788585316260e+01 3.518555231553779095e+01 1.000000000000000000e+00 nan nan
3.860000000000000000e+02 3.593447788585316971e+01 3.518691595190156818e+01 nan nan nan
3.870000000000000000e+02 3.593447788585316260e+01 3.518827958826534541e+01 nan nan nan
3.880000000000000000e+02 3.593447788585316260e+01 3.518964322462913685e+01 nan nan nan
3.890000000000000000e+02 3.593447788585316260e+01 3.519100686099292119e+01 nan nan nan
3.900000000000000000e+02 3.593447788585316971e+01 3.519237049735669842e+01 1.000000000000000000e+00 nan nan
3.910000000000000000e+02 3.593447788585316971e+01 3.519373413372048276e+01 1.000000000000000000e+00 nan nan
3.920000000000000000e+02 3.593447788585316260e+01 3.519509777008425999e+01 nan nan nan
3.930000000000000000e+02 3.593447788585316260e+01 3.519646140644803012e+01 1.000000000000000000e+00 1.000000000000000000e+00 1.000000000000000000e+00
3.940000000000000000e+02 3.593447788585316971e+01 3.519782504281180735e+01 nan nan nan
3.950000000000000000e+02 3.593447788585316260e+01 3.519918867917559879e+01 nan 1.000000000000000000e+00 nan
3.960000000000000000e+02 3.593447788585316260e+01 3.520055231553938313e+01 1.000000000000000000e+00 nan nan
3.970000000000000000e+02 3.593447788585316260e+01 3.520191595190316036e+01 1.000000000000000000e+00 1.000000000000000000e+00 1.000000000000000000e+00
3.980000000000000000e+02 3.593447788585317682e+01 3.520327958826694470e+01 nan 1.000000000000000000e+00 nan
3.990000000000000000e+02 3.593447788585316971e+01 3.520464322463072193e+01 nan 1.000000000000000000e+00 nan
4.000000000000000000e+02 3.593584152221679773e+01 3.517191595189998310e+01 nan nan nan
4.010000000000000000e+02 3.593584152221680483e+01 3.517327958826376033e+01 nan nan nan
4.020000000000000000e+02 3.593584152221679773e+01 3.517464322462753756e+01 nan nan nan
4.030000000000000000e+02 3.593584152221680483e+01 3.517600686099132901e+01 nan nan nan
4.040000000000000000e+02 3.593584152221680483e+01 3.517737049735510624e+01 nan nan nan
4.050000000000000000e+02 3.593584152221679773e+01 3.517873413371889058e+01 nan nan nan
4.060000000000000000e+02 3.593584152221680483e+01 3.518009777008266070e+01 nan nan nan
4.070000000000000000e+02 3.593584152221680483e+01 3.518146140644644504e+01 nan nan nan
4.080000000000000000e+02 3.593584152221679773e+01 3.518282504281022938e+01 nan nan nan
4.090000000000000000e+02 3.593584152221680483e+01 3.518418867917400661e+01 nan nan nan
4.100000000000000000e+02 3.593584152221680483e+01 3.518555231553779095e+01 1.000000000000000000e+00 nan nan
4.110000000000000000e+02 3.593584152221680483e+01 3.518691595190157528e+01 nan nan nan
4.120000000000000000e+02 3.593584152221680483e+01 3.518827958826535962e+01 nan nan nan
4.130000000000000000e+02 3.593584152221679773e+01 3.518964322462913685e+01 1.000000000000000000e+00 nan nan
4.140000000000000000e+02 3.593584152221680483e+01 3.519100686099291408e+01 nan nan nan
4.150000000000000000e+02 3.593584152221680483e+01 3.519237049735670553e+01 1.000000000000000000e+00 nan nan
4.160000000000000000e+02 3.593584152221680483e+01 3.519373413372047565e+01 1.000000000000000000e+00 nan nan
4.170000000000000000e+02 3.593584152221679773e+01 3.519509777008425999e+01 1.000000000000000000e+00 nan nan
4.180000000000000000e+02 3.593584152221679773e+01 3.519646140644803722e+01 nan nan nan
4.190000000000000000e+02 3.593584152221680483e+01 3.519782504281181446e+01 1.000000000000000000e+00 nan nan
4.200000000000000000e+02 3.593584152221680483e+01 3.519918867917559879e+01 nan 1.000000000000000000e+00 nan
4.210000000000000000e+02 3.593584152221680483e+01 3.520055231553938313e+01 nan 1.000000000000000000e+00 nan
4.220000000000000000e+02 3.593584152221680483e+01 3.520191595190316747e+01 nan 1.000000000000000000e+00 nan
4.230000000000000000e+02 3.593584152221679773e+01 3.520327958826694470e+01 1.000000000000000000e+00 1.000000000000000000e+00 1.000000000000000000e+00
4.240000000000000000e+02 3.593584152221680483e+01 3.520464322463072193e+01 nan 1.000000000000000000e+00 nan
4.250000000000000000e+02 3.593720515858043285e+01 3.517191595189998310e+01 nan nan nan
4.260000000000000000e+02 3.593720515858043285e+01 3.517327958826376033e+01 nan nan nan
4.270000000000000000e+02 3.593720515858043285e+01 3.517464322462753756e+01 nan nan nan
4.280000000000000000e+02 3.593720515858043285e+01 3.517600686099132901e+01 nan nan nan
4.290000000000000000e+02 3.593720515858043285e+01 3.517737049735510624e+01 nan nan nan
4.300000000000000000e+02 3.593720515858043996e+01 3.517873413371887636e+01 nan nan nan
4.310000000000000000e+02 3.593720515858043285e+01 3.518009777008266070e+01 nan nan nan
4.320000000000000000e+02 3.593720515858043285e+01 3.518146140644644504e+01 nan nan nan
4.330000000000000000e+02 3.593720515858043285e+01 3.518282504281022938e+01 nan nan nan
4.340000000000000000e+02 3.593720515858043285e+01 3.518418867917400661e+01 nan nan nan
4.350000000000000000e+02 3.593720515858042575e+01 3.518555231553779095e+01 1.000000000000000000e+00 nan nan
4.360000000000000000e+02 3.593720515858043285e+01 3.518691595190156818e+01 nan nan nan
4.370000000000000000e+02 3.593720515858043285e+01 3.518827958826534541e+01 nan nan nan
4.380000000000000000e+02 3.593720515858043285e+01 3.518964322462913685e+01 nan nan nan
4.390000000000000000e+02 3.593720515858043285e+01 3.519100686099292119e+01 nan nan nan
4.400000000000000000e+02 3.593720515858043285e+01 3.519237049735669842e+01 nan nan nan
4.410000000000000000e+02 3.593720515858043285e+01 3.519373413372048276e+01 1.000000000000000000e+00 nan nan
4.420000000000000000e+02 3.593720515858042575e+01 3.519509777008425999e+01 1.000000000000000000e+00 nan nan
4.430000000000000000e+02 3.593720515858043996e+01 3.519646140644803012e+01 nan nan nan
4.440000000000000000e+02 3.593720515858043285e+01 3.519782504281180735e+01 nan nan nan
4.450000000000000000e+02 3.593720515858043285e+01 3.519918867917559879e+01 nan 1.000000000000000000e+00 nan
4.460000000000000000e+02 3.593720515858043996e+01 3.520055231553938313e+01 1.000000000000000000e+00 1.000000000000000000e+00 1.000000000000000000e+00
4.470000000000000000e+02 3.593720515858043285e+01 3.520191595190316036e+01 nan 1.000000000000000000e+00 nan
4.480000000000000000e+02 3.593720515858043285e+01 3.520327958826694470e+01 nan 1.000000000000000000e+00 nan
4.490000000000000000e+02 3.593720515858043285e+01 3.520464322463072193e+01 nan 1.000000000000000000e+00 nan
4.500000000000000000e+02 3.593856879494406797e+01 3.517191595189998310e+01 nan nan nan
4.510000000000000000e+02 3.593856879494406797e+01 3.517327958826376033e+01 nan nan nan
4.520000000000000000e+02 3.593856879494406797e+01 3.517464322462753756e+01 nan nan nan
4.530000000000000000e+02 3.593856879494406797e+01 3.517600686099132901e+01 nan nan nan
4.540000000000000000e+02 3.593856879494406797e+01 3.517737049735510624e+01 nan nan nan
4.550000000000000000e+02 3.593856879494406797e+01 3.517873413371887636e+01 nan nan nan
4.560000000000000000e+02 3.593856879494406797e+01 3.518009777008266070e+01 nan nan nan
4.570000000000000000e+02 3.593856879494406797e+01 3.518146140644644504e+01 nan nan nan
4.580000000000000000e+02 3.593856879494406797e+01 3.518282504281022938e+01 nan nan nan
4.590000000000000000e+02 3.593856879494406797e+01 3.518418867917400661e+01 nan nan nan
4.600000000000000000e+02 3.593856879494406797e+01 3.518555231553779095e+01 1.000000000000000000e+00 nan nan
4.610000000000000000e+02 3.593856879494407508e+01 3.518691595190156818e+01 nan nan nan
4.620000000000000000e+02 3.593856879494406797e+01 3.518827958826534541e+01 1.000000000000000000e+00 nan nan
4.630000000000000000e+02 3.593856879494406797e+01 3.518964322462913685e+01 1.000000000000000000e+00 nan nan
4.640000000000000000e+02 3.593856879494406087e+01 3.519100686099292119e+01 nan nan nan
4.650000000000000000e+02 3.593856879494406797e+01 3.519237049735669842e+01 nan nan nan
4.660000000000000000e+02 3.593856879494406797e+01 3.519373413372048276e+01 nan nan nan
4.670000000000000000e+02 3.593856879494406797e+01 3.519509777008425999e+01 nan nan nan
4.680000000000000000e+02 3.593856879494406087e+01 3.519646140644803012e+01 nan nan nan
4.690000000000000000e+02 3.593856879494406797e+01 3.519782504281180735e+01 nan 1.000000000000000000e+00 nan
4.700000000000000000e+02 3.593856879494407508e+01 3.519918867917559879e+01 1.000000000000000000e+00 1.000000000000000000e+00 1.000000000000000000e+00
4.710000000000000000e+02 3.593856879494406797e+01 3.520055231553938313e+01 nan 1.000000000000000000e+00 nan
4.720000000000000000e+02 3.593856879494406797e+01 3.520191595190316036e+01 nan 1.000000000000000000e+00 nan
4.730000000000000000e+02 3.593856879494406797e+01 3.520327958826694470e+01 nan 1.000000000000000000e+00 nan
4.740000000000000000e+02 3.593856879494406797e+01 3.520464322463072193e+01 nan 1.000000000000000000e+00 nan
4.750000000000000000e+02 3.593993243130771020e+01 3.517191595189998310e+01 nan nan nan
4.760000000000000000e+02 3.593993243130771020e+01 3.517327958826376033e+01 nan nan nan
4.770000000000000000e+02 3.593993243130771020e+01 3.517464322462753756e+01 nan nan nan
4.780000000000000000e+02 3.593993243130770310e+01 3.517600686099132901e+01 nan nan nan
4.790000000000000000e+02 3.593993243130770310e+01 3.517737049735510624e+01 nan nan nan
4.800000000000000000e+02 3.593993243130770310e+01 3.517873413371889058e+01 nan nan nan
4.810000000000000000e+02 3.593993243130771020e+01 3.518009777008266070e+01 nan nan nan
4.820000000000000000e+02 3.593993243130771020e+01 3.518146140644644504e+01 nan nan nan
4.830000000000000000e+02 3.593993243130771020e+01 3.518282504281022938e+01 nan nan nan
4.840000000000000000e+02 3.593993243130771020e+01 3.518418867917400661e+01 nan nan nan
4.850000000000000000e+02 3.593993243130770310e+01 3.518555231553779095e+01 1.000000000000000000e+00 nan nan
4.860000000000000000e+02 3.593993243130771020e+01 3.518691595190157528e+01 nan nan nan
4.870000000000000000e+02 3.593993243130771020e+01 3.518827958826535962e+01 nan nan nan
4.880000000000000000e+02 3.593993243130771020e+01 3.518964322462913685e+01 nan nan nan
4.890000000000000000e+02 3.593993243130769599e+01 3.519100686099291408e+01 1.000000000000000000e+00 nan nan
4.900000000000000000e+02 3.593993243130771020e+01 3.519237049735670553e+01 nan nan nan
4.910000000000000000e+02 3.593993243130770310e+01 3.519373413372047565e+01 nan nan nan
4.920000000000000000e+02 3.593993243130771020e+01 3.519509777008425999e+01 nan nan nan
4.930000000000000000e+02 3.593993243130771020e+01 3.519646140644803722e+01 nan 1.000000000000000000e+00 nan
4.940000000000000000e+02 3.593993243130770310e+01 3.519782504281181446e+01 nan 1.000000000000000000e+00 nan
4.950000000000000000e+02 3.593993243130770310e+01 3.519918867917559879e+01 nan 1.000000000000000000e+00 nan
4.960000000000000000e+02 3.593993243130771020e+01 3.520055231553938313e+01 nan 1.000000000000000000e+00 nan
4.970000000000000000e+02 3.593993243130771020e+01 3.520191595190316747e+01 nan 1.000000000000000000e+00 nan
4.980000000000000000e+02 3.593993243130771020e+01 3.520327958826694470e+01 nan 1.000000000000000000e+00 nan
4.990000000000000000e+02 3.593993243130771020e+01 3.520464322463072193e+01 nan 1.000000000000000000e+00 nan
5.000000000000000000e+02 3.594129606767135243e+01 3.517191595189997599e+01 nan nan nan
5.010000000000000000e+02 3.594129606767134533e+01 3.517327958826376033e+01 nan nan nan
5.020000000000000000e+02 3.594129606767133822e+01 3.517464322462753756e+01 nan nan nan
5.030000000000000000e+02 3.594129606767134533e+01 3.517600686099132190e+01 nan nan nan
5.040000000000000000e+02 3.594129606767133822e+01 3.517737049735510624e+01 nan nan nan
5.050000000000000000e+02 3.594129606767133822e+01 3.517873413371887636e+01 nan nan nan
5.060000000000000000e+02 3.594129606767134533e+01 3.518009777008266070e+01 nan nan nan
5.070000000000000000e+02 3.594129606767133822e+01 3.518146140644644504e+01 nan nan nan
5.080000000000000000e+02 3.594129606767134533e+01 3.518282504281024359e+01 nan nan nan
5.090000000000000000e+02 3.594129606767133822e+01 3.518418867917400661e+01 nan nan nan
5.100000000000000000e+02 3.594129606767135243e+01 3.518555231553779095e+01 nan nan nan
5.110000000000000000e+02 3.594129606767134533e+01 3.518691595190156818e+01 nan nan nan
5.120000000000000000e+02 3.594129606767134533e+01 3.518827958826535962e+01 nan nan nan
5.130000000000000000e+02 3.594129606767135243e+01 3.518964322462913685e+01 nan nan nan
5.140000000000000000e+02 3.594129606767134533e+01 3.519100686099291408e+01 nan nan nan
5.150000000000000000e+02 3.594129606767135243e+01 3.519237049735669842e+01 nan nan nan
5.160000000000000000e+02 3.594129606767134533e+01 3.519373413372048276e+01 nan nan nan
5.170000000000000000e+02 3.594129606767134533e+01 3.519509777008425289e+01 nan nan nan
5.180000000000000000e+02 3.594129606767135243e+01 3.519646140644803012e+01 nan 1.000000000000000000e+00 nan
5.190000000000000000e+02 3.594129606767134533e+01 3.519782504281181446e+01 nan 1.000000000000000000e+00 nan
5.200000000000000000e+02 3.594129606767134533e+01 3.519918867917559879e+01 nan 1.000000000000000000e+00 nan
5.210000000000000000e+02 3.594129606767133822e+01 3.520055231553937602e+01 nan 1.000000000000000000e+00 nan
5.220000000000000000e+02 3.594129606767135243e+01 3.520191595190316747e+01 nan 1.000000000000000000e+00 nan
5.230000000000000000e+02 3.594129606767133822e+01 3.520327958826694470e+01 nan 1.000000000000000000e+00 nan
5.240000000000000000e+02 3.594129606767134533e+01 3.520464322463072193e+01 nan nan nan
5.250000000000000000e+02 3.594265970403498045e+01 3.517191595189998310e+01 nan nan nan
5.260000000000000000e+02 3.594265970403498045e+01 3.517327958826376033e+01 nan nan nan
5.270000000000000000e+02 3.594265970403498045e+01 3.517464322462753756e+01 nan nan nan
5.280000000000000000e+02 3.594265970403498045e+01 3.517600686099132901e+01 nan nan nan
5.290000000000000000e+02 3.594265970403498045e+01 3.517737049735510624e+01 nan nan nan
5.300000000000000000e+02 3.594265970403498045e+01 3.517873413371889058e+01 nan nan nan
5.310000000000000000e+02 3.594265970403498045e+01 3.518009777008266070e+01 nan nan nan
5.320000000000000000e+02 3.594265970403498045e+01 3.518146140644644504e+01 nan nan nan
5.330000000000000000e+02 3.594265970403498045e+01 3.518282504281022938e+01 nan nan nan
5.340000000000000000e+02 3.594265970403498045e+01 3.518418867917400661e+01 nan nan nan
5.350000000000000000e+02 3.594265970403498045e+01 3.518555231553779095e+01 nan nan nan
5.360000000000000000e+02 3.594265970403498045e+01 3.518691595190157528e+01 nan nan nan
5.370000000000000000e+02 3.594265970403498045e+01 3.518827958826535962e+01 nan nan nan
5.380000000000000000e+02 3.594265970403498045e+01 3.518964322462913685e+01 nan nan nan
5.390000000000000000e+02 3.594265970403498045e+01 3.519100686099291408e+01 1.000000000000000000e+00 nan nan
5.400000000000000000e+02 3.594265970403498045e+01 3.519237049735670553e+01 nan nan nan
5.410000000000000000e+02 3.594265970403498045e+01 3.519373413372047565e+01 1.000000000000000000e+00 nan nan
5.420000000000000000e+02 3.594265970403498045e+01 3.519509777008425999e+01 nan nan nan
5.430000000000000000e+02 3.594265970403498045e+01 3.519646140644803722e+01 nan 1.000000000000000000e+00 nan
5.440000000000000000e+02 3.594265970403498045e+01 3.519782504281181446e+01 nan nan nan
5.450000000000000000e+02 3.594265970403498045e+01 3.519918867917559879e+01 nan 1.000000000000000000e+00 nan
5.460000000000000000e+02 3.594265970403498045e+01 3.520055231553938313e+01 nan 1.000000000000000000e+00 nan
5.470000000000000000e+02 3.594265970403498045e+01 3.520191595190316747e+01 nan 1.000000000000000000e+00 nan
5.480000000000000000e+02 3.594265970403498045e+01 3.520327958826694470e+01 nan 1.000000000000000000e+00 nan
5.490000000000000000e+02 3.594265970403498045e+01 3.520464322463072193e+01 nan nan nan
5.500000000000000000e+02 3.594402334039862268e+01 3.517191595189998310e+01 nan nan nan
5.510000000000000000e+02 3.594402334039862268e+01 3.517327958826376033e+01 nan nan nan
5.520000000000000000e+02 3.594402334039862268e+01 3.517464322462753756e+01 nan nan nan
5.530000000000000000e+02 3.594402334039862268e+01 3.517600686099132901e+01 nan nan nan
5.540000000000000000e+02 3.594402334039860847e+01 3.517737049735510624e+01 nan nan nan
5.550000000000000000e+02 3.594402334039860847e+01 3.517873413371887636e+01 nan nan nan
5.560000000000000000e+02 3.594402334039861557e+01 3.518009777008266070e+01 nan nan nan
5.570000000000000000e+02 3.594402334039862268e+01 3.518146140644644504e+01 nan nan nan
5.580000000000000000e+02 3.594402334039861557e+01 3.518282504281022938e+01 nan nan nan
5.590000000000000000e+02 3.594402334039861557e+01 3.518418867917400661e+01 nan nan nan
5.600000000000000000e+02 3.594402334039861557e+01 3.518555231553779095e+01 nan nan nan
5.610000000000000000e+02 3.594402334039862268e+01 3.518691595190156818e+01 nan nan nan
5.620000000000000000e+02 3.594402334039861557e+01 3.518827958826534541e+01 nan nan nan
5.630000000000000000e+02 3.594402334039860847e+01 3.518964322462913685e+01 nan nan nan
5.640000000000000000e+02 3.594402334039860847e+01 3.519100686099292119e+01 nan nan nan
5.650000000000000000e+02 3.594402334039861557e+01 3.519237049735669842e+01 nan nan nan
5.660000000000000000e+02 3.594402334039861557e+01 3.519373413372048276e+01 nan nan nan
5.670000000000000000e+02 3.594402334039860847e+01 3.519509777008425999e+01 nan nan nan
5.680000000000000000e+02 3.594402334039860847e+01 3.519646140644803012e+01 nan nan nan
5.690000000000000000e+02 3.594402334039862268e+01 3.519782504281180735e+01 nan 1.000000000000000000e+00 nan
5.700000000000000000e+02 3.594402334039862268e+01 3.519918867917559879e+01 nan 1.000000000000000000e+00 nan
5.710000000000000000e+02 3.594402334039862268e+01 3.520055231553938313e+01 nan 1.000000000000000000e+00 nan
5.720000000000000000e+02 3.594402334039861557e+01 3.520191595190316036e+01 nan 1.000000000000000000e+00 nan
5.730000000000000000e+02 3.594402334039861557e+01 3.520327958826694470e+01 nan nan nan
5.740000000000000000e+02 3.594402334039862268e+01 3.520464322463072193e+01 nan nan nan
5.750000000000000000e+02 3.594538697676225070e+01 3.517191595189997599e+01 nan nan nan
5.760000000000000000e+02 3.594538697676223649e+01 3.517327958826376033e+01 nan nan nan
5.770000000000000000e+02 3.594538697676225070e+01 3.517464322462753756e+01 nan nan nan
5.780000000000000000e+02 3.594538697676225070e+01 3.517600686099132190e+01 nan nan nan
5.790000000000000000e+02 3.594538697676224359e+01 3.517737049735510624e+01 nan nan nan
5.800000000000000000e+02 3.594538697676224359e+01 3.517873413371887636e+01 nan nan nan
5.810000000000000000e+02 3.594538697676225070e+01 3.518009777008266070e+01 nan nan nan
5.820000000000000000e+02 3.594538697676225070e+01 3.518146140644644504e+01 nan nan nan
5.830000000000000000e+02 3.594538697676225070e+01 3.518282504281024359e+01 nan nan nan
5.840000000000000000e+02 3.594538697676224359e+01 3.518418867917400661e+01 nan nan nan
5.850000000000000000e+02 3.594538697676225070e+01 3.518555231553779095e+01 nan nan nan
5.860000000000000000e+02 3.594538697676225070e+01 3.518691595190156818e+01 nan nan nan
5.870000000000000000e+02 3.594538697676225070e+01 3.518827958826535962e+01 nan nan nan
5.880000000000000000e+02 3.594538697676225070e+01 3.518964322462913685e+01 nan nan nan
5.890000000000000000e+02 3.594538697676224359e+01 3.519100686099291408e+01 nan nan nan
5.900000000000000000e+02 3.594538697676224359e+01 3.519237049735669842e+01 nan nan nan
5.910000000000000000e+02 3.594538697676225070e+01 3.519373413372048276e+01 nan 1.000000000000000000e+00 nan
5.920000000000000000e+02 3.594538697676225070e+01 3.519509777008425289e+01 nan nan nan
5.930000000000000000e+02 3.594538697676225070e+01 3.519646140644803012e+01 nan nan nan
5.940000000000000000e+02 3.594538697676223649e+01 3.519782504281181446e+01 nan 1.000000000000000000e+00 nan
5.950000000000000000e+02 3.594538697676225070e+01 3.519918867917559879e+01 nan 1.000000000000000000e+00 nan
5.960000000000000000e+02 3.594538697676224359e+01 3.520055231553937602e+01 nan 1.000000000000000000e+00 nan
5.970000000000000000e+02 3.594538697676225070e+01 3.520191595190316747e+01 nan 1.000000000000000000e+00 nan
5.980000000000000000e+02 3.594538697676225070e+01 3.520327958826694470e+01 nan nan nan
5.990000000000000000e+02 3.594538697676225070e+01 3.520464322463072193e+01 nan nan nan
6.000000000000000000e+02 3.594675061312588582e+01 3.517191595189997599e+01 nan nan nan
6.010000000000000000e+02 3.594675061312588582e+01 3.517327958826376033e+01 nan nan nan
6.020000000000000000e+02 3.594675061312589293e+01 3.517464322462753756e+01 nan nan nan
6.030000000000000000e+02 3.594675061312589293e+01 3.517600686099132190e+01 nan nan nan
6.040000000000000000e+02 3.594675061312589293e+01 3.517737049735510624e+01 nan nan nan
6.050000000000000000e+02 3.594675061312589293e+01 3.517873413371887636e+01 nan nan nan
6.060000000000000000e+02 3.594675061312588582e+01 3.518009777008266070e+01 nan nan nan
6.070000000000000000e+02 3.594675061312588582e+01 3.518146140644644504e+01 nan nan nan
6.080000000000000000e+02 3.594675061312588582e+01 3.518282504281024359e+01 nan nan nan
6.090000000000000000e+02 3.594675061312589293e+01 3.518418867917400661e+01 nan nan nan
6.100000000000000000e+02 3.594675061312588582e+01 3.518555231553779095e+01 nan nan nan
6.110000000000000000e+02 3.594675061312588582e+01 3.518691595190156818e+01 nan nan nan
6.120000000000000000e+02 3.594675061312589293e+01 3.518827958826535962e+01 nan nan nan
6.130000000000000000e+02 3.594675061312589293e+01 3.518964322462913685e+01 nan 1.000000000000000000e+00 nan
6.140000000000000000e+02 3.594675061312589293e+01 3.519100686099291408e+01 1.000000000000000000e+00 1.000000000000000000e+00 1.000000000000000000e+00
6.150000000000000000e+02 3.594675061312588582e+01 3.519237049735669842e+01 nan 1.000000000000000000e+00 nan
6.160000000000000000e+02 3.594675061312588582e+01 3.519373413372048276e+01 nan 1.000000000000000000e+00 nan
6.170000000000000000e+02 3.594675061312589293e+01 3.519509777008425289e+01 nan nan nan
6.180000000000000000e+02 3.594675061312588582e+01 3.519646140644803012e+01 nan nan nan
6.190000000000000000e+02 3.594675061312588582e+01 3.519782504281181446e+01 nan nan nan
6.200000000000000000e+02 3.594675061312589293e+01 3.519918867917559879e+01 nan 1.000000000000000000e+00 nan
6.210000000000000000e+02 3.594675061312588582e+01 3.520055231553937602e+01 nan 1.000000000000000000e+00 nan
6.220000000000000000e+02 3.594675061312588582e+01 3.520191595190316747e+01 nan nan nan
6.230000000000000000e+02 3.594675061312589293e+01 3.520327958826694470e+01 nan nan nan
6.240000000000000000e+02 3.594675061312588582e+01 3.520464322463072193e+01 nan nan nan
