1.000000000000000000e+00 5.775193798449612670e-01
3.000000000000000000e+00 6.612756415948851663e-01
5.000000000000000000e+00 7.033027666550681900e-01
7.000000000000000000e+00 7.310090908238831009e-01
9.000000000000000000e+00 7.539342518299678719e-01
1.100000000000000000e+01 7.746409097382523923e-01
1.300000000000000000e+01 7.933907893940126410e-01
1.500000000000000000e+01 8.102943450078516907e-01
1.700000000000000000e+01 8.252686706687489826e-01
1.900000000000000000e+01 8.382297189801066750e-01
2.100000000000000000e+01 8.496846853801087729e-01
2.300000000000000000e+01 8.592597894063642716e-01
2.500000000000000000e+01 8.671175564601043551e-01
2.700000000000000000e+01 8.732072208552867920e-01
2.900000000000000000e+01 8.778493360497128251e-01
3.100000000000000000e+01 8.812922257238012813e-01
3.300000000000000000e+01 8.838441664899532313e-01
3.500000000000000000e+01 8.859718745442529686e-01
3.700000000000000000e+01 8.879005120393860251e-01
3.900000000000000000e+01 8.896209542749623500e-01
4.100000000000000000e+01 8.911454424076254988e-01
4.300000000000000000e+01 8.923909246371735104e-01
4.500000000000000000e+01 8.932753934168099486e-01
4.700000000000000000e+01 8.938065433688623385e-01
4.900000000000000000e+01 8.940224876507931739e-01
5.100000000000000000e+01 8.940117182739852897e-01
5.300000000000000000e+01 8.938151070680793175e-01
5.500000000000000000e+01 8.933744216146445316e-01
5.700000000000000000e+01 8.928305712400081973e-01
5.900000000000000000e+01 8.922192825796670945e-01
6.100000000000000000e+01 8.916160922261959776e-01
6.300000000000000000e+01 8.910399056768161241e-01
6.500000000000000000e+01 8.904866457866658092e-01
6.700000000000000000e+01 8.899680057787480170e-01
6.900000000000000000e+01 8.894739608459373281e-01
7.100000000000000000e+01 8.889220882674397917e-01
7.300000000000000000e+01 8.882796969049953084e-01
7.500000000000000000e+01 8.875976683095463393e-01
7.700000000000000000e+01 8.868056377544561997e-01
7.900000000000000000e+01 8.859493409245935425e-01
8.100000000000000000e+01 8.849503943355347957e-01
8.300000000000000000e+01 8.838496360069343361e-01
8.500000000000000000e+01 8.827117038673619742e-01
8.700000000000000000e+01 8.816017784192982099e-01
8.900000000000000000e+01 8.805172614682107435e-01
9.100000000000000000e+01 8.794874258406792933e-01
9.300000000000000000e+01 8.785857837236835666e-01
9.500000000000000000e+01 8.778511688004859703e-01
9.700000000000000000e+01 8.773105951578346051e-01
9.900000000000000000e+01 8.767768970870086775e-01
1.010000000000000000e+02 8.762469859680520612e-01
1.030000000000000000e+02 8.757232122063933755e-01
1.050000000000000000e+02 8.752184860084265550e-01
1.070000000000000000e+02 8.747302214393933850e-01
1.090000000000000000e+02 8.742919393248567150e-01
1.110000000000000000e+02 8.738692535912371273e-01
1.130000000000000000e+02 8.734770303544527881e-01
1.150000000000000000e+02 8.731143773799592278e-01
1.170000000000000000e+02 8.727805298810359380e-01
1.190000000000000000e+02 8.725346273742998759e-01
1.210000000000000000e+02 8.723789088999509556e-01
1.230000000000000000e+02 8.722780295641372472e-01
1.250000000000000000e+02 8.722270568930436951e-01
1.270000000000000000e+02 8.722270568930438062e-01
1.290000000000000000e+02 8.722270568930439172e-01
1.310000000000000000e+02 8.722270568930442503e-01
1.330000000000000000e+02 8.722270568930438062e-01
1.350000000000000000e+02 8.722270568930445833e-01
1.370000000000000000e+02 8.722270568930432511e-01
1.390000000000000000e+02 8.722270568930441392e-01
1.410000000000000000e+02 8.722270568930434731e-01
1.430000000000000000e+02 8.722270568930436951e-01
1.450000000000000000e+02 8.722270568930434731e-01
1.470000000000000000e+02 8.722270568930429180e-01
1.490000000000000000e+02 8.722270568930433621e-01
