1.000000000000000000e+00 2.335874472651913170e-01
3.000000000000000000e+00 2.640597177339576440e-01
5.000000000000000000e+00 2.773231445662602823e-01
7.000000000000000000e+00 2.840086513096700127e-01
9.000000000000000000e+00 2.880803913634235602e-01
1.100000000000000000e+01 2.909793688883456353e-01
1.300000000000000000e+01 2.933398582297089829e-01
1.500000000000000000e+01 2.954341938554796432e-01
1.700000000000000000e+01 2.973554088686751751e-01
1.900000000000000000e+01 2.992302116596338157e-01
2.100000000000000000e+01 3.010924637801493109e-01
2.300000000000000000e+01 3.029819741738822847e-01
2.500000000000000000e+01 3.049584318509681591e-01
2.700000000000000000e+01 3.070264734334690049e-01
2.900000000000000000e+01 3.092072266885181886e-01
3.100000000000000000e+01 3.115089665302126498e-01
3.300000000000000000e+01 3.139629608317503484e-01
3.500000000000000000e+01 3.165725263012614255e-01
3.700000000000000000e+01 3.193423105728505629e-01
3.900000000000000000e+01 3.222826490203435368e-01
4.100000000000000000e+01 3.253978160994750457e-01
4.300000000000000000e+01 3.286949986836216198e-01
4.500000000000000000e+01 3.321574689141308934e-01
4.700000000000000000e+01 3.357911137109601540e-01
4.900000000000000000e+01 3.396086073270012662e-01
5.100000000000000000e+01 3.436141996437597212e-01
5.300000000000000000e+01 3.478107731831959759e-01
5.500000000000000000e+01 3.521971406690493911e-01
5.700000000000000000e+01 3.567864679358944136e-01
5.900000000000000000e+01 3.615768108642067880e-01
6.100000000000000000e+01 3.665479780789618891e-01
6.300000000000000000e+01 3.717145502842518212e-01
6.500000000000000000e+01 3.770737864846552823e-01
6.700000000000000000e+01 3.825809023573338852e-01
6.900000000000000000e+01 3.882332392485529082e-01
7.100000000000000000e+01 3.940522276543112490e-01
7.300000000000000000e+01 4.000329465853053046e-01
7.500000000000000000e+01 4.061601045848448610e-01
7.700000000000000000e+01 4.124318498768668739e-01
7.900000000000000000e+01 4.188617739826813180e-01
8.100000000000000000e+01 4.254470327504074056e-01
8.300000000000000000e+01 4.321714294199149320e-01
8.500000000000000000e+01 4.390223846249018402e-01
8.700000000000000000e+01 4.459899792799238982e-01
8.900000000000000000e+01 4.530644758236151981e-01
9.100000000000000000e+01 4.602413404177470024e-01
9.300000000000000000e+01 4.675016490814132286e-01
9.500000000000000000e+01 4.748344775511937899e-01
9.700000000000000000e+01 4.822324488558503708e-01
9.900000000000000000e+01 4.896868649558629993e-01
1.010000000000000000e+02 4.971859242203063856e-01
1.030000000000000000e+02 5.047327929031075744e-01
1.050000000000000000e+02 5.123127849340285422e-01
1.070000000000000000e+02 5.199131162401995354e-01
1.090000000000000000e+02 5.275176097029868894e-01
1.110000000000000000e+02 5.351199251286801184e-01
1.130000000000000000e+02 5.427220336068820927e-01
1.150000000000000000e+02 5.503047283396793610e-01
1.170000000000000000e+02 5.578553523563545280e-01
1.190000000000000000e+02 5.653579466707628898e-01
1.210000000000000000e+02 5.727927020821433901e-01
1.230000000000000000e+02 5.801560008225279397e-01
1.250000000000000000e+02 5.874248887057667012e-01
1.270000000000000000e+02 5.945943601889933650e-01
1.290000000000000000e+02 6.016534160830353528e-01
1.310000000000000000e+02 6.085823618223840104e-01
1.330000000000000000e+02 6.153895481909701370e-01
1.350000000000000000e+02 6.220757504651920344e-01
1.370000000000000000e+02 6.286434526246824639e-01
1.390000000000000000e+02 6.350930448449817467e-01
1.410000000000000000e+02 6.413884001143841385e-01
1.430000000000000000e+02 6.475335667663921768e-01
1.450000000000000000e+02 6.535288581056319934e-01
1.470000000000000000e+02 6.593845229058967750e-01
1.490000000000000000e+02 6.651060064689378049e-01
