1.000000000000000000e+00 1.158398388315284855e-02
3.000000000000000000e+00 1.220620826228602240e-02
5.000000000000000000e+00 1.265828633080645638e-02
7.000000000000000000e+00 1.307962352662161987e-02
9.000000000000000000e+00 1.341694712052787786e-02
1.100000000000000000e+01 1.361323236235856271e-02
1.300000000000000000e+01 1.368769155761406786e-02
1.500000000000000000e+01 1.367948785758243968e-02
1.700000000000000000e+01 1.358993340155278950e-02
1.900000000000000000e+01 1.346313873815829787e-02
2.100000000000000000e+01 1.332853754964780091e-02
2.300000000000000000e+01 1.320186196674422163e-02
2.500000000000000000e+01 1.311888464061261583e-02
2.700000000000000000e+01 1.306669135835047957e-02
2.900000000000000000e+01 1.303898134670888886e-02
3.100000000000000000e+01 1.303242235230761548e-02
3.300000000000000000e+01 1.304303899817815804e-02
3.500000000000000000e+01 1.306868759956036907e-02
3.700000000000000000e+01 1.310650268078628056e-02
3.900000000000000000e+01 1.315234898950101705e-02
4.100000000000000000e+01 1.320275727275088684e-02
4.300000000000000000e+01 1.325643605149307014e-02
4.500000000000000000e+01 1.330044931338758563e-02
4.700000000000000000e+01 1.332041528200300640e-02
4.900000000000000000e+01 1.331787043492982381e-02
5.100000000000000000e+01 1.330381063190166913e-02
5.300000000000000000e+01 1.329272580544293980e-02
5.500000000000000000e+01 1.328315232485821618e-02
5.700000000000000000e+01 1.327563727503078272e-02
5.900000000000000000e+01 1.326877489458633264e-02
6.100000000000000000e+01 1.326166116409921436e-02
6.300000000000000000e+01 1.325645213760473506e-02
6.500000000000000000e+01 1.325301687022251151e-02
6.700000000000000000e+01 1.325108145392162040e-02
6.900000000000000000e+01 1.324961594081752736e-02
7.100000000000000000e+01 1.324782207634533915e-02
7.300000000000000000e+01 1.323682211123144992e-02
7.500000000000000000e+01 1.321659119818774375e-02
7.700000000000000000e+01 1.318766070215282582e-02
7.900000000000000000e+01 1.316009204410861777e-02
8.100000000000000000e+01 1.313321044081583455e-02
8.300000000000000000e+01 1.310621489526164751e-02
8.500000000000000000e+01 1.307908894782061626e-02
8.700000000000000000e+01 1.305186170597527617e-02
8.900000000000000000e+01 1.302460759536872015e-02
9.100000000000000000e+01 1.299723663132745788e-02
9.300000000000000000e+01 1.296980474142239714e-02
9.500000000000000000e+01 1.293721128757241434e-02
9.700000000000000000e+01 1.289942293155021957e-02
9.900000000000000000e+01 1.285691816762657425e-02
1.010000000000000000e+02 1.281032352419209097e-02
1.030000000000000000e+02 1.276013324003244520e-02
1.050000000000000000e+02 1.271155922724964693e-02
1.070000000000000000e+02 1.266462641616505902e-02
1.090000000000000000e+02 1.261958831426424066e-02
1.110000000000000000e+02 1.257637535757016867e-02
1.130000000000000000e+02 1.253515134560811983e-02
1.150000000000000000e+02 1.249643443401216025e-02
1.170000000000000000e+02 1.246021428679089382e-02
1.190000000000000000e+02 1.242645732356140176e-02
1.210000000000000000e+02 1.239481976042999811e-02
1.230000000000000000e+02 1.236566892112012095e-02
1.250000000000000000e+02 1.233908985222831323e-02
1.270000000000000000e+02 1.231552042384531642e-02
1.290000000000000000e+02 1.229516225336324542e-02
1.310000000000000000e+02 1.227787864601637136e-02
1.330000000000000000e+02 1.226358172991814932e-02
1.350000000000000000e+02 1.225241188336523290e-02
1.370000000000000000e+02 1.224463049849300322e-02
1.390000000000000000e+02 1.224023901117898827e-02
1.410000000000000000e+02 1.223920561890856629e-02
1.430000000000000000e+02 1.224138639705885101e-02
1.450000000000000000e+02 1.224676408641633962e-02
1.470000000000000000e+02 1.225520559020187861e-02
1.490000000000000000e+02 1.226643450265474389e-02
