1.000000000000000000e+00 9.457001818654198200e-02
3.000000000000000000e+00 1.127909472844919048e-01
5.000000000000000000e+00 1.226000436012314454e-01
7.000000000000000000e+00 1.291539118788972429e-01
9.000000000000000000e+00 1.338319594096222254e-01
1.100000000000000000e+01 1.376138614745570088e-01
1.300000000000000000e+01 1.410281134460897867e-01
1.500000000000000000e+01 1.442808551566939768e-01
1.700000000000000000e+01 1.474596994613626144e-01
1.900000000000000000e+01 1.506364539834514904e-01
2.100000000000000000e+01 1.538244223585443216e-01
2.300000000000000000e+01 1.570319778106455955e-01
2.500000000000000000e+01 1.602580861016186242e-01
2.700000000000000000e+01 1.635228100343683044e-01
2.900000000000000000e+01 1.668635057593758075e-01
3.100000000000000000e+01 1.702832797024247391e-01
3.300000000000000000e+01 1.737830225777236004e-01
3.500000000000000000e+01 1.773660977778485082e-01
3.700000000000000000e+01 1.810292891378340041e-01
3.900000000000000000e+01 1.847657383311922530e-01
4.100000000000000000e+01 1.885776900099045417e-01
4.300000000000000000e+01 1.924682756081217416e-01
4.500000000000000000e+01 1.964346859188124128e-01
4.700000000000000000e+01 2.004700459565607051e-01
4.900000000000000000e+01 2.045709731841029999e-01
5.100000000000000000e+01 2.087411068273189452e-01
5.300000000000000000e+01 2.129813961152982049e-01
5.500000000000000000e+01 2.172915464486402382e-01
5.700000000000000000e+01 2.216699443788148205e-01
5.900000000000000000e+01 2.261134084321476667e-01
6.100000000000000000e+01 2.306203766399267385e-01
6.300000000000000000e+01 2.351864762192088509e-01
6.500000000000000000e+01 2.398089560319457414e-01
6.700000000000000000e+01 2.444835259178596010e-01
6.900000000000000000e+01 2.492039104058565435e-01
7.100000000000000000e+01 2.539626523372922051e-01
7.300000000000000000e+01 2.587518053556174813e-01
7.500000000000000000e+01 2.635655413909324674e-01
7.700000000000000000e+01 2.683972235237429560e-01
7.900000000000000000e+01 2.732418491469081889e-01
8.100000000000000000e+01 2.780972250539178736e-01
8.300000000000000000e+01 2.829602447540968679e-01
8.500000000000000000e+01 2.878255150150196284e-01
8.700000000000000000e+01 2.926883906578404693e-01
8.900000000000000000e+01 2.975448568994503162e-01
9.100000000000000000e+01 3.023898559163875621e-01
9.300000000000000000e+01 3.072190038352060615e-01
9.500000000000000000e+01 3.120263834134460179e-01
9.700000000000000000e+01 3.168063934166550633e-01
9.900000000000000000e+01 3.215552392129961135e-01
1.010000000000000000e+02 3.262670451221666434e-01
1.030000000000000000e+02 3.309381530707611319e-01
1.050000000000000000e+02 3.355649423927754560e-01
1.070000000000000000e+02 3.401433998520972946e-01
1.090000000000000000e+02 3.446705383034458503e-01
1.110000000000000000e+02 3.491445352069757480e-01
1.130000000000000000e+02 3.535639369466192505e-01
1.150000000000000000e+02 3.579267490337598723e-01
1.170000000000000000e+02 3.622303529165477043e-01
1.190000000000000000e+02 3.664736354831948928e-01
1.210000000000000000e+02 3.706551792450051286e-01
1.230000000000000000e+02 3.747724361788301595e-01
1.250000000000000000e+02 3.788263697917618744e-01
1.270000000000000000e+02 3.828179728970905193e-01
1.290000000000000000e+02 3.867470540811466240e-01
1.310000000000000000e+02 3.906147400113815227e-01
1.330000000000000000e+02 3.944164010498194539e-01
1.350000000000000000e+02 3.981511880719911245e-01
1.370000000000000000e+02 4.018223211831067898e-01
1.390000000000000000e+02 4.054302122845937495e-01
1.410000000000000000e+02 4.089766053003879298e-01
1.430000000000000000e+02 4.124575815839370829e-01
1.450000000000000000e+02 4.158750445946366447e-01
1.470000000000000000e+02 4.192326185449178899e-01
1.490000000000000000e+02 4.225325322971048569e-01
