1.000000000000000000e+00 4.387014096539940677e-01
3.000000000000000000e+00 5.048862414768660045e-01
5.000000000000000000e+00 5.339039151445310605e-01
7.000000000000000000e+00 5.493984771999778083e-01
9.000000000000000000e+00 5.601592658794436463e-01
1.100000000000000000e+01 5.688746541462984530e-01
1.300000000000000000e+01 5.767739175911981153e-01
1.500000000000000000e+01 5.844044778985817423e-01
1.700000000000000000e+01 5.918981640960021551e-01
1.900000000000000000e+01 5.992508970895021880e-01
2.100000000000000000e+01 6.064235497246226458e-01
2.300000000000000000e+01 6.134284407822154783e-01
2.500000000000000000e+01 6.203127633717888667e-01
2.700000000000000000e+01 6.271161753934764160e-01
2.900000000000000000e+01 6.339346411562034600e-01
3.100000000000000000e+01 6.408123514945591737e-01
3.300000000000000000e+01 6.477630766351836211e-01
3.500000000000000000e+01 6.548213015844273066e-01
3.700000000000000000e+01 6.619801055010792190e-01
3.900000000000000000e+01 6.691781952038956538e-01
4.100000000000000000e+01 6.763891493104750019e-01
4.300000000000000000e+01 6.835945749949928762e-01
4.500000000000000000e+01 6.907716208277869807e-01
4.700000000000000000e+01 6.979288386267372690e-01
4.900000000000000000e+01 7.050444648631990496e-01
5.100000000000000000e+01 7.120728891829660734e-01
5.300000000000000000e+01 7.190014019844512827e-01
5.500000000000000000e+01 7.258182692781265377e-01
5.700000000000000000e+01 7.325210196986431388e-01
5.900000000000000000e+01 7.390525582048473874e-01
6.100000000000000000e+01 7.454102203369487034e-01
6.300000000000000000e+01 7.515812568898329049e-01
6.500000000000000000e+01 7.575646531938207140e-01
6.700000000000000000e+01 7.633497395625916671e-01
6.900000000000000000e+01 7.688812138564246057e-01
7.100000000000000000e+01 7.741571278083465568e-01
7.300000000000000000e+01 7.791963476659962140e-01
7.500000000000000000e+01 7.840023503410546990e-01
7.700000000000000000e+01 7.885815636696482667e-01
7.900000000000000000e+01 7.929407998746546005e-01
8.100000000000000000e+01 7.970924976898188241e-01
8.300000000000000000e+01 8.010975134693845146e-01
8.500000000000000000e+01 8.049462026285538752e-01
8.700000000000000000e+01 8.086568111833906114e-01
8.900000000000000000e+01 8.122596690823354892e-01
9.100000000000000000e+01 8.157341137050732049e-01
9.300000000000000000e+01 8.190922096179800160e-01
9.500000000000000000e+01 8.223350220913748787e-01
9.700000000000000000e+01 8.254779352999497277e-01
9.900000000000000000e+01 8.285426510642838194e-01
1.010000000000000000e+02 8.315055079752079470e-01
1.030000000000000000e+02 8.343646509399890165e-01
1.050000000000000000e+02 8.371172397881109228e-01
1.070000000000000000e+02 8.398025123790944235e-01
1.090000000000000000e+02 8.424282844633458334e-01
1.110000000000000000e+02 8.449884360946188222e-01
1.130000000000000000e+02 8.474624553875751420e-01
1.150000000000000000e+02 8.498340156485192365e-01
1.170000000000000000e+02 8.521039201145483855e-01
1.190000000000000000e+02 8.543098041232340956e-01
1.210000000000000000e+02 8.564297828112226174e-01
1.230000000000000000e+02 8.584721672429225237e-01
1.250000000000000000e+02 8.604656471306089127e-01
1.270000000000000000e+02 8.624027956944522177e-01
1.290000000000000000e+02 8.642888503305355963e-01
1.310000000000000000e+02 8.660996350580253411e-01
1.330000000000000000e+02 8.677924734210052948e-01
1.350000000000000000e+02 8.693670415793880446e-01
1.370000000000000000e+02 8.708460448962752620e-01
1.390000000000000000e+02 8.722330397679552982e-01
1.410000000000000000e+02 8.735394933459461608e-01
1.430000000000000000e+02 8.747601325691205520e-01
1.450000000000000000e+02 8.759122299203355722e-01
1.470000000000000000e+02 8.769916961384970344e-01
1.490000000000000000e+02 8.779898141255607635e-01
