1.000000000000000000e+00 1.489808975413586811e-02
3.000000000000000000e+00 1.728477544013995448e-02
5.000000000000000000e+00 1.836873419029760868e-02
7.000000000000000000e+00 1.909074568724156151e-02
9.000000000000000000e+00 1.970722817033965235e-02
1.100000000000000000e+01 2.024204773890114772e-02
1.300000000000000000e+01 2.070874673649780728e-02
1.500000000000000000e+01 2.113967323375853802e-02
1.700000000000000000e+01 2.154993142700012410e-02
1.900000000000000000e+01 2.193011796761035193e-02
2.100000000000000000e+01 2.228773899455249730e-02
2.300000000000000000e+01 2.263306493993966217e-02
2.500000000000000000e+01 2.299010098846976380e-02
2.700000000000000000e+01 2.335334748118345072e-02
2.900000000000000000e+01 2.371637479947175109e-02
3.100000000000000000e+01 2.407969452602620741e-02
3.300000000000000000e+01 2.444524449110307973e-02
3.500000000000000000e+01 2.481377749811453093e-02
3.700000000000000000e+01 2.516666879781404020e-02
3.900000000000000000e+01 2.550495221286053216e-02
4.100000000000000000e+01 2.582562458163306651e-02
4.300000000000000000e+01 2.613206758727426582e-02
4.500000000000000000e+01 2.642949177274978023e-02
4.700000000000000000e+01 2.671877352974860731e-02
4.900000000000000000e+01 2.701942802455425952e-02
5.100000000000000000e+01 2.733087702619296788e-02
5.300000000000000000e+01 2.765292823083875806e-02
5.500000000000000000e+01 2.798191289236917623e-02
5.700000000000000000e+01 2.830810477439826833e-02
5.900000000000000000e+01 2.862547995560138503e-02
6.100000000000000000e+01 2.893435092421425825e-02
6.300000000000000000e+01 2.923495179675339450e-02
6.500000000000000000e+01 2.954086297609004319e-02
6.700000000000000000e+01 2.985230052679266333e-02
6.900000000000000000e+01 3.016839744767763065e-02
7.100000000000000000e+01 3.048806125708081183e-02
7.300000000000000000e+01 3.080389847657660773e-02
7.500000000000000000e+01 3.111599682159571501e-02
7.700000000000000000e+01 3.142480991563223469e-02
7.900000000000000000e+01 3.173680860535121884e-02
8.100000000000000000e+01 3.205259518026104537e-02
8.300000000000000000e+01 3.236814996557513258e-02
8.500000000000000000e+01 3.269482473747187257e-02
8.700000000000000000e+01 3.303313627117410167e-02
8.900000000000000000e+01 3.338250869754688654e-02
9.100000000000000000e+01 3.374386019697850347e-02
9.300000000000000000e+01 3.411060644617947002e-02
9.500000000000000000e+01 3.448245696895368972e-02
9.700000000000000000e+01 3.485812101312746325e-02
9.900000000000000000e+01 3.523909295939020581e-02
1.010000000000000000e+02 3.562672094158325642e-02
1.030000000000000000e+02 3.602981244434400043e-02
1.050000000000000000e+02 3.644788705697532549e-02
1.070000000000000000e+02 3.688482752889798988e-02
1.090000000000000000e+02 3.732724769550332944e-02
1.110000000000000000e+02 3.776845456365351961e-02
1.130000000000000000e+02 3.820784033246771294e-02
1.150000000000000000e+02 3.864505047401844973e-02
1.170000000000000000e+02 3.907580002894617266e-02
1.190000000000000000e+02 3.950042338527082197e-02
1.210000000000000000e+02 3.991886458263727011e-02
1.230000000000000000e+02 4.033098935050094536e-02
1.250000000000000000e+02 4.074080804180724158e-02
1.270000000000000000e+02 4.114816478518334986e-02
1.290000000000000000e+02 4.154288667563821313e-02
1.310000000000000000e+02 4.192524584467760551e-02
1.330000000000000000e+02 4.229337136103761274e-02
1.350000000000000000e+02 4.264967167148914218e-02
1.370000000000000000e+02 4.299473487448690623e-02
1.390000000000000000e+02 4.332892277979272233e-02
1.410000000000000000e+02 4.365244155390879399e-02
1.430000000000000000e+02 4.397130671437143867e-02
1.450000000000000000e+02 4.428223679741494223e-02
1.470000000000000000e+02 4.459011092468545545e-02
1.490000000000000000e+02 4.489450516546900083e-02
