1.000000000000000000e+00 1.516300227445033233e-02
3.000000000000000000e+00 1.578991573112364932e-02
5.000000000000000000e+00 1.594470789380297848e-02
7.000000000000000000e+00 1.597838339180490674e-02
9.000000000000000000e+00 1.605161180093073181e-02
1.100000000000000000e+01 1.614121045654282049e-02
1.300000000000000000e+01 1.624423250621220838e-02
1.500000000000000000e+01 1.638821832713921456e-02
1.700000000000000000e+01 1.656175950186056234e-02
1.900000000000000000e+01 1.674989252112346616e-02
2.100000000000000000e+01 1.694185822586535828e-02
2.300000000000000000e+01 1.713213723660711452e-02
2.500000000000000000e+01 1.732491357261323195e-02
2.700000000000000000e+01 1.752008455755105221e-02
2.900000000000000000e+01 1.771444547552070148e-02
3.100000000000000000e+01 1.790435588231964470e-02
3.300000000000000000e+01 1.808925357682411583e-02
3.500000000000000000e+01 1.826915747146040658e-02
3.700000000000000000e+01 1.844526915053679161e-02
3.900000000000000000e+01 1.861893263801406295e-02
4.100000000000000000e+01 1.879163549528484189e-02
4.300000000000000000e+01 1.896468510944926411e-02
4.500000000000000000e+01 1.913954851126975498e-02
4.700000000000000000e+01 1.931561397440817451e-02
4.900000000000000000e+01 1.949228380697565211e-02
5.100000000000000000e+01 1.967005020934076143e-02
5.300000000000000000e+01 1.984913200866367244e-02
5.500000000000000000e+01 2.002939063415953846e-02
5.700000000000000000e+01 2.021019420771819064e-02
5.900000000000000000e+01 2.038871479363779660e-02
6.100000000000000000e+01 2.056453588540996247e-02
6.300000000000000000e+01 2.073681945084571154e-02
6.500000000000000000e+01 2.090650275369687616e-02
6.700000000000000000e+01 2.107425742704704952e-02
6.900000000000000000e+01 2.123907559163018544e-02
7.100000000000000000e+01 2.140252111700224891e-02
7.300000000000000000e+01 2.156472413271504074e-02
7.500000000000000000e+01 2.172577574842349257e-02
7.700000000000000000e+01 2.188539090291130584e-02
7.900000000000000000e+01 2.204320722085983952e-02
8.100000000000000000e+01 2.219739501551021288e-02
8.300000000000000000e+01 2.234756793786940587e-02
8.500000000000000000e+01 2.249237201487663818e-02
8.700000000000000000e+01 2.263212811729042873e-02
8.900000000000000000e+01 2.276694410422008819e-02
9.100000000000000000e+01 2.289744776467816934e-02
9.300000000000000000e+01 2.302391441208317957e-02
9.500000000000000000e+01 2.314409246397175490e-02
9.700000000000000000e+01 2.326143591277718414e-02
9.900000000000000000e+01 2.337256430478096281e-02
1.010000000000000000e+02 2.347780619396167001e-02
1.030000000000000000e+02 2.357832412477134376e-02
1.050000000000000000e+02 2.367449160120793650e-02
1.070000000000000000e+02 2.377030233763932632e-02
1.090000000000000000e+02 2.386603717367674626e-02
1.110000000000000000e+02 2.396211023003869123e-02
1.130000000000000000e+02 2.405676186228822289e-02
1.150000000000000000e+02 2.415025538667658900e-02
1.170000000000000000e+02 2.424377933667432039e-02
1.190000000000000000e+02 2.433655794620048773e-02
1.210000000000000000e+02 2.442890357053528749e-02
1.230000000000000000e+02 2.451968309491314724e-02
1.250000000000000000e+02 2.460923024485450750e-02
1.270000000000000000e+02 2.469799122929405844e-02
1.290000000000000000e+02 2.478925073123572353e-02
1.310000000000000000e+02 2.488270578683904333e-02
1.330000000000000000e+02 2.497851625471636527e-02
1.350000000000000000e+02 2.507377091756990417e-02
1.370000000000000000e+02 2.516868058113264084e-02
1.390000000000000000e+02 2.526402060411980788e-02
1.410000000000000000e+02 2.536001921035213602e-02
1.430000000000000000e+02 2.545737048873408792e-02
1.450000000000000000e+02 2.555610370367700224e-02
1.470000000000000000e+02 2.565389744742041511e-02
1.490000000000000000e+02 2.575080266893592373e-02
