1.000000000000000000e+00 2.073744546154504542e-01
3.000000000000000000e+00 2.407066742809930160e-01
5.000000000000000000e+00 2.562970893542315665e-01
7.000000000000000000e+00 2.653680081625340303e-01
9.000000000000000000e+00 2.717977647882221515e-01
1.100000000000000000e+01 2.772895085502147250e-01
1.300000000000000000e+01 2.823276442640203499e-01
1.500000000000000000e+01 2.871920758803527818e-01
1.700000000000000000e+01 2.919974337264419351e-01
1.900000000000000000e+01 2.968203999762064615e-01
2.100000000000000000e+01 3.016910943028495717e-01
2.300000000000000000e+01 3.065823257629435306e-01
2.500000000000000000e+01 3.114832518529973004e-01
2.700000000000000000e+01 3.164124713350249252e-01
2.900000000000000000e+01 3.213731564987724054e-01
3.100000000000000000e+01 3.263565937007963935e-01
3.300000000000000000e+01 3.313504448638612265e-01
3.500000000000000000e+01 3.363557483276239379e-01
3.700000000000000000e+01 3.413809735182098404e-01
3.900000000000000000e+01 3.464399867217859974e-01
4.100000000000000000e+01 3.515529949820203059e-01
4.300000000000000000e+01 3.567284467748874643e-01
4.500000000000000000e+01 3.619722494560145831e-01
4.700000000000000000e+01 3.672847069855187385e-01
4.900000000000000000e+01 3.726702751645928346e-01
5.100000000000000000e+01 3.781252085761876991e-01
5.300000000000000000e+01 3.836582884579792241e-01
5.500000000000000000e+01 3.892644952133222924e-01
5.700000000000000000e+01 3.949399177556579543e-01
5.900000000000000000e+01 4.006827685077550827e-01
6.100000000000000000e+01 4.064844290654603398e-01
6.300000000000000000e+01 4.123476736382231111e-01
6.500000000000000000e+01 4.182788606017410205e-01
6.700000000000000000e+01 4.242701991089719016e-01
6.900000000000000000e+01 4.303152071659208655e-01
7.100000000000000000e+01 4.364075901574162586e-01
7.300000000000000000e+01 4.425396544632456131e-01
7.500000000000000000e+01 4.487056237865795216e-01
7.700000000000000000e+01 4.549149998078884094e-01
7.900000000000000000e+01 4.611496289550254257e-01
8.100000000000000000e+01 4.674061269485207948e-01
8.300000000000000000e+01 4.736781302535795213e-01
8.500000000000000000e+01 4.799626939947584381e-01
8.700000000000000000e+01 4.862466360886396055e-01
8.900000000000000000e+01 4.925359461405474093e-01
9.100000000000000000e+01 4.988019670098678970e-01
9.300000000000000000e+01 5.050247196442609887e-01
9.500000000000000000e+01 5.112097420704279083e-01
9.700000000000000000e+01 5.173513903622837251e-01
9.900000000000000000e+01 5.234400327546482323e-01
1.010000000000000000e+02 5.294714831190527882e-01
1.030000000000000000e+02 5.354383868560776971e-01
1.050000000000000000e+02 5.413307941040341742e-01
1.070000000000000000e+02 5.471363348753055522e-01
1.090000000000000000e+02 5.528534501117245981e-01
1.110000000000000000e+02 5.584859269645463531e-01
1.130000000000000000e+02 5.640179337386477254e-01
1.150000000000000000e+02 5.694555702117767293e-01
1.170000000000000000e+02 5.747984365905552950e-01
1.190000000000000000e+02 5.800388093605488571e-01
1.210000000000000000e+02 5.851802271111641307e-01
1.230000000000000000e+02 5.902238636151382334e-01
1.250000000000000000e+02 5.951682403774211094e-01
1.270000000000000000e+02 6.000051291064965042e-01
1.290000000000000000e+02 6.047237037554855643e-01
1.310000000000000000e+02 6.093252901610624050e-01
1.330000000000000000e+02 6.138250899195883958e-01
1.350000000000000000e+02 6.182157973413073826e-01
1.370000000000000000e+02 6.225032786445408028e-01
1.390000000000000000e+02 6.266657626032048345e-01
1.410000000000000000e+02 6.307089259202566245e-01
1.430000000000000000e+02 6.346335629281874002e-01
1.450000000000000000e+02 6.384485492938265505e-01
1.470000000000000000e+02 6.421798180565285730e-01
1.490000000000000000e+02 6.458320801114698639e-01
