1.000000000000000000e+00 9.333958724202628954e-02
3.000000000000000000e+00 1.009840225191294127e-01
5.000000000000000000e+00 1.054781825285855401e-01
7.000000000000000000e+00 1.086112100243152856e-01
9.000000000000000000e+00 1.106940653472772151e-01
1.100000000000000000e+01 1.121358255319632180e-01
1.300000000000000000e+01 1.132158102024768409e-01
1.500000000000000000e+01 1.140750232794650598e-01
1.700000000000000000e+01 1.147852251691904302e-01
1.900000000000000000e+01 1.153202136416257018e-01
2.100000000000000000e+01 1.157222275336295958e-01
2.300000000000000000e+01 1.160043374813098938e-01
2.500000000000000000e+01 1.161894580653047848e-01
2.700000000000000000e+01 1.163226414184405089e-01
2.900000000000000000e+01 1.164271839969417410e-01
3.100000000000000000e+01 1.165176015390743114e-01
3.300000000000000000e+01 1.165981633044075316e-01
3.500000000000000000e+01 1.166494264559612137e-01
3.700000000000000000e+01 1.166661615982301781e-01
3.900000000000000000e+01 1.166531254960029296e-01
4.100000000000000000e+01 1.166248773306907127e-01
4.300000000000000000e+01 1.165819828033254346e-01
4.500000000000000000e+01 1.165345076104953304e-01
4.700000000000000000e+01 1.164973454834502542e-01
4.900000000000000000e+01 1.164710289607316929e-01
5.100000000000000000e+01 1.164603684078837631e-01
5.300000000000000000e+01 1.164589513711619118e-01
5.500000000000000000e+01 1.164619272887615908e-01
5.700000000000000000e+01 1.164710385299293494e-01
5.900000000000000000e+01 1.164853530409778459e-01
6.100000000000000000e+01 1.165031562846062796e-01
6.300000000000000000e+01 1.165248367374750460e-01
6.500000000000000000e+01 1.165526377194060492e-01
6.700000000000000000e+01 1.165784296013679944e-01
6.900000000000000000e+01 1.165957453337417293e-01
7.100000000000000000e+01 1.165953804413570882e-01
7.300000000000000000e+01 1.165889440549741085e-01
7.500000000000000000e+01 1.165746467813705278e-01
7.700000000000000000e+01 1.165617959097895451e-01
7.900000000000000000e+01 1.165503867511271663e-01
8.100000000000000000e+01 1.165406911848063665e-01
8.300000000000000000e+01 1.165274865759016176e-01
8.500000000000000000e+01 1.165120060278597158e-01
8.700000000000000000e+01 1.165005707367010590e-01
8.900000000000000000e+01 1.164868610888423195e-01
9.100000000000000000e+01 1.164696436934813395e-01
9.300000000000000000e+01 1.164447587884845925e-01
9.500000000000000000e+01 1.164132245449465142e-01
9.700000000000000000e+01 1.163844232423548730e-01
9.900000000000000000e+01 1.163550345894128757e-01
1.010000000000000000e+02 1.163303566140424516e-01
1.030000000000000000e+02 1.163106359737262618e-01
1.050000000000000000e+02 1.162887450422236402e-01
1.070000000000000000e+02 1.162642845220547283e-01
1.090000000000000000e+02 1.162341931070026702e-01
1.110000000000000000e+02 1.161982931384186735e-01
1.130000000000000000e+02 1.161625078845741621e-01
1.150000000000000000e+02 1.161266436131114244e-01
1.170000000000000000e+02 1.160871874156026440e-01
1.190000000000000000e+02 1.160536545530329589e-01
1.210000000000000000e+02 1.160280765256868074e-01
1.230000000000000000e+02 1.160098480725010317e-01
1.250000000000000000e+02 1.159991048241738598e-01
1.270000000000000000e+02 1.159936867915517533e-01
1.290000000000000000e+02 1.159938713004134980e-01
1.310000000000000000e+02 1.159982835198596351e-01
1.330000000000000000e+02 1.160035816954499976e-01
1.350000000000000000e+02 1.160062321829865573e-01
1.370000000000000000e+02 1.160026020151196935e-01
1.390000000000000000e+02 1.159921352554676988e-01
1.410000000000000000e+02 1.159853769285243974e-01
1.430000000000000000e+02 1.159780437519831731e-01
1.450000000000000000e+02 1.159750060932401849e-01
1.470000000000000000e+02 1.159808071153939357e-01
1.490000000000000000e+02 1.159976527473166596e-01
