1.000000000000000000e+00 0.000000000000000000e+00
3.000000000000000000e+00 0.000000000000000000e+00
5.000000000000000000e+00 0.000000000000000000e+00
7.000000000000000000e+00 4.517363988099099004e-06
9.000000000000000000e+00 2.442248737910546197e-05
1.100000000000000000e+01 4.527752992222744410e-05
1.300000000000000000e+01 6.832250370458758937e-05
1.500000000000000000e+01 1.010221783860343336e-04
1.700000000000000000e+01 1.403915259476917754e-04
1.900000000000000000e+01 1.814998178181204125e-04
2.100000000000000000e+01 2.224263386650937591e-04
2.300000000000000000e+01 2.637823899227509372e-04
2.500000000000000000e+01 3.070369264628336481e-04
2.700000000000000000e+01 3.527391464217544126e-04
2.900000000000000000e+01 4.007645103848433976e-04
3.100000000000000000e+01 4.507485934989174936e-04
3.300000000000000000e+01 5.026997664989707459e-04
3.500000000000000000e+01 5.558560547681556940e-04
3.700000000000000000e+01 6.093302620476803710e-04
3.900000000000000000e+01 6.628800188595018739e-04
4.100000000000000000e+01 7.166141868311104446e-04
4.300000000000000000e+01 7.707644903833799077e-04
4.500000000000000000e+01 8.253724852859134486e-04
4.700000000000000000e+01 8.804768794488104788e-04
4.900000000000000000e+01 9.362428347594597966e-04
5.100000000000000000e+01 9.926406220643890777e-04
5.300000000000000000e+01 1.049349619849593296e-03
5.500000000000000000e+01 1.105683981695637641e-03
5.700000000000000000e+01 1.160968168978593340e-03
5.900000000000000000e+01 1.215008161421948785e-03
6.100000000000000000e+01 1.268065846566801547e-03
6.300000000000000000e+01 1.320599899271579503e-03
6.500000000000000000e+01 1.372740830710927895e-03
6.700000000000000000e+01 1.424377333279935876e-03
6.900000000000000000e+01 1.475594611438757475e-03
7.100000000000000000e+01 1.526561156036332356e-03
7.300000000000000000e+01 1.577413232063173965e-03
7.500000000000000000e+01 1.628147367195520445e-03
7.700000000000000000e+01 1.678580119526817960e-03
7.900000000000000000e+01 1.728761602900141803e-03
8.100000000000000000e+01 1.778877578782145363e-03
8.300000000000000000e+01 1.828867237955500435e-03
8.500000000000000000e+01 1.878601375614907809e-03
8.700000000000000000e+01 1.928058664911747044e-03
8.900000000000000000e+01 1.977306888130470064e-03
9.100000000000000000e+01 2.026288345672422331e-03
9.300000000000000000e+01 2.074925021376405887e-03
9.500000000000000000e+01 2.123134495114586962e-03
9.700000000000000000e+01 2.170974889480925540e-03
9.900000000000000000e+01 2.218717206136866515e-03
1.010000000000000000e+02 2.266536200718816119e-03
1.030000000000000000e+02 2.314339539290166670e-03
1.050000000000000000e+02 2.361993161365205651e-03
1.070000000000000000e+02 2.409479588828200569e-03
1.090000000000000000e+02 2.456855944806046743e-03
1.110000000000000000e+02 2.504039034612604020e-03
1.130000000000000000e+02 2.550970938391960985e-03
1.150000000000000000e+02 2.597682977449555786e-03
1.170000000000000000e+02 2.644273396184226854e-03
1.190000000000000000e+02 2.690852339558236217e-03
1.210000000000000000e+02 2.737421465405565080e-03
1.230000000000000000e+02 2.783957178107865360e-03
1.250000000000000000e+02 2.830467583414209010e-03
1.270000000000000000e+02 2.877001320303551601e-03
1.290000000000000000e+02 2.923677655045420209e-03
1.310000000000000000e+02 2.970559555484530989e-03
1.330000000000000000e+02 3.017663071131160279e-03
1.350000000000000000e+02 3.064984252503233364e-03
1.370000000000000000e+02 3.112559525062952304e-03
1.390000000000000000e+02 3.160435346400980450e-03
1.410000000000000000e+02 3.208618982956434884e-03
1.430000000000000000e+02 3.257136655361536626e-03
1.450000000000000000e+02 3.306063690944105460e-03
1.470000000000000000e+02 3.355426122954696666e-03
1.490000000000000000e+02 3.405259152450379467e-03
