1.000000000000000000e+00 5.669876367094626168e-01
3.000000000000000000e+00 5.873259982090330844e-01
5.000000000000000000e+00 5.979568591802808530e-01
7.000000000000000000e+00 6.060851294852791504e-01
9.000000000000000000e+00 6.134340685495534018e-01
1.100000000000000000e+01 6.205191821807404251e-01
1.300000000000000000e+01 6.274288719574325768e-01
1.500000000000000000e+01 6.341940945873223434e-01
1.700000000000000000e+01 6.408210530206251976e-01
1.900000000000000000e+01 6.473233464585606001e-01
2.100000000000000000e+01 6.537061575960365634e-01
2.300000000000000000e+01 6.599768091328698238e-01
2.500000000000000000e+01 6.661505620947310025e-01
2.700000000000000000e+01 6.722455366127660925e-01
2.900000000000000000e+01 6.782735773780244060e-01
3.100000000000000000e+01 6.842437655332278545e-01
3.300000000000000000e+01 6.901637643822303714e-01
3.500000000000000000e+01 6.960447504881319691e-01
3.700000000000000000e+01 7.018921650577529814e-01
3.900000000000000000e+01 7.077073198183210234e-01
4.100000000000000000e+01 7.134872649937991085e-01
4.300000000000000000e+01 7.192250778098410180e-01
4.500000000000000000e+01 7.249069364716484998e-01
4.700000000000000000e+01 7.305226857421920350e-01
4.900000000000000000e+01 7.360642819196037134e-01
5.100000000000000000e+01 7.415236571480114947e-01
5.300000000000000000e+01 7.468901461094580307e-01
5.500000000000000000e+01 7.521586154354080733e-01
5.700000000000000000e+01 7.573240488742793985e-01
5.900000000000000000e+01 7.623813364791793834e-01
6.100000000000000000e+01 7.673294962089481919e-01
6.300000000000000000e+01 7.721704753531460907e-01
6.500000000000000000e+01 7.769061620832395931e-01
6.700000000000000000e+01 7.815367723161286140e-01
6.900000000000000000e+01 7.860625322648455704e-01
7.100000000000000000e+01 7.904826608018183931e-01
7.300000000000000000e+01 7.947976774077553097e-01
7.500000000000000000e+01 7.990064913625900545e-01
7.700000000000000000e+01 8.031076928121397840e-01
7.900000000000000000e+01 8.070994617093947276e-01
8.100000000000000000e+01 8.109813706858016724e-01
8.300000000000000000e+01 8.147562427285280906e-01
8.500000000000000000e+01 8.184259403505429464e-01
8.700000000000000000e+01 8.219916279352297295e-01
8.900000000000000000e+01 8.254526047850001547e-01
9.100000000000000000e+01 8.288103357152284412e-01
9.300000000000000000e+01 8.320661873533583552e-01
9.500000000000000000e+01 8.352197059226534881e-01
9.700000000000000000e+01 8.382726443626062895e-01
9.900000000000000000e+01 8.412271489695947180e-01
1.010000000000000000e+02 8.440859035942455124e-01
1.030000000000000000e+02 8.468524542533394373e-01
1.050000000000000000e+02 8.495292968434724479e-01
1.070000000000000000e+02 8.521191165776872412e-01
1.090000000000000000e+02 8.546232952895194135e-01
1.110000000000000000e+02 8.570457915748321831e-01
1.130000000000000000e+02 8.593908752995603750e-01
1.150000000000000000e+02 8.616631193766500774e-01
1.170000000000000000e+02 8.638645350689253544e-01
1.190000000000000000e+02 8.659992626356940448e-01
1.210000000000000000e+02 8.680707981809381302e-01
1.230000000000000000e+02 8.700817671997282954e-01
1.250000000000000000e+02 8.720367931415847762e-01
1.270000000000000000e+02 8.739364554301414234e-01
1.290000000000000000e+02 8.757848626296298455e-01
1.310000000000000000e+02 8.775815643018862744e-01
1.330000000000000000e+02 8.793262270026777072e-01
1.350000000000000000e+02 8.810178965385409011e-01
1.370000000000000000e+02 8.826612358559733362e-01
1.390000000000000000e+02 8.842565408259741577e-01
1.410000000000000000e+02 8.858069880573192778e-01
1.430000000000000000e+02 8.873083492152340490e-01
1.450000000000000000e+02 8.887648047321253797e-01
1.470000000000000000e+02 8.901759609075365898e-01
1.490000000000000000e+02 8.915454626327967702e-01
