1.000000000000000000e+00 3.382072472981564326e-01
3.000000000000000000e+00 3.617153730142462775e-01
5.000000000000000000e+00 3.711829404713444802e-01
7.000000000000000000e+00 3.770753152224671778e-01
9.000000000000000000e+00 3.818590834816767421e-01
1.100000000000000000e+01 3.861816763722299983e-01
1.300000000000000000e+01 3.902137690973551676e-01
1.500000000000000000e+01 3.940424895938029470e-01
1.700000000000000000e+01 3.976991737630560797e-01
1.900000000000000000e+01 4.011966494594733090e-01
2.100000000000000000e+01 4.045559498493965789e-01
2.300000000000000000e+01 4.078092000739559353e-01
2.500000000000000000e+01 4.109836254343340878e-01
2.700000000000000000e+01 4.141130640892423109e-01
2.900000000000000000e+01 4.172144325589148828e-01
3.100000000000000000e+01 4.203072646256490463e-01
3.300000000000000000e+01 4.233931560909548475e-01
3.500000000000000000e+01 4.264727073201332042e-01
3.700000000000000000e+01 4.295516577301018435e-01
3.900000000000000000e+01 4.326213505720366559e-01
4.100000000000000000e+01 4.356921519863994341e-01
4.300000000000000000e+01 4.387802537534736258e-01
4.500000000000000000e+01 4.419003364512756882e-01
4.700000000000000000e+01 4.450631900978506694e-01
4.900000000000000000e+01 4.482761899168752340e-01
5.100000000000000000e+01 4.515326178038865379e-01
5.300000000000000000e+01 4.548462281860738976e-01
5.500000000000000000e+01 4.582120527456239323e-01
5.700000000000000000e+01 4.616378112275955070e-01
5.900000000000000000e+01 4.651215442629744734e-01
6.100000000000000000e+01 4.686658508029781789e-01
6.300000000000000000e+01 4.722735116533490762e-01
6.500000000000000000e+01 4.759389961558526672e-01
6.700000000000000000e+01 4.796630122315542755e-01
6.900000000000000000e+01 4.834440469604331936e-01
7.100000000000000000e+01 4.872891259631868532e-01
7.300000000000000000e+01 4.911982417524541900e-01
7.500000000000000000e+01 4.951620335184256927e-01
7.700000000000000000e+01 4.991809241322044954e-01
7.900000000000000000e+01 5.032511542426041373e-01
8.100000000000000000e+01 5.073845718945402261e-01
8.300000000000000000e+01 5.115810547406038911e-01
8.500000000000000000e+01 5.158441785237266597e-01
8.700000000000000000e+01 5.201766545439490130e-01
8.900000000000000000e+01 5.245795109394391087e-01
9.100000000000000000e+01 5.290557133420716873e-01
9.300000000000000000e+01 5.336001603958333561e-01
9.500000000000000000e+01 5.382169527373645845e-01
9.700000000000000000e+01 5.429076452861896218e-01
9.900000000000000000e+01 5.476718622825118565e-01
1.010000000000000000e+02 5.525141747304420647e-01
1.030000000000000000e+02 5.574421635894022398e-01
1.050000000000000000e+02 5.624539302964352006e-01
1.070000000000000000e+02 5.675462344691650785e-01
1.090000000000000000e+02 5.727119966845148902e-01
1.110000000000000000e+02 5.779549568802672121e-01
1.130000000000000000e+02 5.832710306078443541e-01
1.150000000000000000e+02 5.886543102705066310e-01
1.170000000000000000e+02 5.941012748944847210e-01
1.190000000000000000e+02 5.996038461307703349e-01
1.210000000000000000e+02 6.051595952838280112e-01
1.230000000000000000e+02 6.107647781924711028e-01
1.250000000000000000e+02 6.164134517372892308e-01
1.270000000000000000e+02 6.220991301551355157e-01
1.290000000000000000e+02 6.278183632181031371e-01
1.310000000000000000e+02 6.335539553266078538e-01
1.330000000000000000e+02 6.393034307028527818e-01
1.350000000000000000e+02 6.450635337499986965e-01
1.370000000000000000e+02 6.508308268175391209e-01
1.390000000000000000e+02 6.565996367183420945e-01
1.410000000000000000e+02 6.623620282145690208e-01
1.430000000000000000e+02 6.681097223533815077e-01
1.450000000000000000e+02 6.738364327218020478e-01
1.470000000000000000e+02 6.795354468926821934e-01
1.490000000000000000e+02 6.852047147540571981e-01
