1.000000000000000000e+00 1.872193780340303260e-02
3.000000000000000000e+00 1.923332236839314646e-02
5.000000000000000000e+00 1.955459172177076432e-02
7.000000000000000000e+00 1.983863595479340436e-02
9.000000000000000000e+00 2.008060183216242578e-02
1.100000000000000000e+01 2.027334244734557700e-02
1.300000000000000000e+01 2.041448589918193335e-02
1.500000000000000000e+01 2.050753587927656163e-02
1.700000000000000000e+01 2.055742117889614029e-02
1.900000000000000000e+01 2.057244012338765859e-02
2.100000000000000000e+01 2.056362493489705123e-02
2.300000000000000000e+01 2.053607066544527182e-02
2.500000000000000000e+01 2.049267297330426008e-02
2.700000000000000000e+01 2.043751520742653760e-02
2.900000000000000000e+01 2.037498542424420744e-02
3.100000000000000000e+01 2.030897885967675176e-02
3.300000000000000000e+01 2.024197635620517133e-02
3.500000000000000000e+01 2.017477424555957910e-02
3.700000000000000000e+01 2.010710206929033905e-02
3.900000000000000000e+01 2.003854792089787562e-02
4.100000000000000000e+01 1.996964089481156890e-02
4.300000000000000000e+01 1.990054448213707250e-02
4.500000000000000000e+01 1.983205685517441808e-02
4.700000000000000000e+01 1.976425424827965571e-02
4.900000000000000000e+01 1.969666358572308429e-02
5.100000000000000000e+01 1.962900376594478580e-02
5.300000000000000000e+01 1.956064178513972074e-02
5.500000000000000000e+01 1.949150028595614259e-02
5.700000000000000000e+01 1.942135250226340037e-02
5.900000000000000000e+01 1.934978976992907107e-02
6.100000000000000000e+01 1.927677632397584162e-02
6.300000000000000000e+01 1.920209703600028739e-02
6.500000000000000000e+01 1.912543375161657178e-02
6.700000000000000000e+01 1.904641120866601423e-02
6.900000000000000000e+01 1.896500758877794901e-02
7.100000000000000000e+01 1.887993532150922249e-02
7.300000000000000000e+01 1.879148422182574940e-02
7.500000000000000000e+01 1.869927267453552755e-02
7.700000000000000000e+01 1.860339908332964143e-02
7.900000000000000000e+01 1.850388580413098172e-02
8.100000000000000000e+01 1.840102744534977131e-02
8.300000000000000000e+01 1.829525472558946042e-02
8.500000000000000000e+01 1.818681841463232196e-02
8.700000000000000000e+01 1.807522775836101214e-02
8.900000000000000000e+01 1.796253490700872035e-02
9.100000000000000000e+01 1.784771516992766927e-02
9.300000000000000000e+01 1.772996476994548321e-02
9.500000000000000000e+01 1.761048334653747549e-02
9.700000000000000000e+01 1.748951294431699832e-02
9.900000000000000000e+01 1.736699606080460700e-02
1.010000000000000000e+02 1.724268974612286343e-02
1.030000000000000000e+02 1.711833363435777411e-02
1.050000000000000000e+02 1.699351638459867253e-02
1.070000000000000000e+02 1.686822497204965021e-02
1.090000000000000000e+02 1.674109395268441602e-02
1.110000000000000000e+02 1.661237413912264316e-02
1.130000000000000000e+02 1.648268167863098377e-02
1.150000000000000000e+02 1.635276550929987138e-02
1.170000000000000000e+02 1.622262089122283868e-02
1.190000000000000000e+02 1.609245540204540248e-02
1.210000000000000000e+02 1.596216715641274320e-02
1.230000000000000000e+02 1.583294121592904169e-02
1.250000000000000000e+02 1.570449629459358398e-02
1.270000000000000000e+02 1.557825532858347906e-02
1.290000000000000000e+02 1.545425579291515028e-02
1.310000000000000000e+02 1.533139021814244884e-02
1.330000000000000000e+02 1.520970439274460517e-02
1.350000000000000000e+02 1.508919202098446544e-02
1.370000000000000000e+02 1.497019293924406469e-02
1.390000000000000000e+02 1.485298690757907991e-02
1.410000000000000000e+02 1.473792180080291114e-02
1.430000000000000000e+02 1.462397651423485989e-02
1.450000000000000000e+02 1.451228750469779616e-02
1.470000000000000000e+02 1.440282706609508079e-02
1.490000000000000000e+02 1.429556007864873912e-02
