1.000000000000000000e+00 2.000000000000001776e-02
3.000000000000000000e+00 2.097828130486567577e-02
5.000000000000000000e+00 2.160008521956668925e-02
7.000000000000000000e+00 2.201758934353992281e-02
9.000000000000000000e+00 2.230761887961285606e-02
1.100000000000000000e+01 2.252223615337844986e-02
1.300000000000000000e+01 2.269118000288761205e-02
1.500000000000000000e+01 2.282605629884881804e-02
1.700000000000000000e+01 2.292325304267572861e-02
1.900000000000000000e+01 2.299655808039469118e-02
2.100000000000000000e+01 2.305550113016729963e-02
2.300000000000000000e+01 2.310254789257082386e-02
2.500000000000000000e+01 2.313516282452943162e-02
2.700000000000000000e+01 2.315001034978025896e-02
2.900000000000000000e+01 2.315146402150236593e-02
3.100000000000000000e+01 2.314383940115505300e-02
3.300000000000000000e+01 2.312970291638682951e-02
3.500000000000000000e+01 2.310970519328803263e-02
3.700000000000000000e+01 2.308159436461421077e-02
3.900000000000000000e+01 2.304618161640559215e-02
4.100000000000000000e+01 2.300518657904127018e-02
4.300000000000000000e+01 2.295988651192548691e-02
4.500000000000000000e+01 2.291462144112799137e-02
4.700000000000000000e+01 2.286677468606879149e-02
4.900000000000000000e+01 2.281624036164264790e-02
5.100000000000000000e+01 2.276465527048721071e-02
5.300000000000000000e+01 2.271154985455570152e-02
5.500000000000000000e+01 2.265663476209434091e-02
5.700000000000000000e+01 2.259911410046111513e-02
5.900000000000000000e+01 2.253919524656244899e-02
6.100000000000000000e+01 2.247617238719890054e-02
6.300000000000000000e+01 2.241088337469765435e-02
6.500000000000000000e+01 2.234396248592473988e-02
6.700000000000000000e+01 2.227485253847272251e-02
6.900000000000000000e+01 2.220181383262420649e-02
7.100000000000000000e+01 2.212614368983767399e-02
7.300000000000000000e+01 2.204700577047946641e-02
7.500000000000000000e+01 2.196179401479725346e-02
7.700000000000000000e+01 2.187095151424822692e-02
7.900000000000000000e+01 2.177615788482445414e-02
8.100000000000000000e+01 2.167885755249820967e-02
8.300000000000000000e+01 2.157949868669029048e-02
8.500000000000000000e+01 2.147912238079574543e-02
8.700000000000000000e+01 2.137808677979158301e-02
8.900000000000000000e+01 2.127566419732196401e-02
9.100000000000000000e+01 2.117228341326926611e-02
9.300000000000000000e+01 2.106886597310830833e-02
9.500000000000000000e+01 2.096569593894770378e-02
9.700000000000000000e+01 2.086091490145480787e-02
9.900000000000000000e+01 2.075497185644059606e-02
1.010000000000000000e+02 2.064954206449398644e-02
1.030000000000000000e+02 2.054525282810926168e-02
1.050000000000000000e+02 2.044233018752716902e-02
1.070000000000000000e+02 2.034039896425343663e-02
1.090000000000000000e+02 2.023971660700696340e-02
1.110000000000000000e+02 2.014039428762370854e-02
1.130000000000000000e+02 2.004230164366893607e-02
1.150000000000000000e+02 1.994558628102993669e-02
1.170000000000000000e+02 1.984998011752225899e-02
1.190000000000000000e+02 1.975559752487066056e-02
1.210000000000000000e+02 1.966235233121826909e-02
1.230000000000000000e+02 1.957039393780157788e-02
1.250000000000000000e+02 1.948008444263715777e-02
1.270000000000000000e+02 1.939148775656496237e-02
1.290000000000000000e+02 1.930479921805150489e-02
1.310000000000000000e+02 1.921936592354078766e-02
1.330000000000000000e+02 1.913518348241127764e-02
1.350000000000000000e+02 1.905196945506737460e-02
1.370000000000000000e+02 1.897096590677305183e-02
1.390000000000000000e+02 1.889098462098115494e-02
1.410000000000000000e+02 1.881231776450742466e-02
1.430000000000000000e+02 1.873497066354889995e-02
1.450000000000000000e+02 1.865904192432654707e-02
1.470000000000000000e+02 1.858448420653902033e-02
1.490000000000000000e+02 1.851130329124894836e-02
