1.000000000000000000e+00 3.941913863720988287e-01
3.000000000000000000e+00 4.340374157907319619e-01
5.000000000000000000e+00 4.508573699489606401e-01
7.000000000000000000e+00 4.608401816731907408e-01
9.000000000000000000e+00 4.682222705710367139e-01
1.100000000000000000e+01 4.743595830595065399e-01
1.300000000000000000e+01 4.797817420352599171e-01
1.500000000000000000e+01 4.846379720497667742e-01
1.700000000000000000e+01 4.889494220931294155e-01
1.900000000000000000e+01 4.927871521956267431e-01
2.100000000000000000e+01 4.962050047232334782e-01
2.300000000000000000e+01 4.992665852466856569e-01
2.500000000000000000e+01 5.020311629737426173e-01
2.700000000000000000e+01 5.045675361371408929e-01
2.900000000000000000e+01 5.069463108903371484e-01
3.100000000000000000e+01 5.091914649094665402e-01
3.300000000000000000e+01 5.113797575100555992e-01
3.500000000000000000e+01 5.135741995271618787e-01
3.700000000000000000e+01 5.157976331065176057e-01
3.900000000000000000e+01 5.180839089890054705e-01
4.100000000000000000e+01 5.204515485224696647e-01
4.300000000000000000e+01 5.229077918952471649e-01
4.500000000000000000e+01 5.254588304118501529e-01
4.700000000000000000e+01 5.281058405639009745e-01
4.900000000000000000e+01 5.308514759595038823e-01
5.100000000000000000e+01 5.336921846801551128e-01
5.300000000000000000e+01 5.366350414177383232e-01
5.500000000000000000e+01 5.396736795528730424e-01
5.700000000000000000e+01 5.427882256600026212e-01
5.900000000000000000e+01 5.459810779545041237e-01
6.100000000000000000e+01 5.492210228496585689e-01
6.300000000000000000e+01 5.525006136526584566e-01
6.500000000000000000e+01 5.558026798360088394e-01
6.700000000000000000e+01 5.591098426695741974e-01
6.900000000000000000e+01 5.624251477177594216e-01
7.100000000000000000e+01 5.657150979581107020e-01
7.300000000000000000e+01 5.689633263387925410e-01
7.500000000000000000e+01 5.721631420960715531e-01
7.700000000000000000e+01 5.753114457391081960e-01
7.900000000000000000e+01 5.783837131512358232e-01
8.100000000000000000e+01 5.814165629864762597e-01
8.300000000000000000e+01 5.844190294363433846e-01
8.500000000000000000e+01 5.873936935424282080e-01
8.700000000000000000e+01 5.903095625935063095e-01
8.900000000000000000e+01 5.931901991003070140e-01
9.100000000000000000e+01 5.960472887237527884e-01
9.300000000000000000e+01 5.988714897869737985e-01
9.500000000000000000e+01 6.016279630458807315e-01
9.700000000000000000e+01 6.043380093192551872e-01
9.900000000000000000e+01 6.069924402730346724e-01
1.010000000000000000e+02 6.095963472696688257e-01
1.030000000000000000e+02 6.121230074269677912e-01
1.050000000000000000e+02 6.145900386730491771e-01
1.070000000000000000e+02 6.170064606024689979e-01
1.090000000000000000e+02 6.193828384591532066e-01
1.110000000000000000e+02 6.217224718418238316e-01
1.130000000000000000e+02 6.240422808613432792e-01
1.150000000000000000e+02 6.262711030076797414e-01
1.170000000000000000e+02 6.284260145298091738e-01
1.190000000000000000e+02 6.304965638230880520e-01
1.210000000000000000e+02 6.324859905426731821e-01
1.230000000000000000e+02 6.344465400349210693e-01
1.250000000000000000e+02 6.363454278159093036e-01
1.270000000000000000e+02 6.381716700430591915e-01
1.290000000000000000e+02 6.399274668377037401e-01
1.310000000000000000e+02 6.415813385754889353e-01
1.330000000000000000e+02 6.431358998077983946e-01
1.350000000000000000e+02 6.445797914285862351e-01
1.370000000000000000e+02 6.459095658237394844e-01
1.390000000000000000e+02 6.471345022334964447e-01
1.410000000000000000e+02 6.482660692995403373e-01
1.430000000000000000e+02 6.493238058239957367e-01
1.450000000000000000e+02 6.503078987566377478e-01
1.470000000000000000e+02 6.512632185456102007e-01
1.490000000000000000e+02 6.521739133523680731e-01
