1.000000000000000000e+00 8.644271802166536567e-02
3.000000000000000000e+00 9.238754528082904205e-02
5.000000000000000000e+00 9.537924516773554906e-02
7.000000000000000000e+00 9.763926321775429074e-02
9.000000000000000000e+00 9.955700573414083543e-02
1.100000000000000000e+01 1.012584583755884449e-01
1.300000000000000000e+01 1.027537813015158008e-01
1.500000000000000000e+01 1.041013663852881077e-01
1.700000000000000000e+01 1.054581992308509797e-01
1.900000000000000000e+01 1.068671951568730405e-01
2.100000000000000000e+01 1.082972825353932800e-01
2.300000000000000000e+01 1.097247667632819113e-01
2.500000000000000000e+01 1.111415153182699900e-01
2.700000000000000000e+01 1.125340415671648442e-01
2.900000000000000000e+01 1.138822301580215690e-01
3.100000000000000000e+01 1.151731786228437082e-01
3.300000000000000000e+01 1.163690835027924031e-01
3.500000000000000000e+01 1.174727252869453009e-01
3.700000000000000000e+01 1.184954855503241866e-01
3.900000000000000000e+01 1.194491178201425585e-01
4.100000000000000000e+01 1.203233945019693829e-01
4.300000000000000000e+01 1.211268294369985954e-01
4.500000000000000000e+01 1.218652335847992818e-01
4.700000000000000000e+01 1.225409650768399805e-01
4.900000000000000000e+01 1.231562602953050201e-01
5.100000000000000000e+01 1.237180575092956536e-01
5.300000000000000000e+01 1.242170251935920122e-01
5.500000000000000000e+01 1.246593741519071985e-01
5.700000000000000000e+01 1.250509048392992595e-01
5.900000000000000000e+01 1.254120557658943147e-01
6.100000000000000000e+01 1.257336404928484086e-01
6.300000000000000000e+01 1.260144208346601902e-01
6.500000000000000000e+01 1.262491315852388718e-01
6.700000000000000000e+01 1.264497819735717066e-01
6.900000000000000000e+01 1.266227870209370998e-01
7.100000000000000000e+01 1.267607629184340778e-01
7.300000000000000000e+01 1.268691461808341137e-01
7.500000000000000000e+01 1.269489848749041361e-01
7.700000000000000000e+01 1.269904705274153001e-01
7.900000000000000000e+01 1.269964248651130889e-01
8.100000000000000000e+01 1.269680236693246922e-01
8.300000000000000000e+01 1.269107542607684769e-01
8.500000000000000000e+01 1.268260665362621609e-01
8.700000000000000000e+01 1.267284877716065017e-01
8.900000000000000000e+01 1.266184070352364133e-01
9.100000000000000000e+01 1.264964679019957572e-01
9.300000000000000000e+01 1.263579586064957905e-01
9.500000000000000000e+01 1.262207349708561743e-01
9.700000000000000000e+01 1.260851057085348170e-01
9.900000000000000000e+01 1.259421795332010818e-01
1.010000000000000000e+02 1.257928051406130843e-01
1.030000000000000000e+02 1.256483242683732460e-01
1.050000000000000000e+02 1.255092923809134620e-01
1.070000000000000000e+02 1.253561936573687197e-01
1.090000000000000000e+02 1.251893648042600171e-01
1.110000000000000000e+02 1.250076268487290143e-01
1.130000000000000000e+02 1.248311658442889938e-01
1.150000000000000000e+02 1.246560670907643775e-01
1.170000000000000000e+02 1.244768795257996663e-01
1.190000000000000000e+02 1.242914038567471957e-01
1.210000000000000000e+02 1.241144587281736156e-01
1.230000000000000000e+02 1.239462436440404991e-01
1.250000000000000000e+02 1.237728226634401407e-01
1.270000000000000000e+02 1.236036921295342594e-01
1.290000000000000000e+02 1.234427922195977523e-01
1.310000000000000000e+02 1.232887994733591341e-01
1.330000000000000000e+02 1.231417443607200068e-01
1.350000000000000000e+02 1.230030101258484665e-01
1.370000000000000000e+02 1.228725028324005875e-01
1.390000000000000000e+02 1.227577870742284638e-01
1.410000000000000000e+02 1.226597453847514396e-01
1.430000000000000000e+02 1.225751855695161874e-01
1.450000000000000000e+02 1.225039997752934706e-01
1.470000000000000000e+02 1.224457853848519573e-01
1.490000000000000000e+02 1.223902597713164564e-01
