1.000000000000000000e+00 3.909734977696143199e-01
3.000000000000000000e+00 4.600580627732393513e-01
5.000000000000000000e+00 4.957196134938124388e-01
7.000000000000000000e+00 5.205223091378892164e-01
9.000000000000000000e+00 5.401279355575665519e-01
1.100000000000000000e+01 5.566198529868456868e-01
1.300000000000000000e+01 5.715459444908863595e-01
1.500000000000000000e+01 5.853499488227646985e-01
1.700000000000000000e+01 5.979373570047896713e-01
1.900000000000000000e+01 6.097121415135604572e-01
2.100000000000000000e+01 6.208190631735130971e-01
2.300000000000000000e+01 6.312257624720181148e-01
2.500000000000000000e+01 6.410602134120320095e-01
2.700000000000000000e+01 6.503942481555085031e-01
2.900000000000000000e+01 6.592916599633091845e-01
3.100000000000000000e+01 6.678198487372301040e-01
3.300000000000000000e+01 6.759664713027524474e-01
3.500000000000000000e+01 6.837874320849557375e-01
3.700000000000000000e+01 6.912999683625928871e-01
3.900000000000000000e+01 6.984614151135167814e-01
4.100000000000000000e+01 7.053316923317056730e-01
4.300000000000000000e+01 7.119065694597224159e-01
4.500000000000000000e+01 7.182534747487099303e-01
4.700000000000000000e+01 7.244945491951926275e-01
4.900000000000000000e+01 7.306629565413784722e-01
5.100000000000000000e+01 7.366812078501414618e-01
5.300000000000000000e+01 7.425723178510403866e-01
5.500000000000000000e+01 7.482857568552150340e-01
5.700000000000000000e+01 7.539210258835591372e-01
5.900000000000000000e+01 7.595024830574130803e-01
6.100000000000000000e+01 7.649828007615575576e-01
6.300000000000000000e+01 7.703086593686956363e-01
6.500000000000000000e+01 7.754519816357900996e-01
6.700000000000000000e+01 7.803493586251857295e-01
6.900000000000000000e+01 7.848871350141040093e-01
7.100000000000000000e+01 7.891367509136152369e-01
7.300000000000000000e+01 7.931537519634567213e-01
7.500000000000000000e+01 7.969564405348569247e-01
7.700000000000000000e+01 8.005641214585461629e-01
7.900000000000000000e+01 8.040464666616350398e-01
8.100000000000000000e+01 8.073562884658284089e-01
8.300000000000000000e+01 8.104809656700967535e-01
8.500000000000000000e+01 8.134509555917208701e-01
8.700000000000000000e+01 8.162768469407021277e-01
8.900000000000000000e+01 8.189646874298905921e-01
9.100000000000000000e+01 8.215072057537207151e-01
9.300000000000000000e+01 8.239423747487344407e-01
9.500000000000000000e+01 8.262879743160836954e-01
9.700000000000000000e+01 8.285617021574267493e-01
9.900000000000000000e+01 8.307490116417979298e-01
1.010000000000000000e+02 8.327483263872157426e-01
1.030000000000000000e+02 8.345631400414159629e-01
1.050000000000000000e+02 8.362469292173644320e-01
1.070000000000000000e+02 8.378336156408316970e-01
1.090000000000000000e+02 8.393363073888768788e-01
1.110000000000000000e+02 8.407358169067769005e-01
1.130000000000000000e+02 8.420502099922957395e-01
1.150000000000000000e+02 8.432612472536573645e-01
1.170000000000000000e+02 8.443610718880865118e-01
1.190000000000000000e+02 8.453479898942879434e-01
1.210000000000000000e+02 8.462320265229905658e-01
1.230000000000000000e+02 8.469264832834991763e-01
1.250000000000000000e+02 8.475149995246438195e-01
1.270000000000000000e+02 8.479844017727490302e-01
1.290000000000000000e+02 8.483891055656809232e-01
1.310000000000000000e+02 8.487386259157002621e-01
1.330000000000000000e+02 8.490438144907819229e-01
1.350000000000000000e+02 8.493184915416316372e-01
1.370000000000000000e+02 8.495289507619186997e-01
1.390000000000000000e+02 8.496802568802170885e-01
1.410000000000000000e+02 8.497812941335244341e-01
1.430000000000000000e+02 8.498370717761372095e-01
1.450000000000000000e+02 8.498523933878245895e-01
1.470000000000000000e+02 8.498126922978818110e-01
1.490000000000000000e+02 8.497202229586358069e-01
