1.000000000000000000e+00 3.376074397632802260e-01
3.000000000000000000e+00 3.689251494093254147e-01
5.000000000000000000e+00 3.821145148903488664e-01
7.000000000000000000e+00 3.894935578503558871e-01
9.000000000000000000e+00 3.950783464542263479e-01
1.100000000000000000e+01 4.001527944398953762e-01
1.300000000000000000e+01 4.050542647936958840e-01
1.500000000000000000e+01 4.100121931775903006e-01
1.700000000000000000e+01 4.151313081511214254e-01
1.900000000000000000e+01 4.204418328022101470e-01
2.100000000000000000e+01 4.260360386958444989e-01
2.300000000000000000e+01 4.320105617320512126e-01
2.500000000000000000e+01 4.383729568154991485e-01
2.700000000000000000e+01 4.451457562708701632e-01
2.900000000000000000e+01 4.523411147403505472e-01
3.100000000000000000e+01 4.599391331439669495e-01
3.300000000000000000e+01 4.679040905544472606e-01
3.500000000000000000e+01 4.762255675099056340e-01
3.700000000000000000e+01 4.848989891424927423e-01
3.900000000000000000e+01 4.939089969861978346e-01
4.100000000000000000e+01 5.032655210268476287e-01
4.300000000000000000e+01 5.129429413298215445e-01
4.500000000000000000e+01 5.228661459509491571e-01
4.700000000000000000e+01 5.329644252374586832e-01
4.900000000000000000e+01 5.431937552588964602e-01
5.100000000000000000e+01 5.535009482121606705e-01
5.300000000000000000e+01 5.638397017201890460e-01
5.500000000000000000e+01 5.741636376898903160e-01
5.700000000000000000e+01 5.843982542734600383e-01
5.900000000000000000e+01 5.945390765301874492e-01
6.100000000000000000e+01 6.045612459710475450e-01
6.300000000000000000e+01 6.144907111259809707e-01
6.500000000000000000e+01 6.243036486471119639e-01
6.700000000000000000e+01 6.340230291163246878e-01
6.900000000000000000e+01 6.436609897151442938e-01
7.100000000000000000e+01 6.532231812874365051e-01
7.300000000000000000e+01 6.627100787055038023e-01
7.500000000000000000e+01 6.721259986101473238e-01
7.700000000000000000e+01 6.814612534334202332e-01
7.900000000000000000e+01 6.906977672317259342e-01
8.100000000000000000e+01 6.998030964669839094e-01
8.300000000000000000e+01 7.087677178024824887e-01
8.500000000000000000e+01 7.175645670861749981e-01
8.700000000000000000e+01 7.262042986036232328e-01
8.900000000000000000e+01 7.346626660681414567e-01
9.100000000000000000e+01 7.429539361154582355e-01
9.300000000000000000e+01 7.510679145279024471e-01
9.500000000000000000e+01 7.589892340132374793e-01
9.700000000000000000e+01 7.666745196657355210e-01
9.900000000000000000e+01 7.741320972866341243e-01
1.010000000000000000e+02 7.813800113889428633e-01
1.030000000000000000e+02 7.884295847671140001e-01
1.050000000000000000e+02 7.952739474209623571e-01
1.070000000000000000e+02 8.018866411967531249e-01
1.090000000000000000e+02 8.082756135587011448e-01
1.110000000000000000e+02 8.144124421286332849e-01
1.130000000000000000e+02 8.203170859034125684e-01
1.150000000000000000e+02 8.260386859439062812e-01
1.170000000000000000e+02 8.315850689006034635e-01
1.190000000000000000e+02 8.369107487331249873e-01
1.210000000000000000e+02 8.420304383030782214e-01
1.230000000000000000e+02 8.469582997330123986e-01
1.250000000000000000e+02 8.517417598941459111e-01
1.270000000000000000e+02 8.563939070650236074e-01
1.290000000000000000e+02 8.608956205848098397e-01
1.310000000000000000e+02 8.652517866767014398e-01
1.330000000000000000e+02 8.694820071549851370e-01
1.350000000000000000e+02 8.736001496362548746e-01
1.370000000000000000e+02 8.776080478435485110e-01
1.390000000000000000e+02 8.815004406707264151e-01
1.410000000000000000e+02 8.852855325840416345e-01
1.430000000000000000e+02 8.889900198019062838e-01
1.450000000000000000e+02 8.925649980586979337e-01
1.470000000000000000e+02 8.960169435837228580e-01
1.490000000000000000e+02 8.992873203442008911e-01
