1.000000000000000000e+00 1.279468097672927795e-01
3.000000000000000000e+00 1.589913922797546730e-01
5.000000000000000000e+00 1.721742480071071224e-01
7.000000000000000000e+00 1.781553031480412885e-01
9.000000000000000000e+00 1.814111173778329977e-01
1.100000000000000000e+01 1.835191544010613685e-01
1.300000000000000000e+01 1.850779072239256973e-01
1.500000000000000000e+01 1.863423707633813375e-01
1.700000000000000000e+01 1.874282642115309150e-01
1.900000000000000000e+01 1.883968657863606122e-01
2.100000000000000000e+01 1.892907880968659473e-01
2.300000000000000000e+01 1.901285493432660623e-01
2.500000000000000000e+01 1.909230977229842141e-01
2.700000000000000000e+01 1.916836355097837341e-01
2.900000000000000000e+01 1.924126611041746537e-01
3.100000000000000000e+01 1.931131333816549223e-01
3.300000000000000000e+01 1.937866238358623150e-01
3.500000000000000000e+01 1.944348108910735062e-01
3.700000000000000000e+01 1.950595079944646981e-01
3.900000000000000000e+01 1.956637066524256063e-01
4.100000000000000000e+01 1.962488639449948558e-01
4.300000000000000000e+01 1.968169306063625168e-01
4.500000000000000000e+01 1.973687618898214424e-01
4.700000000000000000e+01 1.979046992079125378e-01
4.900000000000000000e+01 1.984259508349826007e-01
5.100000000000000000e+01 1.989340930155002463e-01
5.300000000000000000e+01 1.994298323161396436e-01
5.500000000000000000e+01 1.999138397897592956e-01
5.700000000000000000e+01 2.003858214513886127e-01
5.900000000000000000e+01 2.008477720302053182e-01
6.100000000000000000e+01 2.012967125794394851e-01
6.300000000000000000e+01 2.017343391813666287e-01
6.500000000000000000e+01 2.021612268319391559e-01
6.700000000000000000e+01 2.025781137204258897e-01
6.900000000000000000e+01 2.029848950442633138e-01
7.100000000000000000e+01 2.033824148067373550e-01
7.300000000000000000e+01 2.037716271807047397e-01
7.500000000000000000e+01 2.041538344057479692e-01
7.700000000000000000e+01 2.045302108768907168e-01
7.900000000000000000e+01 2.049008884374622363e-01
8.100000000000000000e+01 2.052654822229617038e-01
8.300000000000000000e+01 2.056247580629279037e-01
8.500000000000000000e+01 2.059806206451364474e-01
8.700000000000000000e+01 2.063340614570875475e-01
8.900000000000000000e+01 2.066851798536466500e-01
9.100000000000000000e+01 2.070352708851802559e-01
9.300000000000000000e+01 2.073850829750083502e-01
9.500000000000000000e+01 2.077343828245664659e-01
9.700000000000000000e+01 2.080843201281035171e-01
9.900000000000000000e+01 2.084352411085960144e-01
1.010000000000000000e+02 2.087871002537002862e-01
1.030000000000000000e+02 2.091408094053147648e-01
1.050000000000000000e+02 2.094969724333717309e-01
1.070000000000000000e+02 2.098560270588101240e-01
1.090000000000000000e+02 2.102186351166873690e-01
1.110000000000000000e+02 2.105847101136582022e-01
1.130000000000000000e+02 2.109536476815719874e-01
1.150000000000000000e+02 2.113263051575192675e-01
1.170000000000000000e+02 2.117023823499277757e-01
1.190000000000000000e+02 2.120819890636551630e-01
1.210000000000000000e+02 2.124653298400662749e-01
1.230000000000000000e+02 2.128527075769390819e-01
1.250000000000000000e+02 2.132444084571234466e-01
1.270000000000000000e+02 2.136406014911629292e-01
1.290000000000000000e+02 2.140400338484673703e-01
1.310000000000000000e+02 2.144434271566274530e-01
1.330000000000000000e+02 2.148506103344499651e-01
1.350000000000000000e+02 2.152612490411851542e-01
1.370000000000000000e+02 2.156750785995322772e-01
1.390000000000000000e+02 2.160922349004625875e-01
1.410000000000000000e+02 2.165122528704157556e-01
1.430000000000000000e+02 2.169353106931262154e-01
1.450000000000000000e+02 2.173606716075853207e-01
1.470000000000000000e+02 2.177885578569659364e-01
1.490000000000000000e+02 2.182184055184025473e-01
