1.000000000000000000e+00 7.667374538951599039e-02
3.000000000000000000e+00 8.305416302748236390e-02
5.000000000000000000e+00 8.640811812033577510e-02
7.000000000000000000e+00 8.853932055882263175e-02
9.000000000000000000e+00 8.996216063821238507e-02
1.100000000000000000e+01 9.129764557658859303e-02
1.300000000000000000e+01 9.258781592445786135e-02
1.500000000000000000e+01 9.382043629789349470e-02
1.700000000000000000e+01 9.499445914916671008e-02
1.900000000000000000e+01 9.609975631720124589e-02
2.100000000000000000e+01 9.715357807928981515e-02
2.300000000000000000e+01 9.815013709304898359e-02
2.500000000000000000e+01 9.909764885008476298e-02
2.700000000000000000e+01 9.999823509989602677e-02
2.900000000000000000e+01 1.008556315375235268e-01
3.100000000000000000e+01 1.017095157127461125e-01
3.300000000000000000e+01 1.025526310803526187e-01
3.500000000000000000e+01 1.034022692795660836e-01
3.700000000000000000e+01 1.042561586169002963e-01
3.900000000000000000e+01 1.051027525697398879e-01
4.100000000000000000e+01 1.059381329719365494e-01
4.300000000000000000e+01 1.067599439636811587e-01
4.500000000000000000e+01 1.075494457740715504e-01
4.700000000000000000e+01 1.082827583914574010e-01
4.900000000000000000e+01 1.089636981235508895e-01
5.100000000000000000e+01 1.095675116417701433e-01
5.300000000000000000e+01 1.100981423684015414e-01
5.500000000000000000e+01 1.105554739721985591e-01
5.700000000000000000e+01 1.109458156688752917e-01
5.900000000000000000e+01 1.113012391870431550e-01
6.100000000000000000e+01 1.116142871063646735e-01
6.300000000000000000e+01 1.118894403816478311e-01
6.500000000000000000e+01 1.121159853833589848e-01
6.700000000000000000e+01 1.122949582297991800e-01
6.900000000000000000e+01 1.124440076491090013e-01
7.100000000000000000e+01 1.125717078591900178e-01
7.300000000000000000e+01 1.126814382843173146e-01
7.500000000000000000e+01 1.127658961639245172e-01
7.700000000000000000e+01 1.128370555884060655e-01
7.900000000000000000e+01 1.128977464332375780e-01
8.100000000000000000e+01 1.129447414156043994e-01
8.300000000000000000e+01 1.129857061366404958e-01
8.500000000000000000e+01 1.130192817994535304e-01
8.700000000000000000e+01 1.130450667030536982e-01
8.900000000000000000e+01 1.130622078403507036e-01
9.100000000000000000e+01 1.130585654804256990e-01
9.300000000000000000e+01 1.130280498609649298e-01
9.500000000000000000e+01 1.129875799973670825e-01
9.700000000000000000e+01 1.129498268253031901e-01
9.900000000000000000e+01 1.129142885908056559e-01
1.010000000000000000e+02 1.128804743516432785e-01
1.030000000000000000e+02 1.128243277575837755e-01
1.050000000000000000e+02 1.127480031298427887e-01
1.070000000000000000e+02 1.126844636684405376e-01
1.090000000000000000e+02 1.126342444672986387e-01
1.110000000000000000e+02 1.125646295066284885e-01
1.130000000000000000e+02 1.124880437115584053e-01
1.150000000000000000e+02 1.124045574036710571e-01
1.170000000000000000e+02 1.123066666138465841e-01
1.190000000000000000e+02 1.121967106830075167e-01
1.210000000000000000e+02 1.120925919986420771e-01
1.230000000000000000e+02 1.119954667868949816e-01
1.250000000000000000e+02 1.119086980228597428e-01
1.270000000000000000e+02 1.118271879207498598e-01
1.290000000000000000e+02 1.117492633567863658e-01
1.310000000000000000e+02 1.116645369111685104e-01
1.330000000000000000e+02 1.115755704941518989e-01
1.350000000000000000e+02 1.114828373056964139e-01
1.370000000000000000e+02 1.114039342668557975e-01
1.390000000000000000e+02 1.113269220704559137e-01
1.410000000000000000e+02 1.112525012334575347e-01
1.430000000000000000e+02 1.111914175356525369e-01
1.450000000000000000e+02 1.111414739150351494e-01
1.470000000000000000e+02 1.111022074556613504e-01
1.490000000000000000e+02 1.110644403974209160e-01
