1.000000000000000000e+00 6.683810983902475078e-01
3.000000000000000000e+00 7.015016454056151041e-01
5.000000000000000000e+00 7.163523865620144981e-01
7.000000000000000000e+00 7.258662474673112097e-01
9.000000000000000000e+00 7.335217543383137917e-01
1.100000000000000000e+01 7.402937649095081563e-01
1.300000000000000000e+01 7.465197603241141566e-01
1.500000000000000000e+01 7.523354696300565969e-01
1.700000000000000000e+01 7.578851436431414124e-01
1.900000000000000000e+01 7.632429889794009048e-01
2.100000000000000000e+01 7.684544404726988409e-01
2.300000000000000000e+01 7.735507730717953168e-01
2.500000000000000000e+01 7.785644712553383417e-01
2.700000000000000000e+01 7.835199313013321287e-01
2.900000000000000000e+01 7.884361089990717941e-01
3.100000000000000000e+01 7.933298294350578095e-01
3.300000000000000000e+01 7.982079130680965751e-01
3.500000000000000000e+01 8.030699294220817741e-01
3.700000000000000000e+01 8.079117491800105189e-01
3.900000000000000000e+01 8.127224060352113977e-01
4.100000000000000000e+01 8.174874828291243123e-01
4.300000000000000000e+01 8.221927311406801442e-01
4.500000000000000000e+01 8.268270650062088389e-01
4.700000000000000000e+01 8.313787756895286707e-01
4.900000000000000000e+01 8.358391207484832108e-01
5.100000000000000000e+01 8.402035955672271239e-01
5.300000000000000000e+01 8.444678421074552910e-01
5.500000000000000000e+01 8.486288753810210528e-01
5.700000000000000000e+01 8.526837117620361672e-01
5.900000000000000000e+01 8.566285005322173962e-01
6.100000000000000000e+01 8.604593588046041130e-01
6.300000000000000000e+01 8.641750595194607198e-01
6.500000000000000000e+01 8.677765508203596490e-01
6.700000000000000000e+01 8.712655696518709636e-01
6.900000000000000000e+01 8.746456770405650616e-01
7.100000000000000000e+01 8.779199426388549776e-01
7.300000000000000000e+01 8.810914471204622789e-01
7.500000000000000000e+01 8.841645013691232791e-01
7.700000000000000000e+01 8.871422099812992235e-01
7.900000000000000000e+01 8.900282776209785807e-01
8.100000000000000000e+01 8.928268054125086950e-01
8.300000000000000000e+01 8.955413780033816273e-01
8.500000000000000000e+01 8.981759306414952571e-01
8.700000000000000000e+01 9.007336453673170373e-01
8.900000000000000000e+01 9.032171639824441156e-01
9.100000000000000000e+01 9.056288864896795410e-01
9.300000000000000000e+01 9.079713747940879598e-01
9.500000000000000000e+01 9.102474386472070300e-01
9.700000000000000000e+01 9.124587416170515386e-01
9.900000000000000000e+01 9.146067600630791716e-01
1.010000000000000000e+02 9.166925097713931603e-01
1.030000000000000000e+02 9.187167325462165524e-01
1.050000000000000000e+02 9.206805098760002526e-01
1.070000000000000000e+02 9.225833067010287269e-01
1.090000000000000000e+02 9.244266943545869086e-01
1.110000000000000000e+02 9.262128058213662252e-01
1.130000000000000000e+02 9.279435712241057566e-01
1.150000000000000000e+02 9.296198740373232683e-01
1.170000000000000000e+02 9.312407967834732681e-01
1.190000000000000000e+02 9.328072960257218771e-01
1.210000000000000000e+02 9.343167743622542432e-01
1.230000000000000000e+02 9.357714564562558124e-01
1.250000000000000000e+02 9.371737168419879138e-01
1.270000000000000000e+02 9.385213824622906653e-01
1.290000000000000000e+02 9.398132573534175860e-01
1.310000000000000000e+02 9.410526401985094269e-01
1.330000000000000000e+02 9.422386843282239965e-01
1.350000000000000000e+02 9.433739782521576300e-01
1.370000000000000000e+02 9.444626746150518448e-01
1.390000000000000000e+02 9.455062090433379307e-01
1.410000000000000000e+02 9.465068405266782170e-01
1.430000000000000000e+02 9.474641041697287047e-01
1.450000000000000000e+02 9.483808939265362392e-01
1.470000000000000000e+02 9.492592180655187173e-01
1.490000000000000000e+02 9.501013176182558917e-01
