1.000000000000000000e+00 1.630848955951835766e-02
3.000000000000000000e+00 1.673090715680569662e-02
5.000000000000000000e+00 1.698468490895677085e-02
7.000000000000000000e+00 1.718352508433951265e-02
9.000000000000000000e+00 1.734727327134855113e-02
1.100000000000000000e+01 1.749107928440651882e-02
1.300000000000000000e+01 1.761667147962897584e-02
1.500000000000000000e+01 1.772730764517416180e-02
1.700000000000000000e+01 1.782579712510312664e-02
1.900000000000000000e+01 1.791415110353045126e-02
2.100000000000000000e+01 1.799312874397196449e-02
2.300000000000000000e+01 1.806279689768630625e-02
2.500000000000000000e+01 1.812302324843129142e-02
2.700000000000000000e+01 1.817454241101190693e-02
2.900000000000000000e+01 1.821801816954971009e-02
3.100000000000000000e+01 1.825447560920046008e-02
3.300000000000000000e+01 1.828487740628381708e-02
3.500000000000000000e+01 1.831095578969565985e-02
3.700000000000000000e+01 1.833362297868990076e-02
3.900000000000000000e+01 1.835249753630963099e-02
4.100000000000000000e+01 1.836660229670761257e-02
4.300000000000000000e+01 1.837566588139560864e-02
4.500000000000000000e+01 1.837908398779752872e-02
4.700000000000000000e+01 1.837675162206819923e-02
4.900000000000000000e+01 1.836990472940225327e-02
5.100000000000000000e+01 1.835958321016173400e-02
5.300000000000000000e+01 1.834576427193590487e-02
5.500000000000000000e+01 1.832857439281954104e-02
5.700000000000000000e+01 1.830697628851685188e-02
5.900000000000000000e+01 1.828113542701714778e-02
6.100000000000000000e+01 1.825024739608460678e-02
6.300000000000000000e+01 1.821498956635980715e-02
6.500000000000000000e+01 1.817698199703365880e-02
6.700000000000000000e+01 1.813626576160565218e-02
6.900000000000000000e+01 1.809176570509563042e-02
7.100000000000000000e+01 1.804348092838625739e-02
7.300000000000000000e+01 1.799209498787135431e-02
7.500000000000000000e+01 1.793706021840690834e-02
7.700000000000000000e+01 1.787711560274030109e-02
7.900000000000000000e+01 1.781250948106860577e-02
8.100000000000000000e+01 1.774358331422520862e-02
8.300000000000000000e+01 1.767190957397157813e-02
8.500000000000000000e+01 1.759812698326868041e-02
8.700000000000000000e+01 1.752188131739762511e-02
8.900000000000000000e+01 1.744231939121843045e-02
9.100000000000000000e+01 1.736004125609325044e-02
9.300000000000000000e+01 1.727524204154162746e-02
9.500000000000000000e+01 1.718817080309031908e-02
9.700000000000000000e+01 1.710007093212106977e-02
9.900000000000000000e+01 1.701105207994735302e-02
1.010000000000000000e+02 1.691983774915395422e-02
1.030000000000000000e+02 1.682673106310828004e-02
1.050000000000000000e+02 1.673241365048572238e-02
1.070000000000000000e+02 1.663760587927176626e-02
1.090000000000000000e+02 1.654222980803499166e-02
1.110000000000000000e+02 1.644650419441717748e-02
1.130000000000000000e+02 1.635028972172047901e-02
1.150000000000000000e+02 1.625405034648796931e-02
1.170000000000000000e+02 1.615829922208289471e-02
1.190000000000000000e+02 1.606361490904051337e-02
1.210000000000000000e+02 1.596976244435710512e-02
1.230000000000000000e+02 1.587682187531136435e-02
1.250000000000000000e+02 1.578439793697661298e-02
1.270000000000000000e+02 1.569209060818976820e-02
1.290000000000000000e+02 1.559983292962607848e-02
1.310000000000000000e+02 1.550835508162595744e-02
1.330000000000000000e+02 1.541772278245867600e-02
1.350000000000000000e+02 1.532719583676600550e-02
1.370000000000000000e+02 1.523686247831479434e-02
1.390000000000000000e+02 1.514556606072237077e-02
1.410000000000000000e+02 1.505399496024983907e-02
1.430000000000000000e+02 1.496220561005456862e-02
1.450000000000000000e+02 1.487090051588191297e-02
1.470000000000000000e+02 1.477979039524135452e-02
1.490000000000000000e+02 1.468891353055845617e-02
