1.000000000000000000e+00 1.342032484823576510e-01
3.000000000000000000e+00 1.664109744011547098e-01
5.000000000000000000e+00 1.800786771985923851e-01
7.000000000000000000e+00 1.865249113887430532e-01
9.000000000000000000e+00 1.901669729137586140e-01
1.100000000000000000e+01 1.925708996891140057e-01
1.300000000000000000e+01 1.943491166823625438e-01
1.500000000000000000e+01 1.957829811692813893e-01
1.700000000000000000e+01 1.970007409213411220e-01
1.900000000000000000e+01 1.980705376815806718e-01
2.100000000000000000e+01 1.990397993292849499e-01
2.300000000000000000e+01 1.999374817888450728e-01
2.500000000000000000e+01 2.007822926025696342e-01
2.700000000000000000e+01 2.015874036035372185e-01
2.900000000000000000e+01 2.023610168575804558e-01
3.100000000000000000e+01 2.031101272974389360e-01
3.300000000000000000e+01 2.038366011994409144e-01
3.500000000000000000e+01 2.045407808071678657e-01
3.700000000000000000e+01 2.052253234973177021e-01
3.900000000000000000e+01 2.058913935594153255e-01
4.100000000000000000e+01 2.065380578586064608e-01
4.300000000000000000e+01 2.071647838087203874e-01
4.500000000000000000e+01 2.077718025653756406e-01
4.700000000000000000e+01 2.083579440669880434e-01
4.900000000000000000e+01 2.089224210208500132e-01
5.100000000000000000e+01 2.094638739636327518e-01
5.300000000000000000e+01 2.099833913007019826e-01
5.500000000000000000e+01 2.104811971546525218e-01
5.700000000000000000e+01 2.109575292645639033e-01
5.900000000000000000e+01 2.114135793690109510e-01
6.100000000000000000e+01 2.118498186160691077e-01
6.300000000000000000e+01 2.122652373147705385e-01
6.500000000000000000e+01 2.126611583303725794e-01
6.700000000000000000e+01 2.130385783109285391e-01
6.900000000000000000e+01 2.133990363305917626e-01
7.100000000000000000e+01 2.137446507642021265e-01
7.300000000000000000e+01 2.140772796333336725e-01
7.500000000000000000e+01 2.143981728054574765e-01
7.700000000000000000e+01 2.147092239661442248e-01
7.900000000000000000e+01 2.150111950835051911e-01
8.100000000000000000e+01 2.153057830538359640e-01
8.300000000000000000e+01 2.155942944298342434e-01
8.500000000000000000e+01 2.158779073843616336e-01
8.700000000000000000e+01 2.161573011594224436e-01
8.900000000000000000e+01 2.164330285644903151e-01
9.100000000000000000e+01 2.167050102274186152e-01
9.300000000000000000e+01 2.169739213204986417e-01
9.500000000000000000e+01 2.172407564847366190e-01
9.700000000000000000e+01 2.175053972865041985e-01
9.900000000000000000e+01 2.177673886647786272e-01
1.010000000000000000e+02 2.180264264327217427e-01
1.030000000000000000e+02 2.182825079241818012e-01
1.050000000000000000e+02 2.185361216995085343e-01
1.070000000000000000e+02 2.187876529642048817e-01
1.090000000000000000e+02 2.190365845483771556e-01
1.110000000000000000e+02 2.192833398633282638e-01
1.130000000000000000e+02 2.195279685441521300e-01
1.150000000000000000e+02 2.197709815002298894e-01
1.170000000000000000e+02 2.200121412438752477e-01
1.190000000000000000e+02 2.202520168826341829e-01
1.210000000000000000e+02 2.204909098180438676e-01
1.230000000000000000e+02 2.207283813992320098e-01
1.250000000000000000e+02 2.209643104124515700e-01
1.270000000000000000e+02 2.211979163377438828e-01
1.290000000000000000e+02 2.214304719615705075e-01
1.310000000000000000e+02 2.216625807487641042e-01
1.330000000000000000e+02 2.218949941528993719e-01
1.350000000000000000e+02 2.221277887129379236e-01
1.370000000000000000e+02 2.223614371344707630e-01
1.390000000000000000e+02 2.225965216260081814e-01
1.410000000000000000e+02 2.228328699497315046e-01
1.430000000000000000e+02 2.230711155458480199e-01
1.450000000000000000e+02 2.233126334200707941e-01
1.470000000000000000e+02 2.235573970011325295e-01
1.490000000000000000e+02 2.238063919504306165e-01
