1.000000000000000000e+00 1.938851603281133151e-02
3.000000000000000000e+00 1.990188921522184629e-02
5.000000000000000000e+00 2.021074155357638347e-02
7.000000000000000000e+00 2.046706821249988373e-02
9.000000000000000000e+00 2.069055006365383420e-02
1.100000000000000000e+01 2.088188554873771086e-02
1.300000000000000000e+01 2.103634599995385379e-02
1.500000000000000000e+01 2.115423941994099000e-02
1.700000000000000000e+01 2.124687759167620538e-02
1.900000000000000000e+01 2.132141372882301322e-02
2.100000000000000000e+01 2.138142085762417821e-02
2.300000000000000000e+01 2.143072065372531032e-02
2.500000000000000000e+01 2.147332060474105297e-02
2.700000000000000000e+01 2.151213435583354538e-02
2.900000000000000000e+01 2.154876472335709447e-02
3.100000000000000000e+01 2.158421011353828245e-02
3.300000000000000000e+01 2.161792571642151550e-02
3.500000000000000000e+01 2.164869626669219116e-02
3.700000000000000000e+01 2.167774897325314143e-02
3.900000000000000000e+01 2.170438029727794760e-02
4.100000000000000000e+01 2.172752551533296828e-02
4.300000000000000000e+01 2.174740540283037760e-02
4.500000000000000000e+01 2.176391966432378311e-02
4.700000000000000000e+01 2.177654763831660123e-02
4.900000000000000000e+01 2.178461702859557647e-02
5.100000000000000000e+01 2.178799591030122773e-02
5.300000000000000000e+01 2.178619754003618958e-02
5.500000000000000000e+01 2.177898991678972607e-02
5.700000000000000000e+01 2.176642151546726023e-02
5.900000000000000000e+01 2.174861425247009983e-02
6.100000000000000000e+01 2.172563546152972425e-02
6.300000000000000000e+01 2.169809344370199344e-02
6.500000000000000000e+01 2.166554873663761871e-02
6.700000000000000000e+01 2.162810076869614573e-02
6.900000000000000000e+01 2.158549921350849665e-02
7.100000000000000000e+01 2.153800505991587677e-02
7.300000000000000000e+01 2.148602487489137403e-02
7.500000000000000000e+01 2.142955165967819209e-02
7.700000000000000000e+01 2.136786816082458795e-02
7.900000000000000000e+01 2.130016158591452324e-02
8.100000000000000000e+01 2.122676591604466534e-02
8.300000000000000000e+01 2.114977761867198325e-02
8.500000000000000000e+01 2.106799499273059872e-02
8.700000000000000000e+01 2.098208770618814611e-02
8.900000000000000000e+01 2.089207524182912223e-02
9.100000000000000000e+01 2.079882611100580814e-02
9.300000000000000000e+01 2.070261342976509322e-02
9.500000000000000000e+01 2.060373902022560877e-02
9.700000000000000000e+01 2.050209736126762383e-02
9.900000000000000000e+01 2.039892525551789682e-02
1.010000000000000000e+02 2.029236214650220749e-02
1.030000000000000000e+02 2.018283447652879925e-02
1.050000000000000000e+02 2.007007034963492753e-02
1.070000000000000000e+02 1.995485532572871534e-02
1.090000000000000000e+02 1.983923147680344279e-02
1.110000000000000000e+02 1.972343346579952250e-02
1.130000000000000000e+02 1.960730937097954207e-02
1.150000000000000000e+02 1.948977651885408502e-02
1.170000000000000000e+02 1.937150101253848344e-02
1.190000000000000000e+02 1.925323950684476593e-02
1.210000000000000000e+02 1.913474432890605037e-02
1.230000000000000000e+02 1.901623433869525925e-02
1.250000000000000000e+02 1.889812529802981089e-02
1.270000000000000000e+02 1.878142102106727940e-02
1.290000000000000000e+02 1.866507537792594373e-02
1.310000000000000000e+02 1.854926524071476290e-02
1.330000000000000000e+02 1.843409823667219172e-02
1.350000000000000000e+02 1.832007456987760907e-02
1.370000000000000000e+02 1.820721492521071294e-02
1.390000000000000000e+02 1.809599927838978495e-02
1.410000000000000000e+02 1.798624035377727193e-02
1.430000000000000000e+02 1.787795802630909314e-02
1.450000000000000000e+02 1.777095083137758547e-02
1.470000000000000000e+02 1.766557862622863961e-02
1.490000000000000000e+02 1.756183020094870262e-02
