1.000000000000000000e+00 5.116025116025115782e-01
3.000000000000000000e+00 5.808020837323324415e-01
5.000000000000000000e+00 6.143653734619611839e-01
7.000000000000000000e+00 6.360999862694262097e-01
9.000000000000000000e+00 6.529882885683113702e-01
1.100000000000000000e+01 6.668736094479382759e-01
1.300000000000000000e+01 6.783785197201106509e-01
1.500000000000000000e+01 6.876935564265718170e-01
1.700000000000000000e+01 6.953706851602194927e-01
1.900000000000000000e+01 7.015850079621996915e-01
2.100000000000000000e+01 7.064727894031879174e-01
2.300000000000000000e+01 7.099771703299693204e-01
2.500000000000000000e+01 7.123994412137707455e-01
2.700000000000000000e+01 7.138837536771744929e-01
2.900000000000000000e+01 7.147901695935350297e-01
3.100000000000000000e+01 7.149528822152967367e-01
3.300000000000000000e+01 7.144317311158594475e-01
3.500000000000000000e+01 7.133955842770747235e-01
3.700000000000000000e+01 7.121317869307783877e-01
3.900000000000000000e+01 7.106627572112989011e-01
4.100000000000000000e+01 7.090692477678758321e-01
4.300000000000000000e+01 7.074036025213481516e-01
4.500000000000000000e+01 7.056475104773854978e-01
4.700000000000000000e+01 7.039241872496639907e-01
4.900000000000000000e+01 7.022350501309320148e-01
5.100000000000000000e+01 7.005524631938917501e-01
5.300000000000000000e+01 6.989838184386278908e-01
5.500000000000000000e+01 6.975804677342336557e-01
5.700000000000000000e+01 6.963082502652889749e-01
5.900000000000000000e+01 6.951177369683694263e-01
6.100000000000000000e+01 6.939339307662730771e-01
6.300000000000000000e+01 6.927542223099825147e-01
6.500000000000000000e+01 6.915672859479098378e-01
6.700000000000000000e+01 6.904080642808361201e-01
6.900000000000000000e+01 6.894682461025951614e-01
7.100000000000000000e+01 6.887392472629715323e-01
7.300000000000000000e+01 6.882020023772352779e-01
7.500000000000000000e+01 6.877935167614332990e-01
7.700000000000000000e+01 6.874937400804002063e-01
7.900000000000000000e+01 6.873274313930499702e-01
8.100000000000000000e+01 6.871779879773902699e-01
8.300000000000000000e+01 6.869614080673259737e-01
8.500000000000000000e+01 6.866560366338432253e-01
8.700000000000000000e+01 6.861755075756356126e-01
8.900000000000000000e+01 6.855194420867343208e-01
9.100000000000000000e+01 6.848455983464205588e-01
9.300000000000000000e+01 6.841369912773960227e-01
9.500000000000000000e+01 6.833916544041356289e-01
9.700000000000000000e+01 6.825409397582659077e-01
9.900000000000000000e+01 6.816937610638820200e-01
1.010000000000000000e+02 6.808012964752669927e-01
1.030000000000000000e+02 6.799398059735268784e-01
1.050000000000000000e+02 6.790942196383769058e-01
1.070000000000000000e+02 6.782338373980699719e-01
1.090000000000000000e+02 6.773922873994497884e-01
1.110000000000000000e+02 6.765554013888893659e-01
1.130000000000000000e+02 6.756890423240627941e-01
1.150000000000000000e+02 6.748437734892237527e-01
1.170000000000000000e+02 6.740685621158477581e-01
1.190000000000000000e+02 6.733436276781367136e-01
1.210000000000000000e+02 6.727090811127699466e-01
1.230000000000000000e+02 6.721465233947780948e-01
1.250000000000000000e+02 6.716001907358981615e-01
1.270000000000000000e+02 6.710844951672028103e-01
1.290000000000000000e+02 6.705984647576324065e-01
1.310000000000000000e+02 6.701255830668539915e-01
1.330000000000000000e+02 6.696607661006300782e-01
1.350000000000000000e+02 6.692746897575057030e-01
1.370000000000000000e+02 6.689480953185573675e-01
1.390000000000000000e+02 6.686829389831094872e-01
1.410000000000000000e+02 6.685023447332569813e-01
1.430000000000000000e+02 6.684100690252550159e-01
1.450000000000000000e+02 6.684100690252545718e-01
1.470000000000000000e+02 6.684100690252541277e-01
1.490000000000000000e+02 6.684100690252547938e-01
