1.000000000000000000e+00 2.427864094246201532e-01
3.000000000000000000e+00 2.960582202424116849e-01
5.000000000000000000e+00 3.220029023548220959e-01
7.000000000000000000e+00 3.376138646754046624e-01
9.000000000000000000e+00 3.489982996002628512e-01
1.100000000000000000e+01 3.587570290104766801e-01
1.300000000000000000e+01 3.678882242943420922e-01
1.500000000000000000e+01 3.767775487320025318e-01
1.700000000000000000e+01 3.857040635930133465e-01
1.900000000000000000e+01 3.948562397952194436e-01
2.100000000000000000e+01 4.042601475318680082e-01
2.300000000000000000e+01 4.138339724972170952e-01
2.500000000000000000e+01 4.234806452815996769e-01
2.700000000000000000e+01 4.331805715487188069e-01
2.900000000000000000e+01 4.429634188634743452e-01
3.100000000000000000e+01 4.527904089311584057e-01
3.300000000000000000e+01 4.626505378993995832e-01
3.500000000000000000e+01 4.725605122267555469e-01
3.700000000000000000e+01 4.824992897629559740e-01
3.900000000000000000e+01 4.924414857089272068e-01
4.100000000000000000e+01 5.023991936201639419e-01
4.300000000000000000e+01 5.124069281268186504e-01
4.500000000000000000e+01 5.224912003392412352e-01
4.700000000000000000e+01 5.326516017887776844e-01
4.900000000000000000e+01 5.428895407399880746e-01
5.100000000000000000e+01 5.532191369741137343e-01
5.300000000000000000e+01 5.636498200016087923e-01
5.500000000000000000e+01 5.741866809194959842e-01
5.700000000000000000e+01 5.848247343089960637e-01
5.900000000000000000e+01 5.955262156012504082e-01
6.100000000000000000e+01 6.062917949524873062e-01
6.300000000000000000e+01 6.170983813576412791e-01
6.500000000000000000e+01 6.279275676574133103e-01
6.700000000000000000e+01 6.387656830026391397e-01
6.900000000000000000e+01 6.495677134470098091e-01
7.100000000000000000e+01 6.603116367115182683e-01
7.300000000000000000e+01 6.709434400598519588e-01
7.500000000000000000e+01 6.814340864507022477e-01
7.700000000000000000e+01 6.917690843581023596e-01
7.900000000000000000e+01 7.019237229729737848e-01
8.100000000000000000e+01 7.118946682170499418e-01
8.300000000000000000e+01 7.216867300901131932e-01
8.500000000000000000e+01 7.312620258609081603e-01
8.700000000000000000e+01 7.406133782660156983e-01
8.900000000000000000e+01 7.497102009837561809e-01
9.100000000000000000e+01 7.585522478429463922e-01
9.300000000000000000e+01 7.671468793924235419e-01
9.500000000000000000e+01 7.754795694024608776e-01
9.700000000000000000e+01 7.835584186768195236e-01
9.900000000000000000e+01 7.914420644951188910e-01
1.010000000000000000e+02 7.991076370626751801e-01
1.030000000000000000e+02 8.065847394621886712e-01
1.050000000000000000e+02 8.139033965730033682e-01
1.070000000000000000e+02 8.210601503322922934e-01
1.090000000000000000e+02 8.280595455184616149e-01
1.110000000000000000e+02 8.349013304343921860e-01
1.130000000000000000e+02 8.416013303448975913e-01
1.150000000000000000e+02 8.481366275185718839e-01
1.170000000000000000e+02 8.545199255956166251e-01
1.190000000000000000e+02 8.607688671576798622e-01
1.210000000000000000e+02 8.668986384769387099e-01
1.230000000000000000e+02 8.728215917675758995e-01
1.250000000000000000e+02 8.785344805523986889e-01
1.270000000000000000e+02 8.840516148258307227e-01
1.290000000000000000e+02 8.893864216955735813e-01
1.310000000000000000e+02 8.945488333699513905e-01
1.330000000000000000e+02 8.995389750685685026e-01
1.350000000000000000e+02 9.042914880516308429e-01
1.370000000000000000e+02 9.088179778191246561e-01
1.390000000000000000e+02 9.131175048266786387e-01
1.410000000000000000e+02 9.172023919788262480e-01
1.430000000000000000e+02 9.210495879426792154e-01
1.450000000000000000e+02 9.246717613546251435e-01
1.470000000000000000e+02 9.280743765792197619e-01
1.490000000000000000e+02 9.312646380749936004e-01
