1.000000000000000000e+00 1.630835594517497933e-01
3.000000000000000000e+00 1.741776652589571706e-01
5.000000000000000000e+00 1.789965141979107388e-01
7.000000000000000000e+00 1.819965612866972782e-01
9.000000000000000000e+00 1.843750525925718087e-01
1.100000000000000000e+01 1.863777186515134243e-01
1.300000000000000000e+01 1.881037097612573428e-01
1.500000000000000000e+01 1.895700187124367275e-01
1.700000000000000000e+01 1.908310238585410046e-01
1.900000000000000000e+01 1.919237274635102741e-01
2.100000000000000000e+01 1.928745168238965579e-01
2.300000000000000000e+01 1.937073349369277109e-01
2.500000000000000000e+01 1.943998350836132483e-01
2.700000000000000000e+01 1.949798676475846815e-01
2.900000000000000000e+01 1.954891863850641842e-01
3.100000000000000000e+01 1.959240516689001455e-01
3.300000000000000000e+01 1.962803383130866663e-01
3.500000000000000000e+01 1.965540230640892005e-01
3.700000000000000000e+01 1.967541021255435618e-01
3.900000000000000000e+01 1.968805064326153431e-01
4.100000000000000000e+01 1.969583961853079712e-01
4.300000000000000000e+01 1.970206367756558441e-01
4.500000000000000000e+01 1.970704679998247499e-01
4.700000000000000000e+01 1.971059756949368191e-01
4.900000000000000000e+01 1.971351855398985053e-01
5.100000000000000000e+01 1.971450428482586226e-01
5.300000000000000000e+01 1.971378761544712033e-01
5.500000000000000000e+01 1.971213298226430766e-01
5.700000000000000000e+01 1.970982912596486170e-01
5.900000000000000000e+01 1.970621167067527768e-01
6.100000000000000000e+01 1.970139293237742617e-01
6.300000000000000000e+01 1.969545566704850037e-01
6.500000000000000000e+01 1.968754159630382583e-01
6.700000000000000000e+01 1.967989342719270729e-01
6.900000000000000000e+01 1.967265920957691483e-01
7.100000000000000000e+01 1.966599135226103634e-01
7.300000000000000000e+01 1.965964333748854154e-01
7.500000000000000000e+01 1.965403574959653232e-01
7.700000000000000000e+01 1.964924527229773288e-01
7.900000000000000000e+01 1.964514619854171862e-01
8.100000000000000000e+01 1.963986244357202038e-01
8.300000000000000000e+01 1.963291958979149765e-01
8.500000000000000000e+01 1.962553049330271193e-01
8.700000000000000000e+01 1.961790488074661720e-01
8.900000000000000000e+01 1.961127272896499019e-01
9.100000000000000000e+01 1.960494585298313552e-01
9.300000000000000000e+01 1.959867574171362259e-01
9.500000000000000000e+01 1.959252754964864174e-01
9.700000000000000000e+01 1.958576521052954877e-01
9.900000000000000000e+01 1.957926837096338746e-01
1.010000000000000000e+02 1.957246363886967488e-01
1.030000000000000000e+02 1.956544323530399199e-01
1.050000000000000000e+02 1.955805485787268649e-01
1.070000000000000000e+02 1.955052278919380271e-01
1.090000000000000000e+02 1.954375033158686215e-01
1.110000000000000000e+02 1.953686350609419309e-01
1.130000000000000000e+02 1.953029619446248200e-01
1.150000000000000000e+02 1.952309340184305020e-01
1.170000000000000000e+02 1.951562499438393994e-01
1.190000000000000000e+02 1.950839093364985510e-01
1.210000000000000000e+02 1.950230261750384164e-01
1.230000000000000000e+02 1.949546338197259976e-01
1.250000000000000000e+02 1.948856092337160062e-01
1.270000000000000000e+02 1.948121043546602316e-01
1.290000000000000000e+02 1.947381346783338962e-01
1.310000000000000000e+02 1.946628601204231090e-01
1.330000000000000000e+02 1.945881550449248820e-01
1.350000000000000000e+02 1.945140189186599367e-01
1.370000000000000000e+02 1.944360370621021072e-01
1.390000000000000000e+02 1.943499769793923804e-01
1.410000000000000000e+02 1.942526619479809646e-01
1.430000000000000000e+02 1.941436597543307885e-01
1.450000000000000000e+02 1.940277906333474078e-01
1.470000000000000000e+02 1.939076335209301005e-01
1.490000000000000000e+02 1.937876278095218563e-01
