1.000000000000000000e+00 1.898263967856872458e-01
3.000000000000000000e+00 2.127567407657846577e-01
5.000000000000000000e+00 2.222732531747199092e-01
7.000000000000000000e+00 2.274288766212823054e-01
9.000000000000000000e+00 2.308896830458528893e-01
1.100000000000000000e+01 2.334147203571087514e-01
1.300000000000000000e+01 2.354878266929765207e-01
1.500000000000000000e+01 2.373358413102204523e-01
1.700000000000000000e+01 2.390240333074125090e-01
1.900000000000000000e+01 2.405937809756728551e-01
2.100000000000000000e+01 2.420810766856869023e-01
2.300000000000000000e+01 2.435593801514369661e-01
2.500000000000000000e+01 2.450849977389154555e-01
2.700000000000000000e+01 2.467017832300577584e-01
2.900000000000000000e+01 2.484373538742375986e-01
3.100000000000000000e+01 2.502824670909292726e-01
3.300000000000000000e+01 2.522834867715152418e-01
3.500000000000000000e+01 2.544618840885671807e-01
3.700000000000000000e+01 2.568015408250715614e-01
3.900000000000000000e+01 2.593100140228883355e-01
4.100000000000000000e+01 2.619934806575439090e-01
4.300000000000000000e+01 2.648388742019237574e-01
4.500000000000000000e+01 2.678494222513306822e-01
4.700000000000000000e+01 2.710196281398213891e-01
4.900000000000000000e+01 2.743501656869133942e-01
5.100000000000000000e+01 2.778265914686793847e-01
5.300000000000000000e+01 2.814396580427354078e-01
5.500000000000000000e+01 2.851534715043358981e-01
5.700000000000000000e+01 2.889760652250980000e-01
5.900000000000000000e+01 2.928930975597532349e-01
6.100000000000000000e+01 2.969042460746674772e-01
6.300000000000000000e+01 3.010084124426175567e-01
6.500000000000000000e+01 3.052009559582568032e-01
6.700000000000000000e+01 3.094743459760791460e-01
6.900000000000000000e+01 3.138262657151654755e-01
7.100000000000000000e+01 3.182539058738101945e-01
7.300000000000000000e+01 3.227555001262579770e-01
7.500000000000000000e+01 3.273245783170877221e-01
7.700000000000000000e+01 3.319631279113152145e-01
7.900000000000000000e+01 3.366760679835203440e-01
8.100000000000000000e+01 3.414679898000283487e-01
8.300000000000000000e+01 3.463354026367425620e-01
8.500000000000000000e+01 3.512800946137893954e-01
8.700000000000000000e+01 3.563046352373056003e-01
8.900000000000000000e+01 3.614091021465604125e-01
9.100000000000000000e+01 3.665783602804624230e-01
9.300000000000000000e+01 3.718198807128696437e-01
9.500000000000000000e+01 3.771314036682390514e-01
9.700000000000000000e+01 3.825108399736814047e-01
9.900000000000000000e+01 3.879514068754954526e-01
1.010000000000000000e+02 3.934412355752943125e-01
1.030000000000000000e+02 3.989784745900811780e-01
1.050000000000000000e+02 4.045681910814596938e-01
1.070000000000000000e+02 4.102307000514695545e-01
1.090000000000000000e+02 4.159650964206275114e-01
1.110000000000000000e+02 4.217682950259733499e-01
1.130000000000000000e+02 4.276355616573849217e-01
1.150000000000000000e+02 4.335707512312994005e-01
1.170000000000000000e+02 4.395749499296898177e-01
1.190000000000000000e+02 4.456439122144327802e-01
1.210000000000000000e+02 4.517726902242659159e-01
1.230000000000000000e+02 4.579516458512031818e-01
1.250000000000000000e+02 4.641676784977524228e-01
1.270000000000000000e+02 4.704166318060356566e-01
1.290000000000000000e+02 4.766797957504276262e-01
1.310000000000000000e+02 4.829497043518296007e-01
1.330000000000000000e+02 4.892211807386310785e-01
1.350000000000000000e+02 4.954967487879319288e-01
1.370000000000000000e+02 5.017720966093051072e-01
1.390000000000000000e+02 5.080385969930352186e-01
1.410000000000000000e+02 5.142872100430310178e-01
1.430000000000000000e+02 5.205105033451025154e-01
1.450000000000000000e+02 5.267067585447514633e-01
1.470000000000000000e+02 5.328697339278356537e-01
1.490000000000000000e+02 5.389959989529518047e-01
