1.000000000000000000e+00 1.845521992580816395e-01
3.000000000000000000e+00 2.061394681664660000e-01
5.000000000000000000e+00 2.149104223619123788e-01
7.000000000000000000e+00 2.192170775538613281e-01
9.000000000000000000e+00 2.217945349945106281e-01
1.100000000000000000e+01 2.236784448356043953e-01
1.300000000000000000e+01 2.251754879030025691e-01
1.500000000000000000e+01 2.264259568251365540e-01
1.700000000000000000e+01 2.275641851356960954e-01
1.900000000000000000e+01 2.287167884995749967e-01
2.100000000000000000e+01 2.299163147627574233e-01
2.300000000000000000e+01 2.311566825703207373e-01
2.500000000000000000e+01 2.324781154866569777e-01
2.700000000000000000e+01 2.338721520040527579e-01
2.900000000000000000e+01 2.353435117235087581e-01
3.100000000000000000e+01 2.369158595589827554e-01
3.300000000000000000e+01 2.385926544221823598e-01
3.500000000000000000e+01 2.403585891218095183e-01
3.700000000000000000e+01 2.422229040451391313e-01
3.900000000000000000e+01 2.441882359911897726e-01
4.100000000000000000e+01 2.462658087057364442e-01
4.300000000000000000e+01 2.484459071088949145e-01
4.500000000000000000e+01 2.507412498750888341e-01
4.700000000000000000e+01 2.531426678207256975e-01
4.900000000000000000e+01 2.556397321474851436e-01
5.100000000000000000e+01 2.582278286951094071e-01
5.300000000000000000e+01 2.608826347466502993e-01
5.500000000000000000e+01 2.636181881594756859e-01
5.700000000000000000e+01 2.664291149036642770e-01
5.900000000000000000e+01 2.693203168167265238e-01
6.100000000000000000e+01 2.722899454931340113e-01
6.300000000000000000e+01 2.753420811427489401e-01
6.500000000000000000e+01 2.784792453872937390e-01
6.700000000000000000e+01 2.817005788139433919e-01
6.900000000000000000e+01 2.849918296122291306e-01
7.100000000000000000e+01 2.883589464295810423e-01
7.300000000000000000e+01 2.917994125302107999e-01
7.500000000000000000e+01 2.953298613500273673e-01
7.700000000000000000e+01 2.989529468689452463e-01
7.900000000000000000e+01 3.026634345455720965e-01
8.100000000000000000e+01 3.064559709225471718e-01
8.300000000000000000e+01 3.103179778452485049e-01
8.500000000000000000e+01 3.142540232076961315e-01
8.700000000000000000e+01 3.182596802712824857e-01
8.900000000000000000e+01 3.223273683851685112e-01
9.100000000000000000e+01 3.264520235903044520e-01
9.300000000000000000e+01 3.306332348311646907e-01
9.500000000000000000e+01 3.348721127679095133e-01
9.700000000000000000e+01 3.391684656317380808e-01
9.900000000000000000e+01 3.435378457857263257e-01
1.010000000000000000e+02 3.479788826718884787e-01
1.030000000000000000e+02 3.524890878157190821e-01
1.050000000000000000e+02 3.570721227774552586e-01
1.070000000000000000e+02 3.617262776331211516e-01
1.090000000000000000e+02 3.664555894532341984e-01
1.110000000000000000e+02 3.712585515041713080e-01
1.130000000000000000e+02 3.761257176515699907e-01
1.150000000000000000e+02 3.810528999645776960e-01
1.170000000000000000e+02 3.860378230824749179e-01
1.190000000000000000e+02 3.910761351854205037e-01
1.210000000000000000e+02 3.961570215121268390e-01
1.230000000000000000e+02 4.012816524161268994e-01
1.250000000000000000e+02 4.064480246337713876e-01
1.270000000000000000e+02 4.116504075703928400e-01
1.290000000000000000e+02 4.168831867633880917e-01
1.310000000000000000e+02 4.221260962572942477e-01
1.330000000000000000e+02 4.273716917292441630e-01
1.350000000000000000e+02 4.326144300755705441e-01
1.370000000000000000e+02 4.378567920224869514e-01
1.390000000000000000e+02 4.430935925429688726e-01
1.410000000000000000e+02 4.483180471246023258e-01
1.430000000000000000e+02 4.535159959008593367e-01
1.450000000000000000e+02 4.586838642427515378e-01
1.470000000000000000e+02 4.638198241393994836e-01
1.490000000000000000e+02 4.689335279210290475e-01
