1.000000000000000000e+00 4.383473208521626585e-01
3.000000000000000000e+00 4.606910744096678334e-01
5.000000000000000000e+00 4.709785480869960184e-01
7.000000000000000000e+00 4.789155433740380774e-01
9.000000000000000000e+00 4.862926203596018571e-01
1.100000000000000000e+01 4.934384907882952698e-01
1.300000000000000000e+01 5.005069311610106375e-01
1.500000000000000000e+01 5.074636661130805804e-01
1.700000000000000000e+01 5.142777637491269260e-01
1.900000000000000000e+01 5.209090188203255867e-01
2.100000000000000000e+01 5.273394150375283473e-01
2.300000000000000000e+01 5.336000740246300555e-01
2.500000000000000000e+01 5.397168191615926425e-01
2.700000000000000000e+01 5.456985483882916821e-01
2.900000000000000000e+01 5.516086762759861983e-01
3.100000000000000000e+01 5.575046451991720886e-01
3.300000000000000000e+01 5.634090033758736293e-01
3.500000000000000000e+01 5.693654063637076934e-01
3.700000000000000000e+01 5.754215734010321714e-01
3.900000000000000000e+01 5.815668588707871844e-01
4.100000000000000000e+01 5.878404623591548805e-01
4.300000000000000000e+01 5.942890755169614181e-01
4.500000000000000000e+01 6.008966026727911025e-01
4.700000000000000000e+01 6.076667402141588958e-01
4.900000000000000000e+01 6.146142374817671339e-01
5.100000000000000000e+01 6.217226342010446771e-01
5.300000000000000000e+01 6.289899874403914737e-01
5.500000000000000000e+01 6.364127398146389725e-01
5.700000000000000000e+01 6.439590866808406755e-01
5.900000000000000000e+01 6.515915859143811550e-01
6.100000000000000000e+01 6.592726126589998348e-01
6.300000000000000000e+01 6.669695847588048565e-01
6.500000000000000000e+01 6.746568177496534702e-01
6.700000000000000000e+01 6.823153569635447280e-01
6.900000000000000000e+01 6.899120026086607016e-01
7.100000000000000000e+01 6.974176215985397054e-01
7.300000000000000000e+01 7.048116261193146936e-01
7.500000000000000000e+01 7.120805500162717960e-01
7.700000000000000000e+01 7.192369395084583505e-01
7.900000000000000000e+01 7.262752208813640920e-01
8.100000000000000000e+01 7.332032857087433797e-01
8.300000000000000000e+01 7.400325835845378286e-01
8.500000000000000000e+01 7.467778088739533970e-01
8.700000000000000000e+01 7.534429902460093587e-01
8.900000000000000000e+01 7.600349926801347467e-01
9.100000000000000000e+01 7.665634000219803124e-01
9.300000000000000000e+01 7.730205561588923135e-01
9.500000000000000000e+01 7.794113393451662652e-01
9.700000000000000000e+01 7.857290629299642504e-01
9.900000000000000000e+01 7.919690603887723501e-01
1.010000000000000000e+02 7.981343013700071820e-01
1.030000000000000000e+02 8.042325237474735600e-01
1.050000000000000000e+02 8.102550463476350107e-01
1.070000000000000000e+02 8.161930244433224235e-01
1.090000000000000000e+02 8.220300260394872716e-01
1.110000000000000000e+02 8.277699240312985651e-01
1.130000000000000000e+02 8.333909148565272762e-01
1.150000000000000000e+02 8.388968323655174864e-01
1.170000000000000000e+02 8.442846871830648192e-01
1.190000000000000000e+02 8.495532897847625220e-01
1.210000000000000000e+02 8.546866616065748046e-01
1.230000000000000000e+02 8.596877066071073603e-01
1.250000000000000000e+02 8.645457740293178706e-01
1.270000000000000000e+02 8.692604579581313384e-01
1.290000000000000000e+02 8.738287974357129562e-01
1.310000000000000000e+02 8.782477849924132940e-01
1.330000000000000000e+02 8.825220898142663861e-01
1.350000000000000000e+02 8.866554082420539107e-01
1.370000000000000000e+02 8.906470612374706164e-01
1.390000000000000000e+02 8.944963059620446577e-01
1.410000000000000000e+02 8.982015733193086104e-01
1.430000000000000000e+02 9.017657565011378829e-01
1.450000000000000000e+02 9.051862388863580744e-01
1.470000000000000000e+02 9.084636990619664454e-01
1.490000000000000000e+02 9.116173614860128005e-01
