1.000000000000000000e+00 3.121748178980254806e-04
3.000000000000000000e+00 3.247657977510920446e-04
5.000000000000000000e+00 3.322025895413638352e-04
7.000000000000000000e+00 3.381751226703144653e-04
9.000000000000000000e+00 3.489944220309570966e-04
1.100000000000000000e+01 3.599221495963478290e-04
1.300000000000000000e+01 3.700509638170368376e-04
1.500000000000000000e+01 3.797231445265003558e-04
1.700000000000000000e+01 3.892177438005184342e-04
1.900000000000000000e+01 3.988391991783801771e-04
2.100000000000000000e+01 4.084646935376134991e-04
2.300000000000000000e+01 4.180218908931276900e-04
2.500000000000000000e+01 4.272199861731218462e-04
2.700000000000000000e+01 4.358628124985219898e-04
2.900000000000000000e+01 4.439061372314423437e-04
3.100000000000000000e+01 4.513394568488315883e-04
3.300000000000000000e+01 4.582527128182967147e-04
3.500000000000000000e+01 4.647320300714685715e-04
3.700000000000000000e+01 4.707841035038740074e-04
3.900000000000000000e+01 4.764410174408206800e-04
4.100000000000000000e+01 4.817196108849453040e-04
4.300000000000000000e+01 4.866591836483191713e-04
4.500000000000000000e+01 4.913723243832324172e-04
4.700000000000000000e+01 4.959613361738002268e-04
4.900000000000000000e+01 5.004155053716097257e-04
5.100000000000000000e+01 5.047109530743609795e-04
5.300000000000000000e+01 5.088729391521384926e-04
5.500000000000000000e+01 5.129391488165602198e-04
5.700000000000000000e+01 5.169177147370529468e-04
5.900000000000000000e+01 5.207994748939182017e-04
6.100000000000000000e+01 5.245825592576913721e-04
6.300000000000000000e+01 5.283004002260005549e-04
6.500000000000000000e+01 5.320143176505975902e-04
6.700000000000000000e+01 5.357584059151321298e-04
6.900000000000000000e+01 5.395354260355755827e-04
7.100000000000000000e+01 5.433549239414192655e-04
7.300000000000000000e+01 5.472424840585743411e-04
7.500000000000000000e+01 5.512417812350012269e-04
7.700000000000000000e+01 5.554370098440619685e-04
7.900000000000000000e+01 5.597677508714093975e-04
8.100000000000000000e+01 5.641222655289324095e-04
8.300000000000000000e+01 5.684419516872596390e-04
8.500000000000000000e+01 5.726591180944540227e-04
8.700000000000000000e+01 5.767549467693422471e-04
8.900000000000000000e+01 5.807745133111774649e-04
9.100000000000000000e+01 5.847512999745951845e-04
9.300000000000000000e+01 5.887137908985318191e-04
9.500000000000000000e+01 5.926640974802666051e-04
9.700000000000000000e+01 5.966036805885588379e-04
9.900000000000000000e+01 6.005656316885321644e-04
1.010000000000000000e+02 6.045946059547446794e-04
1.030000000000000000e+02 6.087197143034295266e-04
1.050000000000000000e+02 6.129494152778969251e-04
1.070000000000000000e+02 6.173027805771447163e-04
1.090000000000000000e+02 6.217971211447403945e-04
1.110000000000000000e+02 6.264335444237101314e-04
1.130000000000000000e+02 6.312112415871595772e-04
1.150000000000000000e+02 6.361246108189666515e-04
1.170000000000000000e+02 6.411786216758974533e-04
1.190000000000000000e+02 6.463757949638493372e-04
1.210000000000000000e+02 6.517308851631264943e-04
1.230000000000000000e+02 6.572607490149540155e-04
1.250000000000000000e+02 6.629879328914345393e-04
1.270000000000000000e+02 6.689167644784443922e-04
1.290000000000000000e+02 6.750733449565338162e-04
1.310000000000000000e+02 6.814749014300014451e-04
1.330000000000000000e+02 6.879999353069932155e-04
1.350000000000000000e+02 6.946983057743993939e-04
1.370000000000000000e+02 7.016006556687104379e-04
1.390000000000000000e+02 7.088440295557330018e-04
1.410000000000000000e+02 7.164555999567001621e-04
1.430000000000000000e+02 7.244460923419016041e-04
1.450000000000000000e+02 7.328111999607145322e-04
1.470000000000000000e+02 7.415532559743587271e-04
1.490000000000000000e+02 7.506900532947557991e-04
