1.000000000000000000e+00 2.616342753419087508e-02
3.000000000000000000e+00 2.659352049410734775e-02
5.000000000000000000e+00 2.681832656020410877e-02
7.000000000000000000e+00 2.697637972843769383e-02
9.000000000000000000e+00 2.711565433186358121e-02
1.100000000000000000e+01 2.723824103136185393e-02
1.300000000000000000e+01 2.735278009370112340e-02
1.500000000000000000e+01 2.745771605424540684e-02
1.700000000000000000e+01 2.756093671224657538e-02
1.900000000000000000e+01 2.767073302827716130e-02
2.100000000000000000e+01 2.779153155932356789e-02
2.300000000000000000e+01 2.792046610091103442e-02
2.500000000000000000e+01 2.805545199485737218e-02
2.700000000000000000e+01 2.819817816836656110e-02
2.900000000000000000e+01 2.834702776107711486e-02
3.100000000000000000e+01 2.849975417158256974e-02
3.300000000000000000e+01 2.865456474591421276e-02
3.500000000000000000e+01 2.881050553922348545e-02
3.700000000000000000e+01 2.896635955675963547e-02
3.900000000000000000e+01 2.912138362989391549e-02
4.100000000000000000e+01 2.927534519055441375e-02
4.300000000000000000e+01 2.942828396783281342e-02
4.500000000000000000e+01 2.957996007148622208e-02
4.700000000000000000e+01 2.973086731790297588e-02
4.900000000000000000e+01 2.988113949518922396e-02
5.100000000000000000e+01 3.003095407167855058e-02
5.300000000000000000e+01 3.018070657568516779e-02
5.500000000000000000e+01 3.033039509874679851e-02
5.700000000000000000e+01 3.047977363420550923e-02
5.900000000000000000e+01 3.062903810687278572e-02
6.100000000000000000e+01 3.077820631816352570e-02
6.300000000000000000e+01 3.092731875652210416e-02
6.500000000000000000e+01 3.107634744881271338e-02
6.700000000000000000e+01 3.122535808853832417e-02
6.900000000000000000e+01 3.137434151764473267e-02
7.100000000000000000e+01 3.152317565441353775e-02
7.300000000000000000e+01 3.167180439992534069e-02
7.500000000000000000e+01 3.182012302819769989e-02
7.700000000000000000e+01 3.196810600243482625e-02
7.900000000000000000e+01 3.211569265023173081e-02
8.100000000000000000e+01 3.226281977831269021e-02
8.300000000000000000e+01 3.240943689489728108e-02
8.500000000000000000e+01 3.255546008998277951e-02
8.700000000000000000e+01 3.270077885315048061e-02
8.900000000000000000e+01 3.284529285194925929e-02
9.100000000000000000e+01 3.298880553549055072e-02
9.300000000000000000e+01 3.313124215876417367e-02
9.500000000000000000e+01 3.327266509219162227e-02
9.700000000000000000e+01 3.341314061102473865e-02
9.900000000000000000e+01 3.355267517667048782e-02
1.010000000000000000e+02 3.369127210318056953e-02
1.030000000000000000e+02 3.382886070693735814e-02
1.050000000000000000e+02 3.396539101930384774e-02
1.070000000000000000e+02 3.410079668264731634e-02
1.090000000000000000e+02 3.423498637636313013e-02
1.110000000000000000e+02 3.436779234931308658e-02
1.130000000000000000e+02 3.449910681853818328e-02
1.150000000000000000e+02 3.462888040420331048e-02
1.170000000000000000e+02 3.475700951165128227e-02
1.190000000000000000e+02 3.488335055764202330e-02
1.210000000000000000e+02 3.500781790536966476e-02
1.230000000000000000e+02 3.513029188716754181e-02
1.250000000000000000e+02 3.525071275839908314e-02
1.270000000000000000e+02 3.536905761658937219e-02
1.290000000000000000e+02 3.548525158366588883e-02
1.310000000000000000e+02 3.559932848024416341e-02
1.330000000000000000e+02 3.571127278600649824e-02
1.350000000000000000e+02 3.582106021165643028e-02
1.370000000000000000e+02 3.592869247651553355e-02
1.390000000000000000e+02 3.603412388406612710e-02
1.410000000000000000e+02 3.613736938273237609e-02
1.430000000000000000e+02 3.623850343256618256e-02
1.450000000000000000e+02 3.633754904404173924e-02
1.470000000000000000e+02 3.643454457885231257e-02
1.490000000000000000e+02 3.652942836379746705e-02
