1.000000000000000000e+00 1.285842870001330240e-04
3.000000000000000000e+00 1.307731748700913244e-04
5.000000000000000000e+00 1.328163538690807499e-04
7.000000000000000000e+00 1.369222387302970745e-04
9.000000000000000000e+00 1.426585694205284582e-04
1.100000000000000000e+01 1.477911815679355811e-04
1.300000000000000000e+01 1.520285918726882457e-04
1.500000000000000000e+01 1.555679243178120785e-04
1.700000000000000000e+01 1.586187099543723278e-04
1.900000000000000000e+01 1.614050386301579820e-04
2.100000000000000000e+01 1.644365466060282444e-04
2.300000000000000000e+01 1.675727102141699731e-04
2.500000000000000000e+01 1.709673979863879367e-04
2.700000000000000000e+01 1.748553937135355341e-04
2.900000000000000000e+01 1.797017627837016462e-04
3.100000000000000000e+01 1.852536208836186304e-04
3.300000000000000000e+01 1.913084066758052870e-04
3.500000000000000000e+01 1.977430403450330942e-04
3.700000000000000000e+01 2.044745847982198939e-04
3.900000000000000000e+01 2.114323409805329845e-04
4.100000000000000000e+01 2.187116078177231415e-04
4.300000000000000000e+01 2.263409478385769447e-04
4.500000000000000000e+01 2.342249393114670397e-04
4.700000000000000000e+01 2.422972467688300213e-04
4.900000000000000000e+01 2.505139612684059713e-04
5.100000000000000000e+01 2.588778821022152954e-04
5.300000000000000000e+01 2.674708920158419545e-04
5.500000000000000000e+01 2.763236734391050220e-04
5.700000000000000000e+01 2.854767476220265721e-04
5.900000000000000000e+01 2.948986417421473050e-04
6.100000000000000000e+01 3.046481453170546416e-04
6.300000000000000000e+01 3.147894588444444253e-04
6.500000000000000000e+01 3.253227580619633130e-04
6.700000000000000000e+01 3.362648602384110674e-04
6.900000000000000000e+01 3.476415438877777930e-04
7.100000000000000000e+01 3.594432958344828677e-04
7.300000000000000000e+01 3.716468043194476323e-04
7.500000000000000000e+01 3.842182210470612702e-04
7.700000000000000000e+01 3.971684370152051002e-04
7.900000000000000000e+01 4.104765604973081849e-04
8.100000000000000000e+01 4.241124008462771044e-04
8.300000000000000000e+01 4.380510900184875211e-04
8.500000000000000000e+01 4.522626961325215689e-04
8.700000000000000000e+01 4.667573083051435034e-04
8.900000000000000000e+01 4.815512550022660321e-04
9.100000000000000000e+01 4.966467848490641046e-04
9.300000000000000000e+01 5.120454109773797668e-04
9.500000000000000000e+01 5.277407542464418455e-04
9.700000000000000000e+01 5.437129178876842772e-04
9.900000000000000000e+01 5.599552697745924235e-04
1.010000000000000000e+02 5.764983079984409287e-04
1.030000000000000000e+02 5.933414428891392589e-04
1.050000000000000000e+02 6.104638195510991849e-04
1.070000000000000000e+02 6.278465130218346957e-04
1.090000000000000000e+02 6.454677200968816919e-04
1.110000000000000000e+02 6.633061931725636740e-04
1.130000000000000000e+02 6.813436048547227841e-04
1.150000000000000000e+02 6.995478561765411385e-04
1.170000000000000000e+02 7.178959853111344103e-04
1.190000000000000000e+02 7.363608060355630869e-04
1.210000000000000000e+02 7.548554830901776924e-04
1.230000000000000000e+02 7.733615234554180873e-04
1.250000000000000000e+02 7.918583877069007571e-04
1.270000000000000000e+02 8.103715197400607195e-04
1.290000000000000000e+02 8.288862017346021460e-04
1.310000000000000000e+02 8.473996545665940516e-04
1.330000000000000000e+02 8.659250025919718041e-04
1.350000000000000000e+02 8.844770376285060465e-04
1.370000000000000000e+02 9.030606304594179790e-04
1.390000000000000000e+02 9.216768221375071235e-04
1.410000000000000000e+02 9.403242708523329441e-04
1.430000000000000000e+02 9.590028094407232473e-04
1.450000000000000000e+02 9.777131426782492696e-04
1.470000000000000000e+02 9.964656020234885503e-04
1.490000000000000000e+02 1.015263170510594115e-03
