1.000000000000000000e+00 7.876082961407737670e-04
3.000000000000000000e+00 8.085151768502107927e-04
5.000000000000000000e+00 8.179897573097338892e-04
7.000000000000000000e+00 8.232788404604063359e-04
9.000000000000000000e+00 8.269199989404674156e-04
1.100000000000000000e+01 8.272004617861927755e-04
1.300000000000000000e+01 8.273921836369213523e-04
1.500000000000000000e+01 8.286582205541126456e-04
1.700000000000000000e+01 8.305299261091025897e-04
1.900000000000000000e+01 8.322737210593178503e-04
2.100000000000000000e+01 8.336268738916574605e-04
2.300000000000000000e+01 8.340060990923436890e-04
2.500000000000000000e+01 8.335849048513033210e-04
2.700000000000000000e+01 8.326605108640583452e-04
2.900000000000000000e+01 8.313067254193118316e-04
3.100000000000000000e+01 8.297374748030827973e-04
3.300000000000000000e+01 8.280829452708138305e-04
3.500000000000000000e+01 8.263997680234558274e-04
3.700000000000000000e+01 8.247162779788652642e-04
3.900000000000000000e+01 8.229065231144527814e-04
4.100000000000000000e+01 8.209727705691394206e-04
4.300000000000000000e+01 8.188886165956255070e-04
4.500000000000000000e+01 8.166589892801834338e-04
4.700000000000000000e+01 8.143098677073634661e-04
4.900000000000000000e+01 8.119221535017873137e-04
5.100000000000000000e+01 8.095446696043673285e-04
5.300000000000000000e+01 8.072178320231992998e-04
5.500000000000000000e+01 8.049826973038909372e-04
5.700000000000000000e+01 8.029222771827049243e-04
5.900000000000000000e+01 8.010462344510971278e-04
6.100000000000000000e+01 7.993559663607152643e-04
6.300000000000000000e+01 7.978228356027017298e-04
6.500000000000000000e+01 7.963932301406906333e-04
6.700000000000000000e+01 7.950797773733642160e-04
6.900000000000000000e+01 7.938890488994321259e-04
7.100000000000000000e+01 7.928210343707275953e-04
7.300000000000000000e+01 7.918677530734941072e-04
7.500000000000000000e+01 7.910164044933054583e-04
7.700000000000000000e+01 7.902674840924994726e-04
7.900000000000000000e+01 7.896373392315414463e-04
8.100000000000000000e+01 7.891386786561538358e-04
8.300000000000000000e+01 7.887880114154643962e-04
8.500000000000000000e+01 7.886037511158905389e-04
8.700000000000000000e+01 7.886101518111976461e-04
8.900000000000000000e+01 7.888113294453047430e-04
9.100000000000000000e+01 7.892129810638248699e-04
9.300000000000000000e+01 7.898246020678900692e-04
9.500000000000000000e+01 7.906597204657694888e-04
9.700000000000000000e+01 7.917294914774331005e-04
9.900000000000000000e+01 7.930455370931399628e-04
1.010000000000000000e+02 7.946193070883511567e-04
1.030000000000000000e+02 7.964630013690410237e-04
1.050000000000000000e+02 7.985711148027485606e-04
1.070000000000000000e+02 8.009345423660718666e-04
1.090000000000000000e+02 8.035645213289033251e-04
1.110000000000000000e+02 8.064815600165031739e-04
1.130000000000000000e+02 8.096906004153581193e-04
1.150000000000000000e+02 8.131904511121668122e-04
1.170000000000000000e+02 8.169844993171082592e-04
1.190000000000000000e+02 8.210750397776855891e-04
1.210000000000000000e+02 8.254680166687178300e-04
1.230000000000000000e+02 8.301560737198343531e-04
1.250000000000000000e+02 8.351285791736717812e-04
1.270000000000000000e+02 8.403811887640610934e-04
1.290000000000000000e+02 8.459187861219463755e-04
1.310000000000000000e+02 8.517352215020590478e-04
1.330000000000000000e+02 8.578175261357845471e-04
1.350000000000000000e+02 8.641562430036220377e-04
1.370000000000000000e+02 8.707481613470235970e-04
1.390000000000000000e+02 8.775937160826474681e-04
1.410000000000000000e+02 8.846882383535259464e-04
1.430000000000000000e+02 8.920200560635915821e-04
1.450000000000000000e+02 8.994603134827583446e-04
1.470000000000000000e+02 9.070061987908051293e-04
1.490000000000000000e+02 9.146556965829999442e-04
