1.000000000000000000e+00 2.018641363674531508e-01
3.000000000000000000e+00 2.159388517706565258e-01
5.000000000000000000e+00 2.226479793006984620e-01
7.000000000000000000e+00 2.270094779867910528e-01
9.000000000000000000e+00 2.304177976878351020e-01
1.100000000000000000e+01 2.332756768131154512e-01
1.300000000000000000e+01 2.358034382627730574e-01
1.500000000000000000e+01 2.381323157447391425e-01
1.700000000000000000e+01 2.403992445819123080e-01
1.900000000000000000e+01 2.427365003885383343e-01
2.100000000000000000e+01 2.452438165038874907e-01
2.300000000000000000e+01 2.479729083096591236e-01
2.500000000000000000e+01 2.509684287884943465e-01
2.700000000000000000e+01 2.542487681939591404e-01
2.900000000000000000e+01 2.578448504885032522e-01
3.100000000000000000e+01 2.617857506682645941e-01
3.300000000000000000e+01 2.660855287980802286e-01
3.500000000000000000e+01 2.707466319642765074e-01
3.700000000000000000e+01 2.757564947268011935e-01
3.900000000000000000e+01 2.811122129583146778e-01
4.100000000000000000e+01 2.868057803386453442e-01
4.300000000000000000e+01 2.928255155543434407e-01
4.500000000000000000e+01 2.991458804913743608e-01
4.700000000000000000e+01 3.057522300687735006e-01
4.900000000000000000e+01 3.126277964092222250e-01
5.100000000000000000e+01 3.197543379459846236e-01
5.300000000000000000e+01 3.271169292891343838e-01
5.500000000000000000e+01 3.346946542688234993e-01
5.700000000000000000e+01 3.424760242868498672e-01
5.900000000000000000e+01 3.504439958752136874e-01
6.100000000000000000e+01 3.585829045155081163e-01
6.300000000000000000e+01 3.668873145127853341e-01
6.500000000000000000e+01 3.753474579737435812e-01
6.700000000000000000e+01 3.839455235964523983e-01
6.900000000000000000e+01 3.926696846131426666e-01
7.100000000000000000e+01 4.015130419002836959e-01
7.300000000000000000e+01 4.104604220410759119e-01
7.500000000000000000e+01 4.195073568423417498e-01
7.700000000000000000e+01 4.286314916051899848e-01
7.900000000000000000e+01 4.378210175185092146e-01
8.100000000000000000e+01 4.470676676653032589e-01
8.300000000000000000e+01 4.563495571696132291e-01
8.500000000000000000e+01 4.656522075739834010e-01
8.700000000000000000e+01 4.749627993083070931e-01
8.900000000000000000e+01 4.842704701025111191e-01
9.100000000000000000e+01 4.935615325858966340e-01
9.300000000000000000e+01 5.028252845855964992e-01
9.500000000000000000e+01 5.120534230570266132e-01
9.700000000000000000e+01 5.212348771219861288e-01
9.900000000000000000e+01 5.303573060070477796e-01
1.010000000000000000e+02 5.394012119980724496e-01
1.030000000000000000e+02 5.483580882602758777e-01
1.050000000000000000e+02 5.572198501990848207e-01
1.070000000000000000e+02 5.659719308026955886e-01
1.090000000000000000e+02 5.746092916006526607e-01
1.110000000000000000e+02 5.831262889970859620e-01
1.130000000000000000e+02 5.915155362058801547e-01
1.150000000000000000e+02 5.997762133708179899e-01
1.170000000000000000e+02 6.078994533246369070e-01
1.190000000000000000e+02 6.158840806581057370e-01
1.210000000000000000e+02 6.237231151855853195e-01
1.230000000000000000e+02 6.314178036057913612e-01
1.250000000000000000e+02 6.389698962592094134e-01
1.270000000000000000e+02 6.463799529329630200e-01
1.290000000000000000e+02 6.536438457631853494e-01
1.310000000000000000e+02 6.607651087869272910e-01
1.330000000000000000e+02 6.677397642780806830e-01
1.350000000000000000e+02 6.745701951916887040e-01
1.370000000000000000e+02 6.812446707810193569e-01
1.390000000000000000e+02 6.877646461717459303e-01
1.410000000000000000e+02 6.941334104179157638e-01
1.430000000000000000e+02 7.003381885793718009e-01
1.450000000000000000e+02 7.063859763735657049e-01
1.470000000000000000e+02 7.122803599654763396e-01
1.490000000000000000e+02 7.180035341212789302e-01
