1.000000000000000000e+00 1.823692851730235320e-01
3.000000000000000000e+00 2.091229263083799195e-01
5.000000000000000000e+00 2.198721071933584792e-01
7.000000000000000000e+00 2.253013419269929152e-01
9.000000000000000000e+00 2.287931126984490415e-01
1.100000000000000000e+01 2.312019206386928261e-01
1.300000000000000000e+01 2.329758592940922579e-01
1.500000000000000000e+01 2.343949556326552219e-01
1.700000000000000000e+01 2.355850036122084656e-01
1.900000000000000000e+01 2.366848779304747685e-01
2.100000000000000000e+01 2.378089657938848855e-01
2.300000000000000000e+01 2.390580977607185131e-01
2.500000000000000000e+01 2.404853471433711087e-01
2.700000000000000000e+01 2.421077552494779184e-01
2.900000000000000000e+01 2.439818244266316327e-01
3.100000000000000000e+01 2.461283704380373694e-01
3.300000000000000000e+01 2.485138069334517086e-01
3.500000000000000000e+01 2.511334307212947925e-01
3.700000000000000000e+01 2.539605018588129148e-01
3.900000000000000000e+01 2.569800724453675800e-01
4.100000000000000000e+01 2.602180791516044422e-01
4.300000000000000000e+01 2.636389847536185771e-01
4.500000000000000000e+01 2.672399667429282699e-01
4.700000000000000000e+01 2.710080209077563307e-01
4.900000000000000000e+01 2.749887923561236125e-01
5.100000000000000000e+01 2.791725272133910307e-01
5.300000000000000000e+01 2.835258787070159547e-01
5.500000000000000000e+01 2.880357101066473025e-01
5.700000000000000000e+01 2.926958315869538918e-01
5.900000000000000000e+01 2.974956739789790250e-01
6.100000000000000000e+01 3.024179646791973486e-01
6.300000000000000000e+01 3.074580408784459706e-01
6.500000000000000000e+01 3.126148201633638379e-01
6.700000000000000000e+01 3.179010233312838940e-01
6.900000000000000000e+01 3.233107578337939270e-01
7.100000000000000000e+01 3.288285994517069488e-01
7.300000000000000000e+01 3.344506505213875602e-01
7.500000000000000000e+01 3.401784985745210932e-01
7.700000000000000000e+01 3.460094158863578073e-01
7.900000000000000000e+01 3.519513420840434392e-01
8.100000000000000000e+01 3.580064707627079734e-01
8.300000000000000000e+01 3.641749679002099782e-01
8.500000000000000000e+01 3.704494719777607914e-01
8.700000000000000000e+01 3.768325598768152984e-01
8.900000000000000000e+01 3.833148758129036882e-01
9.100000000000000000e+01 3.898853108214477281e-01
9.300000000000000000e+01 3.965417599142683214e-01
9.500000000000000000e+01 4.032799824214422513e-01
9.700000000000000000e+01 4.100926975889016557e-01
9.900000000000000000e+01 4.169729177939197617e-01
1.010000000000000000e+02 4.239211702654148706e-01
1.030000000000000000e+02 4.309311410794113284e-01
1.050000000000000000e+02 4.380071194999182183e-01
1.070000000000000000e+02 4.451441106500257927e-01
1.090000000000000000e+02 4.523269034496486540e-01
1.110000000000000000e+02 4.595319516413641781e-01
1.130000000000000000e+02 4.667529957326828072e-01
1.150000000000000000e+02 4.739897602762047635e-01
1.170000000000000000e+02 4.812329123246675833e-01
1.190000000000000000e+02 4.884682198913669060e-01
1.210000000000000000e+02 4.956843502799548329e-01
1.230000000000000000e+02 5.028754444329948115e-01
1.250000000000000000e+02 5.100469374953244817e-01
1.270000000000000000e+02 5.171970213045244957e-01
1.290000000000000000e+02 5.243233649179092071e-01
1.310000000000000000e+02 5.314055187300847916e-01
1.330000000000000000e+02 5.384488346775244683e-01
1.350000000000000000e+02 5.454508495749152974e-01
1.370000000000000000e+02 5.524035833306780718e-01
1.390000000000000000e+02 5.593064941819003710e-01
1.410000000000000000e+02 5.661571218284249252e-01
1.430000000000000000e+02 5.729442709163137248e-01
1.450000000000000000e+02 5.796661947507149026e-01
1.470000000000000000e+02 5.863161225772031138e-01
1.490000000000000000e+02 5.928905334403524741e-01
