1.000000000000000000e+00 7.531962867902808334e-03
3.000000000000000000e+00 1.125314295152979316e-02
5.000000000000000000e+00 1.296665564329102516e-02
7.000000000000000000e+00 1.338095710606568289e-02
9.000000000000000000e+00 1.318431376473261363e-02
1.100000000000000000e+01 1.270995905736316267e-02
1.300000000000000000e+01 1.209348398040832606e-02
1.500000000000000000e+01 1.142827302042503934e-02
1.700000000000000000e+01 1.077021641597086798e-02
1.900000000000000000e+01 1.013123858506537189e-02
2.100000000000000000e+01 9.511674657846858061e-03
2.300000000000000000e+01 8.909064357235707554e-03
2.500000000000000000e+01 8.329922980640502850e-03
2.700000000000000000e+01 7.785312134817146124e-03
2.900000000000000000e+01 7.276224880880644008e-03
3.100000000000000000e+01 6.801610969213611746e-03
3.300000000000000000e+01 6.358333288600248601e-03
3.500000000000000000e+01 5.945346731774936444e-03
3.700000000000000000e+01 5.560620048322362230e-03
3.900000000000000000e+01 5.204186613281258644e-03
4.100000000000000000e+01 4.874207774611671873e-03
4.300000000000000000e+01 4.568757829110148272e-03
4.500000000000000000e+01 4.291396034286631966e-03
4.700000000000000000e+01 4.038787488809481019e-03
4.900000000000000000e+01 3.808255514072822479e-03
5.100000000000000000e+01 3.597459801103486399e-03
5.300000000000000000e+01 3.405236309866110922e-03
5.500000000000000000e+01 3.229802018990368673e-03
5.700000000000000000e+01 3.069879657921159577e-03
5.900000000000000000e+01 2.925443778675984596e-03
6.100000000000000000e+01 2.795346581203728142e-03
6.300000000000000000e+01 2.678439489345540991e-03
6.500000000000000000e+01 2.573847835867226763e-03
6.700000000000000000e+01 2.480813426532169075e-03
6.900000000000000000e+01 2.398872243006611171e-03
7.100000000000000000e+01 2.327004397925880319e-03
7.300000000000000000e+01 2.264514403264361597e-03
7.500000000000000000e+01 2.210027695387473123e-03
7.700000000000000000e+01 2.162510090361058346e-03
7.900000000000000000e+01 2.121952474349875217e-03
8.100000000000000000e+01 2.087342896298971517e-03
8.300000000000000000e+01 2.057610159272083017e-03
8.500000000000000000e+01 2.031463956391199588e-03
8.700000000000000000e+01 2.007691435058966967e-03
8.900000000000000000e+01 1.985231836278855688e-03
9.100000000000000000e+01 1.963462659481662875e-03
9.300000000000000000e+01 1.941953256528239358e-03
9.500000000000000000e+01 1.920403384965130300e-03
9.700000000000000000e+01 1.898267514743978701e-03
9.900000000000000000e+01 1.875545236520226311e-03
1.010000000000000000e+02 1.852432435905049246e-03
1.030000000000000000e+02 1.828963746277278979e-03
1.050000000000000000e+02 1.804866570794483316e-03
1.070000000000000000e+02 1.780212164541161712e-03
1.090000000000000000e+02 1.755109770444573947e-03
1.110000000000000000e+02 1.729442243463830131e-03
1.130000000000000000e+02 1.703735725590571626e-03
1.150000000000000000e+02 1.678080970750506218e-03
1.170000000000000000e+02 1.652243374973383361e-03
1.190000000000000000e+02 1.626855440313379475e-03
1.210000000000000000e+02 1.601983562693365393e-03
1.230000000000000000e+02 1.577713597879504270e-03
1.250000000000000000e+02 1.554141465939240518e-03
1.270000000000000000e+02 1.531339206217618987e-03
1.290000000000000000e+02 1.509403662129926715e-03
1.310000000000000000e+02 1.488467462682052656e-03
1.330000000000000000e+02 1.468750355592129964e-03
1.350000000000000000e+02 1.450300327153430935e-03
1.370000000000000000e+02 1.433133156828803045e-03
1.390000000000000000e+02 1.417363771461732647e-03
1.410000000000000000e+02 1.402920242863481270e-03
1.430000000000000000e+02 1.389897234351789024e-03
1.450000000000000000e+02 1.378279122044689942e-03
1.470000000000000000e+02 1.368145854513835857e-03
1.490000000000000000e+02 1.359568076414796600e-03
