1.000000000000000000e+00 4.286061194754731130e-02
3.000000000000000000e+00 6.205280366020671234e-02
5.000000000000000000e+00 7.234865418232228063e-02
7.000000000000000000e+00 7.773184506213948186e-02
9.000000000000000000e+00 8.100882037822898507e-02
1.100000000000000000e+01 8.327434230495067702e-02
1.300000000000000000e+01 8.500776934701359533e-02
1.500000000000000000e+01 8.645373887206142527e-02
1.700000000000000000e+01 8.772837942804423417e-02
1.900000000000000000e+01 8.886385095539595103e-02
2.100000000000000000e+01 8.987707072558992483e-02
2.300000000000000000e+01 9.078472505706436380e-02
2.500000000000000000e+01 9.159206561882127229e-02
2.700000000000000000e+01 9.230341964729626980e-02
2.900000000000000000e+01 9.293123808537773201e-02
3.100000000000000000e+01 9.347947900838116109e-02
3.300000000000000000e+01 9.395779429063988442e-02
3.500000000000000000e+01 9.437256029113261224e-02
3.700000000000000000e+01 9.473279522235777961e-02
3.900000000000000000e+01 9.503688146824162963e-02
4.100000000000000000e+01 9.528529775101790555e-02
4.300000000000000000e+01 9.548081169949462765e-02
4.500000000000000000e+01 9.563533939196033895e-02
4.700000000000000000e+01 9.574126302101149122e-02
4.900000000000000000e+01 9.580373972072442346e-02
5.100000000000000000e+01 9.582724387163710222e-02
5.300000000000000000e+01 9.581006978228034932e-02
5.500000000000000000e+01 9.575480257148338836e-02
5.700000000000000000e+01 9.567216763960983972e-02
5.900000000000000000e+01 9.556485261335756487e-02
6.100000000000000000e+01 9.543107484703872156e-02
6.300000000000000000e+01 9.526874648276095758e-02
6.500000000000000000e+01 9.507984201534092072e-02
6.700000000000000000e+01 9.487136026117293230e-02
6.900000000000000000e+01 9.464346094950060184e-02
7.100000000000000000e+01 9.439438300301317142e-02
7.300000000000000000e+01 9.412512428034058853e-02
7.500000000000000000e+01 9.383235023728286883e-02
7.700000000000000000e+01 9.352084461731124954e-02
7.900000000000000000e+01 9.319084525792498130e-02
8.100000000000000000e+01 9.284008193990656022e-02
8.300000000000000000e+01 9.246749804348353141e-02
8.500000000000000000e+01 9.207142833477532928e-02
8.700000000000000000e+01 9.165408357676907425e-02
8.900000000000000000e+01 9.121923907654372332e-02
9.100000000000000000e+01 9.076924840556377383e-02
9.300000000000000000e+01 9.031074106269254553e-02
9.500000000000000000e+01 8.984533615265211104e-02
9.700000000000000000e+01 8.936877439234491849e-02
9.900000000000000000e+01 8.888240348269560442e-02
1.010000000000000000e+02 8.838593544535222613e-02
1.030000000000000000e+02 8.787811128203237843e-02
1.050000000000000000e+02 8.736224872912212724e-02
1.070000000000000000e+02 8.683960263528645029e-02
1.090000000000000000e+02 8.631688585712449235e-02
1.110000000000000000e+02 8.579018774436197869e-02
1.130000000000000000e+02 8.526029721309080767e-02
1.150000000000000000e+02 8.472730688320528891e-02
1.170000000000000000e+02 8.419245050014756426e-02
1.190000000000000000e+02 8.366374793620778849e-02
1.210000000000000000e+02 8.314103231960534579e-02
1.230000000000000000e+02 8.262246150567864600e-02
1.250000000000000000e+02 8.211187218202564697e-02
1.270000000000000000e+02 8.160956294318899573e-02
1.290000000000000000e+02 8.111078004294614008e-02
1.310000000000000000e+02 8.061555461057157146e-02
1.330000000000000000e+02 8.012306515013045694e-02
1.350000000000000000e+02 7.963932931720185682e-02
1.370000000000000000e+02 7.916080568527894545e-02
1.390000000000000000e+02 7.868772814388891312e-02
1.410000000000000000e+02 7.822383500926688438e-02
1.430000000000000000e+02 7.776928246838465952e-02
1.450000000000000000e+02 7.732360897943590938e-02
1.470000000000000000e+02 7.688697589469506433e-02
1.490000000000000000e+02 7.645558529315166219e-02
