1.000000000000000000e+00 2.908304411246919186e-01
3.000000000000000000e+00 3.220394393437399083e-01
5.000000000000000000e+00 3.354358185340104992e-01
7.000000000000000000e+00 3.425951467713224119e-01
9.000000000000000000e+00 3.475512007898599043e-01
1.100000000000000000e+01 3.517549631476767358e-01
1.300000000000000000e+01 3.557356688196843253e-01
1.500000000000000000e+01 3.595933685529438817e-01
1.700000000000000000e+01 3.633691568652164250e-01
1.900000000000000000e+01 3.670779646333091062e-01
2.100000000000000000e+01 3.707376885022656277e-01
2.300000000000000000e+01 3.743715722461037343e-01
2.500000000000000000e+01 3.779925294040478168e-01
2.700000000000000000e+01 3.815997960087930130e-01
2.900000000000000000e+01 3.851973832748853965e-01
3.100000000000000000e+01 3.887786737995222452e-01
3.300000000000000000e+01 3.923335904263568485e-01
3.500000000000000000e+01 3.958545539521569623e-01
3.700000000000000000e+01 3.993359534699904012e-01
3.900000000000000000e+01 4.027756648204385836e-01
4.100000000000000000e+01 4.061747252576760614e-01
4.300000000000000000e+01 4.095413812654180585e-01
4.500000000000000000e+01 4.128746270710437205e-01
4.700000000000000000e+01 4.161820429082143669e-01
4.900000000000000000e+01 4.194704032272669192e-01
5.100000000000000000e+01 4.227444941410926083e-01
5.300000000000000000e+01 4.260039835166246069e-01
5.500000000000000000e+01 4.292521249858950450e-01
5.700000000000000000e+01 4.324880926155675320e-01
5.900000000000000000e+01 4.357104249514189842e-01
6.100000000000000000e+01 4.389196563568341647e-01
6.300000000000000000e+01 4.421193928649423954e-01
6.500000000000000000e+01 4.453060872593103126e-01
6.700000000000000000e+01 4.484811326175569546e-01
6.900000000000000000e+01 4.516457989160126418e-01
7.100000000000000000e+01 4.547969071586953627e-01
7.300000000000000000e+01 4.579349150466240914e-01
7.500000000000000000e+01 4.610529111688886905e-01
7.700000000000000000e+01 4.641384756728968997e-01
7.900000000000000000e+01 4.672061562515987809e-01
8.100000000000000000e+01 4.702611077555234331e-01
8.300000000000000000e+01 4.732975590493944118e-01
8.500000000000000000e+01 4.763118708180625882e-01
8.700000000000000000e+01 4.792997056059921102e-01
8.900000000000000000e+01 4.822584942545611320e-01
9.100000000000000000e+01 4.851850975528527732e-01
9.300000000000000000e+01 4.880802570657274408e-01
9.500000000000000000e+01 4.909423029445679765e-01
9.700000000000000000e+01 4.937704001504980011e-01
9.900000000000000000e+01 4.965721153671551757e-01
1.010000000000000000e+02 4.993481727522146585e-01
1.030000000000000000e+02 5.020946915204639316e-01
1.050000000000000000e+02 5.048000002037209555e-01
1.070000000000000000e+02 5.074675083740725068e-01
1.090000000000000000e+02 5.100880981025559535e-01
1.110000000000000000e+02 5.126615130900312733e-01
1.130000000000000000e+02 5.151868796271545925e-01
1.150000000000000000e+02 5.176767926631338224e-01
1.170000000000000000e+02 5.201377309392505310e-01
1.190000000000000000e+02 5.225673291673946785e-01
1.210000000000000000e+02 5.249621138071034476e-01
1.230000000000000000e+02 5.273121856887263981e-01
1.250000000000000000e+02 5.296240915432750551e-01
1.270000000000000000e+02 5.319038829727001927e-01
1.290000000000000000e+02 5.341570788719487428e-01
1.310000000000000000e+02 5.363829474209832471e-01
1.330000000000000000e+02 5.385781720485980362e-01
1.350000000000000000e+02 5.407471775575309891e-01
1.370000000000000000e+02 5.428922866599670272e-01
1.390000000000000000e+02 5.450170122848883025e-01
1.410000000000000000e+02 5.471239026359919766e-01
1.430000000000000000e+02 5.491900639057971656e-01
1.450000000000000000e+02 5.512334954767570405e-01
1.470000000000000000e+02 5.532548050358192526e-01
1.490000000000000000e+02 5.552363960098183338e-01
