1.000000000000000000e+00 7.514761137949543812e-02
3.000000000000000000e+00 8.278176135318993101e-02
5.000000000000000000e+00 8.692392405809434841e-02
7.000000000000000000e+00 9.047868028992300804e-02
9.000000000000000000e+00 9.385005795130996198e-02
1.100000000000000000e+01 9.696068693166948194e-02
1.300000000000000000e+01 9.982750894209280190e-02
1.500000000000000000e+01 1.025138919334164234e-01
1.700000000000000000e+01 1.050723171948678702e-01
1.900000000000000000e+01 1.075393350613672583e-01
2.100000000000000000e+01 1.098452076509280895e-01
2.300000000000000000e+01 1.119630264590749658e-01
2.500000000000000000e+01 1.139039332671855087e-01
2.700000000000000000e+01 1.156557093264251046e-01
2.900000000000000000e+01 1.172279457692325666e-01
3.100000000000000000e+01 1.186253952815313761e-01
3.300000000000000000e+01 1.198566961040005152e-01
3.500000000000000000e+01 1.209370964867756415e-01
3.700000000000000000e+01 1.218890432922377087e-01
3.900000000000000000e+01 1.227364943819548859e-01
4.100000000000000000e+01 1.234888047166039504e-01
4.300000000000000000e+01 1.241563390803631650e-01
4.500000000000000000e+01 1.247477710163787945e-01
4.700000000000000000e+01 1.252654775605123172e-01
4.900000000000000000e+01 1.257156011451142641e-01
5.100000000000000000e+01 1.261170699086915370e-01
5.300000000000000000e+01 1.264737090941189246e-01
5.500000000000000000e+01 1.267796565890038085e-01
5.700000000000000000e+01 1.270488677461579785e-01
5.900000000000000000e+01 1.272582193455233934e-01
6.100000000000000000e+01 1.274032624898113752e-01
6.300000000000000000e+01 1.274908771102805094e-01
6.500000000000000000e+01 1.275327167000290807e-01
6.700000000000000000e+01 1.275308328081193876e-01
6.900000000000000000e+01 1.274808546985790603e-01
7.100000000000000000e+01 1.273923216859369489e-01
7.300000000000000000e+01 1.272843205842713044e-01
7.500000000000000000e+01 1.271419379167140207e-01
7.700000000000000000e+01 1.269530192537603464e-01
7.900000000000000000e+01 1.267274568631955312e-01
8.100000000000000000e+01 1.264824937254606096e-01
8.300000000000000000e+01 1.262249414489349242e-01
8.500000000000000000e+01 1.259458139483875527e-01
8.700000000000000000e+01 1.256494548288136226e-01
8.900000000000000000e+01 1.253453584485115790e-01
9.100000000000000000e+01 1.250377076555042599e-01
9.300000000000000000e+01 1.247209194745296790e-01
9.500000000000000000e+01 1.243959816722616241e-01
9.700000000000000000e+01 1.240586123775394567e-01
9.900000000000000000e+01 1.237212445953602691e-01
1.010000000000000000e+02 1.233875516532368932e-01
1.030000000000000000e+02 1.230701977217399934e-01
1.050000000000000000e+02 1.227598207323076229e-01
1.070000000000000000e+02 1.224585179423619552e-01
1.090000000000000000e+02 1.221784167767742124e-01
1.110000000000000000e+02 1.219181425087854098e-01
1.130000000000000000e+02 1.216776670783091818e-01
1.150000000000000000e+02 1.214568654708558793e-01
1.170000000000000000e+02 1.212430840514161501e-01
1.190000000000000000e+02 1.210479489250754215e-01
1.210000000000000000e+02 1.208717472194938969e-01
1.230000000000000000e+02 1.206916493251084521e-01
1.250000000000000000e+02 1.204956285075473588e-01
1.270000000000000000e+02 1.202849503621811200e-01
1.290000000000000000e+02 1.200794513610937697e-01
1.310000000000000000e+02 1.198909984884468649e-01
1.330000000000000000e+02 1.197172193707071175e-01
1.350000000000000000e+02 1.195664246112535523e-01
1.370000000000000000e+02 1.194394472588550249e-01
1.390000000000000000e+02 1.193353429139194510e-01
1.410000000000000000e+02 1.192496993026275209e-01
1.430000000000000000e+02 1.191824229844425931e-01
1.450000000000000000e+02 1.191350797314835175e-01
1.470000000000000000e+02 1.191118771145801558e-01
1.490000000000000000e+02 1.191051067935324781e-01
