1.000000000000000000e+00 8.198924731182799519e-02
3.000000000000000000e+00 8.727386583998819614e-02
5.000000000000000000e+00 9.066461790168112156e-02
7.000000000000000000e+00 9.322616863431398837e-02
9.000000000000000000e+00 9.551739287214311425e-02
1.100000000000000000e+01 9.770393778674202334e-02
1.300000000000000000e+01 9.978074626717037265e-02
1.500000000000000000e+01 1.018116774775646993e-01
1.700000000000000000e+01 1.038235152328514932e-01
1.900000000000000000e+01 1.057662203936549083e-01
2.100000000000000000e+01 1.076224820691548123e-01
2.300000000000000000e+01 1.093811247629146166e-01
2.500000000000000000e+01 1.110329365724885831e-01
2.700000000000000000e+01 1.125750644877110407e-01
2.900000000000000000e+01 1.139756769735572606e-01
3.100000000000000000e+01 1.152199658744008648e-01
3.300000000000000000e+01 1.162984304220054943e-01
3.500000000000000000e+01 1.171932521455550935e-01
3.700000000000000000e+01 1.178971372094178571e-01
3.900000000000000000e+01 1.184211561533461410e-01
4.100000000000000000e+01 1.187870328244949869e-01
4.300000000000000000e+01 1.190143877110882986e-01
4.500000000000000000e+01 1.191094531233549692e-01
4.700000000000000000e+01 1.190981692023131977e-01
4.900000000000000000e+01 1.190037694686620906e-01
5.100000000000000000e+01 1.188415820040523707e-01
5.300000000000000000e+01 1.186230786635853462e-01
5.500000000000000000e+01 1.183664622654060361e-01
5.700000000000000000e+01 1.180918552985433800e-01
5.900000000000000000e+01 1.178014627098623590e-01
6.100000000000000000e+01 1.174864227860414889e-01
6.300000000000000000e+01 1.171519315047243603e-01
6.500000000000000000e+01 1.167944516327100724e-01
6.700000000000000000e+01 1.164187491587181933e-01
6.900000000000000000e+01 1.160263563871372083e-01
7.100000000000000000e+01 1.156250514093886128e-01
7.300000000000000000e+01 1.152152493118457910e-01
7.500000000000000000e+01 1.148003631464524776e-01
7.700000000000000000e+01 1.143585298756945035e-01
7.900000000000000000e+01 1.138907821186212477e-01
8.100000000000000000e+01 1.133923257068323309e-01
8.300000000000000000e+01 1.128723512210939584e-01
8.500000000000000000e+01 1.123160438079701118e-01
8.700000000000000000e+01 1.117433002588166246e-01
8.900000000000000000e+01 1.111606498847121927e-01
9.100000000000000000e+01 1.105680323530972009e-01
9.300000000000000000e+01 1.099638207395403633e-01
9.500000000000000000e+01 1.093645821778439498e-01
9.700000000000000000e+01 1.087541147504191841e-01
9.900000000000000000e+01 1.081386233934316099e-01
1.010000000000000000e+02 1.075401291681530314e-01
1.030000000000000000e+02 1.069584952148530110e-01
1.050000000000000000e+02 1.063938473500098958e-01
1.070000000000000000e+02 1.058695748135158876e-01
1.090000000000000000e+02 1.053841364245033940e-01
1.110000000000000000e+02 1.049162674483261615e-01
1.130000000000000000e+02 1.044655886732392958e-01
1.150000000000000000e+02 1.040313982097579304e-01
1.170000000000000000e+02 1.036229015313232527e-01
1.190000000000000000e+02 1.032323999862277963e-01
1.210000000000000000e+02 1.028732985090399232e-01
1.230000000000000000e+02 1.025452693853484698e-01
1.250000000000000000e+02 1.022419652070664098e-01
1.270000000000000000e+02 1.019692533886646935e-01
1.290000000000000000e+02 1.017268318277817496e-01
1.310000000000000000e+02 1.015145837842723608e-01
1.330000000000000000e+02 1.013284514998566976e-01
1.350000000000000000e+02 1.011670760710503547e-01
1.370000000000000000e+02 1.010328044971083861e-01
1.390000000000000000e+02 1.009231372517933600e-01
1.410000000000000000e+02 1.008374417298847359e-01
1.430000000000000000e+02 1.007742240482164542e-01
1.450000000000000000e+02 1.007331495552553635e-01
1.470000000000000000e+02 1.007121649655590145e-01
1.490000000000000000e+02 1.007072832576606514e-01
