1.000000000000000000e+00 1.764445754716981174e-01
3.000000000000000000e+00 1.995343508477805949e-01
5.000000000000000000e+00 2.089411957637177242e-01
7.000000000000000000e+00 2.140710989870806547e-01
9.000000000000000000e+00 2.174583735978071752e-01
1.100000000000000000e+01 2.198253128402823942e-01
1.300000000000000000e+01 2.216188948061600383e-01
1.500000000000000000e+01 2.230596453039930260e-01
1.700000000000000000e+01 2.242758819920606106e-01
1.900000000000000000e+01 2.253403222067175138e-01
2.100000000000000000e+01 2.263394945523832247e-01
2.300000000000000000e+01 2.273375305274197844e-01
2.500000000000000000e+01 2.283762514989515768e-01
2.700000000000000000e+01 2.294646337858849972e-01
2.900000000000000000e+01 2.306506133443034789e-01
3.100000000000000000e+01 2.319606503326926417e-01
3.300000000000000000e+01 2.334062087186017376e-01
3.500000000000000000e+01 2.349853628460237820e-01
3.700000000000000000e+01 2.367030889402523819e-01
3.900000000000000000e+01 2.385728732984347955e-01
4.100000000000000000e+01 2.405905501139334879e-01
4.300000000000000000e+01 2.427615218354592930e-01
4.500000000000000000e+01 2.450647287399433383e-01
4.700000000000000000e+01 2.475093962185221930e-01
4.900000000000000000e+01 2.500800457992001791e-01
5.100000000000000000e+01 2.527667872627106238e-01
5.300000000000000000e+01 2.555746367427107479e-01
5.500000000000000000e+01 2.585001352396699703e-01
5.700000000000000000e+01 2.615534029486790146e-01
5.900000000000000000e+01 2.647403819384894774e-01
6.100000000000000000e+01 2.680660741265759039e-01
6.300000000000000000e+01 2.715014027405509012e-01
6.500000000000000000e+01 2.750443693693619407e-01
6.700000000000000000e+01 2.786951117719449478e-01
6.900000000000000000e+01 2.824696201011768215e-01
7.100000000000000000e+01 2.863676569198722044e-01
7.300000000000000000e+01 2.903843416158452539e-01
7.500000000000000000e+01 2.945248140925312841e-01
7.700000000000000000e+01 2.987897708362172722e-01
7.900000000000000000e+01 3.031760370920864034e-01
8.100000000000000000e+01 3.076789373879484923e-01
8.300000000000000000e+01 3.123029422430874114e-01
8.500000000000000000e+01 3.170430044742021947e-01
8.700000000000000000e+01 3.219119679395573419e-01
8.900000000000000000e+01 3.269097493439880875e-01
9.100000000000000000e+01 3.320343206412283976e-01
9.300000000000000000e+01 3.372819508595348292e-01
9.500000000000000000e+01 3.426488546979558070e-01
9.700000000000000000e+01 3.481276706495275430e-01
9.900000000000000000e+01 3.537040010291079284e-01
1.010000000000000000e+02 3.593752538403643948e-01
1.030000000000000000e+02 3.651365050350523500e-01
1.050000000000000000e+02 3.709819290333099540e-01
1.070000000000000000e+02 3.769103627479126750e-01
1.090000000000000000e+02 3.829168983514438240e-01
1.110000000000000000e+02 3.889979726645190761e-01
1.130000000000000000e+02 3.951344538527399308e-01
1.150000000000000000e+02 4.013235748233789923e-01
1.170000000000000000e+02 4.075647815676125552e-01
1.190000000000000000e+02 4.138597130651815448e-01
1.210000000000000000e+02 4.202013514257501026e-01
1.230000000000000000e+02 4.265809772685683621e-01
1.250000000000000000e+02 4.329884515398662037e-01
1.270000000000000000e+02 4.394013632974480554e-01
1.290000000000000000e+02 4.458159387745938007e-01
1.310000000000000000e+02 4.522266162599865025e-01
1.330000000000000000e+02 4.586303214108317094e-01
1.350000000000000000e+02 4.650232295807805727e-01
1.370000000000000000e+02 4.713986678490720283e-01
1.390000000000000000e+02 4.777510023147821805e-01
1.410000000000000000e+02 4.840833277607896612e-01
1.430000000000000000e+02 4.903896008445333132e-01
1.450000000000000000e+02 4.966626023235286569e-01
1.470000000000000000e+02 5.029029770150648115e-01
1.490000000000000000e+02 5.091066900569434228e-01
