1.000000000000000000e+00 3.560962123306607996e-01
3.000000000000000000e+00 3.936247417371669943e-01
5.000000000000000000e+00 4.107347026246012112e-01
7.000000000000000000e+00 4.211975080561294327e-01
9.000000000000000000e+00 4.288422228889845478e-01
1.100000000000000000e+01 4.351356017541393451e-01
1.300000000000000000e+01 4.407604862243963417e-01
1.500000000000000000e+01 4.460226043814576879e-01
1.700000000000000000e+01 4.511444728002588223e-01
1.900000000000000000e+01 4.562234189088952840e-01
2.100000000000000000e+01 4.613033357622765562e-01
2.300000000000000000e+01 4.664185120883688196e-01
2.500000000000000000e+01 4.715755039569147211e-01
2.700000000000000000e+01 4.768210833010391170e-01
2.900000000000000000e+01 4.822060443971567523e-01
3.100000000000000000e+01 4.877157910402943886e-01
3.300000000000000000e+01 4.933404972671037170e-01
3.500000000000000000e+01 4.990922433627094090e-01
3.700000000000000000e+01 5.050025674951998944e-01
3.900000000000000000e+01 5.110872716179128972e-01
4.100000000000000000e+01 5.173352267091115841e-01
4.300000000000000000e+01 5.237289820266957108e-01
4.500000000000000000e+01 5.302556739067820768e-01
4.700000000000000000e+01 5.368987910072864356e-01
4.900000000000000000e+01 5.436426160114942174e-01
5.100000000000000000e+01 5.504686906874036723e-01
5.300000000000000000e+01 5.573603564428978308e-01
5.500000000000000000e+01 5.642551286109467323e-01
5.700000000000000000e+01 5.711323139288773110e-01
5.900000000000000000e+01 5.779625038994073982e-01
6.100000000000000000e+01 5.847334091119824606e-01
6.300000000000000000e+01 5.914553247261824520e-01
6.500000000000000000e+01 5.980951787409070075e-01
6.700000000000000000e+01 6.046425771087926559e-01
6.900000000000000000e+01 6.110903203042944432e-01
7.100000000000000000e+01 6.174310853099747032e-01
7.300000000000000000e+01 6.236596611148863545e-01
7.500000000000000000e+01 6.297834975108288491e-01
7.700000000000000000e+01 6.357679064598666940e-01
7.900000000000000000e+01 6.416444091327502264e-01
8.100000000000000000e+01 6.474137152815186980e-01
8.300000000000000000e+01 6.531172273315672960e-01
8.500000000000000000e+01 6.587462340798535543e-01
8.700000000000000000e+01 6.643195057108024493e-01
8.900000000000000000e+01 6.698035508340329791e-01
9.100000000000000000e+01 6.752453340411553873e-01
9.300000000000000000e+01 6.806441269724567977e-01
9.500000000000000000e+01 6.860121667874279350e-01
9.700000000000000000e+01 6.913187199784815995e-01
9.900000000000000000e+01 6.965466593296438802e-01
1.010000000000000000e+02 7.016989361950320969e-01
1.030000000000000000e+02 7.067791358247497158e-01
1.050000000000000000e+02 7.117799193729513751e-01
1.070000000000000000e+02 7.167082756566283130e-01
1.090000000000000000e+02 7.215648480879194304e-01
1.110000000000000000e+02 7.263503609267960570e-01
1.130000000000000000e+02 7.310584822347696576e-01
1.150000000000000000e+02 7.356762914217275240e-01
1.170000000000000000e+02 7.402114241025415931e-01
1.190000000000000000e+02 7.446466822776507399e-01
1.210000000000000000e+02 7.489899991377351185e-01
1.230000000000000000e+02 7.532082741274237492e-01
1.250000000000000000e+02 7.573211407213016333e-01
1.270000000000000000e+02 7.613178826243702790e-01
1.290000000000000000e+02 7.652032969206843394e-01
1.310000000000000000e+02 7.689768668040852795e-01
1.330000000000000000e+02 7.726309464892084922e-01
1.350000000000000000e+02 7.761483528653947417e-01
1.370000000000000000e+02 7.795328114738788727e-01
1.390000000000000000e+02 7.827953865150701906e-01
1.410000000000000000e+02 7.859295018819782985e-01
1.430000000000000000e+02 7.889546013251345080e-01
1.450000000000000000e+02 7.918792565773384862e-01
1.470000000000000000e+02 7.947114721622283717e-01
1.490000000000000000e+02 7.974589441475047336e-01
