1.000000000000000000e+00 1.078539176005433031e-02
3.000000000000000000e+00 1.098323575783477501e-02
5.000000000000000000e+00 1.105064817780565534e-02
7.000000000000000000e+00 1.107256107408627344e-02
9.000000000000000000e+00 1.106866169912423814e-02
1.100000000000000000e+01 1.105124693300107985e-02
1.300000000000000000e+01 1.102345587027908635e-02
1.500000000000000000e+01 1.099198922723632066e-02
1.700000000000000000e+01 1.096101987339548334e-02
1.900000000000000000e+01 1.093015302590127913e-02
2.100000000000000000e+01 1.090036982284114941e-02
2.300000000000000000e+01 1.087157398780491668e-02
2.500000000000000000e+01 1.084156792500101663e-02
2.700000000000000000e+01 1.080916729205527727e-02
2.900000000000000000e+01 1.077511033567368770e-02
3.100000000000000000e+01 1.073938255779871564e-02
3.300000000000000000e+01 1.070147753375261246e-02
3.500000000000000000e+01 1.066168671360800957e-02
3.700000000000000000e+01 1.062119054146282160e-02
3.900000000000000000e+01 1.058018517383019219e-02
4.100000000000000000e+01 1.053913704433906418e-02
4.300000000000000000e+01 1.049869377945322757e-02
4.500000000000000000e+01 1.045754683459143575e-02
4.700000000000000000e+01 1.041560899601601253e-02
4.900000000000000000e+01 1.037366394195515795e-02
5.100000000000000000e+01 1.033161719961850356e-02
5.300000000000000000e+01 1.028960392699385107e-02
5.500000000000000000e+01 1.024827893488988728e-02
5.700000000000000000e+01 1.020775999053080696e-02
5.900000000000000000e+01 1.016796027052235818e-02
6.100000000000000000e+01 1.012827855968501112e-02
6.300000000000000000e+01 1.008928833841571393e-02
6.500000000000000000e+01 1.005078857508978629e-02
6.700000000000000000e+01 1.001287763697977784e-02
6.900000000000000000e+01 9.974277457038049910e-03
7.100000000000000000e+01 9.935097500954115368e-03
7.300000000000000000e+01 9.896542968344190783e-03
7.500000000000000000e+01 9.858694676021184655e-03
7.700000000000000000e+01 9.821349934167389328e-03
7.900000000000000000e+01 9.784967259187760114e-03
8.100000000000000000e+01 9.749565254017600324e-03
8.300000000000000000e+01 9.714954578619927617e-03
8.500000000000000000e+01 9.681190102699965827e-03
8.700000000000000000e+01 9.648727632457387848e-03
8.900000000000000000e+01 9.617587388589532438e-03
9.100000000000000000e+01 9.587561212314077430e-03
9.300000000000000000e+01 9.558394232174638461e-03
9.500000000000000000e+01 9.530607984762018425e-03
9.700000000000000000e+01 9.504175639355572081e-03
9.900000000000000000e+01 9.477442706304906039e-03
1.010000000000000000e+02 9.450859185483495573e-03
1.030000000000000000e+02 9.424360188338254396e-03
1.050000000000000000e+02 9.397747587243432399e-03
1.070000000000000000e+02 9.371761618989671305e-03
1.090000000000000000e+02 9.346398630201702140e-03
1.110000000000000000e+02 9.321009528258983323e-03
1.130000000000000000e+02 9.295570497997784898e-03
1.150000000000000000e+02 9.271273422407633191e-03
1.170000000000000000e+02 9.248001571525832354e-03
1.190000000000000000e+02 9.225953609276804634e-03
1.210000000000000000e+02 9.205055469546419289e-03
1.230000000000000000e+02 9.184473924681912926e-03
1.250000000000000000e+02 9.164134577547944360e-03
1.270000000000000000e+02 9.143142175004226324e-03
1.290000000000000000e+02 9.122482784554186708e-03
1.310000000000000000e+02 9.102212557811184546e-03
1.330000000000000000e+02 9.082446027404156297e-03
1.350000000000000000e+02 9.063150428475830189e-03
1.370000000000000000e+02 9.044256229478686571e-03
1.390000000000000000e+02 9.025132738234797891e-03
1.410000000000000000e+02 9.005718078155977580e-03
1.430000000000000000e+02 8.987006261138352770e-03
1.450000000000000000e+02 8.968473484884498248e-03
1.470000000000000000e+02 8.950088882648032929e-03
1.490000000000000000e+02 8.931814327066578407e-03
