1.000000000000000000e+00 2.719692110327132095e-02
3.000000000000000000e+00 2.825762310450308235e-02
5.000000000000000000e+00 2.879655183776841376e-02
7.000000000000000000e+00 2.907474399855813907e-02
9.000000000000000000e+00 2.920296152932855271e-02
1.100000000000000000e+01 2.921636582556608186e-02
1.300000000000000000e+01 2.916120260118038043e-02
1.500000000000000000e+01 2.906521997704292204e-02
1.700000000000000000e+01 2.893315627939940793e-02
1.900000000000000000e+01 2.876485020286179140e-02
2.100000000000000000e+01 2.855556248401602826e-02
2.300000000000000000e+01 2.831127055993354347e-02
2.500000000000000000e+01 2.804219183241440927e-02
2.700000000000000000e+01 2.775633665334631406e-02
2.900000000000000000e+01 2.745782290059717301e-02
3.100000000000000000e+01 2.714830542447410622e-02
3.300000000000000000e+01 2.682529780695874777e-02
3.500000000000000000e+01 2.649281725235985707e-02
3.700000000000000000e+01 2.615678432016066424e-02
3.900000000000000000e+01 2.582501887213539682e-02
4.100000000000000000e+01 2.549937358678411314e-02
4.300000000000000000e+01 2.517623900622245614e-02
4.500000000000000000e+01 2.485798289181984089e-02
4.700000000000000000e+01 2.454648729178177113e-02
4.900000000000000000e+01 2.424396161912001357e-02
5.100000000000000000e+01 2.395080171475971742e-02
5.300000000000000000e+01 2.366524684619442098e-02
5.500000000000000000e+01 2.338710710669600346e-02
5.700000000000000000e+01 2.311602901894305173e-02
5.900000000000000000e+01 2.285113157576201814e-02
6.100000000000000000e+01 2.259241535716216553e-02
6.300000000000000000e+01 2.233624181090676508e-02
6.500000000000000000e+01 2.208274074161198364e-02
6.700000000000000000e+01 2.183195771301238430e-02
6.900000000000000000e+01 2.158710415640097136e-02
7.100000000000000000e+01 2.134798459478592925e-02
7.300000000000000000e+01 2.111435707840492171e-02
7.500000000000000000e+01 2.088783147720463251e-02
7.700000000000000000e+01 2.066816815077554548e-02
7.900000000000000000e+01 2.045497918949001903e-02
8.100000000000000000e+01 2.024576662576160757e-02
8.300000000000000000e+01 2.004051734455258860e-02
8.500000000000000000e+01 1.983917877989216372e-02
8.700000000000000000e+01 1.964266772731326771e-02
8.900000000000000000e+01 1.944996874905113859e-02
9.100000000000000000e+01 1.926100849608269883e-02
9.300000000000000000e+01 1.907703223324408448e-02
9.500000000000000000e+01 1.889722001521498829e-02
9.700000000000000000e+01 1.872097834844865805e-02
9.900000000000000000e+01 1.854799955678110290e-02
1.010000000000000000e+02 1.837814258547210144e-02
1.030000000000000000e+02 1.821279462847713582e-02
1.050000000000000000e+02 1.805180346180357276e-02
1.070000000000000000e+02 1.789510846516195741e-02
1.090000000000000000e+02 1.774232200581704610e-02
1.110000000000000000e+02 1.759410375512260316e-02
1.130000000000000000e+02 1.745028192741071571e-02
1.150000000000000000e+02 1.730932289921549572e-02
1.170000000000000000e+02 1.717159572709481274e-02
1.190000000000000000e+02 1.703774907314881126e-02
1.210000000000000000e+02 1.690758444907025648e-02
1.230000000000000000e+02 1.678114804093866486e-02
1.250000000000000000e+02 1.665828426186788391e-02
1.270000000000000000e+02 1.653880743612001769e-02
1.290000000000000000e+02 1.642289169475363853e-02
1.310000000000000000e+02 1.630972706107480796e-02
1.330000000000000000e+02 1.619914514663134408e-02
1.350000000000000000e+02 1.609105499037577491e-02
1.370000000000000000e+02 1.598648811452330065e-02
1.390000000000000000e+02 1.588527336761658137e-02
1.410000000000000000e+02 1.578726512294759132e-02
1.430000000000000000e+02 1.569286798896663004e-02
1.450000000000000000e+02 1.560209331453210613e-02
1.470000000000000000e+02 1.551472541107534742e-02
1.490000000000000000e+02 1.543064079295453084e-02
