1.000000000000000000e+00 9.608499826769834051e-02
3.000000000000000000e+00 1.030918858404533678e-01
5.000000000000000000e+00 1.062538920550009092e-01
7.000000000000000000e+00 1.080074812730307254e-01
9.000000000000000000e+00 1.091142333570697120e-01
1.100000000000000000e+01 1.098843977069569045e-01
1.300000000000000000e+01 1.103541390497315700e-01
1.500000000000000000e+01 1.106220062531655390e-01
1.700000000000000000e+01 1.108310986696940947e-01
1.900000000000000000e+01 1.110159875525705830e-01
2.100000000000000000e+01 1.111347368627169097e-01
2.300000000000000000e+01 1.112029207707465606e-01
2.500000000000000000e+01 1.112558954532905098e-01
2.700000000000000000e+01 1.112903191031228145e-01
2.900000000000000000e+01 1.113074264894378107e-01
3.100000000000000000e+01 1.113176091552845470e-01
3.300000000000000000e+01 1.113319285348778331e-01
3.500000000000000000e+01 1.113461203872964100e-01
3.700000000000000000e+01 1.113674416864330885e-01
3.900000000000000000e+01 1.114022263836969007e-01
4.100000000000000000e+01 1.114467329109578575e-01
4.300000000000000000e+01 1.114999547406210212e-01
4.500000000000000000e+01 1.115663654953269468e-01
4.700000000000000000e+01 1.116518036556765070e-01
4.900000000000000000e+01 1.117543620362857482e-01
5.100000000000000000e+01 1.118680438144769029e-01
5.300000000000000000e+01 1.119911259408838955e-01
5.500000000000000000e+01 1.121161602266322888e-01
5.700000000000000000e+01 1.122537983391165284e-01
5.900000000000000000e+01 1.123957650080361637e-01
6.100000000000000000e+01 1.125397899152087433e-01
6.300000000000000000e+01 1.126847969048400122e-01
6.500000000000000000e+01 1.128381357559367082e-01
6.700000000000000000e+01 1.129918911503423606e-01
6.900000000000000000e+01 1.131439150206379196e-01
7.100000000000000000e+01 1.132959141003562209e-01
7.300000000000000000e+01 1.134330155618920033e-01
7.500000000000000000e+01 1.135543900662707717e-01
7.700000000000000000e+01 1.136765247923324784e-01
7.900000000000000000e+01 1.137992197104343850e-01
8.100000000000000000e+01 1.139205992791770816e-01
8.300000000000000000e+01 1.140413873025264424e-01
8.500000000000000000e+01 1.141663636448093655e-01
8.700000000000000000e+01 1.142838983475384929e-01
8.900000000000000000e+01 1.143948115739057414e-01
9.100000000000000000e+01 1.145067599616143017e-01
9.300000000000000000e+01 1.146197786348771563e-01
9.500000000000000000e+01 1.147406059488434993e-01
9.700000000000000000e+01 1.148655041159261092e-01
9.900000000000000000e+01 1.149901286559545932e-01
1.010000000000000000e+02 1.151102838657068750e-01
1.030000000000000000e+02 1.152204649265813341e-01
1.050000000000000000e+02 1.153272198909034429e-01
1.070000000000000000e+02 1.154144862437994634e-01
1.090000000000000000e+02 1.154819793076268253e-01
1.110000000000000000e+02 1.155369154714394053e-01
1.130000000000000000e+02 1.155819527123180812e-01
1.150000000000000000e+02 1.156191825691568198e-01
1.170000000000000000e+02 1.156486315373971285e-01
1.190000000000000000e+02 1.156707556533010939e-01
1.210000000000000000e+02 1.156856128589288657e-01
1.230000000000000000e+02 1.157052401015562504e-01
1.250000000000000000e+02 1.157294695175778987e-01
1.270000000000000000e+02 1.157559940315504576e-01
1.290000000000000000e+02 1.157820456266063225e-01
1.310000000000000000e+02 1.158026604661476222e-01
1.330000000000000000e+02 1.158182224494715973e-01
1.350000000000000000e+02 1.158390637267477929e-01
1.370000000000000000e+02 1.158618971471045977e-01
1.390000000000000000e+02 1.158886290697314081e-01
1.410000000000000000e+02 1.159218373206740704e-01
1.430000000000000000e+02 1.159617808237658476e-01
1.450000000000000000e+02 1.159990816259693913e-01
1.470000000000000000e+02 1.160373380562877976e-01
1.490000000000000000e+02 1.160754401425282412e-01
