1.000000000000000000e+00 5.862339701648777712e-02
3.000000000000000000e+00 6.893645041077212099e-02
5.000000000000000000e+00 7.500770684923019349e-02
7.000000000000000000e+00 7.899869552437766007e-02
9.000000000000000000e+00 8.200440465499625464e-02
1.100000000000000000e+01 8.470100973103988906e-02
1.300000000000000000e+01 8.748777305056598674e-02
1.500000000000000000e+01 9.033781818550057352e-02
1.700000000000000000e+01 9.320773672272231192e-02
1.900000000000000000e+01 9.607320484572290376e-02
2.100000000000000000e+01 9.894048340918182305e-02
2.300000000000000000e+01 1.018480009387968677e-01
2.500000000000000000e+01 1.048236701313604025e-01
2.700000000000000000e+01 1.078491766107632088e-01
2.900000000000000000e+01 1.108916014862554311e-01
3.100000000000000000e+01 1.139282683731590584e-01
3.300000000000000000e+01 1.169588308863908077e-01
3.500000000000000000e+01 1.199883404027342060e-01
3.700000000000000000e+01 1.230121477737803337e-01
3.900000000000000000e+01 1.260459375733623544e-01
4.100000000000000000e+01 1.291110032051239198e-01
4.300000000000000000e+01 1.322212450796682592e-01
4.500000000000000000e+01 1.353760901443606945e-01
4.700000000000000000e+01 1.385828840135809870e-01
4.900000000000000000e+01 1.418463814892181318e-01
5.100000000000000000e+01 1.451680454801645981e-01
5.300000000000000000e+01 1.485417656975096534e-01
5.500000000000000000e+01 1.519707799185132657e-01
5.700000000000000000e+01 1.554509230272821396e-01
5.900000000000000000e+01 1.589841181614055632e-01
6.100000000000000000e+01 1.625730560423698234e-01
6.300000000000000000e+01 1.662137754490059516e-01
6.500000000000000000e+01 1.699032051203830385e-01
6.700000000000000000e+01 1.736406788803790402e-01
6.900000000000000000e+01 1.774234286770807190e-01
7.100000000000000000e+01 1.812530989054306207e-01
7.300000000000000000e+01 1.851293943590427427e-01
7.500000000000000000e+01 1.890504924269746923e-01
7.700000000000000000e+01 1.930148160855021944e-01
7.900000000000000000e+01 1.970170910349237081e-01
8.100000000000000000e+01 2.010495305139631261e-01
8.300000000000000000e+01 2.051110213880953381e-01
8.500000000000000000e+01 2.091982207470658439e-01
8.700000000000000000e+01 2.133060824863652893e-01
8.900000000000000000e+01 2.174308672144336096e-01
9.100000000000000000e+01 2.215679692476684171e-01
9.300000000000000000e+01 2.257078259085214533e-01
9.500000000000000000e+01 2.298504553854543442e-01
9.700000000000000000e+01 2.339919955880815916e-01
9.900000000000000000e+01 2.381300632626408564e-01
1.010000000000000000e+02 2.422656004709704547e-01
1.030000000000000000e+02 2.463966710958904738e-01
1.050000000000000000e+02 2.505188482147606699e-01
1.070000000000000000e+02 2.546277458317849351e-01
1.090000000000000000e+02 2.587239484674234147e-01
1.110000000000000000e+02 2.628068619018426588e-01
1.130000000000000000e+02 2.668750587323964751e-01
1.150000000000000000e+02 2.709235743425351117e-01
1.170000000000000000e+02 2.749522304628838620e-01
1.190000000000000000e+02 2.789630881571726340e-01
1.210000000000000000e+02 2.829504210583796420e-01
1.230000000000000000e+02 2.869138229164324150e-01
1.250000000000000000e+02 2.908538022969597847e-01
1.270000000000000000e+02 2.947705724585620857e-01
1.290000000000000000e+02 2.986644434681365867e-01
1.310000000000000000e+02 3.025360257582020429e-01
1.330000000000000000e+02 3.063875920573675415e-01
1.350000000000000000e+02 3.102217721617689383e-01
1.370000000000000000e+02 3.140370252216068137e-01
1.390000000000000000e+02 3.178349273198065594e-01
1.410000000000000000e+02 3.216168258417551051e-01
1.430000000000000000e+02 3.253799046594743061e-01
1.450000000000000000e+02 3.291243673929896696e-01
1.470000000000000000e+02 3.328512263606523414e-01
1.490000000000000000e+02 3.365597166617941838e-01
