1.000000000000000000e+00 7.373807862293557669e-02
3.000000000000000000e+00 8.070847940523340203e-02
5.000000000000000000e+00 8.405810207282693458e-02
7.000000000000000000e+00 8.620422769858826495e-02
9.000000000000000000e+00 8.775335882787216324e-02
1.100000000000000000e+01 8.898521313547080869e-02
1.300000000000000000e+01 9.002714044389426018e-02
1.500000000000000000e+01 9.093160725091153918e-02
1.700000000000000000e+01 9.175713400382812246e-02
1.900000000000000000e+01 9.249188181841427880e-02
2.100000000000000000e+01 9.313659324450784815e-02
2.300000000000000000e+01 9.369965899436061285e-02
2.500000000000000000e+01 9.419539342671490179e-02
2.700000000000000000e+01 9.464122451721124207e-02
2.900000000000000000e+01 9.504273327711798558e-02
3.100000000000000000e+01 9.539979082872540594e-02
3.300000000000000000e+01 9.571926302972844081e-02
3.500000000000000000e+01 9.600260440232533110e-02
3.700000000000000000e+01 9.626185655613184178e-02
3.900000000000000000e+01 9.651019025613782887e-02
4.100000000000000000e+01 9.675642556599539645e-02
4.300000000000000000e+01 9.700556626157530449e-02
4.500000000000000000e+01 9.725733241397394035e-02
4.700000000000000000e+01 9.751078529546064466e-02
4.900000000000000000e+01 9.776828817997906818e-02
5.100000000000000000e+01 9.802982447476671357e-02
5.300000000000000000e+01 9.829750642354118106e-02
5.500000000000000000e+01 9.857081492745900508e-02
5.700000000000000000e+01 9.884798478472556216e-02
5.900000000000000000e+01 9.912912767781811851e-02
6.100000000000000000e+01 9.940573756761683644e-02
6.300000000000000000e+01 9.967480684925644763e-02
6.500000000000000000e+01 9.993529076539875433e-02
6.700000000000000000e+01 1.001963343953280461e-01
6.900000000000000000e+01 1.004571718260824920e-01
7.100000000000000000e+01 1.007220198482157159e-01
7.300000000000000000e+01 1.009864782250936566e-01
7.500000000000000000e+01 1.012496911243067066e-01
7.700000000000000000e+01 1.015116774144720901e-01
7.900000000000000000e+01 1.017768899097100110e-01
8.100000000000000000e+01 1.020424669577225663e-01
8.300000000000000000e+01 1.023084242682643641e-01
8.500000000000000000e+01 1.025637658843830957e-01
8.700000000000000000e+01 1.028106927366960743e-01
8.900000000000000000e+01 1.030494088278683940e-01
9.100000000000000000e+01 1.032863246915330935e-01
9.300000000000000000e+01 1.035204057738547956e-01
9.500000000000000000e+01 1.037386056577890292e-01
9.700000000000000000e+01 1.039511321047625891e-01
9.900000000000000000e+01 1.041560109180781346e-01
1.010000000000000000e+02 1.043557006359631112e-01
1.030000000000000000e+02 1.045526665951039824e-01
1.050000000000000000e+02 1.047462152840035188e-01
1.070000000000000000e+02 1.049243974704432425e-01
1.090000000000000000e+02 1.050871494128542416e-01
1.110000000000000000e+02 1.052365929620142637e-01
1.130000000000000000e+02 1.053765579792483864e-01
1.150000000000000000e+02 1.055192729932364903e-01
1.170000000000000000e+02 1.056629583915128512e-01
1.190000000000000000e+02 1.058024550630516369e-01
1.210000000000000000e+02 1.059334008197772015e-01
1.230000000000000000e+02 1.060588208503014940e-01
1.250000000000000000e+02 1.061715229251677384e-01
1.270000000000000000e+02 1.062705847223697209e-01
1.290000000000000000e+02 1.063558702543150325e-01
1.310000000000000000e+02 1.064263155380994474e-01
1.330000000000000000e+02 1.064997319266225428e-01
1.350000000000000000e+02 1.065739946821095963e-01
1.370000000000000000e+02 1.066417980497263995e-01
1.390000000000000000e+02 1.067072872623983093e-01
1.410000000000000000e+02 1.067707049457002899e-01
1.430000000000000000e+02 1.068300479935686553e-01
1.450000000000000000e+02 1.068856809721012713e-01
1.470000000000000000e+02 1.069369563654924971e-01
1.490000000000000000e+02 1.069840173386841231e-01
