1.000000000000000000e+00 8.754208754208736565e-03
3.000000000000000000e+00 9.703030808122847795e-03
5.000000000000000000e+00 1.005589530707051704e-02
7.000000000000000000e+00 1.030493330908610616e-02
9.000000000000000000e+00 1.054786819224917682e-02
1.100000000000000000e+01 1.080040337702214970e-02
1.300000000000000000e+01 1.106635315095427785e-02
1.500000000000000000e+01 1.135501602697697177e-02
1.700000000000000000e+01 1.166302166766597370e-02
1.900000000000000000e+01 1.197376840748320959e-02
2.100000000000000000e+01 1.228194001949389769e-02
2.300000000000000000e+01 1.259155845608406210e-02
2.500000000000000000e+01 1.290569423276310967e-02
2.700000000000000000e+01 1.322776379911050348e-02
2.900000000000000000e+01 1.355866681195239121e-02
3.100000000000000000e+01 1.389884623726067581e-02
3.300000000000000000e+01 1.425092850649201104e-02
3.500000000000000000e+01 1.461727334624174368e-02
3.700000000000000000e+01 1.499953104383877633e-02
3.900000000000000000e+01 1.539958521937645486e-02
4.100000000000000000e+01 1.581885201431243448e-02
4.300000000000000000e+01 1.625868219975290518e-02
4.500000000000000000e+01 1.672013233100466678e-02
4.700000000000000000e+01 1.720509058629204890e-02
4.900000000000000000e+01 1.771521558964839205e-02
5.100000000000000000e+01 1.825142190402706532e-02
5.300000000000000000e+01 1.881462200958206044e-02
5.500000000000000000e+01 1.940467717247218449e-02
5.700000000000000000e+01 2.002081553786527746e-02
5.900000000000000000e+01 2.066240870439139954e-02
6.100000000000000000e+01 2.132819250839734782e-02
6.300000000000000000e+01 2.201665972665356463e-02
6.500000000000000000e+01 2.272649052508735057e-02
6.700000000000000000e+01 2.345628377018527111e-02
6.900000000000000000e+01 2.420416837437233681e-02
7.100000000000000000e+01 2.496833094271633247e-02
7.300000000000000000e+01 2.574716917360819757e-02
7.500000000000000000e+01 2.653973620109773002e-02
7.700000000000000000e+01 2.734532202514294852e-02
7.900000000000000000e+01 2.816364546990057782e-02
8.100000000000000000e+01 2.899456364147456888e-02
8.300000000000000000e+01 2.983745110505853226e-02
8.500000000000000000e+01 3.069117207349258969e-02
8.700000000000000000e+01 3.155527599519791782e-02
8.900000000000000000e+01 3.242973472263821488e-02
9.100000000000000000e+01 3.331409156474707256e-02
9.300000000000000000e+01 3.420731224362827394e-02
9.500000000000000000e+01 3.510860691837969227e-02
9.700000000000000000e+01 3.601707170052415030e-02
9.900000000000000000e+01 3.693222807417717579e-02
1.010000000000000000e+02 3.785326964628388247e-02
1.030000000000000000e+02 3.878029207918498589e-02
1.050000000000000000e+02 3.971326293879740010e-02
1.070000000000000000e+02 4.065137982240807357e-02
1.090000000000000000e+02 4.159414895769519838e-02
1.110000000000000000e+02 4.254164413523242594e-02
1.130000000000000000e+02 4.349333815847078455e-02
1.150000000000000000e+02 4.444869591771716255e-02
1.170000000000000000e+02 4.540741510357004795e-02
1.190000000000000000e+02 4.636865634011033688e-02
1.210000000000000000e+02 4.733220735863952200e-02
1.230000000000000000e+02 4.829757701547077176e-02
1.250000000000000000e+02 4.926420288271382564e-02
1.270000000000000000e+02 5.023196001450291881e-02
1.290000000000000000e+02 5.120088193711069824e-02
1.310000000000000000e+02 5.217112256763956069e-02
1.330000000000000000e+02 5.314037131302473682e-02
1.350000000000000000e+02 5.410849024582198297e-02
1.370000000000000000e+02 5.507615193632120487e-02
1.390000000000000000e+02 5.604357766380030359e-02
1.410000000000000000e+02 5.701093648131350111e-02
1.430000000000000000e+02 5.798024166128945556e-02
1.450000000000000000e+02 5.895187898644072000e-02
1.470000000000000000e+02 5.992597844450686662e-02
1.490000000000000000e+02 6.090021650371446604e-02
