1.000000000000000000e+00 1.836315188427861678e-02
3.000000000000000000e+00 1.881767057127559095e-02
5.000000000000000000e+00 1.908426313910205341e-02
7.000000000000000000e+00 1.929508364353560435e-02
9.000000000000000000e+00 1.947068178048028120e-02
1.100000000000000000e+01 1.961597523313340918e-02
1.300000000000000000e+01 1.974244874849639952e-02
1.500000000000000000e+01 1.984508874271850853e-02
1.700000000000000000e+01 1.992101315881233958e-02
1.900000000000000000e+01 1.997043342328908011e-02
2.100000000000000000e+01 1.999745554780929524e-02
2.300000000000000000e+01 2.000680228089513069e-02
2.500000000000000000e+01 2.000329290900071388e-02
2.700000000000000000e+01 1.999053646541448792e-02
2.900000000000000000e+01 1.997181268507564056e-02
3.100000000000000000e+01 1.994720747849776377e-02
3.300000000000000000e+01 1.991639192119487589e-02
3.500000000000000000e+01 1.988052807967555236e-02
3.700000000000000000e+01 1.983979992665274583e-02
3.900000000000000000e+01 1.979411620635318503e-02
4.100000000000000000e+01 1.974443204056730572e-02
4.300000000000000000e+01 1.969161149495468610e-02
4.500000000000000000e+01 1.963569981734147873e-02
4.700000000000000000e+01 1.957700748179169725e-02
4.900000000000000000e+01 1.951605793001476297e-02
5.100000000000000000e+01 1.945320013591911312e-02
5.300000000000000000e+01 1.938862003342001206e-02
5.500000000000000000e+01 1.932261772054577609e-02
5.700000000000000000e+01 1.925390601855203609e-02
5.900000000000000000e+01 1.918293358014755423e-02
6.100000000000000000e+01 1.911015041496311184e-02
6.300000000000000000e+01 1.903639858235872673e-02
6.500000000000000000e+01 1.896189046342844353e-02
6.700000000000000000e+01 1.888695190493561160e-02
6.900000000000000000e+01 1.881033700417089616e-02
7.100000000000000000e+01 1.873233243083027855e-02
7.300000000000000000e+01 1.865321163165789553e-02
7.500000000000000000e+01 1.857144045189929038e-02
7.700000000000000000e+01 1.848858757735771796e-02
7.900000000000000000e+01 1.840488337080314896e-02
8.100000000000000000e+01 1.832035193888692515e-02
8.300000000000000000e+01 1.823564591568926918e-02
8.500000000000000000e+01 1.814892316464045141e-02
8.700000000000000000e+01 1.806291005076909872e-02
8.900000000000000000e+01 1.797407395584205148e-02
9.100000000000000000e+01 1.788226687969474149e-02
9.300000000000000000e+01 1.778802772458454307e-02
9.500000000000000000e+01 1.769148561760180982e-02
9.700000000000000000e+01 1.759440183353022658e-02
9.900000000000000000e+01 1.749709336696825268e-02
1.010000000000000000e+02 1.739852171573075257e-02
1.030000000000000000e+02 1.729869268407357996e-02
1.050000000000000000e+02 1.719885853476288418e-02
1.070000000000000000e+02 1.709874566802083162e-02
1.090000000000000000e+02 1.699776672885633388e-02
1.110000000000000000e+02 1.689596519388925078e-02
1.130000000000000000e+02 1.679336762435068575e-02
1.150000000000000000e+02 1.668999508755553141e-02
1.170000000000000000e+02 1.658520361933168985e-02
1.190000000000000000e+02 1.647953809335167552e-02
1.210000000000000000e+02 1.637257356323662538e-02
1.230000000000000000e+02 1.626443708209546202e-02
1.250000000000000000e+02 1.615511636703337306e-02
1.270000000000000000e+02 1.604501939568392377e-02
1.290000000000000000e+02 1.593559034521918605e-02
1.310000000000000000e+02 1.582661940736451722e-02
1.330000000000000000e+02 1.571815477972593467e-02
1.350000000000000000e+02 1.560989518770949935e-02
1.370000000000000000e+02 1.550193035767311045e-02
1.390000000000000000e+02 1.539419607762826381e-02
1.410000000000000000e+02 1.528710759173057543e-02
1.430000000000000000e+02 1.518074277190428756e-02
1.450000000000000000e+02 1.507532101318020956e-02
1.470000000000000000e+02 1.497059502713948831e-02
1.490000000000000000e+02 1.486658861784051489e-02
