1.000000000000000000e+00 5.101928374655647636e-01
3.000000000000000000e+00 5.882060900264783898e-01
5.000000000000000000e+00 6.230124622806050283e-01
7.000000000000000000e+00 6.415925233210961753e-01
9.000000000000000000e+00 6.551138805170376722e-01
1.100000000000000000e+01 6.663246960934634533e-01
1.300000000000000000e+01 6.758981440862729118e-01
1.500000000000000000e+01 6.844877939440594528e-01
1.700000000000000000e+01 6.919719269535025141e-01
1.900000000000000000e+01 6.980531433029235622e-01
2.100000000000000000e+01 7.033382800150729253e-01
2.300000000000000000e+01 7.080893491846557142e-01
2.500000000000000000e+01 7.126164305088411588e-01
2.700000000000000000e+01 7.168430222375670180e-01
2.900000000000000000e+01 7.207863870682924556e-01
3.100000000000000000e+01 7.242971769956716432e-01
3.300000000000000000e+01 7.274741963894368890e-01
3.500000000000000000e+01 7.303816196644703496e-01
3.700000000000000000e+01 7.330325729058742024e-01
3.900000000000000000e+01 7.355330219120446156e-01
4.100000000000000000e+01 7.379473221195068655e-01
4.300000000000000000e+01 7.403247417427398780e-01
4.500000000000000000e+01 7.427299433820294672e-01
4.700000000000000000e+01 7.451129006594483517e-01
4.900000000000000000e+01 7.473518825851597214e-01
5.100000000000000000e+01 7.493573030949517433e-01
5.300000000000000000e+01 7.510891375844637174e-01
5.500000000000000000e+01 7.525947662120593407e-01
5.700000000000000000e+01 7.540275965715282913e-01
5.900000000000000000e+01 7.553303547645975335e-01
6.100000000000000000e+01 7.566126506802514085e-01
6.300000000000000000e+01 7.578525666192150734e-01
6.500000000000000000e+01 7.590552826227336958e-01
6.700000000000000000e+01 7.599459319759942488e-01
6.900000000000000000e+01 7.605646301341282278e-01
7.100000000000000000e+01 7.611193512050382637e-01
7.300000000000000000e+01 7.615316473410281839e-01
7.500000000000000000e+01 7.618164699599571099e-01
7.700000000000000000e+01 7.620847858970899447e-01
7.900000000000000000e+01 7.622937086734660195e-01
8.100000000000000000e+01 7.624402216623653583e-01
8.300000000000000000e+01 7.624897953897427083e-01
8.500000000000000000e+01 7.623895343189452944e-01
8.700000000000000000e+01 7.621438533198680032e-01
8.900000000000000000e+01 7.617441572069967304e-01
9.100000000000000000e+01 7.611716618059706230e-01
9.300000000000000000e+01 7.604681626826504948e-01
9.500000000000000000e+01 7.597076545900514066e-01
9.700000000000000000e+01 7.588665937263290306e-01
9.900000000000000000e+01 7.579409031446846523e-01
1.010000000000000000e+02 7.570302421731348597e-01
1.030000000000000000e+02 7.560527642488240607e-01
1.050000000000000000e+02 7.551620591161881668e-01
1.070000000000000000e+02 7.543977087229875034e-01
1.090000000000000000e+02 7.537220694216804073e-01
1.110000000000000000e+02 7.531560321329663354e-01
1.130000000000000000e+02 7.527336439881797681e-01
1.150000000000000000e+02 7.524625581151740406e-01
1.170000000000000000e+02 7.523034338308496327e-01
1.190000000000000000e+02 7.522651245577519630e-01
1.210000000000000000e+02 7.522293257438177339e-01
1.230000000000000000e+02 7.521723680495679965e-01
1.250000000000000000e+02 7.520941394721964990e-01
1.270000000000000000e+02 7.519565433741216554e-01
1.290000000000000000e+02 7.517591251179668310e-01
1.310000000000000000e+02 7.515158091211951996e-01
1.330000000000000000e+02 7.512262735962078608e-01
1.350000000000000000e+02 7.509086186120107476e-01
1.370000000000000000e+02 7.506173745742548142e-01
1.390000000000000000e+02 7.503787715085920018e-01
1.410000000000000000e+02 7.501944945671472631e-01
1.430000000000000000e+02 7.500683160924286330e-01
1.450000000000000000e+02 7.500035194236331915e-01
1.470000000000000000e+02 7.500035194236323033e-01
1.490000000000000000e+02 7.500035194236327474e-01
