1.000000000000000000e+00 0.000000000000000000e+00
3.000000000000000000e+00 0.000000000000000000e+00
5.000000000000000000e+00 0.000000000000000000e+00
7.000000000000000000e+00 0.000000000000000000e+00
9.000000000000000000e+00 0.000000000000000000e+00
1.100000000000000000e+01 0.000000000000000000e+00
1.300000000000000000e+01 0.000000000000000000e+00
1.500000000000000000e+01 0.000000000000000000e+00
1.700000000000000000e+01 0.000000000000000000e+00
1.900000000000000000e+01 0.000000000000000000e+00
2.100000000000000000e+01 0.000000000000000000e+00
2.300000000000000000e+01 0.000000000000000000e+00
2.500000000000000000e+01 0.000000000000000000e+00
2.700000000000000000e+01 0.000000000000000000e+00
2.900000000000000000e+01 4.188969104923501163e-08
3.100000000000000000e+01 5.359752927036609549e-07
3.300000000000000000e+01 2.849829956019789279e-06
3.500000000000000000e+01 7.647343940986317534e-06
3.700000000000000000e+01 1.493917081596407570e-05
3.900000000000000000e+01 2.463474075276028685e-05
4.100000000000000000e+01 3.631342820931138249e-05
4.300000000000000000e+01 4.897481580967699699e-05
4.500000000000000000e+01 6.175895269888709294e-05
4.700000000000000000e+01 7.422869523121544688e-05
4.900000000000000000e+01 8.610300749889443495e-05
5.100000000000000000e+01 9.723271948547385080e-05
5.300000000000000000e+01 1.075566696949747936e-04
5.500000000000000000e+01 1.170161954361370604e-04
5.700000000000000000e+01 1.255764533090175661e-04
5.900000000000000000e+01 1.332820073757234880e-04
6.100000000000000000e+01 1.402194174283666328e-04
6.300000000000000000e+01 1.464562366892963041e-04
6.500000000000000000e+01 1.521416121575969171e-04
6.700000000000000000e+01 1.574443481238141374e-04
6.900000000000000000e+01 1.624554183460302781e-04
7.100000000000000000e+01 1.672667740089117672e-04
7.300000000000000000e+01 1.719736366001534122e-04
7.500000000000000000e+01 1.766388261761342449e-04
7.700000000000000000e+01 1.813183432480824919e-04
7.900000000000000000e+01 1.860927157789626918e-04
8.100000000000000000e+01 1.910135113422084530e-04
8.300000000000000000e+01 1.960642317577754312e-04
8.500000000000000000e+01 2.012142803353711429e-04
8.700000000000000000e+01 2.064272794934929323e-04
8.900000000000000000e+01 2.116366587574525227e-04
9.100000000000000000e+01 2.167652261558794535e-04
9.300000000000000000e+01 2.217473076816522948e-04
9.500000000000000000e+01 2.265302074224706530e-04
9.700000000000000000e+01 2.310662331233004352e-04
9.900000000000000000e+01 2.353192474990883909e-04
1.010000000000000000e+02 2.392498802187281726e-04
1.030000000000000000e+02 2.428434192427442184e-04
1.050000000000000000e+02 2.461113246613466643e-04
1.070000000000000000e+02 2.490623035774630623e-04
1.090000000000000000e+02 2.517033364289877895e-04
1.110000000000000000e+02 2.540430148645356212e-04
1.130000000000000000e+02 2.560929261999911333e-04
1.150000000000000000e+02 2.578690430155017310e-04
1.170000000000000000e+02 2.593930007641631619e-04
1.190000000000000000e+02 2.606907051450058077e-04
1.210000000000000000e+02 2.617860269862326561e-04
1.230000000000000000e+02 2.627012258622496432e-04
1.250000000000000000e+02 2.634613702561239279e-04
1.270000000000000000e+02 2.640933017975521935e-04
1.290000000000000000e+02 2.646226139693119705e-04
1.310000000000000000e+02 2.650744916261604800e-04
1.330000000000000000e+02 2.654750302940600548e-04
1.350000000000000000e+02 2.658076202980419467e-04
1.370000000000000000e+02 2.660936731790908283e-04
1.390000000000000000e+02 2.663533130284889694e-04
1.410000000000000000e+02 2.665715370526733352e-04
1.430000000000000000e+02 2.667568156131672197e-04
1.450000000000000000e+02 2.669240565058572656e-04
1.470000000000000000e+02 2.670917055327404199e-04
1.490000000000000000e+02 2.672659979841007782e-04
