1.000000000000000000e+00 6.906779661016948513e-02
3.000000000000000000e+00 7.467728382668925580e-02
5.000000000000000000e+00 7.748279200217489393e-02
7.000000000000000000e+00 7.928276863843997102e-02
9.000000000000000000e+00 8.068281346504801999e-02
1.100000000000000000e+01 8.192431439956004979e-02
1.300000000000000000e+01 8.314049317345484358e-02
1.500000000000000000e+01 8.436918361498157992e-02
1.700000000000000000e+01 8.553381748258415129e-02
1.900000000000000000e+01 8.659951756063510864e-02
2.100000000000000000e+01 8.757553163161890808e-02
2.300000000000000000e+01 8.848074769573865961e-02
2.500000000000000000e+01 8.928119737406758905e-02
2.700000000000000000e+01 8.999030131807939092e-02
2.900000000000000000e+01 9.062134979814873148e-02
3.100000000000000000e+01 9.119938471368860267e-02
3.300000000000000000e+01 9.173429495082963125e-02
3.500000000000000000e+01 9.223444882124898214e-02
3.700000000000000000e+01 9.270789316447014539e-02
3.900000000000000000e+01 9.315373511081925795e-02
4.100000000000000000e+01 9.359005809201104142e-02
4.300000000000000000e+01 9.401952132900182058e-02
4.500000000000000000e+01 9.443354566714501352e-02
4.700000000000000000e+01 9.483771943264174276e-02
4.900000000000000000e+01 9.522872303977025776e-02
5.100000000000000000e+01 9.559967070706387737e-02
5.300000000000000000e+01 9.595381257766277816e-02
5.500000000000000000e+01 9.627477511270421395e-02
5.700000000000000000e+01 9.657892240072651902e-02
5.900000000000000000e+01 9.686530762318268373e-02
6.100000000000000000e+01 9.713853938022076751e-02
6.300000000000000000e+01 9.738882747792643180e-02
6.500000000000000000e+01 9.762608294209051962e-02
6.700000000000000000e+01 9.784007652991455473e-02
6.900000000000000000e+01 9.802969861513266547e-02
7.100000000000000000e+01 9.820217166287292798e-02
7.300000000000000000e+01 9.834713193955602062e-02
7.500000000000000000e+01 9.846578431228492079e-02
7.700000000000000000e+01 9.857911341922542814e-02
7.900000000000000000e+01 9.869879453215490983e-02
8.100000000000000000e+01 9.882561916698195947e-02
8.300000000000000000e+01 9.895248810144874341e-02
8.500000000000000000e+01 9.906770474436210616e-02
8.700000000000000000e+01 9.917242827928451909e-02
8.900000000000000000e+01 9.927502027971824017e-02
9.100000000000000000e+01 9.937045270213995529e-02
9.300000000000000000e+01 9.945883942589717197e-02
9.500000000000000000e+01 9.954452406393099473e-02
9.700000000000000000e+01 9.962417696201963935e-02
9.900000000000000000e+01 9.970090307607237801e-02
1.010000000000000000e+02 9.977516101754990707e-02
1.030000000000000000e+02 9.984394565570819946e-02
1.050000000000000000e+02 9.989417422854496298e-02
1.070000000000000000e+02 9.992766399961872104e-02
1.090000000000000000e+02 9.995317701467176796e-02
1.110000000000000000e+02 9.996762571951978149e-02
1.130000000000000000e+02 9.997240724953926350e-02
1.150000000000000000e+02 9.998063862419159786e-02
1.170000000000000000e+02 9.999102946834115269e-02
1.190000000000000000e+02 1.000048662113447451e-01
1.210000000000000000e+02 1.000223943349970446e-01
1.230000000000000000e+02 1.000355940336478122e-01
1.250000000000000000e+02 1.000437068328320356e-01
1.270000000000000000e+02 1.000470507082800165e-01
1.290000000000000000e+02 1.000586873031428237e-01
1.310000000000000000e+02 1.000779858732580019e-01
1.330000000000000000e+02 1.001072167281886749e-01
1.350000000000000000e+02 1.001475820144769324e-01
1.370000000000000000e+02 1.001931131969380218e-01
1.390000000000000000e+02 1.002422577545922788e-01
1.410000000000000000e+02 1.002944526045649321e-01
1.430000000000000000e+02 1.003535026153778986e-01
1.450000000000000000e+02 1.004170711448620912e-01
1.470000000000000000e+02 1.004977128032108480e-01
1.490000000000000000e+02 1.005964047735664613e-01
