1.000000000000000000e+00 7.234279354479689061e-02
3.000000000000000000e+00 7.700253712420612739e-02
5.000000000000000000e+00 7.978937025253007853e-02
7.000000000000000000e+00 8.190269881806955254e-02
9.000000000000000000e+00 8.373246443185533572e-02
1.100000000000000000e+01 8.551116480291387489e-02
1.300000000000000000e+01 8.727710993104698112e-02
1.500000000000000000e+01 8.893932256901382338e-02
1.700000000000000000e+01 9.050214168396830683e-02
1.900000000000000000e+01 9.197829636587839808e-02
2.100000000000000000e+01 9.334177039655844332e-02
2.300000000000000000e+01 9.459482534099761253e-02
2.500000000000000000e+01 9.574289171141625587e-02
2.700000000000000000e+01 9.678404580725419315e-02
2.900000000000000000e+01 9.772043840131439119e-02
3.100000000000000000e+01 9.855637900028935139e-02
3.300000000000000000e+01 9.930592456915254829e-02
3.500000000000000000e+01 9.999008761857031136e-02
3.700000000000000000e+01 1.006042193469155466e-01
3.900000000000000000e+01 1.011686111885119477e-01
4.100000000000000000e+01 1.016805665331051989e-01
4.300000000000000000e+01 1.021486448559646432e-01
4.500000000000000000e+01 1.025747382523848339e-01
4.700000000000000000e+01 1.029681847916712467e-01
4.900000000000000000e+01 1.033335886815169857e-01
5.100000000000000000e+01 1.036749284746752986e-01
5.300000000000000000e+01 1.039956428876434025e-01
5.500000000000000000e+01 1.042906112639238048e-01
5.700000000000000000e+01 1.045603889526423025e-01
5.900000000000000000e+01 1.048180697363296776e-01
6.100000000000000000e+01 1.050496166165215683e-01
6.300000000000000000e+01 1.052522708599551438e-01
6.500000000000000000e+01 1.054415935488245415e-01
6.700000000000000000e+01 1.056085972767623060e-01
6.900000000000000000e+01 1.057533422300594994e-01
7.100000000000000000e+01 1.058681361067771443e-01
7.300000000000000000e+01 1.059784903874807505e-01
7.500000000000000000e+01 1.060727246213510888e-01
7.700000000000000000e+01 1.061646144562322647e-01
7.900000000000000000e+01 1.062472618371441690e-01
8.100000000000000000e+01 1.063206503811447989e-01
8.300000000000000000e+01 1.063775453114808034e-01
8.500000000000000000e+01 1.064198037218649917e-01
8.700000000000000000e+01 1.064480959382768654e-01
8.900000000000000000e+01 1.064636710680018084e-01
9.100000000000000000e+01 1.064832427439604823e-01
9.300000000000000000e+01 1.064902417146157410e-01
9.500000000000000000e+01 1.064844756125723491e-01
9.700000000000000000e+01 1.064569619995647809e-01
9.900000000000000000e+01 1.064050163639767010e-01
1.010000000000000000e+02 1.063388705786518784e-01
1.030000000000000000e+02 1.062594038634606664e-01
1.050000000000000000e+02 1.061847259105068719e-01
1.070000000000000000e+02 1.061093799332862853e-01
1.090000000000000000e+02 1.060363886078578011e-01
1.110000000000000000e+02 1.059678348150444593e-01
1.130000000000000000e+02 1.059006013097023580e-01
1.150000000000000000e+02 1.058411127333857005e-01
1.170000000000000000e+02 1.057886885591307058e-01
1.190000000000000000e+02 1.057362212377062072e-01
1.210000000000000000e+02 1.056835395294472013e-01
1.230000000000000000e+02 1.056245337432279996e-01
1.250000000000000000e+02 1.055678860920068463e-01
1.270000000000000000e+02 1.055093227250633037e-01
1.290000000000000000e+02 1.054490228782749561e-01
1.310000000000000000e+02 1.053839567598869875e-01
1.330000000000000000e+02 1.053160001939162926e-01
1.350000000000000000e+02 1.052461818699765850e-01
1.370000000000000000e+02 1.051815866657708209e-01
1.390000000000000000e+02 1.051280952338874419e-01
1.410000000000000000e+02 1.050798337117098136e-01
1.430000000000000000e+02 1.050437671250412652e-01
1.450000000000000000e+02 1.050172661837367460e-01
1.470000000000000000e+02 1.050071273325707821e-01
1.490000000000000000e+02 1.050054058536207258e-01
