1.000000000000000000e+00 1.065675946520661110e-02
3.000000000000000000e+00 1.152129749245789370e-02
5.000000000000000000e+00 1.212255042042276187e-02
7.000000000000000000e+00 1.260848496086564019e-02
9.000000000000000000e+00 1.313149110849032297e-02
1.100000000000000000e+01 1.370218753655394472e-02
1.300000000000000000e+01 1.426236024483318321e-02
1.500000000000000000e+01 1.479738557462040305e-02
1.700000000000000000e+01 1.530495581077506717e-02
1.900000000000000000e+01 1.578379140691010818e-02
2.100000000000000000e+01 1.624122389079918349e-02
2.300000000000000000e+01 1.668520673730788939e-02
2.500000000000000000e+01 1.712162684385609701e-02
2.700000000000000000e+01 1.755047443463908508e-02
2.900000000000000000e+01 1.797209959494561193e-02
3.100000000000000000e+01 1.838770050197024997e-02
3.300000000000000000e+01 1.879764096850911059e-02
3.500000000000000000e+01 1.920163442200983894e-02
3.700000000000000000e+01 1.959918725486353708e-02
3.900000000000000000e+01 1.999031036777876302e-02
4.100000000000000000e+01 2.037472190481826040e-02
4.300000000000000000e+01 2.075265374273560504e-02
4.500000000000000000e+01 2.112554744667693996e-02
4.700000000000000000e+01 2.149414809961058825e-02
4.900000000000000000e+01 2.185924480977041728e-02
5.100000000000000000e+01 2.222133679712190446e-02
5.300000000000000000e+01 2.258054909533335763e-02
5.500000000000000000e+01 2.293711244636187363e-02
5.700000000000000000e+01 2.329107284638021191e-02
5.900000000000000000e+01 2.364265977584401046e-02
6.100000000000000000e+01 2.399214787128056692e-02
6.300000000000000000e+01 2.433969977560279663e-02
6.500000000000000000e+01 2.468551703640031736e-02
6.700000000000000000e+01 2.502979887304890294e-02
6.900000000000000000e+01 2.537254463993321441e-02
7.100000000000000000e+01 2.571388289216325340e-02
7.300000000000000000e+01 2.605407831691020082e-02
7.500000000000000000e+01 2.639346716460333475e-02
7.700000000000000000e+01 2.673137902553091028e-02
7.900000000000000000e+01 2.706773138195517348e-02
8.100000000000000000e+01 2.740269429288022529e-02
8.300000000000000000e+01 2.773606484444768316e-02
8.500000000000000000e+01 2.806799129695614070e-02
8.700000000000000000e+01 2.839875221779097902e-02
8.900000000000000000e+01 2.872844900104165600e-02
9.100000000000000000e+01 2.905728057694767497e-02
9.300000000000000000e+01 2.938540225527175309e-02
9.500000000000000000e+01 2.971323230241418312e-02
9.700000000000000000e+01 3.004091282945375863e-02
9.900000000000000000e+01 3.036849383758144505e-02
1.010000000000000000e+02 3.069554400968776964e-02
1.030000000000000000e+02 3.102166782360449293e-02
1.050000000000000000e+02 3.134660112522791309e-02
1.070000000000000000e+02 3.166989272811371325e-02
1.090000000000000000e+02 3.199155000633702173e-02
1.110000000000000000e+02 3.231176715572348090e-02
1.130000000000000000e+02 3.263064078367716725e-02
1.150000000000000000e+02 3.294864714261080962e-02
1.170000000000000000e+02 3.326557029894994244e-02
1.190000000000000000e+02 3.358144871706025825e-02
1.210000000000000000e+02 3.389625163396692287e-02
1.230000000000000000e+02 3.420981771861142384e-02
1.250000000000000000e+02 3.452149346819777254e-02
1.270000000000000000e+02 3.483118844353927379e-02
1.290000000000000000e+02 3.513898717877794731e-02
1.310000000000000000e+02 3.544495248157253364e-02
1.330000000000000000e+02 3.574928364402263359e-02
1.350000000000000000e+02 3.605208810233606620e-02
1.370000000000000000e+02 3.635350557657124337e-02
1.390000000000000000e+02 3.665318655651972346e-02
1.410000000000000000e+02 3.695129925022311301e-02
1.430000000000000000e+02 3.724814055788316924e-02
1.450000000000000000e+02 3.754412093020065289e-02
1.470000000000000000e+02 3.783890759521257863e-02
1.490000000000000000e+02 3.813254326159476459e-02
