1.000000000000000000e+00 9.545929624898386034e-02
3.000000000000000000e+00 1.061803036198403216e-01
5.000000000000000000e+00 1.112474850557876316e-01
7.000000000000000000e+00 1.151483185502726325e-01
9.000000000000000000e+00 1.183751501137201290e-01
1.100000000000000000e+01 1.210904052560343169e-01
1.300000000000000000e+01 1.232935244649934203e-01
1.500000000000000000e+01 1.250258187739694549e-01
1.700000000000000000e+01 1.264244285308544491e-01
1.900000000000000000e+01 1.275400375475066461e-01
2.100000000000000000e+01 1.284837131112021025e-01
2.300000000000000000e+01 1.293223326167071141e-01
2.500000000000000000e+01 1.300814992027936601e-01
2.700000000000000000e+01 1.307637734053084255e-01
2.900000000000000000e+01 1.313540134648563118e-01
3.100000000000000000e+01 1.318474091784809232e-01
3.300000000000000000e+01 1.322514845107450876e-01
3.500000000000000000e+01 1.325617534950367382e-01
3.700000000000000000e+01 1.328057888075925286e-01
3.900000000000000000e+01 1.329957291386385521e-01
4.100000000000000000e+01 1.331381938873943405e-01
4.300000000000000000e+01 1.332499602045249532e-01
4.500000000000000000e+01 1.333387232174635395e-01
4.700000000000000000e+01 1.334208488293129324e-01
4.900000000000000000e+01 1.335019481402986985e-01
5.100000000000000000e+01 1.335802225300525281e-01
5.300000000000000000e+01 1.336503234251625871e-01
5.500000000000000000e+01 1.336969889775589948e-01
5.700000000000000000e+01 1.337194136515169607e-01
5.900000000000000000e+01 1.337251859535233400e-01
6.100000000000000000e+01 1.337226569840034296e-01
6.300000000000000000e+01 1.337138179866645959e-01
6.500000000000000000e+01 1.336865054456285451e-01
6.700000000000000000e+01 1.336553529642006133e-01
6.900000000000000000e+01 1.336211771972218854e-01
7.100000000000000000e+01 1.335702226129066306e-01
7.300000000000000000e+01 1.335073268842282834e-01
7.500000000000000000e+01 1.334462849780769789e-01
7.700000000000000000e+01 1.333774601095372159e-01
7.900000000000000000e+01 1.333012531026425140e-01
8.100000000000000000e+01 1.332084708906007275e-01
8.300000000000000000e+01 1.331048166636877861e-01
8.500000000000000000e+01 1.329958921022550422e-01
8.700000000000000000e+01 1.328871651365577389e-01
8.900000000000000000e+01 1.327793887696697706e-01
9.100000000000000000e+01 1.326586836608605324e-01
9.300000000000000000e+01 1.325243505160298430e-01
9.500000000000000000e+01 1.323698470784204773e-01
9.700000000000000000e+01 1.322225673241593791e-01
9.900000000000000000e+01 1.320728603998524431e-01
1.010000000000000000e+02 1.319223072507665906e-01
1.030000000000000000e+02 1.317809317582810946e-01
1.050000000000000000e+02 1.316484869180175599e-01
1.070000000000000000e+02 1.315247945371060823e-01
1.090000000000000000e+02 1.314078741437771924e-01
1.110000000000000000e+02 1.312859097882859150e-01
1.130000000000000000e+02 1.311702095855633576e-01
1.150000000000000000e+02 1.310603455268589679e-01
1.170000000000000000e+02 1.309433815877293350e-01
1.190000000000000000e+02 1.308191496525328290e-01
1.210000000000000000e+02 1.306879944255158188e-01
1.230000000000000000e+02 1.305665653951845195e-01
1.250000000000000000e+02 1.304556325816100815e-01
1.270000000000000000e+02 1.303550714250327758e-01
1.290000000000000000e+02 1.302645557554373834e-01
1.310000000000000000e+02 1.301869523174740140e-01
1.330000000000000000e+02 1.301219650297753549e-01
1.350000000000000000e+02 1.300617421792238382e-01
1.370000000000000000e+02 1.300063791578732753e-01
1.390000000000000000e+02 1.299605872558748931e-01
1.410000000000000000e+02 1.299194348081554873e-01
1.430000000000000000e+02 1.298743324768960594e-01
1.450000000000000000e+02 1.298311830178137116e-01
1.470000000000000000e+02 1.297972939620900545e-01
1.490000000000000000e+02 1.297727211053523177e-01
