1.000000000000000000e+00 3.561786085150571157e-01
3.000000000000000000e+00 4.035381900459115156e-01
5.000000000000000000e+00 4.253863194867458786e-01
7.000000000000000000e+00 4.411449560393627678e-01
9.000000000000000000e+00 4.552617455361899212e-01
1.100000000000000000e+01 4.682613489833157283e-01
1.300000000000000000e+01 4.806456419860262175e-01
1.500000000000000000e+01 4.925657790877475684e-01
1.700000000000000000e+01 5.041835766791102902e-01
1.900000000000000000e+01 5.155730004530896249e-01
2.100000000000000000e+01 5.267431994290504571e-01
2.300000000000000000e+01 5.376943505025849612e-01
2.500000000000000000e+01 5.484502025501690747e-01
2.700000000000000000e+01 5.590409729897949376e-01
2.900000000000000000e+01 5.694627612868099487e-01
3.100000000000000000e+01 5.797299985434802849e-01
3.300000000000000000e+01 5.898877036005416574e-01
3.500000000000000000e+01 6.000145372862061288e-01
3.700000000000000000e+01 6.101831134161752601e-01
3.900000000000000000e+01 6.204538130606563895e-01
4.100000000000000000e+01 6.308682301227637179e-01
4.300000000000000000e+01 6.414254667933669829e-01
4.500000000000000000e+01 6.519335819359928230e-01
4.700000000000000000e+01 6.623617522199417573e-01
4.900000000000000000e+01 6.726843465520124798e-01
5.100000000000000000e+01 6.828672289887152136e-01
5.300000000000000000e+01 6.928559480472695764e-01
5.500000000000000000e+01 7.026516794560933032e-01
5.700000000000000000e+01 7.121803514258921997e-01
5.900000000000000000e+01 7.213168045591838995e-01
6.100000000000000000e+01 7.301226147592355664e-01
6.300000000000000000e+01 7.385627940659122981e-01
6.500000000000000000e+01 7.465811090344898204e-01
6.700000000000000000e+01 7.541605779554326761e-01
6.900000000000000000e+01 7.613102266387914430e-01
7.100000000000000000e+01 7.680328888623977335e-01
7.300000000000000000e+01 7.743697318756121994e-01
7.500000000000000000e+01 7.803607127717649972e-01
7.700000000000000000e+01 7.860194420739033960e-01
7.900000000000000000e+01 7.913953190438627328e-01
8.100000000000000000e+01 7.964922793899679165e-01
8.300000000000000000e+01 8.013552311364782188e-01
8.500000000000000000e+01 8.060043476141409702e-01
8.700000000000000000e+01 8.104675891219175199e-01
8.900000000000000000e+01 8.147947922333949045e-01
9.100000000000000000e+01 8.189780656083388566e-01
9.300000000000000000e+01 8.229491876266092909e-01
9.500000000000000000e+01 8.267519942951495615e-01
9.700000000000000000e+01 8.303928331467020918e-01
9.900000000000000000e+01 8.338476629352157277e-01
1.010000000000000000e+02 8.371042686824450296e-01
1.030000000000000000e+02 8.401019873425394913e-01
1.050000000000000000e+02 8.428658588172250887e-01
1.070000000000000000e+02 8.453851141673444092e-01
1.090000000000000000e+02 8.476722995759897739e-01
1.110000000000000000e+02 8.495466517182097554e-01
1.130000000000000000e+02 8.510305660924994964e-01
1.150000000000000000e+02 8.521378986156185054e-01
1.170000000000000000e+02 8.529643598653048331e-01
1.190000000000000000e+02 8.535317184660647927e-01
1.210000000000000000e+02 8.538328987952437110e-01
1.230000000000000000e+02 8.538703390750048694e-01
1.250000000000000000e+02 8.536491527025793502e-01
1.270000000000000000e+02 8.531837256278083093e-01
1.290000000000000000e+02 8.525359733540629481e-01
1.310000000000000000e+02 8.517807686967471259e-01
1.330000000000000000e+02 8.509197392980905050e-01
1.350000000000000000e+02 8.500127118566490614e-01
1.370000000000000000e+02 8.490643933098223073e-01
1.390000000000000000e+02 8.480926777654091975e-01
1.410000000000000000e+02 8.471248584814382587e-01
1.430000000000000000e+02 8.461915788183681508e-01
1.450000000000000000e+02 8.453002779018619073e-01
1.470000000000000000e+02 8.444894033172263281e-01
1.490000000000000000e+02 8.437786822851978119e-01
