0.000000000000000000e+00 3.590465825861150506e+01 3.515024847142893094e+01 nan nan nan
1.000000000000000000e+00 3.590465825861151217e+01 3.515161210779270817e+01 nan nan nan
2.000000000000000000e+00 3.590465825861150506e+01 3.515297574415649962e+01 nan nan nan
3.000000000000000000e+00 3.590465825861150506e+01 3.515433938052028395e+01 nan nan nan
4.000000000000000000e+00 3.590465825861150506e+01 3.515570301688406119e+01 nan nan nan
5.000000000000000000e+00 3.590465825861150506e+01 3.515706665324783842e+01 nan nan nan
6.000000000000000000e+00 3.590465825861150506e+01 3.515843028961160854e+01 nan nan nan
7.000000000000000000e+00 3.590465825861150506e+01 3.515979392597539288e+01 nan nan nan
8.000000000000000000e+00 3.590465825861150506e+01 3.516115756233918432e+01 nan nan nan
9.000000000000000000e+00 3.590465825861150506e+01 3.516252119870296866e+01 nan nan nan
1.000000000000000000e+01 3.590465825861150506e+01 3.516388483506673879e+01 nan nan nan
1.100000000000000000e+01 3.590465825861149796e+01 3.516524847143052313e+01 nan nan nan
1.200000000000000000e+01 3.590465825861149796e+01 3.516661210779430746e+01 nan nan nan
1.300000000000000000e+01 3.590465825861150506e+01 3.516797574415808469e+01 nan nan nan
1.400000000000000000e+01 3.590465825861150506e+01 3.516933938052187614e+01 nan nan nan
1.500000000000000000e+01 3.590465825861151217e+01 3.517070301688563916e+01 nan nan nan
1.600000000000000000e+01 3.590465825861150506e+01 3.517206665324943060e+01 nan nan nan
1.700000000000000000e+01 3.590465825861150506e+01 3.517343028961320783e+01 1.000000000000000000e+00 nan nan
1.800000000000000000e+01 3.590465825861151927e+01 3.517479392597698507e+01 nan nan nan
1.900000000000000000e+01 3.590465825861150506e+01 3.517615756234076230e+01 1.000000000000000000e+00 nan nan
2.000000000000000000e+01 3.590465825861150506e+01 3.517752119870454663e+01 nan nan nan
2.100000000000000000e+01 3.590465825861151217e+01 3.517888483506833097e+01 1.000000000000000000e+00 nan nan
2.200000000000000000e+01 3.590465825861150506e+01 3.518024847143211531e+01 nan nan nan
2.300000000000000000e+01 3.590465825861150506e+01 3.518161210779589254e+01 1.000000000000000000e+00 nan nan
2.400000000000000000e+01 3.590465825861151217e+01 3.518297574415966977e+01 nan nan nan
2.500000000000000000e+01 3.590465825861151217e+01 3.518433938052346122e+01 nan nan nan
2.600000000000000000e+01 3.590465825861151217e+01 3.518570301688723845e+01 nan nan nan
2.700000000000000000e+01 3.590465825861150506e+01 3.518706665325101568e+01 nan nan nan
2.800000000000000000e+01 3.590465825861151217e+01 3.518843028961479291e+01 nan nan nan
2.900000000000000000e+01 3.590465825861151217e+01 3.518979392597858435e+01 nan nan nan
3.000000000000000000e+01 3.590465825861151217e+01 3.519115756234236159e+01 nan nan nan
3.100000000000000000e+01 3.590465825861151927e+01 3.519252119870613882e+01 nan nan nan
3.200000000000000000e+01 3.590602189497514019e+01 3.515024847142893094e+01 nan nan nan
3.300000000000000000e+01 3.590602189497514019e+01 3.515161210779270817e+01 nan nan nan
3.400000000000000000e+01 3.590602189497514019e+01 3.515297574415649962e+01 nan nan nan
3.500000000000000000e+01 3.590602189497514019e+01 3.515433938052028395e+01 nan nan nan
3.600000000000000000e+01 3.590602189497514019e+01 3.515570301688406119e+01 nan nan nan
3.700000000000000000e+01 3.590602189497514729e+01 3.515706665324783842e+01 nan nan nan
3.800000000000000000e+01 3.590602189497514729e+01 3.515843028961160854e+01 nan nan nan
3.900000000000000000e+01 3.590602189497514019e+01 3.515979392597539288e+01 nan nan nan
4.000000000000000000e+01 3.590602189497514019e+01 3.516115756233918432e+01 nan nan nan
4.100000000000000000e+01 3.590602189497514019e+01 3.516252119870296866e+01 nan nan nan
4.200000000000000000e+01 3.590602189497514019e+01 3.516388483506673879e+01 nan nan nan
4.300000000000000000e+01 3.590602189497514729e+01 3.516524847143052313e+01 nan nan nan
4.400000000000000000e+01 3.590602189497514019e+01 3.516661210779430746e+01 1.000000000000000000e+00 nan nan
4.500000000000000000e+01 3.590602189497514019e+01 3.516797574415808469e+01 nan nan nan
4.600000000000000000e+01 3.590602189497514019e+01 3.516933938052187614e+01 1.000000000000000000e+00 nan nan
4.700000000000000000e+01 3.590602189497514019e+01 3.517070301688563916e+01 nan nan nan
4.800000000000000000e+01 3.590602189497514019e+01 3.517206665324943060e+01 1.000000000000000000e+00 nan nan
4.900000000000000000e+01 3.590602189497514019e+01 3.517343028961320783e+01 nan nan nan
5.000000000000000000e+01 3.590602189497514019e+01 3.517479392597698507e+01 nan nan nan
5.100000000000000000e+01 3.590602189497514019e+01 3.517615756234076230e+01 1.000000000000000000e+00 nan nan
5.200000000000000000e+01 3.590602189497514019e+01 3.517752119870454663e+01 nan nan nan
5.300000000000000000e+01 3.590602189497514729e+01 3.517888483506833097e+01 1.000000000000000000e+00 nan nan
5.400000000000000000e+01 3.590602189497514729e+01 3.518024847143211531e+01 1.000000000000000000e+00 nan nan
5.500000000000000000e+01 3.590602189497514019e+01 3.518161210779589254e+01 nan nan nan
5.600000000000000000e+01 3.590602189497514019e+01 3.518297574415966977e+01 nan nan nan
5.700000000000000000e+01 3.590602189497514729e+01 3.518433938052346122e+01 nan nan nan
5.800000000000000000e+01 3.590602189497514019e+01 3.518570301688723845e+01 nan nan nan
5.900000000000000000e+01 3.590602189497514019e+01 3.518706665325101568e+01 nan nan nan
6.000000000000000000e+01 3.590602189497514019e+01 3.518843028961479291e+01 nan nan nan
6.100000000000000000e+01 3.590602189497514729e+01 3.518979392597858435e+01 nan nan nan
6.200000000000000000e+01 3.590602189497514729e+01 3.519115756234236159e+01 nan nan nan
6.300000000000000000e+01 3.590602189497514019e+01 3.519252119870613882e+01 nan nan nan
6.400000000000000000e+01 3.590738553133878241e+01 3.515024847142893094e+01 nan nan nan
6.500000000000000000e+01 3.590738553133878241e+01 3.515161210779270817e+01 nan nan nan
6.600000000000000000e+01 3.590738553133878241e+01 3.515297574415649251e+01 nan nan nan
6.700000000000000000e+01 3.590738553133878241e+01 3.515433938052028395e+01 nan nan nan
6.800000000000000000e+01 3.590738553133878241e+01 3.515570301688406119e+01 nan nan nan
6.900000000000000000e+01 3.590738553133878241e+01 3.515706665324784552e+01 nan nan nan
7.000000000000000000e+01 3.590738553133878241e+01 3.515843028961162275e+01 nan nan nan
7.100000000000000000e+01 3.590738553133878241e+01 3.515979392597539288e+01 nan nan nan
7.200000000000000000e+01 3.590738553133878241e+01 3.516115756233918432e+01 nan nan nan
7.300000000000000000e+01 3.590738553133878241e+01 3.516252119870296156e+01 nan nan nan
7.400000000000000000e+01 3.590738553133878241e+01 3.516388483506673879e+01 nan nan nan
7.500000000000000000e+01 3.590738553133878241e+01 3.516524847143052313e+01 nan nan nan
7.600000000000000000e+01 3.590738553133878241e+01 3.516661210779430746e+01 nan nan nan
7.700000000000000000e+01 3.590738553133878241e+01 3.516797574415808469e+01 nan nan nan
7.800000000000000000e+01 3.590738553133878241e+01 3.516933938052186903e+01 1.000000000000000000e+00 nan nan
7.900000000000000000e+01 3.590738553133878241e+01 3.517070301688564626e+01 nan nan nan
8.000000000000000000e+01 3.590738553133878241e+01 3.517206665324943060e+01 1.000000000000000000e+00 nan nan
8.100000000000000000e+01 3.590738553133878241e+01 3.517343028961320783e+01 nan nan nan
8.200000000000000000e+01 3.590738553133878241e+01 3.517479392597698507e+01 1.000000000000000000e+00 nan nan
8.300000000000000000e+01 3.590738553133878241e+01 3.517615756234076230e+01 nan nan nan
8.400000000000000000e+01 3.590738553133878241e+01 3.517752119870455374e+01 1.000000000000000000e+00 nan nan
8.500000000000000000e+01 3.590738553133878241e+01 3.517888483506833808e+01 nan nan nan
8.600000000000000000e+01 3.590738553133878241e+01 3.518024847143211531e+01 nan nan nan
8.700000000000000000e+01 3.590738553133878241e+01 3.518161210779589254e+01 nan nan nan
8.800000000000000000e+01 3.590738553133878241e+01 3.518297574415966977e+01 1.000000000000000000e+00 nan nan
8.900000000000000000e+01 3.590738553133878241e+01 3.518433938052346122e+01 nan nan nan
9.000000000000000000e+01 3.590738553133878241e+01 3.518570301688724555e+01 nan nan nan
9.100000000000000000e+01 3.590738553133878241e+01 3.518706665325101568e+01 nan nan nan
9.200000000000000000e+01 3.590738553133878241e+01 3.518843028961479291e+01 nan nan nan
9.300000000000000000e+01 3.590738553133878241e+01 3.518979392597857725e+01 nan nan nan
9.400000000000000000e+01 3.590738553133878241e+01 3.519115756234236159e+01 nan nan nan
9.500000000000000000e+01 3.590738553133878241e+01 3.519252119870613882e+01 nan nan nan
9.600000000000000000e+01 3.590874916770241043e+01 3.515024847142893094e+01 nan nan nan
9.700000000000000000e+01 3.590874916770241754e+01 3.515161210779270817e+01 nan nan nan
9.800000000000000000e+01 3.590874916770241754e+01 3.515297574415649962e+01 nan nan nan
9.900000000000000000e+01 3.590874916770241043e+01 3.515433938052028395e+01 nan nan nan
1.000000000000000000e+02 3.590874916770241043e+01 3.515570301688406119e+01 nan nan nan
1.010000000000000000e+02 3.590874916770242464e+01 3.515706665324783842e+01 nan nan nan
1.020000000000000000e+02 3.590874916770242464e+01 3.515843028961160854e+01 nan nan nan
1.030000000000000000e+02 3.590874916770241754e+01 3.515979392597539288e+01 nan nan nan
1.040000000000000000e+02 3.590874916770241043e+01 3.516115756233918432e+01 nan nan nan
1.050000000000000000e+02 3.590874916770241043e+01 3.516252119870296866e+01 nan nan nan
1.060000000000000000e+02 3.590874916770241754e+01 3.516388483506673879e+01 nan nan nan
1.070000000000000000e+02 3.590874916770241043e+01 3.516524847143052313e+01 1.000000000000000000e+00 nan nan
1.080000000000000000e+02 3.590874916770241043e+01 3.516661210779430746e+01 1.000000000000000000e+00 nan nan
1.090000000000000000e+02 3.590874916770241043e+01 3.516797574415808469e+01 nan nan nan
1.100000000000000000e+02 3.590874916770241043e+01 3.516933938052187614e+01 1.000000000000000000e+00 nan nan
1.110000000000000000e+02 3.590874916770241043e+01 3.517070301688563916e+01 1.000000000000000000e+00 nan nan
1.120000000000000000e+02 3.590874916770242464e+01 3.517206665324943060e+01 1.000000000000000000e+00 nan nan
1.130000000000000000e+02 3.590874916770241043e+01 3.517343028961320783e+01 nan nan nan
1.140000000000000000e+02 3.590874916770241043e+01 3.517479392597698507e+01 1.000000000000000000e+00 nan nan
1.150000000000000000e+02 3.590874916770242464e+01 3.517615756234076230e+01 1.000000000000000000e+00 nan nan
1.160000000000000000e+02 3.590874916770241043e+01 3.517752119870454663e+01 nan nan nan
1.170000000000000000e+02 3.590874916770241043e+01 3.517888483506833097e+01 nan nan nan
1.180000000000000000e+02 3.590874916770242464e+01 3.518024847143211531e+01 1.000000000000000000e+00 nan nan
1.190000000000000000e+02 3.590874916770242464e+01 3.518161210779589254e+01 nan nan nan
1.200000000000000000e+02 3.590874916770242464e+01 3.518297574415966977e+01 nan nan nan
1.210000000000000000e+02 3.590874916770241043e+01 3.518433938052346122e+01 nan nan nan
1.220000000000000000e+02 3.590874916770241043e+01 3.518570301688723845e+01 1.000000000000000000e+00 nan nan
1.230000000000000000e+02 3.590874916770241754e+01 3.518706665325101568e+01 nan nan nan
1.240000000000000000e+02 3.590874916770241754e+01 3.518843028961479291e+01 nan nan nan
1.250000000000000000e+02 3.590874916770241043e+01 3.518979392597858435e+01 nan nan nan
1.260000000000000000e+02 3.590874916770241754e+01 3.519115756234236159e+01 nan nan nan
1.270000000000000000e+02 3.590874916770241754e+01 3.519252119870613882e+01 nan nan nan
1.280000000000000000e+02 3.591011280406605266e+01 3.515024847142894515e+01 nan nan nan
1.290000000000000000e+02 3.591011280406605977e+01 3.515161210779270817e+01 nan nan nan
1.300000000000000000e+02 3.591011280406605266e+01 3.515297574415649251e+01 nan nan nan
1.310000000000000000e+02 3.591011280406605266e+01 3.515433938052028395e+01 nan nan nan
1.320000000000000000e+02 3.591011280406605266e+01 3.515570301688406119e+01 nan nan nan
1.330000000000000000e+02 3.591011280406605266e+01 3.515706665324783842e+01 nan nan nan
1.340000000000000000e+02 3.591011280406605266e+01 3.515843028961162275e+01 nan nan nan
1.350000000000000000e+02 3.591011280406605977e+01 3.515979392597539288e+01 1.000000000000000000e+00 nan nan
1.360000000000000000e+02 3.591011280406605977e+01 3.516115756233918432e+01 nan nan nan
1.370000000000000000e+02 3.591011280406605977e+01 3.516252119870296866e+01 nan nan nan
1.380000000000000000e+02 3.591011280406605266e+01 3.516388483506673879e+01 1.000000000000000000e+00 nan nan
1.390000000000000000e+02 3.591011280406605266e+01 3.516524847143052313e+01 nan nan nan
1.400000000000000000e+02 3.591011280406605266e+01 3.516661210779430746e+01 1.000000000000000000e+00 nan nan
1.410000000000000000e+02 3.591011280406605266e+01 3.516797574415808469e+01 nan nan nan
1.420000000000000000e+02 3.591011280406605266e+01 3.516933938052186903e+01 nan nan nan
1.430000000000000000e+02 3.591011280406605266e+01 3.517070301688565337e+01 1.000000000000000000e+00 nan nan
1.440000000000000000e+02 3.591011280406605266e+01 3.517206665324943060e+01 nan nan nan
1.450000000000000000e+02 3.591011280406605266e+01 3.517343028961320783e+01 1.000000000000000000e+00 nan nan
1.460000000000000000e+02 3.591011280406605266e+01 3.517479392597698507e+01 1.000000000000000000e+00 nan nan
1.470000000000000000e+02 3.591011280406605977e+01 3.517615756234076230e+01 1.000000000000000000e+00 nan nan
1.480000000000000000e+02 3.591011280406605266e+01 3.517752119870454663e+01 1.000000000000000000e+00 nan nan
1.490000000000000000e+02 3.591011280406605266e+01 3.517888483506833808e+01 nan nan nan
1.500000000000000000e+02 3.591011280406605266e+01 3.518024847143211531e+01 nan 1.000000000000000000e+00 nan
1.510000000000000000e+02 3.591011280406605266e+01 3.518161210779589254e+01 nan 1.000000000000000000e+00 nan
1.520000000000000000e+02 3.591011280406606687e+01 3.518297574415967688e+01 1.000000000000000000e+00 1.000000000000000000e+00 1.000000000000000000e+00
1.530000000000000000e+02 3.591011280406606687e+01 3.518433938052346122e+01 nan 1.000000000000000000e+00 nan
1.540000000000000000e+02 3.591011280406605266e+01 3.518570301688723845e+01 1.000000000000000000e+00 1.000000000000000000e+00 1.000000000000000000e+00
1.550000000000000000e+02 3.591011280406605266e+01 3.518706665325101568e+01 nan 1.000000000000000000e+00 nan
1.560000000000000000e+02 3.591011280406605266e+01 3.518843028961479291e+01 nan 1.000000000000000000e+00 nan
1.570000000000000000e+02 3.591011280406605266e+01 3.518979392597858435e+01 nan 1.000000000000000000e+00 nan
1.580000000000000000e+02 3.591011280406605977e+01 3.519115756234236159e+01 nan nan nan
1.590000000000000000e+02 3.591011280406605266e+01 3.519252119870613882e+01 nan nan nan
1.600000000000000000e+02 3.591147644042968778e+01 3.515024847142894515e+01 nan nan nan
1.610000000000000000e+02 3.591147644042968778e+01 3.515161210779270817e+01 1.000000000000000000e+00 nan nan
1.620000000000000000e+02 3.591147644042968778e+01 3.515297574415649251e+01 nan nan nan
1.630000000000000000e+02 3.591147644042968778e+01 3.515433938052028395e+01 nan nan nan
1.640000000000000000e+02 3.591147644042968778e+01 3.515570301688406119e+01 nan nan nan
1.650000000000000000e+02 3.591147644042968778e+01 3.515706665324783842e+01 nan nan nan
1.660000000000000000e+02 3.591147644042968778e+01 3.515843028961162275e+01 nan nan nan
1.670000000000000000e+02 3.591147644042968778e+01 3.515979392597539288e+01 nan nan nan
1.680000000000000000e+02 3.591147644042968778e+01 3.516115756233918432e+01 nan nan nan
1.690000000000000000e+02 3.591147644042968778e+01 3.516252119870296866e+01 nan nan nan
1.700000000000000000e+02 3.591147644042968778e+01 3.516388483506673879e+01 nan nan nan
1.710000000000000000e+02 3.591147644042968778e+01 3.516524847143052313e+01 nan nan nan
1.720000000000000000e+02 3.591147644042968778e+01 3.516661210779430746e+01 1.000000000000000000e+00 nan nan
1.730000000000000000e+02 3.591147644042968778e+01 3.516797574415808469e+01 1.000000000000000000e+00 nan nan
1.740000000000000000e+02 3.591147644042968778e+01 3.516933938052186903e+01 1.000000000000000000e+00 nan nan
1.750000000000000000e+02 3.591147644042968778e+01 3.517070301688565337e+01 1.000000000000000000e+00 nan nan
1.760000000000000000e+02 3.591147644042968778e+01 3.517206665324943060e+01 1.000000000000000000e+00 nan nan
1.770000000000000000e+02 3.591147644042968778e+01 3.517343028961320783e+01 1.000000000000000000e+00 nan nan
1.780000000000000000e+02 3.591147644042968778e+01 3.517479392597698507e+01 1.000000000000000000e+00 nan nan
1.790000000000000000e+02 3.591147644042968778e+01 3.517615756234076230e+01 1.000000000000000000e+00 nan nan
1.800000000000000000e+02 3.591147644042968778e+01 3.517752119870454663e+01 nan nan nan
1.810000000000000000e+02 3.591147644042968778e+01 3.517888483506833808e+01 1.000000000000000000e+00 nan nan
1.820000000000000000e+02 3.591147644042968778e+01 3.518024847143211531e+01 nan 1.000000000000000000e+00 nan
1.830000000000000000e+02 3.591147644042968778e+01 3.518161210779589254e+01 nan 1.000000000000000000e+00 nan
1.840000000000000000e+02 3.591147644042968778e+01 3.518297574415967688e+01 1.000000000000000000e+00 1.000000000000000000e+00 1.000000000000000000e+00
1.850000000000000000e+02 3.591147644042968778e+01 3.518433938052346122e+01 1.000000000000000000e+00 1.000000000000000000e+00 1.000000000000000000e+00
1.860000000000000000e+02 3.591147644042968778e+01 3.518570301688723845e+01 1.000000000000000000e+00 1.000000000000000000e+00 1.000000000000000000e+00
1.870000000000000000e+02 3.591147644042968778e+01 3.518706665325101568e+01 nan 1.000000000000000000e+00 nan
1.880000000000000000e+02 3.591147644042968778e+01 3.518843028961479291e+01 nan 1.000000000000000000e+00 nan
1.890000000000000000e+02 3.591147644042968778e+01 3.518979392597858435e+01 nan 1.000000000000000000e+00 nan
1.900000000000000000e+02 3.591147644042968068e+01 3.519115756234236159e+01 nan nan nan
1.910000000000000000e+02 3.591147644042968778e+01 3.519252119870613882e+01 nan nan nan
1.920000000000000000e+02 3.591284007679332291e+01 3.515024847142894515e+01 nan nan nan
1.930000000000000000e+02 3.591284007679332291e+01 3.515161210779270817e+01 nan nan nan
1.940000000000000000e+02 3.591284007679333001e+01 3.515297574415649251e+01 1.000000000000000000e+00 nan nan
1.950000000000000000e+02 3.591284007679332291e+01 3.515433938052028395e+01 nan nan nan
1.960000000000000000e+02 3.591284007679332291e+01 3.515570301688406119e+01 nan nan nan
1.970000000000000000e+02 3.591284007679332291e+01 3.515706665324783842e+01 nan nan nan
1.980000000000000000e+02 3.591284007679332291e+01 3.515843028961162275e+01 nan nan nan
1.990000000000000000e+02 3.591284007679332291e+01 3.515979392597539288e+01 1.000000000000000000e+00 nan nan
2.000000000000000000e+02 3.591284007679332291e+01 3.516115756233918432e+01 nan nan nan
2.010000000000000000e+02 3.591284007679333001e+01 3.516252119870296866e+01 nan nan nan
2.020000000000000000e+02 3.591284007679332291e+01 3.516388483506673879e+01 1.000000000000000000e+00 nan nan
2.030000000000000000e+02 3.591284007679332291e+01 3.516524847143052313e+01 1.000000000000000000e+00 nan nan
2.040000000000000000e+02 3.591284007679332291e+01 3.516661210779430746e+01 1.000000000000000000e+00 nan nan
2.050000000000000000e+02 3.591284007679332291e+01 3.516797574415808469e+01 nan nan nan
2.060000000000000000e+02 3.591284007679332291e+01 3.516933938052186903e+01 1.000000000000000000e+00 nan nan
2.070000000000000000e+02 3.591284007679332291e+01 3.517070301688565337e+01 1.000000000000000000e+00 nan nan
2.080000000000000000e+02 3.591284007679332291e+01 3.517206665324943060e+01 1.000000000000000000e+00 nan nan
2.090000000000000000e+02 3.591284007679332291e+01 3.517343028961320783e+01 1.000000000000000000e+00 nan nan
2.100000000000000000e+02 3.591284007679332291e+01 3.517479392597698507e+01 1.000000000000000000e+00 nan nan
2.110000000000000000e+02 3.591284007679332291e+01 3.517615756234076230e+01 1.000000000000000000e+00 nan nan
2.120000000000000000e+02 3.591284007679332291e+01 3.517752119870454663e+01 1.000000000000000000e+00 nan nan
2.130000000000000000e+02 3.591284007679332291e+01 3.517888483506833808e+01 1.000000000000000000e+00 nan nan
2.140000000000000000e+02 3.591284007679332291e+01 3.518024847143211531e+01 1.000000000000000000e+00 1.000000000000000000e+00 1.000000000000000000e+00
2.150000000000000000e+02 3.591284007679332291e+01 3.518161210779589254e+01 1.000000000000000000e+00 1.000000000000000000e+00 1.000000000000000000e+00
2.160000000000000000e+02 3.591284007679332291e+01 3.518297574415967688e+01 nan 1.000000000000000000e+00 nan
2.170000000000000000e+02 3.591284007679333001e+01 3.518433938052346122e+01 1.000000000000000000e+00 1.000000000000000000e+00 1.000000000000000000e+00
2.180000000000000000e+02 3.591284007679332291e+01 3.518570301688723845e+01 1.000000000000000000e+00 1.000000000000000000e+00 1.000000000000000000e+00
2.190000000000000000e+02 3.591284007679332291e+01 3.518706665325101568e+01 nan 1.000000000000000000e+00 nan
2.200000000000000000e+02 3.591284007679333001e+01 3.518843028961479291e+01 1.000000000000000000e+00 1.000000000000000000e+00 1.000000000000000000e+00
2.210000000000000000e+02 3.591284007679332291e+01 3.518979392597858435e+01 nan 1.000000000000000000e+00 nan
2.220000000000000000e+02 3.591284007679333001e+01 3.519115756234236159e+01 nan 1.000000000000000000e+00 nan
2.230000000000000000e+02 3.591284007679332291e+01 3.519252119870613882e+01 nan 1.000000000000000000e+00 nan
2.240000000000000000e+02 3.591420371315696514e+01 3.515024847142894515e+01 nan nan nan
2.250000000000000000e+02 3.591420371315695803e+01 3.515161210779270817e+01 nan nan nan
2.260000000000000000e+02 3.591420371315695803e+01 3.515297574415649251e+01 nan nan nan
2.270000000000000000e+02 3.591420371315697224e+01 3.515433938052028395e+01 nan nan nan
2.280000000000000000e+02 3.591420371315695803e+01 3.515570301688406119e+01 nan nan nan
2.290000000000000000e+02 3.591420371315695803e+01 3.515706665324783842e+01 nan nan nan
2.300000000000000000e+02 3.591420371315696514e+01 3.515843028961162275e+01 nan nan nan
2.310000000000000000e+02 3.591420371315695803e+01 3.515979392597539288e+01 1.000000000000000000e+00 nan nan
2.320000000000000000e+02 3.591420371315696514e+01 3.516115756233918432e+01 nan nan nan
2.330000000000000000e+02 3.591420371315696514e+01 3.516252119870296866e+01 1.000000000000000000e+00 nan nan
2.340000000000000000e+02 3.591420371315696514e+01 3.516388483506673879e+01 1.000000000000000000e+00 nan nan
2.350000000000000000e+02 3.591420371315695803e+01 3.516524847143052313e+01 1.000000000000000000e+00 nan nan
2.360000000000000000e+02 3.591420371315697224e+01 3.516661210779430746e+01 1.000000000000000000e+00 nan nan
2.370000000000000000e+02 3.591420371315695803e+01 3.516797574415808469e+01 1.000000000000000000e+00 nan nan
2.380000000000000000e+02 3.591420371315696514e+01 3.516933938052186903e+01 1.000000000000000000e+00 nan nan
2.390000000000000000e+02 3.591420371315696514e+01 3.517070301688565337e+01 1.000000000000000000e+00 nan nan
2.400000000000000000e+02 3.591420371315695803e+01 3.517206665324943060e+01 1.000000000000000000e+00 nan nan
2.410000000000000000e+02 3.591420371315696514e+01 3.517343028961320783e+01 1.000000000000000000e+00 nan nan
2.420000000000000000e+02 3.591420371315697224e+01 3.517479392597698507e+01 1.000000000000000000e+00 nan nan
2.430000000000000000e+02 3.591420371315695803e+01 3.517615756234076230e+01 1.000000000000000000e+00 nan nan
2.440000000000000000e+02 3.591420371315696514e+01 3.517752119870454663e+01 1.000000000000000000e+00 nan nan
2.450000000000000000e+02 3.591420371315695803e+01 3.517888483506833808e+01 1.000000000000000000e+00 nan nan
2.460000000000000000e+02 3.591420371315697224e+01 3.518024847143211531e+01 1.000000000000000000e+00 1.000000000000000000e+00 1.000000000000000000e+00
2.470000000000000000e+02 3.591420371315696514e+01 3.518161210779589254e+01 1.000000000000000000e+00 1.000000000000000000e+00 1.000000000000000000e+00
2.480000000000000000e+02 3.591420371315696514e+01 3.518297574415967688e+01 1.000000000000000000e+00 1.000000000000000000e+00 1.000000000000000000e+00
2.490000000000000000e+02 3.591420371315695803e+01 3.518433938052346122e+01 nan 1.000000000000000000e+00 nan
2.500000000000000000e+02 3.591420371315696514e+01 3.518570301688723845e+01 nan 1.000000000000000000e+00 nan
2.510000000000000000e+02 3.591420371315695803e+01 3.518706665325101568e+01 nan 1.000000000000000000e+00 nan
2.520000000000000000e+02 3.591420371315695803e+01 3.518843028961479291e+01 nan 1.000000000000000000e+00 nan
2.530000000000000000e+02 3.591420371315696514e+01 3.518979392597858435e+01 nan 1.000000000000000000e+00 nan
2.540000000000000000e+02 3.591420371315696514e+01 3.519115756234236159e+01 nan 1.000000000000000000e+00 nan
2.550000000000000000e+02 3.591420371315695803e+01 3.519252119870613882e+01 1.000000000000000000e+00 1.000000000000000000e+00 1.000000000000000000e+00
2.560000000000000000e+02 3.591556734952060026e+01 3.515024847142893805e+01 nan nan nan
2.570000000000000000e+02 3.591556734952059315e+01 3.515161210779270817e+01 nan nan nan
2.580000000000000000e+02 3.591556734952060026e+01 3.515297574415649251e+01 nan nan nan
2.590000000000000000e+02 3.591556734952060026e+01 3.515433938052028395e+01 nan nan nan
2.600000000000000000e+02 3.591556734952060026e+01 3.515570301688406119e+01 nan nan nan
2.610000000000000000e+02 3.591556734952060026e+01 3.515706665324784552e+01 nan nan nan
2.620000000000000000e+02 3.591556734952060026e+01 3.515843028961160854e+01 nan nan nan
2.630000000000000000e+02 3.591556734952058605e+01 3.515979392597539288e+01 nan nan nan
2.640000000000000000e+02 3.591556734952060026e+01 3.516115756233918432e+01 1.000000000000000000e+00 nan nan
2.650000000000000000e+02 3.591556734952059315e+01 3.516252119870296866e+01 1.000000000000000000e+00 nan nan
2.660000000000000000e+02 3.591556734952059315e+01 3.516388483506673879e+01 1.000000000000000000e+00 nan nan
2.670000000000000000e+02 3.591556734952060026e+01 3.516524847143052313e+01 1.000000000000000000e+00 nan nan
2.680000000000000000e+02 3.591556734952059315e+01 3.516661210779430746e+01 1.000000000000000000e+00 nan nan
2.690000000000000000e+02 3.591556734952059315e+01 3.516797574415808469e+01 1.000000000000000000e+00 nan nan
2.700000000000000000e+02 3.591556734952059315e+01 3.516933938052187614e+01 1.000000000000000000e+00 nan nan
2.710000000000000000e+02 3.591556734952060026e+01 3.517070301688564626e+01 1.000000000000000000e+00 nan nan
2.720000000000000000e+02 3.591556734952060737e+01 3.517206665324943060e+01 1.000000000000000000e+00 nan nan
2.730000000000000000e+02 3.591556734952060026e+01 3.517343028961322204e+01 1.000000000000000000e+00 nan nan
2.740000000000000000e+02 3.591556734952060026e+01 3.517479392597698507e+01 1.000000000000000000e+00 nan nan
2.750000000000000000e+02 3.591556734952060026e+01 3.517615756234076230e+01 1.000000000000000000e+00 nan nan
2.760000000000000000e+02 3.591556734952059315e+01 3.517752119870454663e+01 1.000000000000000000e+00 nan nan
2.770000000000000000e+02 3.591556734952059315e+01 3.517888483506833808e+01 1.000000000000000000e+00 1.000000000000000000e+00 1.000000000000000000e+00
2.780000000000000000e+02 3.591556734952060026e+01 3.518024847143211531e+01 1.000000000000000000e+00 1.000000000000000000e+00 1.000000000000000000e+00
2.790000000000000000e+02 3.591556734952060026e+01 3.518161210779589254e+01 1.000000000000000000e+00 1.000000000000000000e+00 1.000000000000000000e+00
2.800000000000000000e+02 3.591556734952060026e+01 3.518297574415967688e+01 1.000000000000000000e+00 1.000000000000000000e+00 1.000000000000000000e+00
2.810000000000000000e+02 3.591556734952059315e+01 3.518433938052346122e+01 nan 1.000000000000000000e+00 nan
2.820000000000000000e+02 3.591556734952060026e+01 3.518570301688724555e+01 nan 1.000000000000000000e+00 nan
2.830000000000000000e+02 3.591556734952060026e+01 3.518706665325101568e+01 1.000000000000000000e+00 1.000000000000000000e+00 1.000000000000000000e+00
2.840000000000000000e+02 3.591556734952060026e+01 3.518843028961479291e+01 nan 1.000000000000000000e+00 nan
2.850000000000000000e+02 3.591556734952060026e+01 3.518979392597858435e+01 nan 1.000000000000000000e+00 nan
2.860000000000000000e+02 3.591556734952060026e+01 3.519115756234236159e+01 nan 1.000000000000000000e+00 nan
2.870000000000000000e+02 3.591556734952060026e+01 3.519252119870613882e+01 nan 1.000000000000000000e+00 nan
2.880000000000000000e+02 3.591693098588424249e+01 3.515024847142893094e+01 nan nan nan
2.890000000000000000e+02 3.591693098588424249e+01 3.515161210779270817e+01 nan nan nan
2.900000000000000000e+02 3.591693098588422828e+01 3.515297574415649962e+01 nan nan nan
2.910000000000000000e+02 3.591693098588424249e+01 3.515433938052028395e+01 nan nan nan
2.920000000000000000e+02 3.591693098588423538e+01 3.515570301688406119e+01 nan nan nan
2.930000000000000000e+02 3.591693098588423538e+01 3.515706665324783842e+01 nan nan nan
2.940000000000000000e+02 3.591693098588423538e+01 3.515843028961160854e+01 nan nan nan
2.950000000000000000e+02 3.591693098588424249e+01 3.515979392597539288e+01 nan nan nan
2.960000000000000000e+02 3.591693098588423538e+01 3.516115756233918432e+01 nan nan nan
2.970000000000000000e+02 3.591693098588423538e+01 3.516252119870296866e+01 nan nan nan
2.980000000000000000e+02 3.591693098588424249e+01 3.516388483506673879e+01 nan nan nan
2.990000000000000000e+02 3.591693098588422828e+01 3.516524847143052313e+01 1.000000000000000000e+00 nan nan
3.000000000000000000e+02 3.591693098588424249e+01 3.516661210779430746e+01 1.000000000000000000e+00 nan nan
3.010000000000000000e+02 3.591693098588424249e+01 3.516797574415808469e+01 1.000000000000000000e+00 nan nan
3.020000000000000000e+02 3.591693098588423538e+01 3.516933938052187614e+01 1.000000000000000000e+00 nan nan
3.030000000000000000e+02 3.591693098588424249e+01 3.517070301688563916e+01 1.000000000000000000e+00 nan nan
3.040000000000000000e+02 3.591693098588422828e+01 3.517206665324943060e+01 1.000000000000000000e+00 nan nan
3.050000000000000000e+02 3.591693098588424249e+01 3.517343028961320783e+01 1.000000000000000000e+00 nan nan
3.060000000000000000e+02 3.591693098588424249e+01 3.517479392597698507e+01 1.000000000000000000e+00 nan nan
3.070000000000000000e+02 3.591693098588423538e+01 3.517615756234076230e+01 1.000000000000000000e+00 nan nan
3.080000000000000000e+02 3.591693098588424249e+01 3.517752119870454663e+01 nan nan nan
3.090000000000000000e+02 3.591693098588424249e+01 3.517888483506833097e+01 nan 1.000000000000000000e+00 nan
3.100000000000000000e+02 3.591693098588423538e+01 3.518024847143211531e+01 1.000000000000000000e+00 1.000000000000000000e+00 1.000000000000000000e+00
3.110000000000000000e+02 3.591693098588423538e+01 3.518161210779589254e+01 1.000000000000000000e+00 1.000000000000000000e+00 1.000000000000000000e+00
3.120000000000000000e+02 3.591693098588423538e+01 3.518297574415966977e+01 nan 1.000000000000000000e+00 nan
3.130000000000000000e+02 3.591693098588423538e+01 3.518433938052346122e+01 nan 1.000000000000000000e+00 nan
3.140000000000000000e+02 3.591693098588423538e+01 3.518570301688723845e+01 nan 1.000000000000000000e+00 nan
3.150000000000000000e+02 3.591693098588424249e+01 3.518706665325101568e+01 nan 1.000000000000000000e+00 nan
3.160000000000000000e+02 3.591693098588424249e+01 3.518843028961479291e+01 nan 1.000000000000000000e+00 nan
3.170000000000000000e+02 3.591693098588424249e+01 3.518979392597858435e+01 nan 1.000000000000000000e+00 nan
3.180000000000000000e+02 3.591693098588424249e+01 3.519115756234236159e+01 nan 1.000000000000000000e+00 nan
3.190000000000000000e+02 3.591693098588422828e+01 3.519252119870613882e+01 nan 1.000000000000000000e+00 nan
3.200000000000000000e+02 3.591829462224787051e+01 3.515024847142893805e+01 nan nan nan
3.210000000000000000e+02 3.591829462224787051e+01 3.515161210779270817e+01 1.000000000000000000e+00 nan nan
3.220000000000000000e+02 3.591829462224787051e+01 3.515297574415649251e+01 nan nan nan
3.230000000000000000e+02 3.591829462224787051e+01 3.515433938052028395e+01 nan nan nan
3.240000000000000000e+02 3.591829462224787051e+01 3.515570301688406119e+01 1.000000000000000000e+00 nan nan
3.250000000000000000e+02 3.591829462224787051e+01 3.515706665324784552e+01 nan nan nan
3.260000000000000000e+02 3.591829462224787051e+01 3.515843028961160854e+01 1.000000000000000000e+00 nan nan
3.270000000000000000e+02 3.591829462224787051e+01 3.515979392597539288e+01 nan nan nan
3.280000000000000000e+02 3.591829462224787051e+01 3.516115756233918432e+01 1.000000000000000000e+00 nan nan
3.290000000000000000e+02 3.591829462224787051e+01 3.516252119870296866e+01 1.000000000000000000e+00 nan nan
3.300000000000000000e+02 3.591829462224787051e+01 3.516388483506673879e+01 1.000000000000000000e+00 nan nan
3.310000000000000000e+02 3.591829462224787051e+01 3.516524847143052313e+01 1.000000000000000000e+00 nan nan
3.320000000000000000e+02 3.591829462224787051e+01 3.516661210779430746e+01 1.000000000000000000e+00 nan nan
3.330000000000000000e+02 3.591829462224787051e+01 3.516797574415808469e+01 1.000000000000000000e+00 nan nan
3.340000000000000000e+02 3.591829462224787051e+01 3.516933938052187614e+01 1.000000000000000000e+00 nan nan
3.350000000000000000e+02 3.591829462224787051e+01 3.517070301688564626e+01 1.000000000000000000e+00 nan nan
3.360000000000000000e+02 3.591829462224787051e+01 3.517206665324943060e+01 1.000000000000000000e+00 nan nan
3.370000000000000000e+02 3.591829462224787051e+01 3.517343028961322204e+01 1.000000000000000000e+00 nan nan
3.380000000000000000e+02 3.591829462224787761e+01 3.517479392597698507e+01 1.000000000000000000e+00 nan nan
3.390000000000000000e+02 3.591829462224787051e+01 3.517615756234076230e+01 1.000000000000000000e+00 nan nan
3.400000000000000000e+02 3.591829462224787051e+01 3.517752119870454663e+01 1.000000000000000000e+00 nan nan
3.410000000000000000e+02 3.591829462224787051e+01 3.517888483506833808e+01 1.000000000000000000e+00 1.000000000000000000e+00 1.000000000000000000e+00
3.420000000000000000e+02 3.591829462224787051e+01 3.518024847143211531e+01 nan 1.000000000000000000e+00 nan
3.430000000000000000e+02 3.591829462224787051e+01 3.518161210779589254e+01 nan 1.000000000000000000e+00 nan
3.440000000000000000e+02 3.591829462224787051e+01 3.518297574415967688e+01 nan 1.000000000000000000e+00 nan
3.450000000000000000e+02 3.591829462224787051e+01 3.518433938052346122e+01 nan 1.000000000000000000e+00 nan
3.460000000000000000e+02 3.591829462224787051e+01 3.518570301688724555e+01 1.000000000000000000e+00 1.000000000000000000e+00 1.000000000000000000e+00
3.470000000000000000e+02 3.591829462224787051e+01 3.518706665325101568e+01 nan 1.000000000000000000e+00 nan
3.480000000000000000e+02 3.591829462224787051e+01 3.518843028961479291e+01 nan 1.000000000000000000e+00 nan
3.490000000000000000e+02 3.591829462224787051e+01 3.518979392597858435e+01 nan 1.000000000000000000e+00 nan
3.500000000000000000e+02 3.591829462224787051e+01 3.519115756234236159e+01 nan 1.000000000000000000e+00 nan
3.510000000000000000e+02 3.591829462224787051e+01 3.519252119870613882e+01 nan 1.000000000000000000e+00 nan
3.520000000000000000e+02 3.591965825861150563e+01 3.515024847142893094e+01 nan nan nan
3.530000000000000000e+02 3.591965825861149852e+01 3.515161210779270817e+01 nan nan nan
3.540000000000000000e+02 3.591965825861150563e+01 3.515297574415649962e+01 nan nan nan
3.550000000000000000e+02 3.591965825861149852e+01 3.515433938052028395e+01 nan nan nan
3.560000000000000000e+02 3.591965825861149852e+01 3.515570301688406119e+01 nan nan nan
3.570000000000000000e+02 3.591965825861149852e+01 3.515706665324783842e+01 nan nan nan
3.580000000000000000e+02 3.591965825861149852e+01 3.515843028961160854e+01 nan nan nan
3.590000000000000000e+02 3.591965825861150563e+01 3.515979392597539288e+01 nan nan nan
3.600000000000000000e+02 3.591965825861150563e+01 3.516115756233918432e+01 1.000000000000000000e+00 nan nan
3.610000000000000000e+02 3.591965825861150563e+01 3.516252119870296866e+01 nan nan nan
3.620000000000000000e+02 3.591965825861150563e+01 3.516388483506673879e+01 1.000000000000000000e+00 nan nan
3.630000000000000000e+02 3.591965825861149852e+01 3.516524847143052313e+01 1.000000000000000000e+00 nan nan
3.640000000000000000e+02 3.591965825861149852e+01 3.516661210779430746e+01 1.000000000000000000e+00 nan nan
3.650000000000000000e+02 3.591965825861149852e+01 3.516797574415808469e+01 1.000000000000000000e+00 nan nan
3.660000000000000000e+02 3.591965825861150563e+01 3.516933938052187614e+01 1.000000000000000000e+00 nan nan
3.670000000000000000e+02 3.591965825861149852e+01 3.517070301688563916e+01 1.000000000000000000e+00 nan nan
3.680000000000000000e+02 3.591965825861150563e+01 3.517206665324943060e+01 1.000000000000000000e+00 nan nan
3.690000000000000000e+02 3.591965825861150563e+01 3.517343028961320783e+01 1.000000000000000000e+00 nan nan
3.700000000000000000e+02 3.591965825861150563e+01 3.517479392597698507e+01 1.000000000000000000e+00 nan nan
3.710000000000000000e+02 3.591965825861150563e+01 3.517615756234076230e+01 1.000000000000000000e+00 nan nan
3.720000000000000000e+02 3.591965825861150563e+01 3.517752119870454663e+01 1.000000000000000000e+00 nan nan
3.730000000000000000e+02 3.591965825861149852e+01 3.517888483506833097e+01 1.000000000000000000e+00 1.000000000000000000e+00 1.000000000000000000e+00
3.740000000000000000e+02 3.591965825861150563e+01 3.518024847143211531e+01 nan 1.000000000000000000e+00 nan
3.750000000000000000e+02 3.591965825861149852e+01 3.518161210779589254e+01 nan 1.000000000000000000e+00 nan
3.760000000000000000e+02 3.591965825861150563e+01 3.518297574415966977e+01 nan 1.000000000000000000e+00 nan
3.770000000000000000e+02 3.591965825861151274e+01 3.518433938052346122e+01 1.000000000000000000e+00 1.000000000000000000e+00 1.000000000000000000e+00
3.780000000000000000e+02 3.591965825861149852e+01 3.518570301688723845e+01 nan 1.000000000000000000e+00 nan
3.790000000000000000e+02 3.591965825861149852e+01 3.518706665325101568e+01 nan 1.000000000000000000e+00 nan
3.800000000000000000e+02 3.591965825861150563e+01 3.518843028961479291e+01 nan 1.000000000000000000e+00 nan
3.810000000000000000e+02 3.591965825861151274e+01 3.518979392597858435e+01 nan 1.000000000000000000e+00 nan
3.820000000000000000e+02 3.591965825861150563e+01 3.519115756234236159e+01 nan 1.000000000000000000e+00 nan
3.830000000000000000e+02 3.591965825861150563e+01 3.519252119870613882e+01 nan 1.000000000000000000e+00 nan
3.840000000000000000e+02 3.592102189497513365e+01 3.515024847142893094e+01 nan nan nan
3.850000000000000000e+02 3.592102189497514075e+01 3.515161210779270817e+01 nan nan nan
3.860000000000000000e+02 3.592102189497513365e+01 3.515297574415649962e+01 nan nan nan
3.870000000000000000e+02 3.592102189497514786e+01 3.515433938052028395e+01 nan nan nan
3.880000000000000000e+02 3.592102189497514075e+01 3.515570301688406119e+01 nan nan nan
3.890000000000000000e+02 3.592102189497514075e+01 3.515706665324783842e+01 1.000000000000000000e+00 nan nan
3.900000000000000000e+02 3.592102189497513365e+01 3.515843028961160854e+01 nan nan nan
3.910000000000000000e+02 3.592102189497513365e+01 3.515979392597539288e+01 1.000000000000000000e+00 nan nan
3.920000000000000000e+02 3.592102189497514075e+01 3.516115756233918432e+01 nan nan nan
3.930000000000000000e+02 3.592102189497514075e+01 3.516252119870296866e+01 nan nan nan
3.940000000000000000e+02 3.592102189497514075e+01 3.516388483506673879e+01 1.000000000000000000e+00 nan nan
3.950000000000000000e+02 3.592102189497514786e+01 3.516524847143052313e+01 1.000000000000000000e+00 nan nan
3.960000000000000000e+02 3.592102189497514075e+01 3.516661210779430746e+01 1.000000000000000000e+00 nan nan
3.970000000000000000e+02 3.592102189497514075e+01 3.516797574415808469e+01 1.000000000000000000e+00 nan nan
3.980000000000000000e+02 3.592102189497514075e+01 3.516933938052187614e+01 1.000000000000000000e+00 nan nan
3.990000000000000000e+02 3.592102189497514786e+01 3.517070301688563916e+01 1.000000000000000000e+00 nan nan
4.000000000000000000e+02 3.592102189497514075e+01 3.517206665324943060e+01 1.000000000000000000e+00 nan nan
4.010000000000000000e+02 3.592102189497514075e+01 3.517343028961320783e+01 1.000000000000000000e+00 nan nan
4.020000000000000000e+02 3.592102189497514075e+01 3.517479392597698507e+01 1.000000000000000000e+00 nan nan
4.030000000000000000e+02 3.592102189497514075e+01 3.517615756234076230e+01 1.000000000000000000e+00 nan nan
4.040000000000000000e+02 3.592102189497514075e+01 3.517752119870454663e+01 nan nan nan
4.050000000000000000e+02 3.592102189497514075e+01 3.517888483506833097e+01 1.000000000000000000e+00 1.000000000000000000e+00 1.000000000000000000e+00
4.060000000000000000e+02 3.592102189497513365e+01 3.518024847143211531e+01 nan 1.000000000000000000e+00 nan
4.070000000000000000e+02 3.592102189497513365e+01 3.518161210779589254e+01 nan 1.000000000000000000e+00 nan
4.080000000000000000e+02 3.592102189497514075e+01 3.518297574415966977e+01 nan 1.000000000000000000e+00 nan
4.090000000000000000e+02 3.592102189497514786e+01 3.518433938052346122e+01 nan 1.000000000000000000e+00 nan
4.100000000000000000e+02 3.592102189497514075e+01 3.518570301688723845e+01 nan 1.000000000000000000e+00 nan
4.110000000000000000e+02 3.592102189497513365e+01 3.518706665325101568e+01 1.000000000000000000e+00 1.000000000000000000e+00 1.000000000000000000e+00
4.120000000000000000e+02 3.592102189497513365e+01 3.518843028961479291e+01 nan 1.000000000000000000e+00 nan
4.130000000000000000e+02 3.592102189497514075e+01 3.518979392597858435e+01 nan 1.000000000000000000e+00 nan
4.140000000000000000e+02 3.592102189497514075e+01 3.519115756234236159e+01 nan 1.000000000000000000e+00 nan
4.150000000000000000e+02 3.592102189497514075e+01 3.519252119870613882e+01 nan 1.000000000000000000e+00 nan
4.160000000000000000e+02 3.592238553133876877e+01 3.515024847142893805e+01 nan nan nan
4.170000000000000000e+02 3.592238553133877588e+01 3.515161210779270817e+01 nan nan nan
4.180000000000000000e+02 3.592238553133876877e+01 3.515297574415649251e+01 1.000000000000000000e+00 nan nan
4.190000000000000000e+02 3.592238553133876877e+01 3.515433938052028395e+01 nan nan nan
4.200000000000000000e+02 3.592238553133876877e+01 3.515570301688406119e+01 nan nan nan
4.210000000000000000e+02 3.592238553133877588e+01 3.515706665324784552e+01 1.000000000000000000e+00 nan nan
4.220000000000000000e+02 3.592238553133877588e+01 3.515843028961160854e+01 nan nan nan
4.230000000000000000e+02 3.592238553133877588e+01 3.515979392597539288e+01 1.000000000000000000e+00 nan nan
4.240000000000000000e+02 3.592238553133876877e+01 3.516115756233918432e+01 nan nan nan
4.250000000000000000e+02 3.592238553133877588e+01 3.516252119870296866e+01 1.000000000000000000e+00 nan nan
4.260000000000000000e+02 3.592238553133876877e+01 3.516388483506673879e+01 nan nan nan
4.270000000000000000e+02 3.592238553133877588e+01 3.516524847143052313e+01 1.000000000000000000e+00 nan nan
4.280000000000000000e+02 3.592238553133876877e+01 3.516661210779430746e+01 1.000000000000000000e+00 nan nan
4.290000000000000000e+02 3.592238553133876877e+01 3.516797574415808469e+01 1.000000000000000000e+00 nan nan
4.300000000000000000e+02 3.592238553133876877e+01 3.516933938052187614e+01 1.000000000000000000e+00 nan nan
4.310000000000000000e+02 3.592238553133876877e+01 3.517070301688564626e+01 1.000000000000000000e+00 nan nan
4.320000000000000000e+02 3.592238553133878298e+01 3.517206665324943060e+01 1.000000000000000000e+00 nan nan
4.330000000000000000e+02 3.592238553133876877e+01 3.517343028961322204e+01 1.000000000000000000e+00 nan nan
4.340000000000000000e+02 3.592238553133876877e+01 3.517479392597698507e+01 1.000000000000000000e+00 nan nan
4.350000000000000000e+02 3.592238553133876877e+01 3.517615756234076230e+01 nan nan nan
4.360000000000000000e+02 3.592238553133876877e+01 3.517752119870454663e+01 1.000000000000000000e+00 nan nan
4.370000000000000000e+02 3.592238553133877588e+01 3.517888483506833808e+01 1.000000000000000000e+00 1.000000000000000000e+00 1.000000000000000000e+00
4.380000000000000000e+02 3.592238553133877588e+01 3.518024847143211531e+01 1.000000000000000000e+00 1.000000000000000000e+00 1.000000000000000000e+00
4.390000000000000000e+02 3.592238553133876877e+01 3.518161210779589254e+01 nan 1.000000000000000000e+00 nan
4.400000000000000000e+02 3.592238553133877588e+01 3.518297574415967688e+01 1.000000000000000000e+00 1.000000000000000000e+00 1.000000000000000000e+00
4.410000000000000000e+02 3.592238553133876877e+01 3.518433938052346122e+01 1.000000000000000000e+00 1.000000000000000000e+00 1.000000000000000000e+00
4.420000000000000000e+02 3.592238553133876877e+01 3.518570301688724555e+01 nan 1.000000000000000000e+00 nan
4.430000000000000000e+02 3.592238553133876877e+01 3.518706665325101568e+01 nan 1.000000000000000000e+00 nan
4.440000000000000000e+02 3.592238553133877588e+01 3.518843028961479291e+01 nan 1.000000000000000000e+00 nan
4.450000000000000000e+02 3.592238553133876877e+01 3.518979392597858435e+01 1.000000000000000000e+00 1.000000000000000000e+00 1.000000000000000000e+00
4.460000000000000000e+02 3.592238553133876877e+01 3.519115756234236159e+01 nan 1.000000000000000000e+00 nan
4.470000000000000000e+02 3.592238553133876877e+01 3.519252119870613882e+01 nan nan nan
4.480000000000000000e+02 3.592374916770241811e+01 3.515024847142893805e+01 nan nan nan
4.490000000000000000e+02 3.592374916770241811e+01 3.515161210779270817e+01 nan nan nan
4.500000000000000000e+02 3.592374916770241100e+01 3.515297574415649251e+01 nan nan nan
4.510000000000000000e+02 3.592374916770241811e+01 3.515433938052028395e+01 nan nan nan
4.520000000000000000e+02 3.592374916770241811e+01 3.515570301688406119e+01 nan nan nan
4.530000000000000000e+02 3.592374916770241811e+01 3.515706665324784552e+01 nan nan nan
4.540000000000000000e+02 3.592374916770241811e+01 3.515843028961160854e+01 1.000000000000000000e+00 nan nan
4.550000000000000000e+02 3.592374916770241811e+01 3.515979392597539288e+01 1.000000000000000000e+00 nan nan
4.560000000000000000e+02 3.592374916770241100e+01 3.516115756233918432e+01 nan nan nan
4.570000000000000000e+02 3.592374916770241811e+01 3.516252119870296866e+01 nan nan nan
4.580000000000000000e+02 3.592374916770241811e+01 3.516388483506673879e+01 1.000000000000000000e+00 nan nan
4.590000000000000000e+02 3.592374916770241811e+01 3.516524847143052313e+01 1.000000000000000000e+00 nan nan
4.600000000000000000e+02 3.592374916770241811e+01 3.516661210779430746e+01 1.000000000000000000e+00 nan nan
4.610000000000000000e+02 3.592374916770241811e+01 3.516797574415808469e+01 1.000000000000000000e+00 nan nan
4.620000000000000000e+02 3.592374916770241100e+01 3.516933938052187614e+01 nan nan nan
4.630000000000000000e+02 3.592374916770241100e+01 3.517070301688564626e+01 1.000000000000000000e+00 nan nan
4.640000000000000000e+02 3.592374916770241811e+01 3.517206665324943060e+01 1.000000000000000000e+00 nan nan
4.650000000000000000e+02 3.592374916770241100e+01 3.517343028961322204e+01 1.000000000000000000e+00 nan nan
4.660000000000000000e+02 3.592374916770241811e+01 3.517479392597698507e+01 1.000000000000000000e+00 nan nan
4.670000000000000000e+02 3.592374916770241811e+01 3.517615756234076230e+01 1.000000000000000000e+00 nan nan
4.680000000000000000e+02 3.592374916770241100e+01 3.517752119870454663e+01 nan nan nan
4.690000000000000000e+02 3.592374916770241811e+01 3.517888483506833808e+01 1.000000000000000000e+00 1.000000000000000000e+00 1.000000000000000000e+00
4.700000000000000000e+02 3.592374916770241811e+01 3.518024847143211531e+01 nan 1.000000000000000000e+00 nan
4.710000000000000000e+02 3.592374916770241100e+01 3.518161210779589254e+01 nan 1.000000000000000000e+00 nan
4.720000000000000000e+02 3.592374916770241811e+01 3.518297574415967688e+01 nan 1.000000000000000000e+00 nan
4.730000000000000000e+02 3.592374916770241811e+01 3.518433938052346122e+01 nan 1.000000000000000000e+00 nan
4.740000000000000000e+02 3.592374916770241811e+01 3.518570301688724555e+01 nan 1.000000000000000000e+00 nan
4.750000000000000000e+02 3.592374916770241100e+01 3.518706665325101568e+01 nan 1.000000000000000000e+00 nan
4.760000000000000000e+02 3.592374916770241811e+01 3.518843028961479291e+01 nan 1.000000000000000000e+00 nan
4.770000000000000000e+02 3.592374916770241100e+01 3.518979392597858435e+01 nan 1.000000000000000000e+00 nan
4.780000000000000000e+02 3.592374916770241811e+01 3.519115756234236159e+01 nan 1.000000000000000000e+00 nan
4.790000000000000000e+02 3.592374916770241811e+01 3.519252119870613882e+01 nan nan nan
4.800000000000000000e+02 3.592511280406605323e+01 3.515024847142894515e+01 nan nan nan
4.810000000000000000e+02 3.592511280406605323e+01 3.515161210779270817e+01 nan nan nan
4.820000000000000000e+02 3.592511280406606033e+01 3.515297574415649251e+01 nan nan nan
4.830000000000000000e+02 3.592511280406606033e+01 3.515433938052028395e+01 nan nan nan
4.840000000000000000e+02 3.592511280406606033e+01 3.515570301688406119e+01 nan nan nan
4.850000000000000000e+02 3.592511280406605323e+01 3.515706665324783842e+01 nan nan nan
4.860000000000000000e+02 3.592511280406605323e+01 3.515843028961162275e+01 nan nan nan
4.870000000000000000e+02 3.592511280406605323e+01 3.515979392597539288e+01 nan nan nan
4.880000000000000000e+02 3.592511280406606033e+01 3.516115756233918432e+01 nan nan nan
4.890000000000000000e+02 3.592511280406605323e+01 3.516252119870296866e+01 nan nan nan
4.900000000000000000e+02 3.592511280406606033e+01 3.516388483506673879e+01 1.000000000000000000e+00 nan nan
4.910000000000000000e+02 3.592511280406606033e+01 3.516524847143052313e+01 nan nan nan
4.920000000000000000e+02 3.592511280406606033e+01 3.516661210779430746e+01 1.000000000000000000e+00 nan nan
4.930000000000000000e+02 3.592511280406605323e+01 3.516797574415808469e+01 nan nan nan
4.940000000000000000e+02 3.592511280406606033e+01 3.516933938052186903e+01 1.000000000000000000e+00 nan nan
4.950000000000000000e+02 3.592511280406606033e+01 3.517070301688565337e+01 1.000000000000000000e+00 nan nan
4.960000000000000000e+02 3.592511280406606033e+01 3.517206665324943060e+01 1.000000000000000000e+00 nan nan
4.970000000000000000e+02 3.592511280406605323e+01 3.517343028961320783e+01 1.000000000000000000e+00 nan nan
4.980000000000000000e+02 3.592511280406606033e+01 3.517479392597698507e+01 1.000000000000000000e+00 nan nan
4.990000000000000000e+02 3.592511280406605323e+01 3.517615756234076230e+01 nan nan nan
5.000000000000000000e+02 3.592511280406605323e+01 3.517752119870454663e+01 nan nan nan
5.010000000000000000e+02 3.592511280406606033e+01 3.517888483506833808e+01 nan 1.000000000000000000e+00 nan
5.020000000000000000e+02 3.592511280406606033e+01 3.518024847143211531e+01 nan 1.000000000000000000e+00 nan
5.030000000000000000e+02 3.592511280406605323e+01 3.518161210779589254e+01 nan 1.000000000000000000e+00 nan
5.040000000000000000e+02 3.592511280406606033e+01 3.518297574415967688e+01 nan 1.000000000000000000e+00 nan
5.050000000000000000e+02 3.592511280406606033e+01 3.518433938052346122e+01 nan 1.000000000000000000e+00 nan
5.060000000000000000e+02 3.592511280406606033e+01 3.518570301688723845e+01 nan 1.000000000000000000e+00 nan
5.070000000000000000e+02 3.592511280406606033e+01 3.518706665325101568e+01 nan 1.000000000000000000e+00 nan
5.080000000000000000e+02 3.592511280406605323e+01 3.518843028961479291e+01 nan 1.000000000000000000e+00 nan
5.090000000000000000e+02 3.592511280406606033e+01 3.518979392597858435e+01 nan 1.000000000000000000e+00 nan
5.100000000000000000e+02 3.592511280406605323e+01 3.519115756234236159e+01 nan nan nan
5.110000000000000000e+02 3.592511280406606033e+01 3.519252119870613882e+01 nan nan nan
5.120000000000000000e+02 3.592647644042968835e+01 3.515024847142894515e+01 nan nan nan
5.130000000000000000e+02 3.592647644042968125e+01 3.515161210779270817e+01 nan nan nan
5.140000000000000000e+02 3.592647644042968125e+01 3.515297574415649251e+01 nan nan nan
5.150000000000000000e+02 3.592647644042968125e+01 3.515433938052028395e+01 nan nan nan
5.160000000000000000e+02 3.592647644042968125e+01 3.515570301688406119e+01 nan nan nan
5.170000000000000000e+02 3.592647644042968835e+01 3.515706665324783842e+01 nan nan nan
5.180000000000000000e+02 3.592647644042968835e+01 3.515843028961162275e+01 nan nan nan
5.190000000000000000e+02 3.592647644042968835e+01 3.515979392597539288e+01 nan nan nan
5.200000000000000000e+02 3.592647644042968835e+01 3.516115756233918432e+01 nan nan nan
5.210000000000000000e+02 3.592647644042968835e+01 3.516252119870296866e+01 1.000000000000000000e+00 nan nan
5.220000000000000000e+02 3.592647644042968835e+01 3.516388483506673879e+01 1.000000000000000000e+00 nan nan
5.230000000000000000e+02 3.592647644042968125e+01 3.516524847143052313e+01 nan nan nan
5.240000000000000000e+02 3.592647644042968835e+01 3.516661210779430746e+01 nan nan nan
5.250000000000000000e+02 3.592647644042968835e+01 3.516797574415808469e+01 1.000000000000000000e+00 nan nan
5.260000000000000000e+02 3.592647644042968835e+01 3.516933938052186903e+01 nan nan nan
5.270000000000000000e+02 3.592647644042968835e+01 3.517070301688565337e+01 nan nan nan
5.280000000000000000e+02 3.592647644042968835e+01 3.517206665324943060e+01 nan nan nan
5.290000000000000000e+02 3.592647644042968835e+01 3.517343028961320783e+01 1.000000000000000000e+00 nan nan
5.300000000000000000e+02 3.592647644042968835e+01 3.517479392597698507e+01 1.000000000000000000e+00 nan nan
5.310000000000000000e+02 3.592647644042968125e+01 3.517615756234076230e+01 nan nan nan
5.320000000000000000e+02 3.592647644042968835e+01 3.517752119870454663e+01 nan nan nan
5.330000000000000000e+02 3.592647644042968835e+01 3.517888483506833808e+01 nan 1.000000000000000000e+00 nan
5.340000000000000000e+02 3.592647644042968835e+01 3.518024847143211531e+01 nan 1.000000000000000000e+00 nan
5.350000000000000000e+02 3.592647644042968125e+01 3.518161210779589254e+01 nan 1.000000000000000000e+00 nan
5.360000000000000000e+02 3.592647644042968835e+01 3.518297574415967688e+01 nan 1.000000000000000000e+00 nan
5.370000000000000000e+02 3.592647644042968835e+01 3.518433938052346122e+01 nan 1.000000000000000000e+00 nan
5.380000000000000000e+02 3.592647644042968125e+01 3.518570301688723845e+01 nan 1.000000000000000000e+00 nan
5.390000000000000000e+02 3.592647644042968125e+01 3.518706665325101568e+01 nan 1.000000000000000000e+00 nan
5.400000000000000000e+02 3.592647644042968125e+01 3.518843028961479291e+01 nan 1.000000000000000000e+00 nan
5.410000000000000000e+02 3.592647644042968835e+01 3.518979392597858435e+01 nan 1.000000000000000000e+00 nan
5.420000000000000000e+02 3.592647644042968125e+01 3.519115756234236159e+01 nan 1.000000000000000000e+00 nan
5.430000000000000000e+02 3.592647644042968835e+01 3.519252119870613882e+01 nan 1.000000000000000000e+00 nan
5.440000000000000000e+02 3.592784007679333058e+01 3.515024847142893094e+01 nan nan nan
5.450000000000000000e+02 3.592784007679333769e+01 3.515161210779270817e+01 nan nan nan
5.460000000000000000e+02 3.592784007679332348e+01 3.515297574415649962e+01 nan nan nan
5.470000000000000000e+02 3.592784007679333058e+01 3.515433938052028395e+01 nan nan nan
5.480000000000000000e+02 3.592784007679333058e+01 3.515570301688406119e+01 nan nan nan
5.490000000000000000e+02 3.592784007679332348e+01 3.515706665324783842e+01 nan nan nan
5.500000000000000000e+02 3.592784007679333058e+01 3.515843028961160854e+01 nan nan nan
5.510000000000000000e+02 3.592784007679333058e+01 3.515979392597539288e+01 nan nan nan
5.520000000000000000e+02 3.592784007679333058e+01 3.516115756233918432e+01 nan nan nan
5.530000000000000000e+02 3.592784007679333058e+01 3.516252119870296866e+01 1.000000000000000000e+00 nan nan
5.540000000000000000e+02 3.592784007679333058e+01 3.516388483506673879e+01 nan nan nan
5.550000000000000000e+02 3.592784007679332348e+01 3.516524847143052313e+01 nan nan nan
5.560000000000000000e+02 3.592784007679332348e+01 3.516661210779430746e+01 nan nan nan
5.570000000000000000e+02 3.592784007679332348e+01 3.516797574415808469e+01 nan nan nan
5.580000000000000000e+02 3.592784007679332348e+01 3.516933938052187614e+01 nan nan nan
5.590000000000000000e+02 3.592784007679332348e+01 3.517070301688563916e+01 1.000000000000000000e+00 nan nan
5.600000000000000000e+02 3.592784007679332348e+01 3.517206665324943060e+01 nan nan nan
5.610000000000000000e+02 3.592784007679333058e+01 3.517343028961320783e+01 nan nan nan
5.620000000000000000e+02 3.592784007679333058e+01 3.517479392597698507e+01 nan nan nan
5.630000000000000000e+02 3.592784007679332348e+01 3.517615756234076230e+01 nan nan nan
5.640000000000000000e+02 3.592784007679332348e+01 3.517752119870454663e+01 nan nan nan
5.650000000000000000e+02 3.592784007679333058e+01 3.517888483506833097e+01 nan 1.000000000000000000e+00 nan
5.660000000000000000e+02 3.592784007679333058e+01 3.518024847143211531e+01 nan 1.000000000000000000e+00 nan
5.670000000000000000e+02 3.592784007679332348e+01 3.518161210779589254e+01 nan 1.000000000000000000e+00 nan
5.680000000000000000e+02 3.592784007679332348e+01 3.518297574415966977e+01 nan 1.000000000000000000e+00 nan
5.690000000000000000e+02 3.592784007679333058e+01 3.518433938052346122e+01 nan 1.000000000000000000e+00 nan
5.700000000000000000e+02 3.592784007679332348e+01 3.518570301688723845e+01 nan 1.000000000000000000e+00 nan
5.710000000000000000e+02 3.592784007679332348e+01 3.518706665325101568e+01 nan 1.000000000000000000e+00 nan
5.720000000000000000e+02 3.592784007679333058e+01 3.518843028961479291e+01 nan 1.000000000000000000e+00 nan
5.730000000000000000e+02 3.592784007679332348e+01 3.518979392597858435e+01 nan 1.000000000000000000e+00 nan
5.740000000000000000e+02 3.592784007679332348e+01 3.519115756234236159e+01 nan 1.000000000000000000e+00 nan
5.750000000000000000e+02 3.592784007679333058e+01 3.519252119870613882e+01 nan 1.000000000000000000e+00 nan
5.760000000000000000e+02 3.592920371315695860e+01 3.515024847142893805e+01 nan nan nan
5.770000000000000000e+02 3.592920371315695860e+01 3.515161210779270817e+01 nan nan nan
5.780000000000000000e+02 3.592920371315695860e+01 3.515297574415649251e+01 nan nan nan
5.790000000000000000e+02 3.592920371315695860e+01 3.515433938052028395e+01 nan nan nan
5.800000000000000000e+02 3.592920371315695860e+01 3.515570301688406119e+01 nan nan nan
5.810000000000000000e+02 3.592920371315695860e+01 3.515706665324784552e+01 nan nan nan
5.820000000000000000e+02 3.592920371315695860e+01 3.515843028961160854e+01 nan nan nan
5.830000000000000000e+02 3.592920371315695860e+01 3.515979392597539288e+01 nan nan nan
5.840000000000000000e+02 3.592920371315695860e+01 3.516115756233918432e+01 nan nan nan
5.850000000000000000e+02 3.592920371315695860e+01 3.516252119870296866e+01 nan nan nan
5.860000000000000000e+02 3.592920371315695860e+01 3.516388483506673879e+01 1.000000000000000000e+00 nan nan
5.870000000000000000e+02 3.592920371315695860e+01 3.516524847143052313e+01 nan nan nan
5.880000000000000000e+02 3.592920371315695860e+01 3.516661210779430746e+01 1.000000000000000000e+00 nan nan
5.890000000000000000e+02 3.592920371315695860e+01 3.516797574415808469e+01 nan nan nan
5.900000000000000000e+02 3.592920371315695860e+01 3.516933938052187614e+01 nan nan nan
5.910000000000000000e+02 3.592920371315695860e+01 3.517070301688564626e+01 nan nan nan
5.920000000000000000e+02 3.592920371315695860e+01 3.517206665324943060e+01 nan nan nan
5.930000000000000000e+02 3.592920371315695860e+01 3.517343028961322204e+01 nan nan nan
5.940000000000000000e+02 3.592920371315695860e+01 3.517479392597698507e+01 1.000000000000000000e+00 nan nan
5.950000000000000000e+02 3.592920371315695860e+01 3.517615756234076230e+01 nan nan nan
5.960000000000000000e+02 3.592920371315695860e+01 3.517752119870454663e+01 nan nan nan
5.970000000000000000e+02 3.592920371315695860e+01 3.517888483506833808e+01 nan 1.000000000000000000e+00 nan
5.980000000000000000e+02 3.592920371315695860e+01 3.518024847143211531e+01 nan 1.000000000000000000e+00 nan
5.990000000000000000e+02 3.592920371315695860e+01 3.518161210779589254e+01 nan 1.000000000000000000e+00 nan
6.000000000000000000e+02 3.592920371315695860e+01 3.518297574415967688e+01 nan 1.000000000000000000e+00 nan
6.010000000000000000e+02 3.592920371315695860e+01 3.518433938052346122e+01 nan 1.000000000000000000e+00 nan
6.020000000000000000e+02 3.592920371315695860e+01 3.518570301688724555e+01 nan 1.000000000000000000e+00 nan
6.030000000000000000e+02 3.592920371315695860e+01 3.518706665325101568e+01 nan 1.000000000000000000e+00 nan
6.040000000000000000e+02 3.592920371315695860e+01 3.518843028961479291e+01 nan 1.000000000000000000e+00 nan
6.050000000000000000e+02 3.592920371315695860e+01 3.518979392597858435e+01 nan 1.000000000000000000e+00 nan
6.060000000000000000e+02 3.592920371315695860e+01 3.519115756234236159e+01 nan 1.000000000000000000e+00 nan
6.070000000000000000e+02 3.592920371315695860e+01 3.519252119870613882e+01 nan 1.000000000000000000e+00 nan
6.080000000000000000e+02 3.593056734952059372e+01 3.515024847142893094e+01 nan nan nan
6.090000000000000000e+02 3.593056734952059372e+01 3.515161210779270817e+01 nan nan nan
6.100000000000000000e+02 3.593056734952059372e+01 3.515297574415649962e+01 nan nan nan
6.110000000000000000e+02 3.593056734952059372e+01 3.515433938052028395e+01 nan nan nan
6.120000000000000000e+02 3.593056734952059372e+01 3.515570301688406119e+01 nan nan nan
6.130000000000000000e+02 3.593056734952058662e+01 3.515706665324783842e+01 nan nan nan
6.140000000000000000e+02 3.593056734952059372e+01 3.515843028961160854e+01 nan nan nan
6.150000000000000000e+02 3.593056734952059372e+01 3.515979392597539288e+01 nan nan nan
6.160000000000000000e+02 3.593056734952059372e+01 3.516115756233918432e+01 nan nan nan
6.170000000000000000e+02 3.593056734952059372e+01 3.516252119870296866e+01 nan nan nan
6.180000000000000000e+02 3.593056734952059372e+01 3.516388483506673879e+01 nan nan nan
6.190000000000000000e+02 3.593056734952059372e+01 3.516524847143052313e+01 nan nan nan
6.200000000000000000e+02 3.593056734952060083e+01 3.516661210779430746e+01 nan nan nan
6.210000000000000000e+02 3.593056734952060083e+01 3.516797574415808469e+01 nan nan nan
6.220000000000000000e+02 3.593056734952059372e+01 3.516933938052187614e+01 nan nan nan
6.230000000000000000e+02 3.593056734952059372e+01 3.517070301688563916e+01 nan nan nan
6.240000000000000000e+02 3.593056734952058662e+01 3.517206665324943060e+01 nan nan nan
6.250000000000000000e+02 3.593056734952059372e+01 3.517343028961320783e+01 nan nan nan
6.260000000000000000e+02 3.593056734952059372e+01 3.517479392597698507e+01 nan nan nan
6.270000000000000000e+02 3.593056734952059372e+01 3.517615756234076230e+01 nan nan nan
6.280000000000000000e+02 3.593056734952059372e+01 3.517752119870454663e+01 nan nan nan
6.290000000000000000e+02 3.593056734952059372e+01 3.517888483506833097e+01 nan nan nan
6.300000000000000000e+02 3.593056734952059372e+01 3.518024847143211531e+01 nan 1.000000000000000000e+00 nan
6.310000000000000000e+02 3.593056734952059372e+01 3.518161210779589254e+01 nan 1.000000000000000000e+00 nan
6.320000000000000000e+02 3.593056734952059372e+01 3.518297574415966977e+01 nan 1.000000000000000000e+00 nan
6.330000000000000000e+02 3.593056734952059372e+01 3.518433938052346122e+01 nan 1.000000000000000000e+00 nan
6.340000000000000000e+02 3.593056734952059372e+01 3.518570301688723845e+01 nan 1.000000000000000000e+00 nan
6.350000000000000000e+02 3.593056734952059372e+01 3.518706665325101568e+01 nan 1.000000000000000000e+00 nan
6.360000000000000000e+02 3.593056734952059372e+01 3.518843028961479291e+01 nan 1.000000000000000000e+00 nan
6.370000000000000000e+02 3.593056734952059372e+01 3.518979392597858435e+01 nan 1.000000000000000000e+00 nan
6.380000000000000000e+02 3.593056734952060083e+01 3.519115756234236159e+01 nan 1.000000000000000000e+00 nan
6.390000000000000000e+02 3.593056734952059372e+01 3.519252119870613882e+01 nan 1.000000000000000000e+00 nan
6.400000000000000000e+02 3.593193098588423595e+01 3.515024847142893094e+01 nan nan nan
6.410000000000000000e+02 3.593193098588422885e+01 3.515161210779270817e+01 nan nan nan
6.420000000000000000e+02 3.593193098588423595e+01 3.515297574415649251e+01 nan nan nan
6.430000000000000000e+02 3.593193098588423595e+01 3.515433938052028395e+01 nan nan nan
6.440000000000000000e+02 3.593193098588423595e+01 3.515570301688406119e+01 nan nan nan
6.450000000000000000e+02 3.593193098588423595e+01 3.515706665324784552e+01 nan nan nan
6.460000000000000000e+02 3.593193098588423595e+01 3.515843028961162275e+01 nan nan nan
6.470000000000000000e+02 3.593193098588423595e+01 3.515979392597539288e+01 nan nan nan
6.480000000000000000e+02 3.593193098588422885e+01 3.516115756233918432e+01 nan nan nan
6.490000000000000000e+02 3.593193098588422885e+01 3.516252119870296156e+01 nan nan nan
6.500000000000000000e+02 3.593193098588423595e+01 3.516388483506673879e+01 nan nan nan
6.510000000000000000e+02 3.593193098588423595e+01 3.516524847143052313e+01 nan nan nan
6.520000000000000000e+02 3.593193098588422885e+01 3.516661210779430746e+01 nan nan nan
6.530000000000000000e+02 3.593193098588422885e+01 3.516797574415808469e+01 nan nan nan
6.540000000000000000e+02 3.593193098588423595e+01 3.516933938052186903e+01 nan nan nan
6.550000000000000000e+02 3.593193098588422885e+01 3.517070301688564626e+01 nan nan nan
6.560000000000000000e+02 3.593193098588423595e+01 3.517206665324943060e+01 nan nan nan
6.570000000000000000e+02 3.593193098588423595e+01 3.517343028961320783e+01 nan nan nan
6.580000000000000000e+02 3.593193098588423595e+01 3.517479392597698507e+01 nan nan nan
6.590000000000000000e+02 3.593193098588423595e+01 3.517615756234076230e+01 nan nan nan
6.600000000000000000e+02 3.593193098588422885e+01 3.517752119870455374e+01 nan nan nan
6.610000000000000000e+02 3.593193098588422885e+01 3.517888483506833808e+01 nan nan nan
6.620000000000000000e+02 3.593193098588423595e+01 3.518024847143211531e+01 nan 1.000000000000000000e+00 nan
6.630000000000000000e+02 3.593193098588424306e+01 3.518161210779589254e+01 nan 1.000000000000000000e+00 nan
6.640000000000000000e+02 3.593193098588423595e+01 3.518297574415966977e+01 nan 1.000000000000000000e+00 nan
6.650000000000000000e+02 3.593193098588423595e+01 3.518433938052346122e+01 nan 1.000000000000000000e+00 nan
6.660000000000000000e+02 3.593193098588423595e+01 3.518570301688724555e+01 nan 1.000000000000000000e+00 nan
6.670000000000000000e+02 3.593193098588423595e+01 3.518706665325101568e+01 nan 1.000000000000000000e+00 nan
6.680000000000000000e+02 3.593193098588423595e+01 3.518843028961479291e+01 nan 1.000000000000000000e+00 nan
6.690000000000000000e+02 3.593193098588423595e+01 3.518979392597857725e+01 nan 1.000000000000000000e+00 nan
6.700000000000000000e+02 3.593193098588422174e+01 3.519115756234236159e+01 nan 1.000000000000000000e+00 nan
6.710000000000000000e+02 3.593193098588423595e+01 3.519252119870613882e+01 nan 1.000000000000000000e+00 nan
6.720000000000000000e+02 3.593329462224787108e+01 3.515024847142893094e+01 nan nan nan
6.730000000000000000e+02 3.593329462224787818e+01 3.515161210779270817e+01 nan nan nan
6.740000000000000000e+02 3.593329462224787818e+01 3.515297574415649962e+01 nan nan nan
6.750000000000000000e+02 3.593329462224787108e+01 3.515433938052028395e+01 nan nan nan
6.760000000000000000e+02 3.593329462224787818e+01 3.515570301688406119e+01 nan nan nan
6.770000000000000000e+02 3.593329462224786397e+01 3.515706665324783842e+01 nan nan nan
6.780000000000000000e+02 3.593329462224787818e+01 3.515843028961160854e+01 nan nan nan
6.790000000000000000e+02 3.593329462224787108e+01 3.515979392597539288e+01 nan nan nan
6.800000000000000000e+02 3.593329462224787108e+01 3.516115756233918432e+01 nan nan nan
6.810000000000000000e+02 3.593329462224787108e+01 3.516252119870296866e+01 nan nan nan
6.820000000000000000e+02 3.593329462224787818e+01 3.516388483506673879e+01 nan nan nan
6.830000000000000000e+02 3.593329462224786397e+01 3.516524847143052313e+01 nan nan nan
6.840000000000000000e+02 3.593329462224787818e+01 3.516661210779430746e+01 nan nan nan
6.850000000000000000e+02 3.593329462224787108e+01 3.516797574415808469e+01 nan nan nan
6.860000000000000000e+02 3.593329462224787108e+01 3.516933938052187614e+01 nan nan nan
6.870000000000000000e+02 3.593329462224787818e+01 3.517070301688563916e+01 nan nan nan
6.880000000000000000e+02 3.593329462224786397e+01 3.517206665324943060e+01 nan nan nan
6.890000000000000000e+02 3.593329462224787818e+01 3.517343028961320783e+01 nan nan nan
6.900000000000000000e+02 3.593329462224787108e+01 3.517479392597698507e+01 nan nan nan
6.910000000000000000e+02 3.593329462224787108e+01 3.517615756234076230e+01 nan nan nan
6.920000000000000000e+02 3.593329462224787818e+01 3.517752119870454663e+01 nan nan nan
6.930000000000000000e+02 3.593329462224787818e+01 3.517888483506833097e+01 1.000000000000000000e+00 nan nan
6.940000000000000000e+02 3.593329462224787818e+01 3.518024847143211531e+01 nan nan nan
6.950000000000000000e+02 3.593329462224787108e+01 3.518161210779589254e+01 nan nan nan
6.960000000000000000e+02 3.593329462224787108e+01 3.518297574415966977e+01 nan 1.000000000000000000e+00 nan
6.970000000000000000e+02 3.593329462224787108e+01 3.518433938052346122e+01 nan 1.000000000000000000e+00 nan
6.980000000000000000e+02 3.593329462224787818e+01 3.518570301688723845e+01 nan 1.000000000000000000e+00 nan
6.990000000000000000e+02 3.593329462224787818e+01 3.518706665325101568e+01 nan 1.000000000000000000e+00 nan
7.000000000000000000e+02 3.593329462224787818e+01 3.518843028961479291e+01 nan 1.000000000000000000e+00 nan
7.010000000000000000e+02 3.593329462224787108e+01 3.518979392597858435e+01 nan 1.000000000000000000e+00 nan
7.020000000000000000e+02 3.593329462224787818e+01 3.519115756234236159e+01 nan 1.000000000000000000e+00 nan
7.030000000000000000e+02 3.593329462224787108e+01 3.519252119870613882e+01 nan 1.000000000000000000e+00 nan
7.040000000000000000e+02 3.593465825861151330e+01 3.515024847142893094e+01 nan nan nan
7.050000000000000000e+02 3.593465825861150620e+01 3.515161210779270817e+01 nan nan nan
7.060000000000000000e+02 3.593465825861150620e+01 3.515297574415649962e+01 nan nan nan
7.070000000000000000e+02 3.593465825861150620e+01 3.515433938052028395e+01 nan nan nan
7.080000000000000000e+02 3.593465825861151330e+01 3.515570301688406119e+01 nan nan nan
7.090000000000000000e+02 3.593465825861151330e+01 3.515706665324783842e+01 nan nan nan
7.100000000000000000e+02 3.593465825861150620e+01 3.515843028961160854e+01 nan nan nan
7.110000000000000000e+02 3.593465825861150620e+01 3.515979392597539288e+01 nan nan nan
7.120000000000000000e+02 3.593465825861151330e+01 3.516115756233918432e+01 nan nan nan
7.130000000000000000e+02 3.593465825861151330e+01 3.516252119870296866e+01 nan nan nan
7.140000000000000000e+02 3.593465825861151330e+01 3.516388483506673879e+01 nan nan nan
7.150000000000000000e+02 3.593465825861150620e+01 3.516524847143052313e+01 nan nan nan
7.160000000000000000e+02 3.593465825861151330e+01 3.516661210779430746e+01 nan nan nan
7.170000000000000000e+02 3.593465825861151330e+01 3.516797574415808469e+01 nan nan nan
7.180000000000000000e+02 3.593465825861151330e+01 3.516933938052187614e+01 1.000000000000000000e+00 nan nan
7.190000000000000000e+02 3.593465825861150620e+01 3.517070301688563916e+01 nan nan nan
7.200000000000000000e+02 3.593465825861150620e+01 3.517206665324943060e+01 nan nan nan
7.210000000000000000e+02 3.593465825861151330e+01 3.517343028961320783e+01 nan nan nan
7.220000000000000000e+02 3.593465825861150620e+01 3.517479392597698507e+01 nan nan nan
7.230000000000000000e+02 3.593465825861151330e+01 3.517615756234076230e+01 nan nan nan
7.240000000000000000e+02 3.593465825861151330e+01 3.517752119870454663e+01 nan nan nan
7.250000000000000000e+02 3.593465825861151330e+01 3.517888483506833097e+01 nan nan nan
7.260000000000000000e+02 3.593465825861150620e+01 3.518024847143211531e+01 nan nan nan
7.270000000000000000e+02 3.593465825861151330e+01 3.518161210779589254e+01 nan nan nan
7.280000000000000000e+02 3.593465825861150620e+01 3.518297574415966977e+01 nan 1.000000000000000000e+00 nan
7.290000000000000000e+02 3.593465825861151330e+01 3.518433938052346122e+01 nan 1.000000000000000000e+00 nan
7.300000000000000000e+02 3.593465825861150620e+01 3.518570301688723845e+01 nan 1.000000000000000000e+00 nan
7.310000000000000000e+02 3.593465825861151330e+01 3.518706665325101568e+01 nan 1.000000000000000000e+00 nan
7.320000000000000000e+02 3.593465825861151330e+01 3.518843028961479291e+01 nan 1.000000000000000000e+00 nan
7.330000000000000000e+02 3.593465825861151330e+01 3.518979392597858435e+01 nan 1.000000000000000000e+00 nan
7.340000000000000000e+02 3.593465825861150620e+01 3.519115756234236159e+01 nan 1.000000000000000000e+00 nan
7.350000000000000000e+02 3.593465825861151330e+01 3.519252119870613882e+01 nan 1.000000000000000000e+00 nan
