1.000000000000000000e+00 1.838926174496644528e-01
3.000000000000000000e+00 2.171780494899544500e-01
5.000000000000000000e+00 2.361802008738194125e-01
7.000000000000000000e+00 2.553617085157769973e-01
9.000000000000000000e+00 2.764436743976316224e-01
1.100000000000000000e+01 3.009631935816483583e-01
1.300000000000000000e+01 3.288180418990648279e-01
1.500000000000000000e+01 3.597199512776984021e-01
1.700000000000000000e+01 3.933597050919461768e-01
1.900000000000000000e+01 4.291407663280195628e-01
2.100000000000000000e+01 4.657811203368964481e-01
2.300000000000000000e+01 5.023749265409710452e-01
2.500000000000000000e+01 5.383155684962771526e-01
2.700000000000000000e+01 5.728990775470579333e-01
2.900000000000000000e+01 6.050202472014856170e-01
3.100000000000000000e+01 6.346245520871403034e-01
3.300000000000000000e+01 6.615571299553386631e-01
3.500000000000000000e+01 6.860296501461322638e-01
3.700000000000000000e+01 7.080680573749966733e-01
3.900000000000000000e+01 7.278333499256037786e-01
4.100000000000000000e+01 7.456823619330705810e-01
4.300000000000000000e+01 7.619337904514690285e-01
4.500000000000000000e+01 7.768920913047859811e-01
4.700000000000000000e+01 7.906851488674188078e-01
4.900000000000000000e+01 8.035892662983157297e-01
5.100000000000000000e+01 8.157441230692970002e-01
5.300000000000000000e+01 8.274118749352324942e-01
5.500000000000000000e+01 8.387856200535029894e-01
5.700000000000000000e+01 8.501363380798230285e-01
5.900000000000000000e+01 8.616215687771143772e-01
6.100000000000000000e+01 8.732430292723709631e-01
6.300000000000000000e+01 8.847975666816014773e-01
6.500000000000000000e+01 8.963507313840252122e-01
6.700000000000000000e+01 9.074197210534233893e-01
6.900000000000000000e+01 9.181178800588178923e-01
7.100000000000000000e+01 9.278499124076828863e-01
7.300000000000000000e+01 9.366714683330196189e-01
7.500000000000000000e+01 9.445784268909148684e-01
7.700000000000000000e+01 9.516780546842968924e-01
7.900000000000000000e+01 9.578277735914701996e-01
8.100000000000000000e+01 9.631299491896028186e-01
8.300000000000000000e+01 9.676125491177465232e-01
8.500000000000000000e+01 9.713270790759803708e-01
8.700000000000000000e+01 9.742503613676819496e-01
8.900000000000000000e+01 9.765018110752599068e-01
9.100000000000000000e+01 9.781487490921454420e-01
9.300000000000000000e+01 9.793272705496147701e-01
9.500000000000000000e+01 9.801645203843852849e-01
9.700000000000000000e+01 9.808768160701942795e-01
9.900000000000000000e+01 9.814671746741143732e-01
1.010000000000000000e+02 9.819444998832118632e-01
1.030000000000000000e+02 9.823362517772641356e-01
1.050000000000000000e+02 9.826540561311079003e-01
1.070000000000000000e+02 9.829091516061551070e-01
1.090000000000000000e+02 9.830996524282979987e-01
1.110000000000000000e+02 9.832331320236671335e-01
1.130000000000000000e+02 9.833370854822113261e-01
1.150000000000000000e+02 9.834097152680433274e-01
1.170000000000000000e+02 9.834546298198484360e-01
1.190000000000000000e+02 9.834753568754697195e-01
1.210000000000000000e+02 9.834753568754700526e-01
1.230000000000000000e+02 9.834753568754700526e-01
1.250000000000000000e+02 9.834753568754701636e-01
1.270000000000000000e+02 9.834753568754702746e-01
1.290000000000000000e+02 9.834753568754702746e-01
1.310000000000000000e+02 9.834753568754702746e-01
1.330000000000000000e+02 9.834753568754699415e-01
1.350000000000000000e+02 9.834753568754702746e-01
1.370000000000000000e+02 9.834753568754700526e-01
1.390000000000000000e+02 9.834753568754702746e-01
1.410000000000000000e+02 9.834753568754698305e-01
1.430000000000000000e+02 9.834753568754701636e-01
1.450000000000000000e+02 9.834753568754699415e-01
1.470000000000000000e+02 9.834753568754702746e-01
1.490000000000000000e+02 9.834753568754703856e-01
