1.000000000000000000e+00 1.318463444857498335e-02
3.000000000000000000e+00 1.706910127867622418e-02
5.000000000000000000e+00 1.924250812288452739e-02
7.000000000000000000e+00 2.073893523879322132e-02
9.000000000000000000e+00 2.192671330304230004e-02
1.100000000000000000e+01 2.297742023433191338e-02
1.300000000000000000e+01 2.393850778023520753e-02
1.500000000000000000e+01 2.482446202866361862e-02
1.700000000000000000e+01 2.564863902348257785e-02
1.900000000000000000e+01 2.647204731911934061e-02
2.100000000000000000e+01 2.733800720888790448e-02
2.300000000000000000e+01 2.825757072447465656e-02
2.500000000000000000e+01 2.921776850954782567e-02
2.700000000000000000e+01 3.016216452514575153e-02
2.900000000000000000e+01 3.107015746004160306e-02
3.100000000000000000e+01 3.196850852804911103e-02
3.300000000000000000e+01 3.286982653196790505e-02
3.500000000000000000e+01 3.378151231977355451e-02
3.700000000000000000e+01 3.470162065469273305e-02
3.900000000000000000e+01 3.561253207507508733e-02
4.100000000000000000e+01 3.650390361018529539e-02
4.300000000000000000e+01 3.736438455131230185e-02
4.500000000000000000e+01 3.820162572884666652e-02
4.700000000000000000e+01 3.901558477867961283e-02
4.900000000000000000e+01 3.980498297834822452e-02
5.100000000000000000e+01 4.055775634435521138e-02
5.300000000000000000e+01 4.127246316780663893e-02
5.500000000000000000e+01 4.194901314914689650e-02
5.700000000000000000e+01 4.261123293405000290e-02
5.900000000000000000e+01 4.326206842933177921e-02
6.100000000000000000e+01 4.389669610011637246e-02
6.300000000000000000e+01 4.451071493316849370e-02
6.500000000000000000e+01 4.509716253569295841e-02
6.700000000000000000e+01 4.565437429818341997e-02
6.900000000000000000e+01 4.618579379641674088e-02
7.100000000000000000e+01 4.669430555790998749e-02
7.300000000000000000e+01 4.717314782328074774e-02
7.500000000000000000e+01 4.763782459071563835e-02
7.700000000000000000e+01 4.809686922878231297e-02
7.900000000000000000e+01 4.856201665377890553e-02
8.100000000000000000e+01 4.903860190877040726e-02
8.300000000000000000e+01 4.952926357639930721e-02
8.500000000000000000e+01 5.003210676417335634e-02
8.700000000000000000e+01 5.054327403921554662e-02
8.900000000000000000e+01 5.105990246013980549e-02
9.100000000000000000e+01 5.156961286282502055e-02
9.300000000000000000e+01 5.204844695613275452e-02
9.500000000000000000e+01 5.249888133986801986e-02
9.700000000000000000e+01 5.293092521661590943e-02
9.900000000000000000e+01 5.334299301776246338e-02
1.010000000000000000e+02 5.374509845465347269e-02
1.030000000000000000e+02 5.413800352376751945e-02
1.050000000000000000e+02 5.452675941967632944e-02
1.070000000000000000e+02 5.491147767177206873e-02
1.090000000000000000e+02 5.529295456705352052e-02
1.110000000000000000e+02 5.565908512841133415e-02
1.130000000000000000e+02 5.601014946574611741e-02
1.150000000000000000e+02 5.633976446123289961e-02
1.170000000000000000e+02 5.664917986023987329e-02
1.190000000000000000e+02 5.693455453463458493e-02
1.210000000000000000e+02 5.719830909697987131e-02
1.230000000000000000e+02 5.744889997536806181e-02
1.250000000000000000e+02 5.770699292741598985e-02
1.270000000000000000e+02 5.797197481469795743e-02
1.290000000000000000e+02 5.824383435269042675e-02
1.310000000000000000e+02 5.852262919345241343e-02
1.330000000000000000e+02 5.880187302776351821e-02
1.350000000000000000e+02 5.908156187432578310e-02
1.370000000000000000e+02 5.935270390069047330e-02
1.390000000000000000e+02 5.961614587092678441e-02
1.410000000000000000e+02 5.986892594166581816e-02
1.430000000000000000e+02 6.011255553309025057e-02
1.450000000000000000e+02 6.035297597017041937e-02
1.470000000000000000e+02 6.059900366776949099e-02
1.490000000000000000e+02 6.084971873739986048e-02
