1.000000000000000000e+00 3.155288771322956043e-01
3.000000000000000000e+00 3.828948868494554958e-01
5.000000000000000000e+00 4.135009088320461546e-01
7.000000000000000000e+00 4.292567249037099186e-01
9.000000000000000000e+00 4.394050971033395259e-01
1.100000000000000000e+01 4.469990066376778870e-01
1.300000000000000000e+01 4.533717903751941503e-01
1.500000000000000000e+01 4.591421526216871163e-01
1.700000000000000000e+01 4.646357006900567743e-01
1.900000000000000000e+01 4.699934056927884685e-01
2.100000000000000000e+01 4.752635745623908781e-01
2.300000000000000000e+01 4.804415465995692802e-01
2.500000000000000000e+01 4.855517255167430823e-01
2.700000000000000000e+01 4.906020267012021208e-01
2.900000000000000000e+01 4.955925565609724526e-01
3.100000000000000000e+01 5.004947961795709332e-01
3.300000000000000000e+01 5.052886365331890062e-01
3.500000000000000000e+01 5.099660399345126160e-01
3.700000000000000000e+01 5.145131901522614903e-01
3.900000000000000000e+01 5.189238122303035938e-01
4.100000000000000000e+01 5.231904434175984608e-01
4.300000000000000000e+01 5.273089695921933107e-01
4.500000000000000000e+01 5.312799759485220541e-01
4.700000000000000000e+01 5.351055798051100876e-01
4.900000000000000000e+01 5.387889390634208464e-01
5.100000000000000000e+01 5.423322963859370516e-01
5.300000000000000000e+01 5.457349811791771810e-01
5.500000000000000000e+01 5.489993774377448510e-01
5.700000000000000000e+01 5.521251957016205525e-01
5.900000000000000000e+01 5.551183943299187185e-01
6.100000000000000000e+01 5.579835184168507878e-01
6.300000000000000000e+01 5.607231969737243027e-01
6.500000000000000000e+01 5.633440117203798447e-01
6.700000000000000000e+01 5.658525022662054260e-01
6.900000000000000000e+01 5.682551309480257107e-01
7.100000000000000000e+01 5.705581656038244409e-01
7.300000000000000000e+01 5.727671340958675472e-01
7.500000000000000000e+01 5.748844291446245647e-01
7.700000000000000000e+01 5.769134754349486416e-01
7.900000000000000000e+01 5.788581567805407557e-01
8.100000000000000000e+01 5.807225495488222977e-01
8.300000000000000000e+01 5.825095873011620906e-01
8.500000000000000000e+01 5.842229817924843305e-01
8.700000000000000000e+01 5.858665070507100836e-01
8.900000000000000000e+01 5.874438844798967052e-01
9.100000000000000000e+01 5.889588328393726702e-01
9.300000000000000000e+01 5.904154449728153953e-01
9.500000000000000000e+01 5.918185906998827406e-01
9.700000000000000000e+01 5.931729691347187305e-01
9.900000000000000000e+01 5.944819477382765616e-01
1.010000000000000000e+02 5.957478661653334839e-01
1.030000000000000000e+02 5.969751027921549325e-01
1.050000000000000000e+02 5.981676511977909172e-01
1.070000000000000000e+02 5.993317209993090922e-01
1.090000000000000000e+02 6.004720508280327884e-01
1.110000000000000000e+02 6.015899555245987074e-01
1.130000000000000000e+02 6.026902726859393322e-01
1.150000000000000000e+02 6.037764653425777839e-01
1.170000000000000000e+02 6.048508022972260978e-01
1.190000000000000000e+02 6.059166554192754184e-01
1.210000000000000000e+02 6.069774990386267444e-01
1.230000000000000000e+02 6.080318688587432741e-01
1.250000000000000000e+02 6.090822188267250858e-01
1.270000000000000000e+02 6.101277619634577487e-01
1.290000000000000000e+02 6.111706942558465805e-01
1.310000000000000000e+02 6.122126807913526036e-01
1.330000000000000000e+02 6.132545691855560976e-01
1.350000000000000000e+02 6.142944570536026383e-01
1.370000000000000000e+02 6.153322651569907986e-01
1.390000000000000000e+02 6.163727532609490911e-01
1.410000000000000000e+02 6.174160010320687286e-01
1.430000000000000000e+02 6.184600384012739482e-01
1.450000000000000000e+02 6.195081594211606646e-01
1.470000000000000000e+02 6.205589946569177728e-01
1.490000000000000000e+02 6.216111369077425008e-01
