1.000000000000000000e+00 1.559751767165562519e-02
3.000000000000000000e+00 1.610844656506582595e-02
5.000000000000000000e+00 1.641129220844061987e-02
7.000000000000000000e+00 1.664770602508569564e-02
9.000000000000000000e+00 1.682759154534752000e-02
1.100000000000000000e+01 1.695984059361155261e-02
1.300000000000000000e+01 1.705099485557570738e-02
1.500000000000000000e+01 1.711677767892494373e-02
1.700000000000000000e+01 1.716770507885245767e-02
1.900000000000000000e+01 1.721093833767828318e-02
2.100000000000000000e+01 1.724929629586668955e-02
2.300000000000000000e+01 1.728195489382566841e-02
2.500000000000000000e+01 1.730905482868116962e-02
2.700000000000000000e+01 1.733042579976262765e-02
2.900000000000000000e+01 1.734716656828383385e-02
3.100000000000000000e+01 1.735820445339353313e-02
3.300000000000000000e+01 1.736339328709946006e-02
3.500000000000000000e+01 1.736315738529825570e-02
3.700000000000000000e+01 1.735860852370718632e-02
3.900000000000000000e+01 1.734994097189757056e-02
4.100000000000000000e+01 1.733731129638138579e-02
4.300000000000000000e+01 1.732103913139348972e-02
4.500000000000000000e+01 1.730114109106317688e-02
4.700000000000000000e+01 1.727768276229135758e-02
4.900000000000000000e+01 1.725039243399462130e-02
5.100000000000000000e+01 1.721921446502050479e-02
5.300000000000000000e+01 1.718454639775135462e-02
5.500000000000000000e+01 1.714693801571409715e-02
5.700000000000000000e+01 1.710712633120303749e-02
5.900000000000000000e+01 1.706387744273685225e-02
6.100000000000000000e+01 1.701643665687402329e-02
6.300000000000000000e+01 1.696481622600531924e-02
6.500000000000000000e+01 1.690908039159222387e-02
6.700000000000000000e+01 1.684906226094251558e-02
6.900000000000000000e+01 1.678441019479037788e-02
7.100000000000000000e+01 1.671597140492198097e-02
7.300000000000000000e+01 1.664328299823425450e-02
7.500000000000000000e+01 1.656601149095993097e-02
7.700000000000000000e+01 1.648417433361371032e-02
7.900000000000000000e+01 1.639798553313120966e-02
8.100000000000000000e+01 1.630787493368224261e-02
8.300000000000000000e+01 1.621394203886306062e-02
8.500000000000000000e+01 1.611659819472932575e-02
8.700000000000000000e+01 1.601556068363796381e-02
8.900000000000000000e+01 1.591147771304524117e-02
9.100000000000000000e+01 1.580514607058791654e-02
9.300000000000000000e+01 1.569762783469852430e-02
9.500000000000000000e+01 1.558901089001363260e-02
9.700000000000000000e+01 1.547965416706276187e-02
9.900000000000000000e+01 1.536982174462564466e-02
1.010000000000000000e+02 1.526005914362882354e-02
1.030000000000000000e+02 1.515007723638661652e-02
1.050000000000000000e+02 1.504116601962846023e-02
1.070000000000000000e+02 1.493238754551373670e-02
1.090000000000000000e+02 1.482406088881493833e-02
1.110000000000000000e+02 1.471630809366708537e-02
1.130000000000000000e+02 1.460973430719125776e-02
1.150000000000000000e+02 1.450430050724704767e-02
1.170000000000000000e+02 1.440003793404609489e-02
1.190000000000000000e+02 1.429701312222597664e-02
1.210000000000000000e+02 1.419507547891485366e-02
1.230000000000000000e+02 1.409340502629086167e-02
1.250000000000000000e+02 1.399278683829530134e-02
1.270000000000000000e+02 1.389375036894324733e-02
1.290000000000000000e+02 1.379639656656095337e-02
1.310000000000000000e+02 1.370090782976762789e-02
1.330000000000000000e+02 1.360753264330027967e-02
1.350000000000000000e+02 1.351626503195957341e-02
1.370000000000000000e+02 1.342639980145432510e-02
1.390000000000000000e+02 1.333723797339303463e-02
1.410000000000000000e+02 1.324941557839953710e-02
1.430000000000000000e+02 1.316283613190105672e-02
1.450000000000000000e+02 1.307707772011956759e-02
1.470000000000000000e+02 1.299195528763419372e-02
1.490000000000000000e+02 1.290749661391998870e-02
