1.000000000000000000e+00 1.876998587045437539e-01
3.000000000000000000e+00 2.134991189505538456e-01
5.000000000000000000e+00 2.253645403846098461e-01
7.000000000000000000e+00 2.311501995838765033e-01
9.000000000000000000e+00 2.348045272234370318e-01
1.100000000000000000e+01 2.373617332835223914e-01
1.300000000000000000e+01 2.393338186923782418e-01
1.500000000000000000e+01 2.408852063167544744e-01
1.700000000000000000e+01 2.422473157068718574e-01
1.900000000000000000e+01 2.434903554304191919e-01
2.100000000000000000e+01 2.446527424070878975e-01
2.300000000000000000e+01 2.458261217202092341e-01
2.500000000000000000e+01 2.470901126544711168e-01
2.700000000000000000e+01 2.484805344505847113e-01
2.900000000000000000e+01 2.500292191049956481e-01
3.100000000000000000e+01 2.517610482104540859e-01
3.300000000000000000e+01 2.537103346965421391e-01
3.500000000000000000e+01 2.558756533731612048e-01
3.700000000000000000e+01 2.582566294160472120e-01
3.900000000000000000e+01 2.608352866966963113e-01
4.100000000000000000e+01 2.636248294388169322e-01
4.300000000000000000e+01 2.666277441489631750e-01
4.500000000000000000e+01 2.698431279123699733e-01
4.700000000000000000e+01 2.732596805028050246e-01
4.900000000000000000e+01 2.768734756388917528e-01
5.100000000000000000e+01 2.806599252226604779e-01
5.300000000000000000e+01 2.846279664171765811e-01
5.500000000000000000e+01 2.887723149702479120e-01
5.700000000000000000e+01 2.930787038858735372e-01
5.900000000000000000e+01 2.975411614014276118e-01
6.100000000000000000e+01 3.021648460976202877e-01
6.300000000000000000e+01 3.069288772067009230e-01
6.500000000000000000e+01 3.118271009693434070e-01
6.700000000000000000e+01 3.168485138084420338e-01
6.900000000000000000e+01 3.219855064871286476e-01
7.100000000000000000e+01 3.272532967605411569e-01
7.300000000000000000e+01 3.326318120409758050e-01
7.500000000000000000e+01 3.381127253208009442e-01
7.700000000000000000e+01 3.437179551050377757e-01
7.900000000000000000e+01 3.494350429298515026e-01
8.100000000000000000e+01 3.552591566921473598e-01
8.300000000000000000e+01 3.611785416071796595e-01
8.500000000000000000e+01 3.671895417211530344e-01
8.700000000000000000e+01 3.732998693017351988e-01
8.900000000000000000e+01 3.795035209206943927e-01
9.100000000000000000e+01 3.857907865604413011e-01
9.300000000000000000e+01 3.921528220271838228e-01
9.500000000000000000e+01 3.985722707543095655e-01
9.700000000000000000e+01 4.050478264600549938e-01
9.900000000000000000e+01 4.115727186789162051e-01
1.010000000000000000e+02 4.181524640090054090e-01
1.030000000000000000e+02 4.247857083245668575e-01
1.050000000000000000e+02 4.314747218518186767e-01
1.070000000000000000e+02 4.382162374319066300e-01
1.090000000000000000e+02 4.450099696431867313e-01
1.110000000000000000e+02 4.518458124442616963e-01
1.130000000000000000e+02 4.587115370413260562e-01
1.150000000000000000e+02 4.655983379479781137e-01
1.170000000000000000e+02 4.724987859728729811e-01
1.190000000000000000e+02 4.794092801483846866e-01
1.210000000000000000e+02 4.863184839233777312e-01
1.230000000000000000e+02 4.932214727398452903e-01
1.250000000000000000e+02 5.001109439964968040e-01
1.270000000000000000e+02 5.069857411455371832e-01
1.290000000000000000e+02 5.138423640843414741e-01
1.310000000000000000e+02 5.206805307392634585e-01
1.330000000000000000e+02 5.274943495731835297e-01
1.350000000000000000e+02 5.342777445301034600e-01
1.370000000000000000e+02 5.410301149666528753e-01
1.390000000000000000e+02 5.477531052096826780e-01
1.410000000000000000e+02 5.544343902117851997e-01
1.430000000000000000e+02 5.610730368084965169e-01
1.450000000000000000e+02 5.676683824047547011e-01
1.470000000000000000e+02 5.742140808036337862e-01
1.490000000000000000e+02 5.807079333834885837e-01
