1.000000000000000000e+00 1.721152603695563776e-02
3.000000000000000000e+00 1.847630784079701272e-02
5.000000000000000000e+00 1.918578187155062231e-02
7.000000000000000000e+00 1.971169351665480463e-02
9.000000000000000000e+00 2.013106677969456193e-02
1.100000000000000000e+01 2.045250647584639925e-02
1.300000000000000000e+01 2.069626660791357153e-02
1.500000000000000000e+01 2.087492412141900289e-02
1.700000000000000000e+01 2.100597061520392828e-02
1.900000000000000000e+01 2.110367561130732650e-02
2.100000000000000000e+01 2.117764795963694713e-02
2.300000000000000000e+01 2.123431948172971317e-02
2.500000000000000000e+01 2.127903577902878762e-02
2.700000000000000000e+01 2.131553522615847740e-02
2.900000000000000000e+01 2.134550922842737286e-02
3.100000000000000000e+01 2.136738713560104586e-02
3.300000000000000000e+01 2.137779182258525701e-02
3.500000000000000000e+01 2.137696928884447178e-02
3.700000000000000000e+01 2.136584242434413916e-02
3.900000000000000000e+01 2.134668896730274046e-02
4.100000000000000000e+01 2.132269050551793832e-02
4.300000000000000000e+01 2.129407360229462753e-02
4.500000000000000000e+01 2.126163964708238652e-02
4.700000000000000000e+01 2.122678031073665927e-02
4.900000000000000000e+01 2.119110076885855065e-02
5.100000000000000000e+01 2.115466095279672221e-02
5.300000000000000000e+01 2.111766820407900980e-02
5.500000000000000000e+01 2.107817499006603423e-02
5.700000000000000000e+01 2.103626553106729968e-02
5.900000000000000000e+01 2.099356649229122684e-02
6.100000000000000000e+01 2.094976225809541681e-02
6.300000000000000000e+01 2.090484185551433338e-02
6.500000000000000000e+01 2.085854634526729257e-02
6.700000000000000000e+01 2.081193228754019131e-02
6.900000000000000000e+01 2.076195452453699630e-02
7.100000000000000000e+01 2.070818969133603193e-02
7.300000000000000000e+01 2.065259719791712190e-02
7.500000000000000000e+01 2.059565793590256710e-02
7.700000000000000000e+01 2.053735805849354890e-02
7.900000000000000000e+01 2.047683733572192022e-02
8.100000000000000000e+01 2.041407419972895987e-02
8.300000000000000000e+01 2.034822168531347231e-02
8.500000000000000000e+01 2.028110910212854723e-02
8.700000000000000000e+01 2.021270605987846025e-02
8.900000000000000000e+01 2.014348432488044516e-02
9.100000000000000000e+01 2.007350878577796038e-02
9.300000000000000000e+01 2.000037035592705514e-02
9.500000000000000000e+01 1.992442369874991570e-02
9.700000000000000000e+01 1.984737435103667291e-02
9.900000000000000000e+01 1.976865521715109875e-02
1.010000000000000000e+02 1.968948034925677160e-02
1.030000000000000000e+02 1.961046523040099743e-02
1.050000000000000000e+02 1.953182943775089164e-02
1.070000000000000000e+02 1.945481474565313729e-02
1.090000000000000000e+02 1.937914209090563222e-02
1.110000000000000000e+02 1.930434673596792550e-02
1.130000000000000000e+02 1.923097562615849743e-02
1.150000000000000000e+02 1.915869937626935027e-02
1.170000000000000000e+02 1.908767580055270585e-02
1.190000000000000000e+02 1.901804851191557511e-02
1.210000000000000000e+02 1.894846944837846880e-02
1.230000000000000000e+02 1.887911802989494792e-02
1.250000000000000000e+02 1.881044728977943059e-02
1.270000000000000000e+02 1.874254769265981668e-02
1.290000000000000000e+02 1.867561639454395905e-02
1.310000000000000000e+02 1.861082800479296750e-02
1.330000000000000000e+02 1.854840121145895360e-02
1.350000000000000000e+02 1.848839452004691353e-02
1.370000000000000000e+02 1.842871707313797902e-02
1.390000000000000000e+02 1.836940765008443499e-02
1.410000000000000000e+02 1.831041601739624713e-02
1.430000000000000000e+02 1.825213443093620658e-02
1.450000000000000000e+02 1.819458071933843790e-02
1.470000000000000000e+02 1.813640270081695594e-02
1.490000000000000000e+02 1.807828802229827225e-02
