1.000000000000000000e+00 6.646516548284721049e-01
3.000000000000000000e+00 7.094333129244350111e-01
5.000000000000000000e+00 7.324107342880282756e-01
7.000000000000000000e+00 7.483322010555601977e-01
9.000000000000000000e+00 7.621735008139824963e-01
1.100000000000000000e+01 7.750804180698656065e-01
1.300000000000000000e+01 7.872114499158264778e-01
1.500000000000000000e+01 7.986591528552954289e-01
1.700000000000000000e+01 8.095030433238887824e-01
1.900000000000000000e+01 8.198264295113694144e-01
2.100000000000000000e+01 8.296327153355000927e-01
2.300000000000000000e+01 8.390167531550043467e-01
2.500000000000000000e+01 8.479380997420489230e-01
2.700000000000000000e+01 8.564233019284319681e-01
2.900000000000000000e+01 8.644452430054245795e-01
3.100000000000000000e+01 8.719773806834565377e-01
3.300000000000000000e+01 8.789955763256608323e-01
3.500000000000000000e+01 8.854905316665775405e-01
3.700000000000000000e+01 8.914543864421085040e-01
3.900000000000000000e+01 8.969121542079988574e-01
4.100000000000000000e+01 9.019307078204618078e-01
4.300000000000000000e+01 9.065274896175358199e-01
4.500000000000000000e+01 9.107622773329436816e-01
4.700000000000000000e+01 9.146597567484464619e-01
4.900000000000000000e+01 9.182796438965221686e-01
5.100000000000000000e+01 9.216505900089171366e-01
5.300000000000000000e+01 9.248214963415793965e-01
5.500000000000000000e+01 9.278246389928681559e-01
5.700000000000000000e+01 9.306963421515801471e-01
5.900000000000000000e+01 9.334497975000251024e-01
6.100000000000000000e+01 9.361038438688034091e-01
6.300000000000000000e+01 9.386533664854964654e-01
6.500000000000000000e+01 9.411122754685480318e-01
6.700000000000000000e+01 9.434954994010260609e-01
6.900000000000000000e+01 9.458196487841031841e-01
7.100000000000000000e+01 9.480846830502308586e-01
7.300000000000000000e+01 9.502850019634446754e-01
7.500000000000000000e+01 9.524111737051802473e-01
7.700000000000000000e+01 9.544394279723971142e-01
7.900000000000000000e+01 9.563673246670211237e-01
8.100000000000000000e+01 9.581805694682173913e-01
8.300000000000000000e+01 9.598746893408830472e-01
8.500000000000000000e+01 9.614474873607834482e-01
8.700000000000000000e+01 9.628944972090991428e-01
8.900000000000000000e+01 9.642291428073410664e-01
9.100000000000000000e+01 9.654673880506918771e-01
9.300000000000000000e+01 9.666190231968655455e-01
9.500000000000000000e+01 9.676928785890951401e-01
9.700000000000000000e+01 9.687033634435145979e-01
9.900000000000000000e+01 9.696522241554595967e-01
1.010000000000000000e+02 9.705520023966984766e-01
1.030000000000000000e+02 9.714068771077510878e-01
1.050000000000000000e+02 9.722185301094405929e-01
1.070000000000000000e+02 9.729912205134452208e-01
1.090000000000000000e+02 9.737357654985785427e-01
1.110000000000000000e+02 9.744546300634384650e-01
1.130000000000000000e+02 9.751263945101088515e-01
1.150000000000000000e+02 9.757511006708715628e-01
1.170000000000000000e+02 9.763284355242324297e-01
1.190000000000000000e+02 9.768360310444569317e-01
1.210000000000000000e+02 9.772807006429765631e-01
1.230000000000000000e+02 9.776635167050232722e-01
1.250000000000000000e+02 9.779928620631261893e-01
1.270000000000000000e+02 9.782709721984501616e-01
1.290000000000000000e+02 9.785055256733942164e-01
1.310000000000000000e+02 9.786979962273869571e-01
1.330000000000000000e+02 9.788541699824280240e-01
1.350000000000000000e+02 9.789737890572517420e-01
1.370000000000000000e+02 9.790547503372750704e-01
1.390000000000000000e+02 9.791030420786839272e-01
1.410000000000000000e+02 9.791131551398351007e-01
1.430000000000000000e+02 9.790885350293319078e-01
1.450000000000000000e+02 9.790292769560396957e-01
1.470000000000000000e+02 9.789498571935209004e-01
1.490000000000000000e+02 9.788550995753366735e-01
