0.000000000000000000e+00 3.590893071954900506e+01 3.516970342748567901e+01 nan nan nan
1.000000000000000000e+00 3.590893071954900506e+01 3.517106706384945625e+01 nan nan nan
2.000000000000000000e+00 3.590893071954900506e+01 3.517243070021324769e+01 nan nan nan
3.000000000000000000e+00 3.590893071954900506e+01 3.517379433657703203e+01 nan nan nan
4.000000000000000000e+00 3.590893071954900506e+01 3.517515797294080215e+01 1.000000000000000000e+00 nan nan
5.000000000000000000e+00 3.590893071954900506e+01 3.517652160930458649e+01 nan nan nan
6.000000000000000000e+00 3.590893071954900506e+01 3.517788524566837083e+01 nan nan nan
7.000000000000000000e+00 3.590893071954900506e+01 3.517924888203215517e+01 1.000000000000000000e+00 nan nan
8.000000000000000000e+00 3.590893071954900506e+01 3.518061251839592529e+01 1.000000000000000000e+00 nan nan
9.000000000000000000e+00 3.590893071954900506e+01 3.518197615475971674e+01 nan nan nan
1.000000000000000000e+01 3.590893071954900506e+01 3.518333979112349397e+01 1.000000000000000000e+00 1.000000000000000000e+00 1.000000000000000000e+00
1.100000000000000000e+01 3.590893071954900506e+01 3.518470342748727830e+01 nan 1.000000000000000000e+00 nan
1.200000000000000000e+01 3.590893071954899796e+01 3.518606706385105554e+01 nan 1.000000000000000000e+00 nan
1.300000000000000000e+01 3.590893071954900506e+01 3.518743070021483277e+01 nan 1.000000000000000000e+00 nan
1.400000000000000000e+01 3.590893071954900506e+01 3.518879433657861711e+01 1.000000000000000000e+00 nan nan
1.500000000000000000e+01 3.590893071954900506e+01 3.519015797294240144e+01 nan nan nan
1.600000000000000000e+01 3.590893071954900506e+01 3.519152160930618578e+01 nan nan nan
1.700000000000000000e+01 3.590893071954899796e+01 3.519288524566996301e+01 nan nan nan
1.800000000000000000e+01 3.590893071954900506e+01 3.519424888203374024e+01 nan nan nan
1.900000000000000000e+01 3.590893071954900506e+01 3.519561251839751748e+01 nan nan nan
2.000000000000000000e+01 3.590893071954900506e+01 3.519697615476130892e+01 nan nan nan
2.100000000000000000e+01 3.590893071954900506e+01 3.519833979112509326e+01 nan nan nan
2.200000000000000000e+01 3.590893071954900506e+01 3.519970342748886338e+01 nan nan nan
2.300000000000000000e+01 3.590893071954900506e+01 3.520106706385264772e+01 nan nan nan
2.400000000000000000e+01 3.590893071954900506e+01 3.520243070021642495e+01 nan nan nan
2.500000000000000000e+01 3.590893071954900506e+01 3.520379433658020218e+01 nan nan nan
2.600000000000000000e+01 3.590893071954900506e+01 3.520515797294398652e+01 nan 1.000000000000000000e+00 nan
2.700000000000000000e+01 3.590893071954900506e+01 3.520652160930777086e+01 nan 1.000000000000000000e+00 nan
2.800000000000000000e+01 3.590893071954900506e+01 3.520788524567154809e+01 nan 1.000000000000000000e+00 nan
2.900000000000000000e+01 3.590893071954900506e+01 3.520924888203532532e+01 nan 1.000000000000000000e+00 nan
3.000000000000000000e+01 3.590893071954900506e+01 3.521061251839910966e+01 nan 1.000000000000000000e+00 nan
3.100000000000000000e+01 3.591029435591264019e+01 3.516970342748567901e+01 nan nan nan
3.200000000000000000e+01 3.591029435591264019e+01 3.517106706384945625e+01 nan nan nan
3.300000000000000000e+01 3.591029435591263308e+01 3.517243070021324769e+01 nan nan nan
3.400000000000000000e+01 3.591029435591264019e+01 3.517379433657702492e+01 1.000000000000000000e+00 nan nan
3.500000000000000000e+01 3.591029435591263308e+01 3.517515797294080215e+01 1.000000000000000000e+00 nan nan
3.600000000000000000e+01 3.591029435591264729e+01 3.517652160930458649e+01 1.000000000000000000e+00 nan nan
3.700000000000000000e+01 3.591029435591264019e+01 3.517788524566837083e+01 1.000000000000000000e+00 nan nan
3.800000000000000000e+01 3.591029435591264019e+01 3.517924888203214095e+01 nan nan nan
3.900000000000000000e+01 3.591029435591264729e+01 3.518061251839592529e+01 1.000000000000000000e+00 nan nan
4.000000000000000000e+01 3.591029435591264729e+01 3.518197615475971674e+01 1.000000000000000000e+00 nan nan
4.100000000000000000e+01 3.591029435591264729e+01 3.518333979112348686e+01 1.000000000000000000e+00 nan nan
4.200000000000000000e+01 3.591029435591263308e+01 3.518470342748727830e+01 1.000000000000000000e+00 nan nan
4.300000000000000000e+01 3.591029435591264019e+01 3.518606706385105554e+01 nan 1.000000000000000000e+00 nan
4.400000000000000000e+01 3.591029435591264729e+01 3.518743070021483277e+01 1.000000000000000000e+00 1.000000000000000000e+00 1.000000000000000000e+00
4.500000000000000000e+01 3.591029435591264729e+01 3.518879433657862421e+01 nan nan nan
4.600000000000000000e+01 3.591029435591263308e+01 3.519015797294240144e+01 nan nan nan
4.700000000000000000e+01 3.591029435591263308e+01 3.519152160930618578e+01 nan nan nan
4.800000000000000000e+01 3.591029435591264729e+01 3.519288524566996301e+01 nan nan nan
4.900000000000000000e+01 3.591029435591264729e+01 3.519424888203374024e+01 nan nan nan
5.000000000000000000e+01 3.591029435591264019e+01 3.519561251839751748e+01 nan nan nan
5.100000000000000000e+01 3.591029435591264729e+01 3.519697615476130892e+01 nan nan nan
5.200000000000000000e+01 3.591029435591263308e+01 3.519833979112509326e+01 nan nan nan
5.300000000000000000e+01 3.591029435591264729e+01 3.519970342748886338e+01 nan nan nan
5.400000000000000000e+01 3.591029435591264729e+01 3.520106706385264772e+01 nan nan nan
5.500000000000000000e+01 3.591029435591264019e+01 3.520243070021643206e+01 nan nan nan
5.600000000000000000e+01 3.591029435591264019e+01 3.520379433658020929e+01 nan 1.000000000000000000e+00 nan
5.700000000000000000e+01 3.591029435591264729e+01 3.520515797294398652e+01 nan 1.000000000000000000e+00 nan
5.800000000000000000e+01 3.591029435591264019e+01 3.520652160930776375e+01 nan 1.000000000000000000e+00 nan
5.900000000000000000e+01 3.591029435591264729e+01 3.520788524567155520e+01 nan 1.000000000000000000e+00 nan
6.000000000000000000e+01 3.591029435591264019e+01 3.520924888203532532e+01 nan 1.000000000000000000e+00 nan
6.100000000000000000e+01 3.591029435591264729e+01 3.521061251839910966e+01 nan 1.000000000000000000e+00 nan
6.200000000000000000e+01 3.591165799227628241e+01 3.516970342748567901e+01 nan nan nan
6.300000000000000000e+01 3.591165799227628241e+01 3.517106706384945625e+01 nan nan nan
6.400000000000000000e+01 3.591165799227628952e+01 3.517243070021324769e+01 nan nan nan
6.500000000000000000e+01 3.591165799227627531e+01 3.517379433657701782e+01 1.000000000000000000e+00 nan nan
6.600000000000000000e+01 3.591165799227628952e+01 3.517515797294080215e+01 1.000000000000000000e+00 nan nan
6.700000000000000000e+01 3.591165799227628241e+01 3.517652160930459360e+01 1.000000000000000000e+00 nan nan
6.800000000000000000e+01 3.591165799227628952e+01 3.517788524566837083e+01 1.000000000000000000e+00 nan nan
6.900000000000000000e+01 3.591165799227628952e+01 3.517924888203215517e+01 nan nan nan
7.000000000000000000e+01 3.591165799227628241e+01 3.518061251839592529e+01 1.000000000000000000e+00 nan nan
7.100000000000000000e+01 3.591165799227628952e+01 3.518197615475971674e+01 1.000000000000000000e+00 nan nan
7.200000000000000000e+01 3.591165799227628241e+01 3.518333979112349397e+01 nan nan nan
7.300000000000000000e+01 3.591165799227628241e+01 3.518470342748727830e+01 1.000000000000000000e+00 nan nan
7.400000000000000000e+01 3.591165799227628241e+01 3.518606706385105554e+01 1.000000000000000000e+00 1.000000000000000000e+00 1.000000000000000000e+00
7.500000000000000000e+01 3.591165799227628952e+01 3.518743070021483277e+01 nan 1.000000000000000000e+00 nan
7.600000000000000000e+01 3.591165799227628241e+01 3.518879433657861711e+01 nan 1.000000000000000000e+00 nan
7.700000000000000000e+01 3.591165799227628952e+01 3.519015797294240144e+01 1.000000000000000000e+00 nan nan
7.800000000000000000e+01 3.591165799227628241e+01 3.519152160930618578e+01 nan nan nan
7.900000000000000000e+01 3.591165799227628952e+01 3.519288524566996301e+01 nan nan nan
8.000000000000000000e+01 3.591165799227628241e+01 3.519424888203374024e+01 nan nan nan
8.100000000000000000e+01 3.591165799227628241e+01 3.519561251839751748e+01 nan nan nan
8.200000000000000000e+01 3.591165799227628241e+01 3.519697615476130892e+01 nan 1.000000000000000000e+00 nan
8.300000000000000000e+01 3.591165799227628241e+01 3.519833979112509326e+01 nan nan nan
8.400000000000000000e+01 3.591165799227628241e+01 3.519970342748886338e+01 nan nan nan
8.500000000000000000e+01 3.591165799227628241e+01 3.520106706385264772e+01 nan 1.000000000000000000e+00 nan
8.600000000000000000e+01 3.591165799227628241e+01 3.520243070021643206e+01 nan 1.000000000000000000e+00 nan
8.700000000000000000e+01 3.591165799227628241e+01 3.520379433658020929e+01 nan 1.000000000000000000e+00 nan
8.800000000000000000e+01 3.591165799227628241e+01 3.520515797294398652e+01 nan 1.000000000000000000e+00 nan
8.900000000000000000e+01 3.591165799227628241e+01 3.520652160930776375e+01 nan 1.000000000000000000e+00 nan
9.000000000000000000e+01 3.591165799227628952e+01 3.520788524567155520e+01 nan 1.000000000000000000e+00 nan
9.100000000000000000e+01 3.591165799227628241e+01 3.520924888203532532e+01 nan 1.000000000000000000e+00 nan
9.200000000000000000e+01 3.591165799227628241e+01 3.521061251839910966e+01 nan 1.000000000000000000e+00 nan
9.300000000000000000e+01 3.591302162863991043e+01 3.516970342748567901e+01 nan nan nan
9.400000000000000000e+01 3.591302162863991754e+01 3.517106706384945625e+01 nan nan nan
9.500000000000000000e+01 3.591302162863991043e+01 3.517243070021324769e+01 1.000000000000000000e+00 nan nan
9.600000000000000000e+01 3.591302162863991754e+01 3.517379433657702492e+01 1.000000000000000000e+00 nan nan
9.700000000000000000e+01 3.591302162863991754e+01 3.517515797294080215e+01 1.000000000000000000e+00 nan nan
9.800000000000000000e+01 3.591302162863991754e+01 3.517652160930458649e+01 nan nan nan
9.900000000000000000e+01 3.591302162863991754e+01 3.517788524566837083e+01 1.000000000000000000e+00 nan nan
1.000000000000000000e+02 3.591302162863991754e+01 3.517924888203214095e+01 1.000000000000000000e+00 nan nan
1.010000000000000000e+02 3.591302162863991043e+01 3.518061251839592529e+01 1.000000000000000000e+00 nan nan
1.020000000000000000e+02 3.591302162863991754e+01 3.518197615475971674e+01 1.000000000000000000e+00 nan nan
1.030000000000000000e+02 3.591302162863991043e+01 3.518333979112348686e+01 1.000000000000000000e+00 nan nan
1.040000000000000000e+02 3.591302162863991754e+01 3.518470342748727830e+01 1.000000000000000000e+00 1.000000000000000000e+00 1.000000000000000000e+00
1.050000000000000000e+02 3.591302162863992464e+01 3.518606706385105554e+01 1.000000000000000000e+00 1.000000000000000000e+00 1.000000000000000000e+00
1.060000000000000000e+02 3.591302162863991043e+01 3.518743070021483277e+01 1.000000000000000000e+00 1.000000000000000000e+00 1.000000000000000000e+00
1.070000000000000000e+02 3.591302162863991043e+01 3.518879433657862421e+01 1.000000000000000000e+00 1.000000000000000000e+00 1.000000000000000000e+00
1.080000000000000000e+02 3.591302162863991754e+01 3.519015797294240144e+01 nan nan nan
1.090000000000000000e+02 3.591302162863991043e+01 3.519152160930618578e+01 1.000000000000000000e+00 nan nan
1.100000000000000000e+02 3.591302162863992464e+01 3.519288524566996301e+01 nan nan nan
1.110000000000000000e+02 3.591302162863991043e+01 3.519424888203374024e+01 nan nan nan
1.120000000000000000e+02 3.591302162863992464e+01 3.519561251839751748e+01 nan 1.000000000000000000e+00 nan
1.130000000000000000e+02 3.591302162863991754e+01 3.519697615476130892e+01 nan 1.000000000000000000e+00 nan
1.140000000000000000e+02 3.591302162863991754e+01 3.519833979112509326e+01 nan 1.000000000000000000e+00 nan
1.150000000000000000e+02 3.591302162863991043e+01 3.519970342748886338e+01 nan 1.000000000000000000e+00 nan
1.160000000000000000e+02 3.591302162863991754e+01 3.520106706385264772e+01 nan 1.000000000000000000e+00 nan
1.170000000000000000e+02 3.591302162863991043e+01 3.520243070021643206e+01 1.000000000000000000e+00 1.000000000000000000e+00 1.000000000000000000e+00
1.180000000000000000e+02 3.591302162863992464e+01 3.520379433658020929e+01 nan 1.000000000000000000e+00 nan
1.190000000000000000e+02 3.591302162863991043e+01 3.520515797294398652e+01 nan 1.000000000000000000e+00 nan
1.200000000000000000e+02 3.591302162863991754e+01 3.520652160930776375e+01 nan 1.000000000000000000e+00 nan
1.210000000000000000e+02 3.591302162863991754e+01 3.520788524567155520e+01 nan 1.000000000000000000e+00 nan
1.220000000000000000e+02 3.591302162863992464e+01 3.520924888203532532e+01 nan 1.000000000000000000e+00 nan
1.230000000000000000e+02 3.591302162863991043e+01 3.521061251839910966e+01 nan 1.000000000000000000e+00 nan
1.240000000000000000e+02 3.591438526500355266e+01 3.516970342748567901e+01 nan nan nan
1.250000000000000000e+02 3.591438526500355266e+01 3.517106706384945625e+01 1.000000000000000000e+00 nan nan
1.260000000000000000e+02 3.591438526500355266e+01 3.517243070021324769e+01 1.000000000000000000e+00 nan nan
1.270000000000000000e+02 3.591438526500355977e+01 3.517379433657703203e+01 1.000000000000000000e+00 nan nan
1.280000000000000000e+02 3.591438526500355266e+01 3.517515797294080215e+01 1.000000000000000000e+00 nan nan
1.290000000000000000e+02 3.591438526500355266e+01 3.517652160930458649e+01 1.000000000000000000e+00 nan nan
1.300000000000000000e+02 3.591438526500355266e+01 3.517788524566837083e+01 1.000000000000000000e+00 nan nan
1.310000000000000000e+02 3.591438526500355266e+01 3.517924888203214806e+01 1.000000000000000000e+00 nan nan
1.320000000000000000e+02 3.591438526500355266e+01 3.518061251839592529e+01 1.000000000000000000e+00 nan nan
1.330000000000000000e+02 3.591438526500355266e+01 3.518197615475971674e+01 1.000000000000000000e+00 nan nan
1.340000000000000000e+02 3.591438526500355266e+01 3.518333979112350107e+01 1.000000000000000000e+00 1.000000000000000000e+00 1.000000000000000000e+00
1.350000000000000000e+02 3.591438526500355266e+01 3.518470342748726409e+01 1.000000000000000000e+00 1.000000000000000000e+00 1.000000000000000000e+00
1.360000000000000000e+02 3.591438526500354556e+01 3.518606706385105554e+01 1.000000000000000000e+00 1.000000000000000000e+00 1.000000000000000000e+00
1.370000000000000000e+02 3.591438526500355266e+01 3.518743070021483277e+01 1.000000000000000000e+00 1.000000000000000000e+00 1.000000000000000000e+00
1.380000000000000000e+02 3.591438526500355266e+01 3.518879433657861711e+01 nan 1.000000000000000000e+00 nan
1.390000000000000000e+02 3.591438526500355266e+01 3.519015797294240144e+01 nan 1.000000000000000000e+00 nan
1.400000000000000000e+02 3.591438526500355977e+01 3.519152160930618578e+01 1.000000000000000000e+00 1.000000000000000000e+00 1.000000000000000000e+00
1.410000000000000000e+02 3.591438526500355266e+01 3.519288524566997722e+01 nan 1.000000000000000000e+00 nan
1.420000000000000000e+02 3.591438526500355266e+01 3.519424888203374735e+01 nan 1.000000000000000000e+00 nan
1.430000000000000000e+02 3.591438526500355266e+01 3.519561251839752458e+01 nan 1.000000000000000000e+00 nan
1.440000000000000000e+02 3.591438526500355977e+01 3.519697615476130892e+01 1.000000000000000000e+00 1.000000000000000000e+00 1.000000000000000000e+00
1.450000000000000000e+02 3.591438526500355977e+01 3.519833979112507905e+01 nan 1.000000000000000000e+00 nan
1.460000000000000000e+02 3.591438526500355266e+01 3.519970342748885628e+01 nan 1.000000000000000000e+00 nan
1.470000000000000000e+02 3.591438526500355977e+01 3.520106706385264772e+01 1.000000000000000000e+00 1.000000000000000000e+00 1.000000000000000000e+00
1.480000000000000000e+02 3.591438526500355266e+01 3.520243070021642495e+01 nan 1.000000000000000000e+00 nan
1.490000000000000000e+02 3.591438526500355977e+01 3.520379433658020929e+01 nan 1.000000000000000000e+00 nan
1.500000000000000000e+02 3.591438526500355266e+01 3.520515797294398652e+01 nan 1.000000000000000000e+00 nan
1.510000000000000000e+02 3.591438526500355977e+01 3.520652160930776375e+01 1.000000000000000000e+00 1.000000000000000000e+00 1.000000000000000000e+00
1.520000000000000000e+02 3.591438526500355977e+01 3.520788524567154809e+01 nan 1.000000000000000000e+00 nan
1.530000000000000000e+02 3.591438526500355977e+01 3.520924888203533243e+01 nan 1.000000000000000000e+00 nan
1.540000000000000000e+02 3.591438526500355266e+01 3.521061251839910966e+01 nan 1.000000000000000000e+00 nan
1.550000000000000000e+02 3.591574890136718778e+01 3.516970342748567901e+01 nan nan nan
1.560000000000000000e+02 3.591574890136718778e+01 3.517106706384945625e+01 nan nan nan
1.570000000000000000e+02 3.591574890136718778e+01 3.517243070021324769e+01 1.000000000000000000e+00 nan nan
1.580000000000000000e+02 3.591574890136718778e+01 3.517379433657703203e+01 1.000000000000000000e+00 nan nan
1.590000000000000000e+02 3.591574890136718068e+01 3.517515797294080215e+01 1.000000000000000000e+00 nan nan
1.600000000000000000e+02 3.591574890136718778e+01 3.517652160930458649e+01 1.000000000000000000e+00 nan nan
1.610000000000000000e+02 3.591574890136719489e+01 3.517788524566837083e+01 1.000000000000000000e+00 1.000000000000000000e+00 1.000000000000000000e+00
1.620000000000000000e+02 3.591574890136718778e+01 3.517924888203214806e+01 1.000000000000000000e+00 nan nan
1.630000000000000000e+02 3.591574890136718778e+01 3.518061251839592529e+01 1.000000000000000000e+00 nan nan
1.640000000000000000e+02 3.591574890136718778e+01 3.518197615475971674e+01 1.000000000000000000e+00 nan nan
1.650000000000000000e+02 3.591574890136719489e+01 3.518333979112350107e+01 1.000000000000000000e+00 1.000000000000000000e+00 1.000000000000000000e+00
1.660000000000000000e+02 3.591574890136719489e+01 3.518470342748726409e+01 1.000000000000000000e+00 1.000000000000000000e+00 1.000000000000000000e+00
1.670000000000000000e+02 3.591574890136718778e+01 3.518606706385105554e+01 1.000000000000000000e+00 1.000000000000000000e+00 1.000000000000000000e+00
1.680000000000000000e+02 3.591574890136718778e+01 3.518743070021483277e+01 1.000000000000000000e+00 1.000000000000000000e+00 1.000000000000000000e+00
1.690000000000000000e+02 3.591574890136718778e+01 3.518879433657861711e+01 1.000000000000000000e+00 1.000000000000000000e+00 1.000000000000000000e+00
1.700000000000000000e+02 3.591574890136718778e+01 3.519015797294240144e+01 1.000000000000000000e+00 1.000000000000000000e+00 1.000000000000000000e+00
1.710000000000000000e+02 3.591574890136718778e+01 3.519152160930618578e+01 1.000000000000000000e+00 1.000000000000000000e+00 1.000000000000000000e+00
1.720000000000000000e+02 3.591574890136718778e+01 3.519288524566997722e+01 1.000000000000000000e+00 1.000000000000000000e+00 1.000000000000000000e+00
1.730000000000000000e+02 3.591574890136718778e+01 3.519424888203374735e+01 1.000000000000000000e+00 1.000000000000000000e+00 1.000000000000000000e+00
1.740000000000000000e+02 3.591574890136718778e+01 3.519561251839752458e+01 1.000000000000000000e+00 1.000000000000000000e+00 1.000000000000000000e+00
1.750000000000000000e+02 3.591574890136718778e+01 3.519697615476130892e+01 nan 1.000000000000000000e+00 nan
1.760000000000000000e+02 3.591574890136718778e+01 3.519833979112507905e+01 1.000000000000000000e+00 1.000000000000000000e+00 1.000000000000000000e+00
1.770000000000000000e+02 3.591574890136718778e+01 3.519970342748885628e+01 1.000000000000000000e+00 1.000000000000000000e+00 1.000000000000000000e+00
1.780000000000000000e+02 3.591574890136719489e+01 3.520106706385264772e+01 1.000000000000000000e+00 1.000000000000000000e+00 1.000000000000000000e+00
1.790000000000000000e+02 3.591574890136719489e+01 3.520243070021642495e+01 1.000000000000000000e+00 1.000000000000000000e+00 1.000000000000000000e+00
1.800000000000000000e+02 3.591574890136719489e+01 3.520379433658020929e+01 1.000000000000000000e+00 1.000000000000000000e+00 1.000000000000000000e+00
1.810000000000000000e+02 3.591574890136719489e+01 3.520515797294398652e+01 1.000000000000000000e+00 1.000000000000000000e+00 1.000000000000000000e+00
1.820000000000000000e+02 3.591574890136718778e+01 3.520652160930776375e+01 1.000000000000000000e+00 1.000000000000000000e+00 1.000000000000000000e+00
1.830000000000000000e+02 3.591574890136718778e+01 3.520788524567154809e+01 nan 1.000000000000000000e+00 nan
1.840000000000000000e+02 3.591574890136718778e+01 3.520924888203533243e+01 nan 1.000000000000000000e+00 nan
1.850000000000000000e+02 3.591574890136719489e+01 3.521061251839910966e+01 nan 1.000000000000000000e+00 nan
1.860000000000000000e+02 3.591711253773082291e+01 3.516970342748567901e+01 nan nan nan
1.870000000000000000e+02 3.591711253773081580e+01 3.517106706384945625e+01 1.000000000000000000e+00 nan nan
1.880000000000000000e+02 3.591711253773082291e+01 3.517243070021324769e+01 1.000000000000000000e+00 nan nan
1.890000000000000000e+02 3.591711253773082291e+01 3.517379433657703203e+01 1.000000000000000000e+00 nan nan
1.900000000000000000e+02 3.591711253773082291e+01 3.517515797294080215e+01 1.000000000000000000e+00 nan nan
1.910000000000000000e+02 3.591711253773082291e+01 3.517652160930458649e+01 1.000000000000000000e+00 nan nan
1.920000000000000000e+02 3.591711253773082291e+01 3.517788524566837083e+01 1.000000000000000000e+00 1.000000000000000000e+00 1.000000000000000000e+00
1.930000000000000000e+02 3.591711253773082291e+01 3.517924888203214806e+01 1.000000000000000000e+00 1.000000000000000000e+00 1.000000000000000000e+00
1.940000000000000000e+02 3.591711253773083001e+01 3.518061251839592529e+01 1.000000000000000000e+00 1.000000000000000000e+00 1.000000000000000000e+00
1.950000000000000000e+02 3.591711253773082291e+01 3.518197615475971674e+01 1.000000000000000000e+00 1.000000000000000000e+00 1.000000000000000000e+00
1.960000000000000000e+02 3.591711253773083001e+01 3.518333979112350107e+01 1.000000000000000000e+00 1.000000000000000000e+00 1.000000000000000000e+00
1.970000000000000000e+02 3.591711253773082291e+01 3.518470342748726409e+01 1.000000000000000000e+00 1.000000000000000000e+00 1.000000000000000000e+00
1.980000000000000000e+02 3.591711253773082291e+01 3.518606706385105554e+01 1.000000000000000000e+00 1.000000000000000000e+00 1.000000000000000000e+00
1.990000000000000000e+02 3.591711253773083001e+01 3.518743070021483277e+01 1.000000000000000000e+00 1.000000000000000000e+00 1.000000000000000000e+00
2.000000000000000000e+02 3.591711253773082291e+01 3.518879433657861711e+01 1.000000000000000000e+00 1.000000000000000000e+00 1.000000000000000000e+00
2.010000000000000000e+02 3.591711253773082291e+01 3.519015797294240144e+01 1.000000000000000000e+00 1.000000000000000000e+00 1.000000000000000000e+00
2.020000000000000000e+02 3.591711253773082291e+01 3.519152160930618578e+01 1.000000000000000000e+00 1.000000000000000000e+00 1.000000000000000000e+00
2.030000000000000000e+02 3.591711253773082291e+01 3.519288524566997722e+01 1.000000000000000000e+00 1.000000000000000000e+00 1.000000000000000000e+00
2.040000000000000000e+02 3.591711253773082291e+01 3.519424888203374735e+01 1.000000000000000000e+00 1.000000000000000000e+00 1.000000000000000000e+00
2.050000000000000000e+02 3.591711253773083712e+01 3.519561251839752458e+01 1.000000000000000000e+00 1.000000000000000000e+00 1.000000000000000000e+00
2.060000000000000000e+02 3.591711253773082291e+01 3.519697615476130892e+01 1.000000000000000000e+00 1.000000000000000000e+00 1.000000000000000000e+00
2.070000000000000000e+02 3.591711253773083001e+01 3.519833979112507905e+01 1.000000000000000000e+00 1.000000000000000000e+00 1.000000000000000000e+00
2.080000000000000000e+02 3.591711253773082291e+01 3.519970342748885628e+01 1.000000000000000000e+00 1.000000000000000000e+00 1.000000000000000000e+00
2.090000000000000000e+02 3.591711253773082291e+01 3.520106706385264772e+01 1.000000000000000000e+00 1.000000000000000000e+00 1.000000000000000000e+00
2.100000000000000000e+02 3.591711253773082291e+01 3.520243070021642495e+01 1.000000000000000000e+00 1.000000000000000000e+00 1.000000000000000000e+00
2.110000000000000000e+02 3.591711253773083001e+01 3.520379433658020929e+01 1.000000000000000000e+00 1.000000000000000000e+00 1.000000000000000000e+00
2.120000000000000000e+02 3.591711253773082291e+01 3.520515797294398652e+01 1.000000000000000000e+00 1.000000000000000000e+00 1.000000000000000000e+00
2.130000000000000000e+02 3.591711253773082291e+01 3.520652160930776375e+01 1.000000000000000000e+00 1.000000000000000000e+00 1.000000000000000000e+00
2.140000000000000000e+02 3.591711253773082291e+01 3.520788524567154809e+01 1.000000000000000000e+00 1.000000000000000000e+00 1.000000000000000000e+00
2.150000000000000000e+02 3.591711253773082291e+01 3.520924888203533243e+01 nan 1.000000000000000000e+00 nan
2.160000000000000000e+02 3.591711253773083001e+01 3.521061251839910966e+01 nan 1.000000000000000000e+00 nan
2.170000000000000000e+02 3.591847617409446514e+01 3.516970342748567901e+01 1.000000000000000000e+00 nan nan
2.180000000000000000e+02 3.591847617409445803e+01 3.517106706384945625e+01 1.000000000000000000e+00 nan nan
2.190000000000000000e+02 3.591847617409447224e+01 3.517243070021324769e+01 1.000000000000000000e+00 nan nan
2.200000000000000000e+02 3.591847617409446514e+01 3.517379433657702492e+01 1.000000000000000000e+00 nan nan
2.210000000000000000e+02 3.591847617409445803e+01 3.517515797294080215e+01 1.000000000000000000e+00 1.000000000000000000e+00 1.000000000000000000e+00
2.220000000000000000e+02 3.591847617409446514e+01 3.517652160930458649e+01 1.000000000000000000e+00 1.000000000000000000e+00 1.000000000000000000e+00
2.230000000000000000e+02 3.591847617409446514e+01 3.517788524566837083e+01 1.000000000000000000e+00 1.000000000000000000e+00 1.000000000000000000e+00
2.240000000000000000e+02 3.591847617409446514e+01 3.517924888203214095e+01 1.000000000000000000e+00 1.000000000000000000e+00 1.000000000000000000e+00
2.250000000000000000e+02 3.591847617409446514e+01 3.518061251839592529e+01 1.000000000000000000e+00 1.000000000000000000e+00 1.000000000000000000e+00
2.260000000000000000e+02 3.591847617409446514e+01 3.518197615475971674e+01 1.000000000000000000e+00 1.000000000000000000e+00 1.000000000000000000e+00
2.270000000000000000e+02 3.591847617409446514e+01 3.518333979112348686e+01 1.000000000000000000e+00 1.000000000000000000e+00 1.000000000000000000e+00
2.280000000000000000e+02 3.591847617409445803e+01 3.518470342748727830e+01 1.000000000000000000e+00 1.000000000000000000e+00 1.000000000000000000e+00
2.290000000000000000e+02 3.591847617409446514e+01 3.518606706385105554e+01 1.000000000000000000e+00 1.000000000000000000e+00 1.000000000000000000e+00
2.300000000000000000e+02 3.591847617409447224e+01 3.518743070021483277e+01 1.000000000000000000e+00 1.000000000000000000e+00 1.000000000000000000e+00
2.310000000000000000e+02 3.591847617409445803e+01 3.518879433657862421e+01 1.000000000000000000e+00 1.000000000000000000e+00 1.000000000000000000e+00
2.320000000000000000e+02 3.591847617409445803e+01 3.519015797294240144e+01 1.000000000000000000e+00 1.000000000000000000e+00 1.000000000000000000e+00
2.330000000000000000e+02 3.591847617409446514e+01 3.519152160930618578e+01 1.000000000000000000e+00 1.000000000000000000e+00 1.000000000000000000e+00
2.340000000000000000e+02 3.591847617409445803e+01 3.519288524566996301e+01 1.000000000000000000e+00 1.000000000000000000e+00 1.000000000000000000e+00
2.350000000000000000e+02 3.591847617409446514e+01 3.519424888203374024e+01 1.000000000000000000e+00 1.000000000000000000e+00 1.000000000000000000e+00
2.360000000000000000e+02 3.591847617409446514e+01 3.519561251839751748e+01 1.000000000000000000e+00 1.000000000000000000e+00 1.000000000000000000e+00
2.370000000000000000e+02 3.591847617409446514e+01 3.519697615476130892e+01 1.000000000000000000e+00 1.000000000000000000e+00 1.000000000000000000e+00
2.380000000000000000e+02 3.591847617409445803e+01 3.519833979112509326e+01 1.000000000000000000e+00 1.000000000000000000e+00 1.000000000000000000e+00
2.390000000000000000e+02 3.591847617409446514e+01 3.519970342748886338e+01 1.000000000000000000e+00 1.000000000000000000e+00 1.000000000000000000e+00
2.400000000000000000e+02 3.591847617409445803e+01 3.520106706385264772e+01 1.000000000000000000e+00 1.000000000000000000e+00 1.000000000000000000e+00
2.410000000000000000e+02 3.591847617409445803e+01 3.520243070021643206e+01 nan 1.000000000000000000e+00 nan
2.420000000000000000e+02 3.591847617409446514e+01 3.520379433658020929e+01 1.000000000000000000e+00 1.000000000000000000e+00 1.000000000000000000e+00
2.430000000000000000e+02 3.591847617409445803e+01 3.520515797294398652e+01 1.000000000000000000e+00 1.000000000000000000e+00 1.000000000000000000e+00
2.440000000000000000e+02 3.591847617409445803e+01 3.520652160930776375e+01 nan 1.000000000000000000e+00 nan
2.450000000000000000e+02 3.591847617409446514e+01 3.520788524567155520e+01 nan 1.000000000000000000e+00 nan
2.460000000000000000e+02 3.591847617409446514e+01 3.520924888203532532e+01 nan 1.000000000000000000e+00 nan
2.470000000000000000e+02 3.591847617409445803e+01 3.521061251839910966e+01 nan 1.000000000000000000e+00 nan
2.480000000000000000e+02 3.591983981045809315e+01 3.516970342748567901e+01 nan nan nan
2.490000000000000000e+02 3.591983981045809315e+01 3.517106706384945625e+01 1.000000000000000000e+00 nan nan
2.500000000000000000e+02 3.591983981045809315e+01 3.517243070021324769e+01 nan nan nan
2.510000000000000000e+02 3.591983981045809315e+01 3.517379433657701782e+01 1.000000000000000000e+00 1.000000000000000000e+00 1.000000000000000000e+00
2.520000000000000000e+02 3.591983981045809315e+01 3.517515797294080215e+01 1.000000000000000000e+00 1.000000000000000000e+00 1.000000000000000000e+00
2.530000000000000000e+02 3.591983981045809315e+01 3.517652160930459360e+01 1.000000000000000000e+00 1.000000000000000000e+00 1.000000000000000000e+00
2.540000000000000000e+02 3.591983981045809315e+01 3.517788524566837083e+01 1.000000000000000000e+00 1.000000000000000000e+00 1.000000000000000000e+00
2.550000000000000000e+02 3.591983981045809315e+01 3.517924888203215517e+01 1.000000000000000000e+00 1.000000000000000000e+00 1.000000000000000000e+00
2.560000000000000000e+02 3.591983981045809315e+01 3.518061251839592529e+01 1.000000000000000000e+00 1.000000000000000000e+00 1.000000000000000000e+00
2.570000000000000000e+02 3.591983981045809315e+01 3.518197615475971674e+01 1.000000000000000000e+00 1.000000000000000000e+00 1.000000000000000000e+00
2.580000000000000000e+02 3.591983981045809315e+01 3.518333979112349397e+01 1.000000000000000000e+00 1.000000000000000000e+00 1.000000000000000000e+00
2.590000000000000000e+02 3.591983981045809315e+01 3.518470342748727830e+01 1.000000000000000000e+00 1.000000000000000000e+00 1.000000000000000000e+00
2.600000000000000000e+02 3.591983981045809315e+01 3.518606706385105554e+01 1.000000000000000000e+00 1.000000000000000000e+00 1.000000000000000000e+00
2.610000000000000000e+02 3.591983981045809315e+01 3.518743070021483277e+01 1.000000000000000000e+00 1.000000000000000000e+00 1.000000000000000000e+00
2.620000000000000000e+02 3.591983981045809315e+01 3.518879433657861711e+01 1.000000000000000000e+00 1.000000000000000000e+00 1.000000000000000000e+00
2.630000000000000000e+02 3.591983981045809315e+01 3.519015797294240144e+01 1.000000000000000000e+00 1.000000000000000000e+00 1.000000000000000000e+00
2.640000000000000000e+02 3.591983981045809315e+01 3.519152160930618578e+01 1.000000000000000000e+00 1.000000000000000000e+00 1.000000000000000000e+00
2.650000000000000000e+02 3.591983981045809315e+01 3.519288524566996301e+01 1.000000000000000000e+00 1.000000000000000000e+00 1.000000000000000000e+00
2.660000000000000000e+02 3.591983981045809315e+01 3.519424888203374024e+01 1.000000000000000000e+00 1.000000000000000000e+00 1.000000000000000000e+00
2.670000000000000000e+02 3.591983981045809315e+01 3.519561251839751748e+01 1.000000000000000000e+00 1.000000000000000000e+00 1.000000000000000000e+00
2.680000000000000000e+02 3.591983981045809315e+01 3.519697615476130892e+01 1.000000000000000000e+00 1.000000000000000000e+00 1.000000000000000000e+00
2.690000000000000000e+02 3.591983981045809315e+01 3.519833979112509326e+01 1.000000000000000000e+00 1.000000000000000000e+00 1.000000000000000000e+00
2.700000000000000000e+02 3.591983981045809315e+01 3.519970342748886338e+01 1.000000000000000000e+00 1.000000000000000000e+00 1.000000000000000000e+00
2.710000000000000000e+02 3.591983981045809315e+01 3.520106706385264772e+01 nan 1.000000000000000000e+00 nan
2.720000000000000000e+02 3.591983981045809315e+01 3.520243070021643206e+01 1.000000000000000000e+00 1.000000000000000000e+00 1.000000000000000000e+00
2.730000000000000000e+02 3.591983981045809315e+01 3.520379433658020929e+01 nan 1.000000000000000000e+00 nan
2.740000000000000000e+02 3.591983981045809315e+01 3.520515797294398652e+01 1.000000000000000000e+00 1.000000000000000000e+00 1.000000000000000000e+00
2.750000000000000000e+02 3.591983981045809315e+01 3.520652160930776375e+01 1.000000000000000000e+00 1.000000000000000000e+00 1.000000000000000000e+00
2.760000000000000000e+02 3.591983981045809315e+01 3.520788524567155520e+01 1.000000000000000000e+00 1.000000000000000000e+00 1.000000000000000000e+00
2.770000000000000000e+02 3.591983981045809315e+01 3.520924888203532532e+01 nan 1.000000000000000000e+00 nan
2.780000000000000000e+02 3.591983981045809315e+01 3.521061251839910966e+01 nan 1.000000000000000000e+00 nan
2.790000000000000000e+02 3.592120344682174249e+01 3.516970342748567901e+01 nan nan nan
2.800000000000000000e+02 3.592120344682173538e+01 3.517106706384945625e+01 1.000000000000000000e+00 nan nan
2.810000000000000000e+02 3.592120344682174249e+01 3.517243070021324769e+01 1.000000000000000000e+00 nan nan
2.820000000000000000e+02 3.592120344682174249e+01 3.517379433657702492e+01 1.000000000000000000e+00 1.000000000000000000e+00 1.000000000000000000e+00
2.830000000000000000e+02 3.592120344682173538e+01 3.517515797294080215e+01 nan 1.000000000000000000e+00 nan
2.840000000000000000e+02 3.592120344682173538e+01 3.517652160930458649e+01 nan 1.000000000000000000e+00 nan
2.850000000000000000e+02 3.592120344682173538e+01 3.517788524566837083e+01 1.000000000000000000e+00 1.000000000000000000e+00 1.000000000000000000e+00
2.860000000000000000e+02 3.592120344682174249e+01 3.517924888203214095e+01 1.000000000000000000e+00 1.000000000000000000e+00 1.000000000000000000e+00
2.870000000000000000e+02 3.592120344682173538e+01 3.518061251839592529e+01 1.000000000000000000e+00 1.000000000000000000e+00 1.000000000000000000e+00
2.880000000000000000e+02 3.592120344682172828e+01 3.518197615475971674e+01 1.000000000000000000e+00 1.000000000000000000e+00 1.000000000000000000e+00
2.890000000000000000e+02 3.592120344682174249e+01 3.518333979112348686e+01 1.000000000000000000e+00 1.000000000000000000e+00 1.000000000000000000e+00
2.900000000000000000e+02 3.592120344682172828e+01 3.518470342748727830e+01 1.000000000000000000e+00 1.000000000000000000e+00 1.000000000000000000e+00
2.910000000000000000e+02 3.592120344682174249e+01 3.518606706385105554e+01 1.000000000000000000e+00 1.000000000000000000e+00 1.000000000000000000e+00
2.920000000000000000e+02 3.592120344682173538e+01 3.518743070021483277e+01 1.000000000000000000e+00 1.000000000000000000e+00 1.000000000000000000e+00
2.930000000000000000e+02 3.592120344682174249e+01 3.518879433657862421e+01 1.000000000000000000e+00 1.000000000000000000e+00 1.000000000000000000e+00
2.940000000000000000e+02 3.592120344682174249e+01 3.519015797294240144e+01 1.000000000000000000e+00 1.000000000000000000e+00 1.000000000000000000e+00
2.950000000000000000e+02 3.592120344682174249e+01 3.519152160930618578e+01 1.000000000000000000e+00 1.000000000000000000e+00 1.000000000000000000e+00
2.960000000000000000e+02 3.592120344682173538e+01 3.519288524566996301e+01 1.000000000000000000e+00 1.000000000000000000e+00 1.000000000000000000e+00
2.970000000000000000e+02 3.592120344682174249e+01 3.519424888203374024e+01 1.000000000000000000e+00 1.000000000000000000e+00 1.000000000000000000e+00
2.980000000000000000e+02 3.592120344682173538e+01 3.519561251839751748e+01 1.000000000000000000e+00 1.000000000000000000e+00 1.000000000000000000e+00
2.990000000000000000e+02 3.592120344682174249e+01 3.519697615476130892e+01 1.000000000000000000e+00 1.000000000000000000e+00 1.000000000000000000e+00
3.000000000000000000e+02 3.592120344682173538e+01 3.519833979112509326e+01 1.000000000000000000e+00 1.000000000000000000e+00 1.000000000000000000e+00
3.010000000000000000e+02 3.592120344682173538e+01 3.519970342748886338e+01 1.000000000000000000e+00 1.000000000000000000e+00 1.000000000000000000e+00
3.020000000000000000e+02 3.592120344682174249e+01 3.520106706385264772e+01 nan 1.000000000000000000e+00 nan
3.030000000000000000e+02 3.592120344682174249e+01 3.520243070021643206e+01 1.000000000000000000e+00 1.000000000000000000e+00 1.000000000000000000e+00
3.040000000000000000e+02 3.592120344682173538e+01 3.520379433658020929e+01 1.000000000000000000e+00 1.000000000000000000e+00 1.000000000000000000e+00
3.050000000000000000e+02 3.592120344682174249e+01 3.520515797294398652e+01 1.000000000000000000e+00 1.000000000000000000e+00 1.000000000000000000e+00
3.060000000000000000e+02 3.592120344682174249e+01 3.520652160930776375e+01 nan 1.000000000000000000e+00 nan
3.070000000000000000e+02 3.592120344682173538e+01 3.520788524567155520e+01 nan 1.000000000000000000e+00 nan
3.080000000000000000e+02 3.592120344682173538e+01 3.520924888203532532e+01 1.000000000000000000e+00 1.000000000000000000e+00 1.000000000000000000e+00
3.090000000000000000e+02 3.592120344682174249e+01 3.521061251839910966e+01 nan 1.000000000000000000e+00 nan
3.100000000000000000e+02 3.592256708318537761e+01 3.516970342748567901e+01 nan nan nan
3.110000000000000000e+02 3.592256708318537051e+01 3.517106706384945625e+01 1.000000000000000000e+00 nan nan
3.120000000000000000e+02 3.592256708318537761e+01 3.517243070021324769e+01 nan nan nan
3.130000000000000000e+02 3.592256708318537761e+01 3.517379433657703203e+01 nan 1.000000000000000000e+00 nan
3.140000000000000000e+02 3.592256708318537761e+01 3.517515797294080215e+01 1.000000000000000000e+00 1.000000000000000000e+00 1.000000000000000000e+00
3.150000000000000000e+02 3.592256708318537051e+01 3.517652160930458649e+01 1.000000000000000000e+00 1.000000000000000000e+00 1.000000000000000000e+00
3.160000000000000000e+02 3.592256708318537051e+01 3.517788524566837083e+01 1.000000000000000000e+00 1.000000000000000000e+00 1.000000000000000000e+00
3.170000000000000000e+02 3.592256708318537051e+01 3.517924888203215517e+01 1.000000000000000000e+00 1.000000000000000000e+00 1.000000000000000000e+00
3.180000000000000000e+02 3.592256708318537761e+01 3.518061251839592529e+01 1.000000000000000000e+00 1.000000000000000000e+00 1.000000000000000000e+00
3.190000000000000000e+02 3.592256708318537051e+01 3.518197615475971674e+01 1.000000000000000000e+00 1.000000000000000000e+00 1.000000000000000000e+00
3.200000000000000000e+02 3.592256708318537761e+01 3.518333979112349397e+01 1.000000000000000000e+00 1.000000000000000000e+00 1.000000000000000000e+00
3.210000000000000000e+02 3.592256708318537051e+01 3.518470342748727830e+01 1.000000000000000000e+00 1.000000000000000000e+00 1.000000000000000000e+00
3.220000000000000000e+02 3.592256708318537051e+01 3.518606706385105554e+01 1.000000000000000000e+00 1.000000000000000000e+00 1.000000000000000000e+00
3.230000000000000000e+02 3.592256708318537761e+01 3.518743070021483277e+01 1.000000000000000000e+00 1.000000000000000000e+00 1.000000000000000000e+00
3.240000000000000000e+02 3.592256708318537761e+01 3.518879433657861711e+01 1.000000000000000000e+00 1.000000000000000000e+00 1.000000000000000000e+00
3.250000000000000000e+02 3.592256708318537761e+01 3.519015797294240144e+01 1.000000000000000000e+00 1.000000000000000000e+00 1.000000000000000000e+00
3.260000000000000000e+02 3.592256708318537761e+01 3.519152160930618578e+01 1.000000000000000000e+00 1.000000000000000000e+00 1.000000000000000000e+00
3.270000000000000000e+02 3.592256708318537051e+01 3.519288524566996301e+01 1.000000000000000000e+00 1.000000000000000000e+00 1.000000000000000000e+00
3.280000000000000000e+02 3.592256708318537761e+01 3.519424888203374024e+01 1.000000000000000000e+00 1.000000000000000000e+00 1.000000000000000000e+00
3.290000000000000000e+02 3.592256708318537051e+01 3.519561251839751748e+01 1.000000000000000000e+00 1.000000000000000000e+00 1.000000000000000000e+00
3.300000000000000000e+02 3.592256708318537051e+01 3.519697615476130892e+01 1.000000000000000000e+00 1.000000000000000000e+00 1.000000000000000000e+00
3.310000000000000000e+02 3.592256708318537761e+01 3.519833979112509326e+01 1.000000000000000000e+00 1.000000000000000000e+00 1.000000000000000000e+00
3.320000000000000000e+02 3.592256708318537761e+01 3.519970342748886338e+01 1.000000000000000000e+00 1.000000000000000000e+00 1.000000000000000000e+00
3.330000000000000000e+02 3.592256708318537761e+01 3.520106706385264772e+01 1.000000000000000000e+00 1.000000000000000000e+00 1.000000000000000000e+00
3.340000000000000000e+02 3.592256708318537761e+01 3.520243070021642495e+01 1.000000000000000000e+00 1.000000000000000000e+00 1.000000000000000000e+00
3.350000000000000000e+02 3.592256708318537761e+01 3.520379433658020218e+01 nan 1.000000000000000000e+00 nan
3.360000000000000000e+02 3.592256708318537051e+01 3.520515797294398652e+01 nan 1.000000000000000000e+00 nan
3.370000000000000000e+02 3.592256708318537761e+01 3.520652160930777086e+01 nan 1.000000000000000000e+00 nan
3.380000000000000000e+02 3.592256708318537761e+01 3.520788524567154809e+01 nan 1.000000000000000000e+00 nan
3.390000000000000000e+02 3.592256708318537761e+01 3.520924888203532532e+01 nan 1.000000000000000000e+00 nan
3.400000000000000000e+02 3.592256708318537761e+01 3.521061251839910966e+01 nan 1.000000000000000000e+00 nan
3.410000000000000000e+02 3.592393071954899852e+01 3.516970342748567901e+01 nan nan nan
3.420000000000000000e+02 3.592393071954899852e+01 3.517106706384945625e+01 nan nan nan
3.430000000000000000e+02 3.592393071954900563e+01 3.517243070021324769e+01 1.000000000000000000e+00 nan nan
3.440000000000000000e+02 3.592393071954900563e+01 3.517379433657702492e+01 1.000000000000000000e+00 1.000000000000000000e+00 1.000000000000000000e+00
3.450000000000000000e+02 3.592393071954899852e+01 3.517515797294080215e+01 1.000000000000000000e+00 1.000000000000000000e+00 1.000000000000000000e+00
3.460000000000000000e+02 3.592393071954899852e+01 3.517652160930458649e+01 1.000000000000000000e+00 1.000000000000000000e+00 1.000000000000000000e+00
3.470000000000000000e+02 3.592393071954899852e+01 3.517788524566837083e+01 1.000000000000000000e+00 1.000000000000000000e+00 1.000000000000000000e+00
3.480000000000000000e+02 3.592393071954899852e+01 3.517924888203214095e+01 1.000000000000000000e+00 1.000000000000000000e+00 1.000000000000000000e+00
3.490000000000000000e+02 3.592393071954900563e+01 3.518061251839592529e+01 1.000000000000000000e+00 1.000000000000000000e+00 1.000000000000000000e+00
3.500000000000000000e+02 3.592393071954900563e+01 3.518197615475971674e+01 1.000000000000000000e+00 1.000000000000000000e+00 1.000000000000000000e+00
3.510000000000000000e+02 3.592393071954900563e+01 3.518333979112348686e+01 1.000000000000000000e+00 1.000000000000000000e+00 1.000000000000000000e+00
3.520000000000000000e+02 3.592393071954899852e+01 3.518470342748727830e+01 nan 1.000000000000000000e+00 nan
3.530000000000000000e+02 3.592393071954899852e+01 3.518606706385105554e+01 1.000000000000000000e+00 1.000000000000000000e+00 1.000000000000000000e+00
3.540000000000000000e+02 3.592393071954900563e+01 3.518743070021483277e+01 1.000000000000000000e+00 1.000000000000000000e+00 1.000000000000000000e+00
3.550000000000000000e+02 3.592393071954899852e+01 3.518879433657862421e+01 1.000000000000000000e+00 1.000000000000000000e+00 1.000000000000000000e+00
3.560000000000000000e+02 3.592393071954900563e+01 3.519015797294240144e+01 1.000000000000000000e+00 1.000000000000000000e+00 1.000000000000000000e+00
3.570000000000000000e+02 3.592393071954900563e+01 3.519152160930618578e+01 1.000000000000000000e+00 1.000000000000000000e+00 1.000000000000000000e+00
3.580000000000000000e+02 3.592393071954900563e+01 3.519288524566996301e+01 1.000000000000000000e+00 1.000000000000000000e+00 1.000000000000000000e+00
3.590000000000000000e+02 3.592393071954899852e+01 3.519424888203374024e+01 1.000000000000000000e+00 1.000000000000000000e+00 1.000000000000000000e+00
3.600000000000000000e+02 3.592393071954900563e+01 3.519561251839751748e+01 1.000000000000000000e+00 1.000000000000000000e+00 1.000000000000000000e+00
3.610000000000000000e+02 3.592393071954901274e+01 3.519697615476130892e+01 1.000000000000000000e+00 1.000000000000000000e+00 1.000000000000000000e+00
3.620000000000000000e+02 3.592393071954901274e+01 3.519833979112509326e+01 1.000000000000000000e+00 1.000000000000000000e+00 1.000000000000000000e+00
3.630000000000000000e+02 3.592393071954901274e+01 3.519970342748886338e+01 1.000000000000000000e+00 1.000000000000000000e+00 1.000000000000000000e+00
3.640000000000000000e+02 3.592393071954899852e+01 3.520106706385264772e+01 nan 1.000000000000000000e+00 nan
3.650000000000000000e+02 3.592393071954899852e+01 3.520243070021643206e+01 1.000000000000000000e+00 1.000000000000000000e+00 1.000000000000000000e+00
3.660000000000000000e+02 3.592393071954899852e+01 3.520379433658020929e+01 1.000000000000000000e+00 1.000000000000000000e+00 1.000000000000000000e+00
3.670000000000000000e+02 3.592393071954899852e+01 3.520515797294398652e+01 nan 1.000000000000000000e+00 nan
3.680000000000000000e+02 3.592393071954900563e+01 3.520652160930776375e+01 nan 1.000000000000000000e+00 nan
3.690000000000000000e+02 3.592393071954900563e+01 3.520788524567155520e+01 nan 1.000000000000000000e+00 nan
3.700000000000000000e+02 3.592393071954899852e+01 3.520924888203532532e+01 nan 1.000000000000000000e+00 nan
3.710000000000000000e+02 3.592393071954900563e+01 3.521061251839910966e+01 1.000000000000000000e+00 1.000000000000000000e+00 1.000000000000000000e+00
3.720000000000000000e+02 3.592529435591264075e+01 3.516970342748567901e+01 1.000000000000000000e+00 nan nan
3.730000000000000000e+02 3.592529435591263365e+01 3.517106706384945625e+01 nan nan nan
3.740000000000000000e+02 3.592529435591264075e+01 3.517243070021324769e+01 nan nan nan
3.750000000000000000e+02 3.592529435591263365e+01 3.517379433657702492e+01 nan nan nan
3.760000000000000000e+02 3.592529435591263365e+01 3.517515797294080215e+01 nan nan nan
3.770000000000000000e+02 3.592529435591264075e+01 3.517652160930458649e+01 1.000000000000000000e+00 1.000000000000000000e+00 1.000000000000000000e+00
3.780000000000000000e+02 3.592529435591264786e+01 3.517788524566837083e+01 1.000000000000000000e+00 1.000000000000000000e+00 1.000000000000000000e+00
3.790000000000000000e+02 3.592529435591264075e+01 3.517924888203214095e+01 1.000000000000000000e+00 1.000000000000000000e+00 1.000000000000000000e+00
3.800000000000000000e+02 3.592529435591264075e+01 3.518061251839592529e+01 1.000000000000000000e+00 1.000000000000000000e+00 1.000000000000000000e+00
3.810000000000000000e+02 3.592529435591264075e+01 3.518197615475971674e+01 1.000000000000000000e+00 1.000000000000000000e+00 1.000000000000000000e+00
3.820000000000000000e+02 3.592529435591263365e+01 3.518333979112348686e+01 1.000000000000000000e+00 1.000000000000000000e+00 1.000000000000000000e+00
3.830000000000000000e+02 3.592529435591264786e+01 3.518470342748727830e+01 1.000000000000000000e+00 1.000000000000000000e+00 1.000000000000000000e+00
3.840000000000000000e+02 3.592529435591264786e+01 3.518606706385105554e+01 1.000000000000000000e+00 1.000000000000000000e+00 1.000000000000000000e+00
3.850000000000000000e+02 3.592529435591264075e+01 3.518743070021483277e+01 1.000000000000000000e+00 1.000000000000000000e+00 1.000000000000000000e+00
3.860000000000000000e+02 3.592529435591264075e+01 3.518879433657862421e+01 1.000000000000000000e+00 1.000000000000000000e+00 1.000000000000000000e+00
3.870000000000000000e+02 3.592529435591263365e+01 3.519015797294240144e+01 1.000000000000000000e+00 1.000000000000000000e+00 1.000000000000000000e+00
3.880000000000000000e+02 3.592529435591264075e+01 3.519152160930618578e+01 1.000000000000000000e+00 1.000000000000000000e+00 1.000000000000000000e+00
3.890000000000000000e+02 3.592529435591263365e+01 3.519288524566996301e+01 1.000000000000000000e+00 1.000000000000000000e+00 1.000000000000000000e+00
3.900000000000000000e+02 3.592529435591264786e+01 3.519424888203374024e+01 1.000000000000000000e+00 1.000000000000000000e+00 1.000000000000000000e+00
3.910000000000000000e+02 3.592529435591264075e+01 3.519561251839751748e+01 1.000000000000000000e+00 1.000000000000000000e+00 1.000000000000000000e+00
3.920000000000000000e+02 3.592529435591264786e+01 3.519697615476130892e+01 1.000000000000000000e+00 1.000000000000000000e+00 1.000000000000000000e+00
3.930000000000000000e+02 3.592529435591263365e+01 3.519833979112509326e+01 1.000000000000000000e+00 1.000000000000000000e+00 1.000000000000000000e+00
3.940000000000000000e+02 3.592529435591263365e+01 3.519970342748886338e+01 nan 1.000000000000000000e+00 nan
3.950000000000000000e+02 3.592529435591264075e+01 3.520106706385264772e+01 1.000000000000000000e+00 1.000000000000000000e+00 1.000000000000000000e+00
3.960000000000000000e+02 3.592529435591264075e+01 3.520243070021643206e+01 nan 1.000000000000000000e+00 nan
3.970000000000000000e+02 3.592529435591264075e+01 3.520379433658020929e+01 nan 1.000000000000000000e+00 nan
3.980000000000000000e+02 3.592529435591263365e+01 3.520515797294398652e+01 nan 1.000000000000000000e+00 nan
3.990000000000000000e+02 3.592529435591264075e+01 3.520652160930776375e+01 nan 1.000000000000000000e+00 nan
4.000000000000000000e+02 3.592529435591263365e+01 3.520788524567155520e+01 nan 1.000000000000000000e+00 nan
4.010000000000000000e+02 3.592529435591263365e+01 3.520924888203532532e+01 nan 1.000000000000000000e+00 nan
4.020000000000000000e+02 3.592529435591264075e+01 3.521061251839910966e+01 nan 1.000000000000000000e+00 nan
4.030000000000000000e+02 3.592665799227627588e+01 3.516970342748567901e+01 nan nan nan
4.040000000000000000e+02 3.592665799227627588e+01 3.517106706384945625e+01 nan nan nan
4.050000000000000000e+02 3.592665799227627588e+01 3.517243070021324769e+01 1.000000000000000000e+00 nan nan
4.060000000000000000e+02 3.592665799227627588e+01 3.517379433657703203e+01 nan nan nan
4.070000000000000000e+02 3.592665799227627588e+01 3.517515797294080215e+01 nan nan nan
4.080000000000000000e+02 3.592665799227627588e+01 3.517652160930458649e+01 1.000000000000000000e+00 nan nan
4.090000000000000000e+02 3.592665799227627588e+01 3.517788524566837083e+01 1.000000000000000000e+00 1.000000000000000000e+00 1.000000000000000000e+00
4.100000000000000000e+02 3.592665799227627588e+01 3.517924888203215517e+01 1.000000000000000000e+00 1.000000000000000000e+00 1.000000000000000000e+00
4.110000000000000000e+02 3.592665799227627588e+01 3.518061251839592529e+01 nan 1.000000000000000000e+00 nan
4.120000000000000000e+02 3.592665799227627588e+01 3.518197615475971674e+01 1.000000000000000000e+00 1.000000000000000000e+00 1.000000000000000000e+00
4.130000000000000000e+02 3.592665799227627588e+01 3.518333979112349397e+01 1.000000000000000000e+00 1.000000000000000000e+00 1.000000000000000000e+00
4.140000000000000000e+02 3.592665799227627588e+01 3.518470342748727830e+01 1.000000000000000000e+00 1.000000000000000000e+00 1.000000000000000000e+00
4.150000000000000000e+02 3.592665799227627588e+01 3.518606706385105554e+01 1.000000000000000000e+00 1.000000000000000000e+00 1.000000000000000000e+00
4.160000000000000000e+02 3.592665799227627588e+01 3.518743070021483277e+01 1.000000000000000000e+00 1.000000000000000000e+00 1.000000000000000000e+00
4.170000000000000000e+02 3.592665799227627588e+01 3.518879433657861711e+01 1.000000000000000000e+00 1.000000000000000000e+00 1.000000000000000000e+00
4.180000000000000000e+02 3.592665799227627588e+01 3.519015797294240144e+01 1.000000000000000000e+00 1.000000000000000000e+00 1.000000000000000000e+00
4.190000000000000000e+02 3.592665799227627588e+01 3.519152160930618578e+01 nan 1.000000000000000000e+00 nan
4.200000000000000000e+02 3.592665799227627588e+01 3.519288524566996301e+01 1.000000000000000000e+00 1.000000000000000000e+00 1.000000000000000000e+00
4.210000000000000000e+02 3.592665799227627588e+01 3.519424888203374024e+01 1.000000000000000000e+00 1.000000000000000000e+00 1.000000000000000000e+00
4.220000000000000000e+02 3.592665799227627588e+01 3.519561251839751748e+01 1.000000000000000000e+00 1.000000000000000000e+00 1.000000000000000000e+00
4.230000000000000000e+02 3.592665799227627588e+01 3.519697615476130892e+01 1.000000000000000000e+00 1.000000000000000000e+00 1.000000000000000000e+00
4.240000000000000000e+02 3.592665799227627588e+01 3.519833979112509326e+01 nan 1.000000000000000000e+00 nan
4.250000000000000000e+02 3.592665799227627588e+01 3.519970342748886338e+01 1.000000000000000000e+00 1.000000000000000000e+00 1.000000000000000000e+00
4.260000000000000000e+02 3.592665799227627588e+01 3.520106706385264772e+01 nan 1.000000000000000000e+00 nan
4.270000000000000000e+02 3.592665799227627588e+01 3.520243070021642495e+01 1.000000000000000000e+00 1.000000000000000000e+00 1.000000000000000000e+00
4.280000000000000000e+02 3.592665799227627588e+01 3.520379433658020218e+01 nan 1.000000000000000000e+00 nan
4.290000000000000000e+02 3.592665799227627588e+01 3.520515797294398652e+01 nan 1.000000000000000000e+00 nan
4.300000000000000000e+02 3.592665799227627588e+01 3.520652160930777086e+01 nan 1.000000000000000000e+00 nan
4.310000000000000000e+02 3.592665799227627588e+01 3.520788524567154809e+01 nan 1.000000000000000000e+00 nan
4.320000000000000000e+02 3.592665799227628298e+01 3.520924888203532532e+01 nan 1.000000000000000000e+00 nan
4.330000000000000000e+02 3.592665799227627588e+01 3.521061251839910966e+01 nan 1.000000000000000000e+00 nan
4.340000000000000000e+02 3.592802162863991811e+01 3.516970342748567901e+01 nan nan nan
4.350000000000000000e+02 3.592802162863991811e+01 3.517106706384945625e+01 nan nan nan
4.360000000000000000e+02 3.592802162863991811e+01 3.517243070021324769e+01 nan nan nan
4.370000000000000000e+02 3.592802162863991811e+01 3.517379433657703203e+01 1.000000000000000000e+00 nan nan
4.380000000000000000e+02 3.592802162863991811e+01 3.517515797294080215e+01 nan nan nan
4.390000000000000000e+02 3.592802162863991811e+01 3.517652160930458649e+01 nan nan nan
4.400000000000000000e+02 3.592802162863991811e+01 3.517788524566837083e+01 nan nan nan
4.410000000000000000e+02 3.592802162863991100e+01 3.517924888203215517e+01 1.000000000000000000e+00 1.000000000000000000e+00 1.000000000000000000e+00
4.420000000000000000e+02 3.592802162863991811e+01 3.518061251839592529e+01 1.000000000000000000e+00 1.000000000000000000e+00 1.000000000000000000e+00
4.430000000000000000e+02 3.592802162863991811e+01 3.518197615475971674e+01 nan 1.000000000000000000e+00 nan
4.440000000000000000e+02 3.592802162863991811e+01 3.518333979112349397e+01 nan 1.000000000000000000e+00 nan
4.450000000000000000e+02 3.592802162863991100e+01 3.518470342748727830e+01 1.000000000000000000e+00 1.000000000000000000e+00 1.000000000000000000e+00
4.460000000000000000e+02 3.592802162863991811e+01 3.518606706385105554e+01 nan 1.000000000000000000e+00 nan
4.470000000000000000e+02 3.592802162863990389e+01 3.518743070021483277e+01 1.000000000000000000e+00 1.000000000000000000e+00 1.000000000000000000e+00
4.480000000000000000e+02 3.592802162863992521e+01 3.518879433657861711e+01 1.000000000000000000e+00 1.000000000000000000e+00 1.000000000000000000e+00
4.490000000000000000e+02 3.592802162863991811e+01 3.519015797294240144e+01 1.000000000000000000e+00 1.000000000000000000e+00 1.000000000000000000e+00
4.500000000000000000e+02 3.592802162863991811e+01 3.519152160930618578e+01 1.000000000000000000e+00 1.000000000000000000e+00 1.000000000000000000e+00
4.510000000000000000e+02 3.592802162863991811e+01 3.519288524566996301e+01 1.000000000000000000e+00 1.000000000000000000e+00 1.000000000000000000e+00
4.520000000000000000e+02 3.592802162863991811e+01 3.519424888203374024e+01 1.000000000000000000e+00 1.000000000000000000e+00 1.000000000000000000e+00
4.530000000000000000e+02 3.592802162863991811e+01 3.519561251839751748e+01 nan 1.000000000000000000e+00 nan
4.540000000000000000e+02 3.592802162863991811e+01 3.519697615476130892e+01 1.000000000000000000e+00 1.000000000000000000e+00 1.000000000000000000e+00
4.550000000000000000e+02 3.592802162863991811e+01 3.519833979112509326e+01 nan 1.000000000000000000e+00 nan
4.560000000000000000e+02 3.592802162863991811e+01 3.519970342748886338e+01 nan 1.000000000000000000e+00 nan
4.570000000000000000e+02 3.592802162863991100e+01 3.520106706385264772e+01 nan 1.000000000000000000e+00 nan
4.580000000000000000e+02 3.592802162863991100e+01 3.520243070021642495e+01 nan 1.000000000000000000e+00 nan
4.590000000000000000e+02 3.592802162863991811e+01 3.520379433658020218e+01 nan 1.000000000000000000e+00 nan
4.600000000000000000e+02 3.592802162863991811e+01 3.520515797294398652e+01 nan 1.000000000000000000e+00 nan
4.610000000000000000e+02 3.592802162863991811e+01 3.520652160930777086e+01 nan 1.000000000000000000e+00 nan
4.620000000000000000e+02 3.592802162863991100e+01 3.520788524567154809e+01 nan 1.000000000000000000e+00 nan
4.630000000000000000e+02 3.592802162863991100e+01 3.520924888203532532e+01 nan 1.000000000000000000e+00 nan
4.640000000000000000e+02 3.592802162863991811e+01 3.521061251839910966e+01 nan 1.000000000000000000e+00 nan
4.650000000000000000e+02 3.592938526500356033e+01 3.516970342748567901e+01 nan nan nan
4.660000000000000000e+02 3.592938526500356033e+01 3.517106706384945625e+01 nan nan nan
4.670000000000000000e+02 3.592938526500356033e+01 3.517243070021324769e+01 nan nan nan
4.680000000000000000e+02 3.592938526500356033e+01 3.517379433657703203e+01 nan nan nan
4.690000000000000000e+02 3.592938526500356033e+01 3.517515797294080215e+01 nan nan nan
4.700000000000000000e+02 3.592938526500356033e+01 3.517652160930458649e+01 nan nan nan
4.710000000000000000e+02 3.592938526500356033e+01 3.517788524566837083e+01 1.000000000000000000e+00 nan nan
4.720000000000000000e+02 3.592938526500355323e+01 3.517924888203214806e+01 nan nan nan
4.730000000000000000e+02 3.592938526500356033e+01 3.518061251839592529e+01 nan nan nan
4.740000000000000000e+02 3.592938526500355323e+01 3.518197615475971674e+01 nan 1.000000000000000000e+00 nan
4.750000000000000000e+02 3.592938526500356033e+01 3.518333979112350107e+01 nan 1.000000000000000000e+00 nan
4.760000000000000000e+02 3.592938526500355323e+01 3.518470342748726409e+01 nan 1.000000000000000000e+00 nan
4.770000000000000000e+02 3.592938526500355323e+01 3.518606706385105554e+01 nan 1.000000000000000000e+00 nan
4.780000000000000000e+02 3.592938526500355323e+01 3.518743070021483277e+01 nan 1.000000000000000000e+00 nan
4.790000000000000000e+02 3.592938526500356033e+01 3.518879433657861711e+01 1.000000000000000000e+00 1.000000000000000000e+00 1.000000000000000000e+00
4.800000000000000000e+02 3.592938526500356033e+01 3.519015797294240144e+01 nan 1.000000000000000000e+00 nan
4.810000000000000000e+02 3.592938526500356033e+01 3.519152160930618578e+01 nan 1.000000000000000000e+00 nan
4.820000000000000000e+02 3.592938526500356033e+01 3.519288524566997722e+01 nan 1.000000000000000000e+00 nan
4.830000000000000000e+02 3.592938526500356033e+01 3.519424888203374735e+01 nan 1.000000000000000000e+00 nan
4.840000000000000000e+02 3.592938526500356033e+01 3.519561251839752458e+01 1.000000000000000000e+00 1.000000000000000000e+00 1.000000000000000000e+00
4.850000000000000000e+02 3.592938526500356033e+01 3.519697615476130892e+01 nan 1.000000000000000000e+00 nan
4.860000000000000000e+02 3.592938526500356033e+01 3.519833979112507905e+01 nan 1.000000000000000000e+00 nan
4.870000000000000000e+02 3.592938526500356033e+01 3.519970342748885628e+01 nan 1.000000000000000000e+00 nan
4.880000000000000000e+02 3.592938526500356033e+01 3.520106706385264772e+01 nan 1.000000000000000000e+00 nan
4.890000000000000000e+02 3.592938526500356033e+01 3.520243070021642495e+01 1.000000000000000000e+00 1.000000000000000000e+00 1.000000000000000000e+00
4.900000000000000000e+02 3.592938526500356033e+01 3.520379433658020929e+01 nan 1.000000000000000000e+00 nan
4.910000000000000000e+02 3.592938526500356033e+01 3.520515797294398652e+01 nan 1.000000000000000000e+00 nan
4.920000000000000000e+02 3.592938526500356033e+01 3.520652160930776375e+01 nan 1.000000000000000000e+00 nan
4.930000000000000000e+02 3.592938526500356033e+01 3.520788524567154809e+01 nan 1.000000000000000000e+00 nan
4.940000000000000000e+02 3.592938526500356033e+01 3.520924888203533243e+01 nan 1.000000000000000000e+00 nan
4.950000000000000000e+02 3.592938526500356033e+01 3.521061251839910966e+01 nan 1.000000000000000000e+00 nan
4.960000000000000000e+02 3.593074890136718125e+01 3.516970342748567901e+01 nan nan nan
4.970000000000000000e+02 3.593074890136718835e+01 3.517106706384945625e+01 nan nan nan
4.980000000000000000e+02 3.593074890136718835e+01 3.517243070021324769e+01 nan nan nan
4.990000000000000000e+02 3.593074890136718125e+01 3.517379433657703203e+01 nan nan nan
5.000000000000000000e+02 3.593074890136718835e+01 3.517515797294080215e+01 nan nan nan
5.010000000000000000e+02 3.593074890136718835e+01 3.517652160930458649e+01 nan nan nan
5.020000000000000000e+02 3.593074890136718835e+01 3.517788524566837083e+01 nan nan nan
5.030000000000000000e+02 3.593074890136718835e+01 3.517924888203214806e+01 nan nan nan
5.040000000000000000e+02 3.593074890136718835e+01 3.518061251839592529e+01 1.000000000000000000e+00 nan nan
5.050000000000000000e+02 3.593074890136718835e+01 3.518197615475971674e+01 1.000000000000000000e+00 1.000000000000000000e+00 1.000000000000000000e+00
5.060000000000000000e+02 3.593074890136718835e+01 3.518333979112350107e+01 nan 1.000000000000000000e+00 nan
5.070000000000000000e+02 3.593074890136718835e+01 3.518470342748726409e+01 nan 1.000000000000000000e+00 nan
5.080000000000000000e+02 3.593074890136718835e+01 3.518606706385105554e+01 nan 1.000000000000000000e+00 nan
5.090000000000000000e+02 3.593074890136718835e+01 3.518743070021483277e+01 nan 1.000000000000000000e+00 nan
5.100000000000000000e+02 3.593074890136718835e+01 3.518879433657861711e+01 1.000000000000000000e+00 1.000000000000000000e+00 1.000000000000000000e+00
5.110000000000000000e+02 3.593074890136718835e+01 3.519015797294240144e+01 nan 1.000000000000000000e+00 nan
5.120000000000000000e+02 3.593074890136718125e+01 3.519152160930618578e+01 nan 1.000000000000000000e+00 nan
5.130000000000000000e+02 3.593074890136718835e+01 3.519288524566997722e+01 nan 1.000000000000000000e+00 nan
5.140000000000000000e+02 3.593074890136718125e+01 3.519424888203374735e+01 nan 1.000000000000000000e+00 nan
5.150000000000000000e+02 3.593074890136718125e+01 3.519561251839752458e+01 nan 1.000000000000000000e+00 nan
5.160000000000000000e+02 3.593074890136718835e+01 3.519697615476130892e+01 nan 1.000000000000000000e+00 nan
5.170000000000000000e+02 3.593074890136718125e+01 3.519833979112507905e+01 1.000000000000000000e+00 1.000000000000000000e+00 1.000000000000000000e+00
5.180000000000000000e+02 3.593074890136718835e+01 3.519970342748885628e+01 nan 1.000000000000000000e+00 nan
5.190000000000000000e+02 3.593074890136718125e+01 3.520106706385264772e+01 nan 1.000000000000000000e+00 nan
5.200000000000000000e+02 3.593074890136718835e+01 3.520243070021642495e+01 nan 1.000000000000000000e+00 nan
5.210000000000000000e+02 3.593074890136718835e+01 3.520379433658020929e+01 nan 1.000000000000000000e+00 nan
5.220000000000000000e+02 3.593074890136718835e+01 3.520515797294398652e+01 nan 1.000000000000000000e+00 nan
5.230000000000000000e+02 3.593074890136718835e+01 3.520652160930776375e+01 nan 1.000000000000000000e+00 nan
5.240000000000000000e+02 3.593074890136718125e+01 3.520788524567154809e+01 nan 1.000000000000000000e+00 nan
5.250000000000000000e+02 3.593074890136718835e+01 3.520924888203533243e+01 nan 1.000000000000000000e+00 nan
5.260000000000000000e+02 3.593074890136718835e+01 3.521061251839910966e+01 nan 1.000000000000000000e+00 nan
