1.000000000000000000e+00 9.326591219198976379e-02
3.000000000000000000e+00 1.510676083228530420e-01
5.000000000000000000e+00 1.873896374067469672e-01
7.000000000000000000e+00 2.067090176626935616e-01
9.000000000000000000e+00 2.171858140123679171e-01
1.100000000000000000e+01 2.235948565977661229e-01
1.300000000000000000e+01 2.279835069887393706e-01
1.500000000000000000e+01 2.312662810161114635e-01
1.700000000000000000e+01 2.338450232780577842e-01
1.900000000000000000e+01 2.359572846116265721e-01
2.100000000000000000e+01 2.377248490148732296e-01
2.300000000000000000e+01 2.392441875337671942e-01
2.500000000000000000e+01 2.406005042178822606e-01
2.700000000000000000e+01 2.418273861611001108e-01
2.900000000000000000e+01 2.429482402351377246e-01
3.100000000000000000e+01 2.439709794378274177e-01
3.300000000000000000e+01 2.449108446708361253e-01
3.500000000000000000e+01 2.457622385885317451e-01
3.700000000000000000e+01 2.465591324262880191e-01
3.900000000000000000e+01 2.472952117305883268e-01
4.100000000000000000e+01 2.479779670397819213e-01
4.300000000000000000e+01 2.486163579184264005e-01
4.500000000000000000e+01 2.492311976704213450e-01
4.700000000000000000e+01 2.498254246252399335e-01
4.900000000000000000e+01 2.504027853410342175e-01
5.100000000000000000e+01 2.509690287364999550e-01
5.300000000000000000e+01 2.515329538579426094e-01
5.500000000000000000e+01 2.520943600295070253e-01
5.700000000000000000e+01 2.526490104228058531e-01
5.900000000000000000e+01 2.531905042677874418e-01
6.100000000000000000e+01 2.537371491588824579e-01
6.300000000000000000e+01 2.542872498705469608e-01
6.500000000000000000e+01 2.548374172575299523e-01
6.700000000000000000e+01 2.553912271446778792e-01
6.900000000000000000e+01 2.559438720255878819e-01
7.100000000000000000e+01 2.564968065085126980e-01
7.300000000000000000e+01 2.570510241444882160e-01
7.500000000000000000e+01 2.576083064463379202e-01
7.700000000000000000e+01 2.581695756758043414e-01
7.900000000000000000e+01 2.587307595658503434e-01
8.100000000000000000e+01 2.592995117995611221e-01
8.300000000000000000e+01 2.598755260859660909e-01
8.500000000000000000e+01 2.604576636348603369e-01
8.700000000000000000e+01 2.610437757243448953e-01
8.900000000000000000e+01 2.616367893446632786e-01
9.100000000000000000e+01 2.622300877269772013e-01
9.300000000000000000e+01 2.628236344555423543e-01
9.500000000000000000e+01 2.634164040515868388e-01
9.700000000000000000e+01 2.640030283601614292e-01
9.900000000000000000e+01 2.645812809620144979e-01
1.010000000000000000e+02 2.651553912789141876e-01
1.030000000000000000e+02 2.657213051526992054e-01
1.050000000000000000e+02 2.662774560668067503e-01
1.070000000000000000e+02 2.668241853553711129e-01
1.090000000000000000e+02 2.673615242346103482e-01
1.110000000000000000e+02 2.678904133226571727e-01
1.130000000000000000e+02 2.684211809290005801e-01
1.150000000000000000e+02 2.689551659591958854e-01
1.170000000000000000e+02 2.694933683097761046e-01
1.190000000000000000e+02 2.700354501621591297e-01
1.210000000000000000e+02 2.705721069902294884e-01
1.230000000000000000e+02 2.711055213340927139e-01
1.250000000000000000e+02 2.716366713350978346e-01
1.270000000000000000e+02 2.721822439556819129e-01
1.290000000000000000e+02 2.727441140762667526e-01
1.310000000000000000e+02 2.733178497629659143e-01
1.330000000000000000e+02 2.738999659817136223e-01
1.350000000000000000e+02 2.744921574996950220e-01
1.370000000000000000e+02 2.751036952511255462e-01
1.390000000000000000e+02 2.757328141751793638e-01
1.410000000000000000e+02 2.763713615777109167e-01
1.430000000000000000e+02 2.770239550130041417e-01
1.450000000000000000e+02 2.776922184889738521e-01
1.470000000000000000e+02 2.783807744191042488e-01
1.490000000000000000e+02 2.790902263435860453e-01
