0.000000000000000000e+00 3.591453832452947381e+01 3.517330831640207833e+01 nan nan nan
1.000000000000000000e+00 3.591453832452947381e+01 3.517467195276586267e+01 nan nan nan
2.000000000000000000e+00 3.591453832452947381e+01 3.517603558912963990e+01 nan nan nan
3.000000000000000000e+00 3.591453832452948092e+01 3.517739922549343135e+01 nan nan nan
4.000000000000000000e+00 3.591453832452948092e+01 3.517876286185720147e+01 nan nan nan
5.000000000000000000e+00 3.591453832452948092e+01 3.518012649822098581e+01 1.000000000000000000e+00 nan nan
6.000000000000000000e+00 3.591453832452947381e+01 3.518149013458475594e+01 nan nan nan
7.000000000000000000e+00 3.591453832452948092e+01 3.518285377094854738e+01 nan nan nan
8.000000000000000000e+00 3.591453832452947381e+01 3.518421740731233172e+01 nan nan nan
9.000000000000000000e+00 3.591453832452948092e+01 3.518558104367612316e+01 nan 1.000000000000000000e+00 nan
1.000000000000000000e+01 3.591453832452947381e+01 3.518694468003989329e+01 nan 1.000000000000000000e+00 nan
1.100000000000000000e+01 3.591453832452947381e+01 3.518830831640367052e+01 1.000000000000000000e+00 1.000000000000000000e+00 1.000000000000000000e+00
1.200000000000000000e+01 3.591453832452947381e+01 3.518967195276745485e+01 nan 1.000000000000000000e+00 nan
1.300000000000000000e+01 3.591453832452947381e+01 3.519103558913123919e+01 nan 1.000000000000000000e+00 nan
1.400000000000000000e+01 3.591453832452947381e+01 3.519239922549501642e+01 nan 1.000000000000000000e+00 nan
1.500000000000000000e+01 3.591453832452948092e+01 3.519376286185879366e+01 1.000000000000000000e+00 1.000000000000000000e+00 1.000000000000000000e+00
1.600000000000000000e+01 3.591453832452947381e+01 3.519512649822258510e+01 nan 1.000000000000000000e+00 nan
1.700000000000000000e+01 3.591453832452947381e+01 3.519649013458635523e+01 nan 1.000000000000000000e+00 nan
1.800000000000000000e+01 3.591453832452948092e+01 3.519785377095014667e+01 nan 1.000000000000000000e+00 nan
1.900000000000000000e+01 3.591453832452947381e+01 3.519921740731390969e+01 nan 1.000000000000000000e+00 nan
2.000000000000000000e+01 3.591453832452947381e+01 3.520058104367770113e+01 nan 1.000000000000000000e+00 nan
2.100000000000000000e+01 3.591453832452947381e+01 3.520194468004147836e+01 nan 1.000000000000000000e+00 nan
2.200000000000000000e+01 3.591453832452947381e+01 3.520330831640526981e+01 nan 1.000000000000000000e+00 nan
2.300000000000000000e+01 3.591453832452947381e+01 3.520467195276903993e+01 nan 1.000000000000000000e+00 nan
2.400000000000000000e+01 3.591453832452948092e+01 3.520603558913282427e+01 nan 1.000000000000000000e+00 nan
2.500000000000000000e+01 3.591453832452948092e+01 3.520739922549660861e+01 nan 1.000000000000000000e+00 nan
2.600000000000000000e+01 3.591453832452947381e+01 3.520876286186039295e+01 nan 1.000000000000000000e+00 nan
2.700000000000000000e+01 3.591453832452947381e+01 3.521012649822416307e+01 nan 1.000000000000000000e+00 nan
2.800000000000000000e+01 3.591453832452948092e+01 3.521149013458794741e+01 nan 1.000000000000000000e+00 nan
2.900000000000000000e+01 3.591453832452948092e+01 3.521285377095172464e+01 nan 1.000000000000000000e+00 nan
3.000000000000000000e+01 3.591453832452947381e+01 3.521421740731550898e+01 nan 1.000000000000000000e+00 nan
3.100000000000000000e+01 3.591453832452947381e+01 3.521558104367929332e+01 nan 1.000000000000000000e+00 nan
3.200000000000000000e+01 3.591453832452948092e+01 3.521694468004306344e+01 nan 1.000000000000000000e+00 nan
3.300000000000000000e+01 3.591453832452947381e+01 3.521830831640684778e+01 nan 1.000000000000000000e+00 nan
3.400000000000000000e+01 3.591453832452947381e+01 3.521967195277063922e+01 nan 1.000000000000000000e+00 nan
3.500000000000000000e+01 3.591453832452947381e+01 3.522103558913441645e+01 nan 1.000000000000000000e+00 nan
3.600000000000000000e+01 3.591590196089310894e+01 3.517330831640207833e+01 nan nan nan
3.700000000000000000e+01 3.591590196089310894e+01 3.517467195276586267e+01 1.000000000000000000e+00 nan nan
3.800000000000000000e+01 3.591590196089311604e+01 3.517603558912963990e+01 1.000000000000000000e+00 nan nan
3.900000000000000000e+01 3.591590196089311604e+01 3.517739922549343135e+01 1.000000000000000000e+00 nan nan
4.000000000000000000e+01 3.591590196089310894e+01 3.517876286185720147e+01 nan nan nan
4.100000000000000000e+01 3.591590196089310894e+01 3.518012649822098581e+01 1.000000000000000000e+00 1.000000000000000000e+00 1.000000000000000000e+00
4.200000000000000000e+01 3.591590196089310894e+01 3.518149013458475594e+01 1.000000000000000000e+00 1.000000000000000000e+00 1.000000000000000000e+00
4.300000000000000000e+01 3.591590196089311604e+01 3.518285377094854738e+01 nan 1.000000000000000000e+00 nan
4.400000000000000000e+01 3.591590196089311604e+01 3.518421740731233172e+01 nan 1.000000000000000000e+00 nan
4.500000000000000000e+01 3.591590196089311604e+01 3.518558104367612316e+01 nan 1.000000000000000000e+00 nan
4.600000000000000000e+01 3.591590196089310894e+01 3.518694468003989329e+01 nan 1.000000000000000000e+00 nan
4.700000000000000000e+01 3.591590196089310894e+01 3.518830831640367052e+01 nan 1.000000000000000000e+00 nan
4.800000000000000000e+01 3.591590196089310894e+01 3.518967195276745485e+01 nan 1.000000000000000000e+00 nan
4.900000000000000000e+01 3.591590196089310894e+01 3.519103558913123919e+01 1.000000000000000000e+00 1.000000000000000000e+00 1.000000000000000000e+00
5.000000000000000000e+01 3.591590196089310894e+01 3.519239922549501642e+01 nan 1.000000000000000000e+00 nan
5.100000000000000000e+01 3.591590196089310894e+01 3.519376286185879366e+01 nan 1.000000000000000000e+00 nan
5.200000000000000000e+01 3.591590196089311604e+01 3.519512649822258510e+01 1.000000000000000000e+00 1.000000000000000000e+00 1.000000000000000000e+00
5.300000000000000000e+01 3.591590196089311604e+01 3.519649013458635523e+01 nan 1.000000000000000000e+00 nan
5.400000000000000000e+01 3.591590196089311604e+01 3.519785377095014667e+01 nan 1.000000000000000000e+00 nan
5.500000000000000000e+01 3.591590196089311604e+01 3.519921740731390969e+01 nan 1.000000000000000000e+00 nan
5.600000000000000000e+01 3.591590196089311604e+01 3.520058104367770113e+01 nan 1.000000000000000000e+00 nan
5.700000000000000000e+01 3.591590196089310894e+01 3.520194468004147836e+01 nan 1.000000000000000000e+00 nan
5.800000000000000000e+01 3.591590196089310894e+01 3.520330831640526981e+01 nan 1.000000000000000000e+00 nan
5.900000000000000000e+01 3.591590196089310894e+01 3.520467195276903993e+01 nan 1.000000000000000000e+00 nan
6.000000000000000000e+01 3.591590196089310894e+01 3.520603558913282427e+01 nan 1.000000000000000000e+00 nan
6.100000000000000000e+01 3.591590196089311604e+01 3.520739922549660861e+01 nan 1.000000000000000000e+00 nan
6.200000000000000000e+01 3.591590196089311604e+01 3.520876286186039295e+01 nan 1.000000000000000000e+00 nan
6.300000000000000000e+01 3.591590196089310894e+01 3.521012649822416307e+01 nan 1.000000000000000000e+00 nan
6.400000000000000000e+01 3.591590196089310894e+01 3.521149013458794741e+01 nan 1.000000000000000000e+00 nan
6.500000000000000000e+01 3.591590196089310894e+01 3.521285377095172464e+01 nan 1.000000000000000000e+00 nan
6.600000000000000000e+01 3.591590196089311604e+01 3.521421740731550898e+01 nan 1.000000000000000000e+00 nan
6.700000000000000000e+01 3.591590196089310894e+01 3.521558104367929332e+01 nan 1.000000000000000000e+00 nan
6.800000000000000000e+01 3.591590196089310894e+01 3.521694468004306344e+01 nan 1.000000000000000000e+00 nan
6.900000000000000000e+01 3.591590196089310894e+01 3.521830831640684778e+01 nan 1.000000000000000000e+00 nan
7.000000000000000000e+01 3.591590196089310894e+01 3.521967195277063922e+01 nan 1.000000000000000000e+00 nan
7.100000000000000000e+01 3.591590196089311604e+01 3.522103558913441645e+01 nan 1.000000000000000000e+00 nan
7.200000000000000000e+01 3.591726559725674406e+01 3.517330831640207833e+01 1.000000000000000000e+00 nan nan
7.300000000000000000e+01 3.591726559725675116e+01 3.517467195276586267e+01 1.000000000000000000e+00 nan nan
7.400000000000000000e+01 3.591726559725674406e+01 3.517603558912963990e+01 1.000000000000000000e+00 nan nan
7.500000000000000000e+01 3.591726559725674406e+01 3.517739922549343135e+01 nan nan nan
7.600000000000000000e+01 3.591726559725675116e+01 3.517876286185720147e+01 1.000000000000000000e+00 1.000000000000000000e+00 1.000000000000000000e+00
7.700000000000000000e+01 3.591726559725675116e+01 3.518012649822098581e+01 1.000000000000000000e+00 1.000000000000000000e+00 1.000000000000000000e+00
7.800000000000000000e+01 3.591726559725674406e+01 3.518149013458475594e+01 1.000000000000000000e+00 1.000000000000000000e+00 1.000000000000000000e+00
7.900000000000000000e+01 3.591726559725673695e+01 3.518285377094854738e+01 1.000000000000000000e+00 1.000000000000000000e+00 1.000000000000000000e+00
8.000000000000000000e+01 3.591726559725674406e+01 3.518421740731233172e+01 1.000000000000000000e+00 1.000000000000000000e+00 1.000000000000000000e+00
8.100000000000000000e+01 3.591726559725675827e+01 3.518558104367612316e+01 1.000000000000000000e+00 1.000000000000000000e+00 1.000000000000000000e+00
8.200000000000000000e+01 3.591726559725674406e+01 3.518694468003989329e+01 nan 1.000000000000000000e+00 nan
8.300000000000000000e+01 3.591726559725675116e+01 3.518830831640367052e+01 1.000000000000000000e+00 1.000000000000000000e+00 1.000000000000000000e+00
8.400000000000000000e+01 3.591726559725674406e+01 3.518967195276745485e+01 1.000000000000000000e+00 1.000000000000000000e+00 1.000000000000000000e+00
8.500000000000000000e+01 3.591726559725673695e+01 3.519103558913123919e+01 1.000000000000000000e+00 1.000000000000000000e+00 1.000000000000000000e+00
8.600000000000000000e+01 3.591726559725674406e+01 3.519239922549501642e+01 1.000000000000000000e+00 1.000000000000000000e+00 1.000000000000000000e+00
8.700000000000000000e+01 3.591726559725674406e+01 3.519376286185879366e+01 1.000000000000000000e+00 1.000000000000000000e+00 1.000000000000000000e+00
8.800000000000000000e+01 3.591726559725674406e+01 3.519512649822258510e+01 nan 1.000000000000000000e+00 nan
8.900000000000000000e+01 3.591726559725675116e+01 3.519649013458635523e+01 nan 1.000000000000000000e+00 nan
9.000000000000000000e+01 3.591726559725674406e+01 3.519785377095014667e+01 nan 1.000000000000000000e+00 nan
9.100000000000000000e+01 3.591726559725675116e+01 3.519921740731390969e+01 nan 1.000000000000000000e+00 nan
9.200000000000000000e+01 3.591726559725674406e+01 3.520058104367770113e+01 nan 1.000000000000000000e+00 nan
9.300000000000000000e+01 3.591726559725674406e+01 3.520194468004147836e+01 nan 1.000000000000000000e+00 nan
9.400000000000000000e+01 3.591726559725674406e+01 3.520330831640526981e+01 nan 1.000000000000000000e+00 nan
9.500000000000000000e+01 3.591726559725674406e+01 3.520467195276903993e+01 nan 1.000000000000000000e+00 nan
9.600000000000000000e+01 3.591726559725674406e+01 3.520603558913282427e+01 nan 1.000000000000000000e+00 nan
9.700000000000000000e+01 3.591726559725674406e+01 3.520739922549660861e+01 nan 1.000000000000000000e+00 nan
9.800000000000000000e+01 3.591726559725675116e+01 3.520876286186039295e+01 nan 1.000000000000000000e+00 nan
9.900000000000000000e+01 3.591726559725675116e+01 3.521012649822416307e+01 nan 1.000000000000000000e+00 nan
1.000000000000000000e+02 3.591726559725674406e+01 3.521149013458794741e+01 nan 1.000000000000000000e+00 nan
1.010000000000000000e+02 3.591726559725675116e+01 3.521285377095172464e+01 nan 1.000000000000000000e+00 nan
1.020000000000000000e+02 3.591726559725674406e+01 3.521421740731550898e+01 nan 1.000000000000000000e+00 nan
1.030000000000000000e+02 3.591726559725674406e+01 3.521558104367929332e+01 nan 1.000000000000000000e+00 nan
1.040000000000000000e+02 3.591726559725674406e+01 3.521694468004306344e+01 nan 1.000000000000000000e+00 nan
1.050000000000000000e+02 3.591726559725674406e+01 3.521830831640684778e+01 nan 1.000000000000000000e+00 nan
1.060000000000000000e+02 3.591726559725674406e+01 3.521967195277063922e+01 nan 1.000000000000000000e+00 nan
1.070000000000000000e+02 3.591726559725674406e+01 3.522103558913441645e+01 nan 1.000000000000000000e+00 nan
1.080000000000000000e+02 3.591862923362038629e+01 3.517330831640209254e+01 nan nan nan
1.090000000000000000e+02 3.591862923362038629e+01 3.517467195276586267e+01 1.000000000000000000e+00 1.000000000000000000e+00 1.000000000000000000e+00
1.100000000000000000e+02 3.591862923362038629e+01 3.517603558912964701e+01 1.000000000000000000e+00 1.000000000000000000e+00 1.000000000000000000e+00
1.110000000000000000e+02 3.591862923362038629e+01 3.517739922549343135e+01 1.000000000000000000e+00 1.000000000000000000e+00 1.000000000000000000e+00
1.120000000000000000e+02 3.591862923362038629e+01 3.517876286185720147e+01 1.000000000000000000e+00 1.000000000000000000e+00 1.000000000000000000e+00
1.130000000000000000e+02 3.591862923362038629e+01 3.518012649822098581e+01 1.000000000000000000e+00 1.000000000000000000e+00 1.000000000000000000e+00
1.140000000000000000e+02 3.591862923362038629e+01 3.518149013458476304e+01 1.000000000000000000e+00 1.000000000000000000e+00 1.000000000000000000e+00
1.150000000000000000e+02 3.591862923362038629e+01 3.518285377094854738e+01 1.000000000000000000e+00 1.000000000000000000e+00 1.000000000000000000e+00
1.160000000000000000e+02 3.591862923362038629e+01 3.518421740731233172e+01 1.000000000000000000e+00 1.000000000000000000e+00 1.000000000000000000e+00
1.170000000000000000e+02 3.591862923362038629e+01 3.518558104367611605e+01 1.000000000000000000e+00 1.000000000000000000e+00 1.000000000000000000e+00
1.180000000000000000e+02 3.591862923362038629e+01 3.518694468003990039e+01 1.000000000000000000e+00 1.000000000000000000e+00 1.000000000000000000e+00
1.190000000000000000e+02 3.591862923362038629e+01 3.518830831640367052e+01 nan 1.000000000000000000e+00 nan
1.200000000000000000e+02 3.591862923362038629e+01 3.518967195276745485e+01 1.000000000000000000e+00 1.000000000000000000e+00 1.000000000000000000e+00
1.210000000000000000e+02 3.591862923362038629e+01 3.519103558913123919e+01 1.000000000000000000e+00 1.000000000000000000e+00 1.000000000000000000e+00
1.220000000000000000e+02 3.591862923362038629e+01 3.519239922549501642e+01 1.000000000000000000e+00 1.000000000000000000e+00 1.000000000000000000e+00
1.230000000000000000e+02 3.591862923362038629e+01 3.519376286185879366e+01 nan 1.000000000000000000e+00 nan
1.240000000000000000e+02 3.591862923362038629e+01 3.519512649822258510e+01 1.000000000000000000e+00 1.000000000000000000e+00 1.000000000000000000e+00
1.250000000000000000e+02 3.591862923362038629e+01 3.519649013458635523e+01 1.000000000000000000e+00 1.000000000000000000e+00 1.000000000000000000e+00
1.260000000000000000e+02 3.591862923362038629e+01 3.519785377095013246e+01 nan 1.000000000000000000e+00 nan
1.270000000000000000e+02 3.591862923362038629e+01 3.519921740731392390e+01 nan 1.000000000000000000e+00 nan
1.280000000000000000e+02 3.591862923362038629e+01 3.520058104367770113e+01 nan 1.000000000000000000e+00 nan
1.290000000000000000e+02 3.591862923362038629e+01 3.520194468004147836e+01 nan 1.000000000000000000e+00 nan
1.300000000000000000e+02 3.591862923362038629e+01 3.520330831640526270e+01 nan 1.000000000000000000e+00 nan
1.310000000000000000e+02 3.591862923362038629e+01 3.520467195276905414e+01 nan 1.000000000000000000e+00 nan
1.320000000000000000e+02 3.591862923362039339e+01 3.520603558913282427e+01 nan 1.000000000000000000e+00 nan
1.330000000000000000e+02 3.591862923362038629e+01 3.520739922549660861e+01 nan 1.000000000000000000e+00 nan
1.340000000000000000e+02 3.591862923362038629e+01 3.520876286186040005e+01 nan 1.000000000000000000e+00 nan
1.350000000000000000e+02 3.591862923362038629e+01 3.521012649822416307e+01 nan 1.000000000000000000e+00 nan
1.360000000000000000e+02 3.591862923362038629e+01 3.521149013458794741e+01 nan 1.000000000000000000e+00 nan
1.370000000000000000e+02 3.591862923362038629e+01 3.521285377095172464e+01 nan 1.000000000000000000e+00 nan
1.380000000000000000e+02 3.591862923362038629e+01 3.521421740731550898e+01 nan 1.000000000000000000e+00 nan
1.390000000000000000e+02 3.591862923362038629e+01 3.521558104367929332e+01 nan 1.000000000000000000e+00 nan
1.400000000000000000e+02 3.591862923362038629e+01 3.521694468004306344e+01 nan 1.000000000000000000e+00 nan
1.410000000000000000e+02 3.591862923362038629e+01 3.521830831640684778e+01 nan 1.000000000000000000e+00 nan
1.420000000000000000e+02 3.591862923362038629e+01 3.521967195277064633e+01 nan 1.000000000000000000e+00 nan
1.430000000000000000e+02 3.591862923362038629e+01 3.522103558913440935e+01 nan 1.000000000000000000e+00 nan
1.440000000000000000e+02 3.591999286998401431e+01 3.517330831640209254e+01 nan nan nan
1.450000000000000000e+02 3.591999286998401431e+01 3.517467195276586267e+01 nan 1.000000000000000000e+00 nan
1.460000000000000000e+02 3.591999286998402141e+01 3.517603558912963990e+01 1.000000000000000000e+00 1.000000000000000000e+00 1.000000000000000000e+00
1.470000000000000000e+02 3.591999286998402141e+01 3.517739922549343135e+01 1.000000000000000000e+00 1.000000000000000000e+00 1.000000000000000000e+00
1.480000000000000000e+02 3.591999286998401431e+01 3.517876286185720858e+01 1.000000000000000000e+00 1.000000000000000000e+00 1.000000000000000000e+00
1.490000000000000000e+02 3.591999286998402852e+01 3.518012649822098581e+01 1.000000000000000000e+00 1.000000000000000000e+00 1.000000000000000000e+00
1.500000000000000000e+02 3.591999286998402141e+01 3.518149013458476304e+01 1.000000000000000000e+00 1.000000000000000000e+00 1.000000000000000000e+00
1.510000000000000000e+02 3.591999286998402141e+01 3.518285377094854738e+01 1.000000000000000000e+00 1.000000000000000000e+00 1.000000000000000000e+00
1.520000000000000000e+02 3.591999286998402141e+01 3.518421740731233172e+01 1.000000000000000000e+00 1.000000000000000000e+00 1.000000000000000000e+00
1.530000000000000000e+02 3.591999286998401431e+01 3.518558104367610895e+01 1.000000000000000000e+00 1.000000000000000000e+00 1.000000000000000000e+00
1.540000000000000000e+02 3.591999286998402141e+01 3.518694468003989329e+01 nan 1.000000000000000000e+00 nan
1.550000000000000000e+02 3.591999286998402141e+01 3.518830831640367052e+01 1.000000000000000000e+00 1.000000000000000000e+00 1.000000000000000000e+00
1.560000000000000000e+02 3.591999286998402852e+01 3.518967195276745485e+01 nan 1.000000000000000000e+00 nan
1.570000000000000000e+02 3.591999286998402141e+01 3.519103558913123209e+01 nan 1.000000000000000000e+00 nan
1.580000000000000000e+02 3.591999286998401431e+01 3.519239922549500932e+01 nan 1.000000000000000000e+00 nan
1.590000000000000000e+02 3.591999286998402141e+01 3.519376286185879366e+01 1.000000000000000000e+00 1.000000000000000000e+00 1.000000000000000000e+00
1.600000000000000000e+02 3.591999286998401431e+01 3.519512649822258510e+01 1.000000000000000000e+00 1.000000000000000000e+00 1.000000000000000000e+00
1.610000000000000000e+02 3.591999286998402141e+01 3.519649013458635523e+01 1.000000000000000000e+00 1.000000000000000000e+00 1.000000000000000000e+00
1.620000000000000000e+02 3.591999286998402852e+01 3.519785377095014667e+01 1.000000000000000000e+00 1.000000000000000000e+00 1.000000000000000000e+00
1.630000000000000000e+02 3.591999286998401431e+01 3.519921740731390969e+01 nan 1.000000000000000000e+00 nan
1.640000000000000000e+02 3.591999286998402852e+01 3.520058104367769403e+01 nan 1.000000000000000000e+00 nan
1.650000000000000000e+02 3.591999286998402141e+01 3.520194468004147836e+01 1.000000000000000000e+00 1.000000000000000000e+00 1.000000000000000000e+00
1.660000000000000000e+02 3.591999286998402852e+01 3.520330831640526270e+01 nan 1.000000000000000000e+00 nan
1.670000000000000000e+02 3.591999286998402852e+01 3.520467195276905414e+01 nan 1.000000000000000000e+00 nan
1.680000000000000000e+02 3.591999286998402141e+01 3.520603558913282427e+01 1.000000000000000000e+00 1.000000000000000000e+00 1.000000000000000000e+00
1.690000000000000000e+02 3.591999286998402141e+01 3.520739922549660861e+01 nan 1.000000000000000000e+00 nan
1.700000000000000000e+02 3.591999286998402141e+01 3.520876286186039295e+01 nan 1.000000000000000000e+00 nan
1.710000000000000000e+02 3.591999286998402141e+01 3.521012649822416307e+01 nan 1.000000000000000000e+00 nan
1.720000000000000000e+02 3.591999286998401431e+01 3.521149013458794741e+01 nan 1.000000000000000000e+00 nan
1.730000000000000000e+02 3.591999286998401431e+01 3.521285377095172464e+01 nan 1.000000000000000000e+00 nan
1.740000000000000000e+02 3.591999286998402141e+01 3.521421740731550898e+01 nan 1.000000000000000000e+00 nan
1.750000000000000000e+02 3.591999286998401431e+01 3.521558104367929332e+01 nan 1.000000000000000000e+00 nan
1.760000000000000000e+02 3.591999286998402141e+01 3.521694468004306344e+01 nan 1.000000000000000000e+00 nan
1.770000000000000000e+02 3.591999286998401431e+01 3.521830831640684778e+01 nan 1.000000000000000000e+00 nan
1.780000000000000000e+02 3.591999286998401431e+01 3.521967195277064633e+01 nan 1.000000000000000000e+00 nan
1.790000000000000000e+02 3.591999286998402141e+01 3.522103558913440935e+01 nan 1.000000000000000000e+00 nan
1.800000000000000000e+02 3.592135650634765653e+01 3.517330831640207833e+01 nan 1.000000000000000000e+00 nan
1.810000000000000000e+02 3.592135650634765653e+01 3.517467195276586267e+01 nan 1.000000000000000000e+00 nan
1.820000000000000000e+02 3.592135650634765653e+01 3.517603558912963990e+01 1.000000000000000000e+00 1.000000000000000000e+00 1.000000000000000000e+00
1.830000000000000000e+02 3.592135650634765653e+01 3.517739922549343135e+01 1.000000000000000000e+00 1.000000000000000000e+00 1.000000000000000000e+00
1.840000000000000000e+02 3.592135650634765653e+01 3.517876286185720147e+01 1.000000000000000000e+00 1.000000000000000000e+00 1.000000000000000000e+00
1.850000000000000000e+02 3.592135650634765653e+01 3.518012649822098581e+01 1.000000000000000000e+00 1.000000000000000000e+00 1.000000000000000000e+00
1.860000000000000000e+02 3.592135650634765653e+01 3.518149013458475594e+01 1.000000000000000000e+00 1.000000000000000000e+00 1.000000000000000000e+00
1.870000000000000000e+02 3.592135650634766364e+01 3.518285377094854738e+01 1.000000000000000000e+00 1.000000000000000000e+00 1.000000000000000000e+00
1.880000000000000000e+02 3.592135650634765653e+01 3.518421740731233172e+01 1.000000000000000000e+00 1.000000000000000000e+00 1.000000000000000000e+00
1.890000000000000000e+02 3.592135650634765653e+01 3.518558104367612316e+01 1.000000000000000000e+00 1.000000000000000000e+00 1.000000000000000000e+00
1.900000000000000000e+02 3.592135650634766364e+01 3.518694468003989329e+01 1.000000000000000000e+00 1.000000000000000000e+00 1.000000000000000000e+00
1.910000000000000000e+02 3.592135650634765653e+01 3.518830831640367052e+01 1.000000000000000000e+00 1.000000000000000000e+00 1.000000000000000000e+00
1.920000000000000000e+02 3.592135650634764943e+01 3.518967195276745485e+01 1.000000000000000000e+00 1.000000000000000000e+00 1.000000000000000000e+00
1.930000000000000000e+02 3.592135650634765653e+01 3.519103558913123919e+01 1.000000000000000000e+00 1.000000000000000000e+00 1.000000000000000000e+00
1.940000000000000000e+02 3.592135650634765653e+01 3.519239922549501642e+01 nan 1.000000000000000000e+00 nan
1.950000000000000000e+02 3.592135650634766364e+01 3.519376286185879366e+01 1.000000000000000000e+00 1.000000000000000000e+00 1.000000000000000000e+00
1.960000000000000000e+02 3.592135650634765653e+01 3.519512649822258510e+01 1.000000000000000000e+00 1.000000000000000000e+00 1.000000000000000000e+00
1.970000000000000000e+02 3.592135650634765653e+01 3.519649013458635523e+01 1.000000000000000000e+00 1.000000000000000000e+00 1.000000000000000000e+00
1.980000000000000000e+02 3.592135650634765653e+01 3.519785377095014667e+01 nan 1.000000000000000000e+00 nan
1.990000000000000000e+02 3.592135650634765653e+01 3.519921740731390969e+01 1.000000000000000000e+00 1.000000000000000000e+00 1.000000000000000000e+00
2.000000000000000000e+02 3.592135650634765653e+01 3.520058104367770113e+01 nan 1.000000000000000000e+00 nan
2.010000000000000000e+02 3.592135650634765653e+01 3.520194468004147836e+01 nan 1.000000000000000000e+00 nan
2.020000000000000000e+02 3.592135650634765653e+01 3.520330831640526981e+01 1.000000000000000000e+00 1.000000000000000000e+00 1.000000000000000000e+00
2.030000000000000000e+02 3.592135650634766364e+01 3.520467195276903993e+01 nan 1.000000000000000000e+00 nan
2.040000000000000000e+02 3.592135650634765653e+01 3.520603558913282427e+01 1.000000000000000000e+00 1.000000000000000000e+00 1.000000000000000000e+00
2.050000000000000000e+02 3.592135650634765653e+01 3.520739922549660861e+01 1.000000000000000000e+00 1.000000000000000000e+00 1.000000000000000000e+00
2.060000000000000000e+02 3.592135650634765653e+01 3.520876286186039295e+01 nan 1.000000000000000000e+00 nan
2.070000000000000000e+02 3.592135650634766364e+01 3.521012649822416307e+01 nan 1.000000000000000000e+00 nan
2.080000000000000000e+02 3.592135650634766364e+01 3.521149013458794741e+01 nan 1.000000000000000000e+00 nan
2.090000000000000000e+02 3.592135650634765653e+01 3.521285377095172464e+01 nan 1.000000000000000000e+00 nan
2.100000000000000000e+02 3.592135650634765653e+01 3.521421740731550898e+01 nan 1.000000000000000000e+00 nan
2.110000000000000000e+02 3.592135650634765653e+01 3.521558104367929332e+01 nan 1.000000000000000000e+00 nan
2.120000000000000000e+02 3.592135650634765653e+01 3.521694468004306344e+01 nan 1.000000000000000000e+00 nan
2.130000000000000000e+02 3.592135650634765653e+01 3.521830831640684778e+01 nan 1.000000000000000000e+00 nan
2.140000000000000000e+02 3.592135650634765653e+01 3.521967195277063922e+01 nan 1.000000000000000000e+00 nan
2.150000000000000000e+02 3.592135650634765653e+01 3.522103558913441645e+01 nan 1.000000000000000000e+00 nan
2.160000000000000000e+02 3.592272014271128455e+01 3.517330831640207833e+01 nan 1.000000000000000000e+00 nan
2.170000000000000000e+02 3.592272014271129166e+01 3.517467195276586267e+01 nan 1.000000000000000000e+00 nan
2.180000000000000000e+02 3.592272014271128455e+01 3.517603558912963990e+01 nan 1.000000000000000000e+00 nan
2.190000000000000000e+02 3.592272014271128455e+01 3.517739922549343135e+01 nan 1.000000000000000000e+00 nan
2.200000000000000000e+02 3.592272014271128455e+01 3.517876286185720147e+01 nan 1.000000000000000000e+00 nan
2.210000000000000000e+02 3.592272014271129166e+01 3.518012649822098581e+01 1.000000000000000000e+00 1.000000000000000000e+00 1.000000000000000000e+00
2.220000000000000000e+02 3.592272014271128455e+01 3.518149013458475594e+01 1.000000000000000000e+00 1.000000000000000000e+00 1.000000000000000000e+00
2.230000000000000000e+02 3.592272014271128455e+01 3.518285377094854738e+01 1.000000000000000000e+00 1.000000000000000000e+00 1.000000000000000000e+00
2.240000000000000000e+02 3.592272014271128455e+01 3.518421740731233172e+01 1.000000000000000000e+00 1.000000000000000000e+00 1.000000000000000000e+00
2.250000000000000000e+02 3.592272014271128455e+01 3.518558104367612316e+01 1.000000000000000000e+00 1.000000000000000000e+00 1.000000000000000000e+00
2.260000000000000000e+02 3.592272014271128455e+01 3.518694468003989329e+01 1.000000000000000000e+00 1.000000000000000000e+00 1.000000000000000000e+00
2.270000000000000000e+02 3.592272014271128455e+01 3.518830831640367052e+01 1.000000000000000000e+00 1.000000000000000000e+00 1.000000000000000000e+00
2.280000000000000000e+02 3.592272014271128455e+01 3.518967195276745485e+01 1.000000000000000000e+00 1.000000000000000000e+00 1.000000000000000000e+00
2.290000000000000000e+02 3.592272014271129166e+01 3.519103558913123919e+01 1.000000000000000000e+00 1.000000000000000000e+00 1.000000000000000000e+00
2.300000000000000000e+02 3.592272014271128455e+01 3.519239922549501642e+01 1.000000000000000000e+00 1.000000000000000000e+00 1.000000000000000000e+00
2.310000000000000000e+02 3.592272014271128455e+01 3.519376286185879366e+01 1.000000000000000000e+00 1.000000000000000000e+00 1.000000000000000000e+00
2.320000000000000000e+02 3.592272014271128455e+01 3.519512649822258510e+01 1.000000000000000000e+00 1.000000000000000000e+00 1.000000000000000000e+00
2.330000000000000000e+02 3.592272014271129166e+01 3.519649013458635523e+01 1.000000000000000000e+00 1.000000000000000000e+00 1.000000000000000000e+00
2.340000000000000000e+02 3.592272014271129166e+01 3.519785377095014667e+01 1.000000000000000000e+00 1.000000000000000000e+00 1.000000000000000000e+00
2.350000000000000000e+02 3.592272014271129166e+01 3.519921740731390969e+01 1.000000000000000000e+00 1.000000000000000000e+00 1.000000000000000000e+00
2.360000000000000000e+02 3.592272014271128455e+01 3.520058104367770113e+01 nan 1.000000000000000000e+00 nan
2.370000000000000000e+02 3.592272014271129166e+01 3.520194468004147836e+01 nan 1.000000000000000000e+00 nan
2.380000000000000000e+02 3.592272014271128455e+01 3.520330831640526981e+01 1.000000000000000000e+00 1.000000000000000000e+00 1.000000000000000000e+00
2.390000000000000000e+02 3.592272014271128455e+01 3.520467195276903993e+01 nan 1.000000000000000000e+00 nan
2.400000000000000000e+02 3.592272014271129166e+01 3.520603558913282427e+01 nan 1.000000000000000000e+00 nan
2.410000000000000000e+02 3.592272014271128455e+01 3.520739922549660861e+01 nan 1.000000000000000000e+00 nan
2.420000000000000000e+02 3.592272014271128455e+01 3.520876286186039295e+01 nan 1.000000000000000000e+00 nan
2.430000000000000000e+02 3.592272014271128455e+01 3.521012649822416307e+01 1.000000000000000000e+00 1.000000000000000000e+00 1.000000000000000000e+00
2.440000000000000000e+02 3.592272014271129166e+01 3.521149013458794741e+01 nan 1.000000000000000000e+00 nan
2.450000000000000000e+02 3.592272014271128455e+01 3.521285377095172464e+01 nan 1.000000000000000000e+00 nan
2.460000000000000000e+02 3.592272014271128455e+01 3.521421740731550898e+01 nan 1.000000000000000000e+00 nan
2.470000000000000000e+02 3.592272014271128455e+01 3.521558104367929332e+01 nan 1.000000000000000000e+00 nan
2.480000000000000000e+02 3.592272014271128455e+01 3.521694468004306344e+01 nan 1.000000000000000000e+00 nan
2.490000000000000000e+02 3.592272014271128455e+01 3.521830831640684778e+01 nan 1.000000000000000000e+00 nan
2.500000000000000000e+02 3.592272014271128455e+01 3.521967195277063922e+01 nan 1.000000000000000000e+00 nan
2.510000000000000000e+02 3.592272014271128455e+01 3.522103558913441645e+01 nan 1.000000000000000000e+00 nan
2.520000000000000000e+02 3.592408377907492678e+01 3.517330831640209254e+01 nan nan nan
2.530000000000000000e+02 3.592408377907492678e+01 3.517467195276586267e+01 nan nan nan
2.540000000000000000e+02 3.592408377907492678e+01 3.517603558912963990e+01 nan 1.000000000000000000e+00 nan
2.550000000000000000e+02 3.592408377907492678e+01 3.517739922549343135e+01 nan 1.000000000000000000e+00 nan
2.560000000000000000e+02 3.592408377907492678e+01 3.517876286185720858e+01 1.000000000000000000e+00 1.000000000000000000e+00 1.000000000000000000e+00
2.570000000000000000e+02 3.592408377907491968e+01 3.518012649822098581e+01 1.000000000000000000e+00 1.000000000000000000e+00 1.000000000000000000e+00
2.580000000000000000e+02 3.592408377907493389e+01 3.518149013458476304e+01 1.000000000000000000e+00 1.000000000000000000e+00 1.000000000000000000e+00
2.590000000000000000e+02 3.592408377907493389e+01 3.518285377094854738e+01 1.000000000000000000e+00 1.000000000000000000e+00 1.000000000000000000e+00
2.600000000000000000e+02 3.592408377907491968e+01 3.518421740731233172e+01 1.000000000000000000e+00 1.000000000000000000e+00 1.000000000000000000e+00
2.610000000000000000e+02 3.592408377907492678e+01 3.518558104367610895e+01 1.000000000000000000e+00 1.000000000000000000e+00 1.000000000000000000e+00
2.620000000000000000e+02 3.592408377907493389e+01 3.518694468003989329e+01 1.000000000000000000e+00 1.000000000000000000e+00 1.000000000000000000e+00
2.630000000000000000e+02 3.592408377907492678e+01 3.518830831640367052e+01 nan 1.000000000000000000e+00 nan
2.640000000000000000e+02 3.592408377907493389e+01 3.518967195276745485e+01 1.000000000000000000e+00 1.000000000000000000e+00 1.000000000000000000e+00
2.650000000000000000e+02 3.592408377907493389e+01 3.519103558913123209e+01 1.000000000000000000e+00 1.000000000000000000e+00 1.000000000000000000e+00
2.660000000000000000e+02 3.592408377907493389e+01 3.519239922549500932e+01 1.000000000000000000e+00 1.000000000000000000e+00 1.000000000000000000e+00
2.670000000000000000e+02 3.592408377907492678e+01 3.519376286185879366e+01 1.000000000000000000e+00 1.000000000000000000e+00 1.000000000000000000e+00
2.680000000000000000e+02 3.592408377907492678e+01 3.519512649822258510e+01 nan 1.000000000000000000e+00 nan
2.690000000000000000e+02 3.592408377907492678e+01 3.519649013458635523e+01 nan 1.000000000000000000e+00 nan
2.700000000000000000e+02 3.592408377907492678e+01 3.519785377095014667e+01 1.000000000000000000e+00 1.000000000000000000e+00 1.000000000000000000e+00
2.710000000000000000e+02 3.592408377907491968e+01 3.519921740731390969e+01 1.000000000000000000e+00 1.000000000000000000e+00 1.000000000000000000e+00
2.720000000000000000e+02 3.592408377907493389e+01 3.520058104367769403e+01 1.000000000000000000e+00 1.000000000000000000e+00 1.000000000000000000e+00
2.730000000000000000e+02 3.592408377907492678e+01 3.520194468004147836e+01 nan 1.000000000000000000e+00 nan
2.740000000000000000e+02 3.592408377907491968e+01 3.520330831640526270e+01 nan 1.000000000000000000e+00 nan
2.750000000000000000e+02 3.592408377907492678e+01 3.520467195276905414e+01 1.000000000000000000e+00 1.000000000000000000e+00 1.000000000000000000e+00
2.760000000000000000e+02 3.592408377907491968e+01 3.520603558913282427e+01 nan 1.000000000000000000e+00 nan
2.770000000000000000e+02 3.592408377907493389e+01 3.520739922549660861e+01 1.000000000000000000e+00 1.000000000000000000e+00 1.000000000000000000e+00
2.780000000000000000e+02 3.592408377907492678e+01 3.520876286186039295e+01 nan 1.000000000000000000e+00 nan
2.790000000000000000e+02 3.592408377907493389e+01 3.521012649822416307e+01 1.000000000000000000e+00 1.000000000000000000e+00 1.000000000000000000e+00
2.800000000000000000e+02 3.592408377907492678e+01 3.521149013458794741e+01 nan 1.000000000000000000e+00 nan
2.810000000000000000e+02 3.592408377907493389e+01 3.521285377095172464e+01 nan 1.000000000000000000e+00 nan
2.820000000000000000e+02 3.592408377907493389e+01 3.521421740731550898e+01 nan 1.000000000000000000e+00 nan
2.830000000000000000e+02 3.592408377907492678e+01 3.521558104367929332e+01 nan 1.000000000000000000e+00 nan
2.840000000000000000e+02 3.592408377907492678e+01 3.521694468004306344e+01 nan 1.000000000000000000e+00 nan
2.850000000000000000e+02 3.592408377907493389e+01 3.521830831640684778e+01 nan 1.000000000000000000e+00 nan
2.860000000000000000e+02 3.592408377907492678e+01 3.521967195277064633e+01 nan 1.000000000000000000e+00 nan
2.870000000000000000e+02 3.592408377907492678e+01 3.522103558913440935e+01 nan 1.000000000000000000e+00 nan
2.880000000000000000e+02 3.592544741543857612e+01 3.517330831640207833e+01 nan nan nan
2.890000000000000000e+02 3.592544741543856901e+01 3.517467195276586267e+01 nan nan nan
2.900000000000000000e+02 3.592544741543856190e+01 3.517603558912964701e+01 nan nan nan
2.910000000000000000e+02 3.592544741543857612e+01 3.517739922549343135e+01 nan 1.000000000000000000e+00 nan
2.920000000000000000e+02 3.592544741543857612e+01 3.517876286185720147e+01 nan 1.000000000000000000e+00 nan
2.930000000000000000e+02 3.592544741543857612e+01 3.518012649822098581e+01 nan 1.000000000000000000e+00 nan
2.940000000000000000e+02 3.592544741543857612e+01 3.518149013458475594e+01 1.000000000000000000e+00 1.000000000000000000e+00 1.000000000000000000e+00
2.950000000000000000e+02 3.592544741543857612e+01 3.518285377094854738e+01 nan 1.000000000000000000e+00 nan
2.960000000000000000e+02 3.592544741543856190e+01 3.518421740731233172e+01 nan 1.000000000000000000e+00 nan
2.970000000000000000e+02 3.592544741543856190e+01 3.518558104367612316e+01 1.000000000000000000e+00 1.000000000000000000e+00 1.000000000000000000e+00
2.980000000000000000e+02 3.592544741543856190e+01 3.518694468003989329e+01 1.000000000000000000e+00 1.000000000000000000e+00 1.000000000000000000e+00
2.990000000000000000e+02 3.592544741543857612e+01 3.518830831640367052e+01 nan 1.000000000000000000e+00 nan
3.000000000000000000e+02 3.592544741543857612e+01 3.518967195276745485e+01 1.000000000000000000e+00 1.000000000000000000e+00 1.000000000000000000e+00
3.010000000000000000e+02 3.592544741543857612e+01 3.519103558913123919e+01 1.000000000000000000e+00 1.000000000000000000e+00 1.000000000000000000e+00
3.020000000000000000e+02 3.592544741543856190e+01 3.519239922549500932e+01 nan 1.000000000000000000e+00 nan
3.030000000000000000e+02 3.592544741543857612e+01 3.519376286185879366e+01 1.000000000000000000e+00 1.000000000000000000e+00 1.000000000000000000e+00
3.040000000000000000e+02 3.592544741543856901e+01 3.519512649822258510e+01 1.000000000000000000e+00 1.000000000000000000e+00 1.000000000000000000e+00
3.050000000000000000e+02 3.592544741543856190e+01 3.519649013458635523e+01 1.000000000000000000e+00 1.000000000000000000e+00 1.000000000000000000e+00
3.060000000000000000e+02 3.592544741543856901e+01 3.519785377095014667e+01 1.000000000000000000e+00 1.000000000000000000e+00 1.000000000000000000e+00
3.070000000000000000e+02 3.592544741543857612e+01 3.519921740731392390e+01 nan 1.000000000000000000e+00 nan
3.080000000000000000e+02 3.592544741543856901e+01 3.520058104367770824e+01 1.000000000000000000e+00 1.000000000000000000e+00 1.000000000000000000e+00
3.090000000000000000e+02 3.592544741543856901e+01 3.520194468004147836e+01 1.000000000000000000e+00 1.000000000000000000e+00 1.000000000000000000e+00
3.100000000000000000e+02 3.592544741543857612e+01 3.520330831640526270e+01 nan 1.000000000000000000e+00 nan
3.110000000000000000e+02 3.592544741543856901e+01 3.520467195276905414e+01 1.000000000000000000e+00 1.000000000000000000e+00 1.000000000000000000e+00
3.120000000000000000e+02 3.592544741543856190e+01 3.520603558913282427e+01 nan 1.000000000000000000e+00 nan
3.130000000000000000e+02 3.592544741543856190e+01 3.520739922549660150e+01 1.000000000000000000e+00 1.000000000000000000e+00 1.000000000000000000e+00
3.140000000000000000e+02 3.592544741543857612e+01 3.520876286186039295e+01 1.000000000000000000e+00 1.000000000000000000e+00 1.000000000000000000e+00
3.150000000000000000e+02 3.592544741543857612e+01 3.521012649822416307e+01 nan 1.000000000000000000e+00 nan
3.160000000000000000e+02 3.592544741543857612e+01 3.521149013458794741e+01 nan 1.000000000000000000e+00 nan
3.170000000000000000e+02 3.592544741543856901e+01 3.521285377095172464e+01 nan 1.000000000000000000e+00 nan
3.180000000000000000e+02 3.592544741543856901e+01 3.521421740731550898e+01 nan 1.000000000000000000e+00 nan
3.190000000000000000e+02 3.592544741543856901e+01 3.521558104367929332e+01 nan 1.000000000000000000e+00 nan
3.200000000000000000e+02 3.592544741543856901e+01 3.521694468004306344e+01 nan 1.000000000000000000e+00 nan
3.210000000000000000e+02 3.592544741543857612e+01 3.521830831640685489e+01 nan 1.000000000000000000e+00 nan
3.220000000000000000e+02 3.592544741543856901e+01 3.521967195277065343e+01 nan 1.000000000000000000e+00 nan
3.230000000000000000e+02 3.592544741543856190e+01 3.522103558913440935e+01 nan 1.000000000000000000e+00 nan
3.240000000000000000e+02 3.592681105180220413e+01 3.517330831640209254e+01 nan nan nan
3.250000000000000000e+02 3.592681105180221124e+01 3.517467195276586267e+01 nan nan nan
3.260000000000000000e+02 3.592681105180220413e+01 3.517603558912963990e+01 nan nan nan
3.270000000000000000e+02 3.592681105180221124e+01 3.517739922549343135e+01 nan nan nan
3.280000000000000000e+02 3.592681105180220413e+01 3.517876286185720858e+01 nan 1.000000000000000000e+00 nan
3.290000000000000000e+02 3.592681105180220413e+01 3.518012649822098581e+01 nan 1.000000000000000000e+00 nan
3.300000000000000000e+02 3.592681105180220413e+01 3.518149013458476304e+01 nan 1.000000000000000000e+00 nan
3.310000000000000000e+02 3.592681105180220413e+01 3.518285377094854738e+01 1.000000000000000000e+00 1.000000000000000000e+00 1.000000000000000000e+00
3.320000000000000000e+02 3.592681105180220413e+01 3.518421740731233172e+01 nan 1.000000000000000000e+00 nan
3.330000000000000000e+02 3.592681105180220413e+01 3.518558104367610895e+01 nan 1.000000000000000000e+00 nan
3.340000000000000000e+02 3.592681105180220413e+01 3.518694468003989329e+01 1.000000000000000000e+00 1.000000000000000000e+00 1.000000000000000000e+00
3.350000000000000000e+02 3.592681105180221124e+01 3.518830831640367052e+01 nan 1.000000000000000000e+00 nan
3.360000000000000000e+02 3.592681105180220413e+01 3.518967195276745485e+01 1.000000000000000000e+00 1.000000000000000000e+00 1.000000000000000000e+00
3.370000000000000000e+02 3.592681105180221124e+01 3.519103558913123209e+01 nan 1.000000000000000000e+00 nan
3.380000000000000000e+02 3.592681105180221124e+01 3.519239922549500932e+01 1.000000000000000000e+00 1.000000000000000000e+00 1.000000000000000000e+00
3.390000000000000000e+02 3.592681105180221124e+01 3.519376286185879366e+01 nan 1.000000000000000000e+00 nan
3.400000000000000000e+02 3.592681105180220413e+01 3.519512649822258510e+01 nan 1.000000000000000000e+00 nan
3.410000000000000000e+02 3.592681105180220413e+01 3.519649013458635523e+01 nan 1.000000000000000000e+00 nan
3.420000000000000000e+02 3.592681105180221124e+01 3.519785377095014667e+01 1.000000000000000000e+00 1.000000000000000000e+00 1.000000000000000000e+00
3.430000000000000000e+02 3.592681105180220413e+01 3.519921740731390969e+01 1.000000000000000000e+00 1.000000000000000000e+00 1.000000000000000000e+00
3.440000000000000000e+02 3.592681105180220413e+01 3.520058104367769403e+01 1.000000000000000000e+00 1.000000000000000000e+00 1.000000000000000000e+00
3.450000000000000000e+02 3.592681105180221124e+01 3.520194468004147836e+01 nan 1.000000000000000000e+00 nan
3.460000000000000000e+02 3.592681105180221124e+01 3.520330831640526270e+01 nan 1.000000000000000000e+00 nan
3.470000000000000000e+02 3.592681105180221124e+01 3.520467195276905414e+01 1.000000000000000000e+00 1.000000000000000000e+00 1.000000000000000000e+00
3.480000000000000000e+02 3.592681105180220413e+01 3.520603558913282427e+01 nan 1.000000000000000000e+00 nan
3.490000000000000000e+02 3.592681105180220413e+01 3.520739922549660861e+01 1.000000000000000000e+00 1.000000000000000000e+00 1.000000000000000000e+00
3.500000000000000000e+02 3.592681105180220413e+01 3.520876286186039295e+01 nan 1.000000000000000000e+00 nan
3.510000000000000000e+02 3.592681105180221124e+01 3.521012649822416307e+01 nan 1.000000000000000000e+00 nan
3.520000000000000000e+02 3.592681105180220413e+01 3.521149013458794741e+01 1.000000000000000000e+00 1.000000000000000000e+00 1.000000000000000000e+00
3.530000000000000000e+02 3.592681105180221124e+01 3.521285377095172464e+01 nan 1.000000000000000000e+00 nan
3.540000000000000000e+02 3.592681105180220413e+01 3.521421740731550898e+01 nan 1.000000000000000000e+00 nan
3.550000000000000000e+02 3.592681105180220413e+01 3.521558104367929332e+01 nan 1.000000000000000000e+00 nan
3.560000000000000000e+02 3.592681105180220413e+01 3.521694468004306344e+01 nan 1.000000000000000000e+00 nan
3.570000000000000000e+02 3.592681105180221834e+01 3.521830831640684778e+01 nan 1.000000000000000000e+00 nan
3.580000000000000000e+02 3.592681105180221124e+01 3.521967195277064633e+01 nan 1.000000000000000000e+00 nan
3.590000000000000000e+02 3.592681105180221124e+01 3.522103558913440935e+01 nan 1.000000000000000000e+00 nan
3.600000000000000000e+02 3.592817468816583926e+01 3.517330831640209254e+01 nan nan nan
3.610000000000000000e+02 3.592817468816583926e+01 3.517467195276586267e+01 nan nan nan
3.620000000000000000e+02 3.592817468816584636e+01 3.517603558912963990e+01 nan nan nan
3.630000000000000000e+02 3.592817468816584636e+01 3.517739922549343135e+01 nan nan nan
3.640000000000000000e+02 3.592817468816583215e+01 3.517876286185720858e+01 1.000000000000000000e+00 nan nan
3.650000000000000000e+02 3.592817468816583215e+01 3.518012649822098581e+01 nan 1.000000000000000000e+00 nan
3.660000000000000000e+02 3.592817468816583215e+01 3.518149013458476304e+01 nan 1.000000000000000000e+00 nan
3.670000000000000000e+02 3.592817468816583215e+01 3.518285377094854738e+01 nan 1.000000000000000000e+00 nan
3.680000000000000000e+02 3.592817468816583926e+01 3.518421740731233172e+01 nan 1.000000000000000000e+00 nan
3.690000000000000000e+02 3.592817468816583926e+01 3.518558104367610895e+01 nan 1.000000000000000000e+00 nan
3.700000000000000000e+02 3.592817468816583926e+01 3.518694468003989329e+01 nan 1.000000000000000000e+00 nan
3.710000000000000000e+02 3.592817468816584636e+01 3.518830831640367052e+01 nan 1.000000000000000000e+00 nan
3.720000000000000000e+02 3.592817468816584636e+01 3.518967195276745485e+01 1.000000000000000000e+00 1.000000000000000000e+00 1.000000000000000000e+00
3.730000000000000000e+02 3.592817468816584636e+01 3.519103558913123209e+01 nan 1.000000000000000000e+00 nan
3.740000000000000000e+02 3.592817468816584636e+01 3.519239922549500932e+01 nan 1.000000000000000000e+00 nan
3.750000000000000000e+02 3.592817468816584636e+01 3.519376286185879366e+01 1.000000000000000000e+00 1.000000000000000000e+00 1.000000000000000000e+00
3.760000000000000000e+02 3.592817468816584636e+01 3.519512649822258510e+01 1.000000000000000000e+00 1.000000000000000000e+00 1.000000000000000000e+00
3.770000000000000000e+02 3.592817468816584636e+01 3.519649013458635523e+01 nan 1.000000000000000000e+00 nan
3.780000000000000000e+02 3.592817468816584636e+01 3.519785377095014667e+01 1.000000000000000000e+00 1.000000000000000000e+00 1.000000000000000000e+00
3.790000000000000000e+02 3.592817468816583926e+01 3.519921740731390969e+01 nan 1.000000000000000000e+00 nan
3.800000000000000000e+02 3.592817468816583926e+01 3.520058104367769403e+01 1.000000000000000000e+00 1.000000000000000000e+00 1.000000000000000000e+00
3.810000000000000000e+02 3.592817468816584636e+01 3.520194468004147836e+01 1.000000000000000000e+00 1.000000000000000000e+00 1.000000000000000000e+00
3.820000000000000000e+02 3.592817468816584636e+01 3.520330831640526270e+01 nan 1.000000000000000000e+00 nan
3.830000000000000000e+02 3.592817468816584636e+01 3.520467195276905414e+01 1.000000000000000000e+00 1.000000000000000000e+00 1.000000000000000000e+00
3.840000000000000000e+02 3.592817468816583926e+01 3.520603558913282427e+01 nan 1.000000000000000000e+00 nan
3.850000000000000000e+02 3.592817468816583926e+01 3.520739922549660861e+01 1.000000000000000000e+00 1.000000000000000000e+00 1.000000000000000000e+00
3.860000000000000000e+02 3.592817468816584636e+01 3.520876286186039295e+01 1.000000000000000000e+00 1.000000000000000000e+00 1.000000000000000000e+00
3.870000000000000000e+02 3.592817468816584636e+01 3.521012649822416307e+01 1.000000000000000000e+00 1.000000000000000000e+00 1.000000000000000000e+00
3.880000000000000000e+02 3.592817468816583926e+01 3.521149013458794741e+01 1.000000000000000000e+00 1.000000000000000000e+00 1.000000000000000000e+00
3.890000000000000000e+02 3.592817468816584636e+01 3.521285377095172464e+01 nan 1.000000000000000000e+00 nan
3.900000000000000000e+02 3.592817468816583926e+01 3.521421740731550898e+01 nan 1.000000000000000000e+00 nan
3.910000000000000000e+02 3.592817468816584636e+01 3.521558104367929332e+01 nan 1.000000000000000000e+00 nan
3.920000000000000000e+02 3.592817468816583215e+01 3.521694468004306344e+01 nan 1.000000000000000000e+00 nan
3.930000000000000000e+02 3.592817468816583926e+01 3.521830831640684778e+01 nan 1.000000000000000000e+00 nan
3.940000000000000000e+02 3.592817468816584636e+01 3.521967195277064633e+01 nan 1.000000000000000000e+00 nan
3.950000000000000000e+02 3.592817468816583926e+01 3.522103558913440935e+01 nan 1.000000000000000000e+00 nan
3.960000000000000000e+02 3.592953832452948149e+01 3.517330831640209254e+01 nan nan nan
3.970000000000000000e+02 3.592953832452947438e+01 3.517467195276586267e+01 nan nan nan
3.980000000000000000e+02 3.592953832452947438e+01 3.517603558912964701e+01 nan nan nan
3.990000000000000000e+02 3.592953832452947438e+01 3.517739922549343135e+01 nan nan nan
4.000000000000000000e+02 3.592953832452947438e+01 3.517876286185720147e+01 nan nan nan
4.010000000000000000e+02 3.592953832452947438e+01 3.518012649822098581e+01 nan nan nan
4.020000000000000000e+02 3.592953832452947438e+01 3.518149013458476304e+01 nan 1.000000000000000000e+00 nan
4.030000000000000000e+02 3.592953832452947438e+01 3.518285377094854738e+01 nan 1.000000000000000000e+00 nan
4.040000000000000000e+02 3.592953832452947438e+01 3.518421740731233172e+01 nan 1.000000000000000000e+00 nan
4.050000000000000000e+02 3.592953832452947438e+01 3.518558104367611605e+01 nan 1.000000000000000000e+00 nan
4.060000000000000000e+02 3.592953832452947438e+01 3.518694468003990039e+01 nan 1.000000000000000000e+00 nan
4.070000000000000000e+02 3.592953832452947438e+01 3.518830831640367052e+01 nan 1.000000000000000000e+00 nan
4.080000000000000000e+02 3.592953832452947438e+01 3.518967195276745485e+01 nan 1.000000000000000000e+00 nan
4.090000000000000000e+02 3.592953832452947438e+01 3.519103558913123919e+01 nan 1.000000000000000000e+00 nan
4.100000000000000000e+02 3.592953832452946727e+01 3.519239922549501642e+01 nan 1.000000000000000000e+00 nan
4.110000000000000000e+02 3.592953832452947438e+01 3.519376286185879366e+01 nan 1.000000000000000000e+00 nan
4.120000000000000000e+02 3.592953832452947438e+01 3.519512649822258510e+01 nan 1.000000000000000000e+00 nan
4.130000000000000000e+02 3.592953832452947438e+01 3.519649013458635523e+01 1.000000000000000000e+00 1.000000000000000000e+00 1.000000000000000000e+00
4.140000000000000000e+02 3.592953832452947438e+01 3.519785377095013246e+01 1.000000000000000000e+00 1.000000000000000000e+00 1.000000000000000000e+00
4.150000000000000000e+02 3.592953832452947438e+01 3.519921740731392390e+01 1.000000000000000000e+00 1.000000000000000000e+00 1.000000000000000000e+00
4.160000000000000000e+02 3.592953832452947438e+01 3.520058104367770113e+01 1.000000000000000000e+00 1.000000000000000000e+00 1.000000000000000000e+00
4.170000000000000000e+02 3.592953832452947438e+01 3.520194468004147836e+01 1.000000000000000000e+00 1.000000000000000000e+00 1.000000000000000000e+00
4.180000000000000000e+02 3.592953832452947438e+01 3.520330831640526270e+01 1.000000000000000000e+00 1.000000000000000000e+00 1.000000000000000000e+00
4.190000000000000000e+02 3.592953832452947438e+01 3.520467195276905414e+01 nan 1.000000000000000000e+00 nan
4.200000000000000000e+02 3.592953832452947438e+01 3.520603558913282427e+01 1.000000000000000000e+00 1.000000000000000000e+00 1.000000000000000000e+00
4.210000000000000000e+02 3.592953832452947438e+01 3.520739922549660861e+01 1.000000000000000000e+00 1.000000000000000000e+00 1.000000000000000000e+00
4.220000000000000000e+02 3.592953832452947438e+01 3.520876286186040005e+01 1.000000000000000000e+00 1.000000000000000000e+00 1.000000000000000000e+00
4.230000000000000000e+02 3.592953832452947438e+01 3.521012649822416307e+01 nan 1.000000000000000000e+00 nan
4.240000000000000000e+02 3.592953832452947438e+01 3.521149013458794741e+01 1.000000000000000000e+00 1.000000000000000000e+00 1.000000000000000000e+00
4.250000000000000000e+02 3.592953832452947438e+01 3.521285377095172464e+01 nan 1.000000000000000000e+00 nan
4.260000000000000000e+02 3.592953832452947438e+01 3.521421740731550898e+01 nan 1.000000000000000000e+00 nan
4.270000000000000000e+02 3.592953832452947438e+01 3.521558104367929332e+01 nan 1.000000000000000000e+00 nan
4.280000000000000000e+02 3.592953832452947438e+01 3.521694468004306344e+01 nan 1.000000000000000000e+00 nan
4.290000000000000000e+02 3.592953832452947438e+01 3.521830831640684778e+01 nan 1.000000000000000000e+00 nan
4.300000000000000000e+02 3.592953832452947438e+01 3.521967195277064633e+01 nan 1.000000000000000000e+00 nan
4.310000000000000000e+02 3.592953832452947438e+01 3.522103558913440935e+01 nan 1.000000000000000000e+00 nan
4.320000000000000000e+02 3.593090196089310950e+01 3.517330831640209254e+01 nan nan nan
4.330000000000000000e+02 3.593090196089310240e+01 3.517467195276586267e+01 nan nan nan
4.340000000000000000e+02 3.593090196089310240e+01 3.517603558912963990e+01 nan nan nan
4.350000000000000000e+02 3.593090196089310240e+01 3.517739922549343135e+01 nan nan nan
4.360000000000000000e+02 3.593090196089310240e+01 3.517876286185720858e+01 nan nan nan
4.370000000000000000e+02 3.593090196089310950e+01 3.518012649822098581e+01 nan nan nan
4.380000000000000000e+02 3.593090196089310240e+01 3.518149013458476304e+01 nan 1.000000000000000000e+00 nan
4.390000000000000000e+02 3.593090196089311661e+01 3.518285377094854738e+01 nan 1.000000000000000000e+00 nan
4.400000000000000000e+02 3.593090196089310240e+01 3.518421740731233172e+01 nan 1.000000000000000000e+00 nan
4.410000000000000000e+02 3.593090196089310950e+01 3.518558104367610895e+01 nan 1.000000000000000000e+00 nan
4.420000000000000000e+02 3.593090196089310950e+01 3.518694468003989329e+01 nan 1.000000000000000000e+00 nan
4.430000000000000000e+02 3.593090196089310240e+01 3.518830831640367052e+01 nan 1.000000000000000000e+00 nan
4.440000000000000000e+02 3.593090196089310950e+01 3.518967195276745485e+01 nan 1.000000000000000000e+00 nan
4.450000000000000000e+02 3.593090196089310950e+01 3.519103558913123209e+01 nan 1.000000000000000000e+00 nan
4.460000000000000000e+02 3.593090196089311661e+01 3.519239922549500932e+01 nan 1.000000000000000000e+00 nan
4.470000000000000000e+02 3.593090196089310240e+01 3.519376286185879366e+01 nan 1.000000000000000000e+00 nan
4.480000000000000000e+02 3.593090196089310240e+01 3.519512649822258510e+01 nan 1.000000000000000000e+00 nan
4.490000000000000000e+02 3.593090196089310950e+01 3.519649013458635523e+01 nan 1.000000000000000000e+00 nan
4.500000000000000000e+02 3.593090196089310950e+01 3.519785377095014667e+01 nan 1.000000000000000000e+00 nan
4.510000000000000000e+02 3.593090196089310240e+01 3.519921740731390969e+01 1.000000000000000000e+00 1.000000000000000000e+00 1.000000000000000000e+00
4.520000000000000000e+02 3.593090196089310240e+01 3.520058104367769403e+01 1.000000000000000000e+00 1.000000000000000000e+00 1.000000000000000000e+00
4.530000000000000000e+02 3.593090196089310950e+01 3.520194468004147836e+01 1.000000000000000000e+00 1.000000000000000000e+00 1.000000000000000000e+00
4.540000000000000000e+02 3.593090196089310240e+01 3.520330831640526270e+01 nan 1.000000000000000000e+00 nan
4.550000000000000000e+02 3.593090196089310240e+01 3.520467195276905414e+01 1.000000000000000000e+00 1.000000000000000000e+00 1.000000000000000000e+00
4.560000000000000000e+02 3.593090196089310950e+01 3.520603558913282427e+01 1.000000000000000000e+00 1.000000000000000000e+00 1.000000000000000000e+00
4.570000000000000000e+02 3.593090196089310240e+01 3.520739922549660861e+01 1.000000000000000000e+00 1.000000000000000000e+00 1.000000000000000000e+00
4.580000000000000000e+02 3.593090196089311661e+01 3.520876286186039295e+01 1.000000000000000000e+00 1.000000000000000000e+00 1.000000000000000000e+00
4.590000000000000000e+02 3.593090196089310240e+01 3.521012649822416307e+01 1.000000000000000000e+00 1.000000000000000000e+00 1.000000000000000000e+00
4.600000000000000000e+02 3.593090196089311661e+01 3.521149013458794741e+01 nan 1.000000000000000000e+00 nan
4.610000000000000000e+02 3.593090196089311661e+01 3.521285377095172464e+01 nan 1.000000000000000000e+00 nan
4.620000000000000000e+02 3.593090196089310950e+01 3.521421740731550898e+01 1.000000000000000000e+00 1.000000000000000000e+00 1.000000000000000000e+00
4.630000000000000000e+02 3.593090196089310950e+01 3.521558104367929332e+01 1.000000000000000000e+00 1.000000000000000000e+00 1.000000000000000000e+00
4.640000000000000000e+02 3.593090196089310950e+01 3.521694468004306344e+01 nan 1.000000000000000000e+00 nan
4.650000000000000000e+02 3.593090196089310240e+01 3.521830831640684778e+01 nan 1.000000000000000000e+00 nan
4.660000000000000000e+02 3.593090196089310950e+01 3.521967195277064633e+01 nan 1.000000000000000000e+00 nan
4.670000000000000000e+02 3.593090196089310240e+01 3.522103558913440935e+01 nan 1.000000000000000000e+00 nan
4.680000000000000000e+02 3.593226559725675173e+01 3.517330831640209254e+01 nan nan nan
4.690000000000000000e+02 3.593226559725674463e+01 3.517467195276586267e+01 nan nan nan
4.700000000000000000e+02 3.593226559725674463e+01 3.517603558912964701e+01 nan nan nan
4.710000000000000000e+02 3.593226559725675173e+01 3.517739922549343135e+01 nan nan nan
4.720000000000000000e+02 3.593226559725675173e+01 3.517876286185720147e+01 nan nan nan
4.730000000000000000e+02 3.593226559725674463e+01 3.518012649822098581e+01 nan nan nan
4.740000000000000000e+02 3.593226559725675173e+01 3.518149013458476304e+01 nan 1.000000000000000000e+00 nan
4.750000000000000000e+02 3.593226559725675173e+01 3.518285377094854738e+01 nan 1.000000000000000000e+00 nan
4.760000000000000000e+02 3.593226559725674463e+01 3.518421740731233172e+01 nan 1.000000000000000000e+00 nan
4.770000000000000000e+02 3.593226559725675173e+01 3.518558104367611605e+01 nan 1.000000000000000000e+00 nan
4.780000000000000000e+02 3.593226559725675173e+01 3.518694468003990039e+01 nan 1.000000000000000000e+00 nan
4.790000000000000000e+02 3.593226559725675173e+01 3.518830831640367052e+01 nan 1.000000000000000000e+00 nan
4.800000000000000000e+02 3.593226559725675173e+01 3.518967195276745485e+01 nan 1.000000000000000000e+00 nan
4.810000000000000000e+02 3.593226559725675173e+01 3.519103558913123919e+01 nan 1.000000000000000000e+00 nan
4.820000000000000000e+02 3.593226559725674463e+01 3.519239922549501642e+01 nan 1.000000000000000000e+00 nan
4.830000000000000000e+02 3.593226559725675173e+01 3.519376286185879366e+01 nan 1.000000000000000000e+00 nan
4.840000000000000000e+02 3.593226559725675173e+01 3.519512649822258510e+01 nan 1.000000000000000000e+00 nan
4.850000000000000000e+02 3.593226559725675173e+01 3.519649013458635523e+01 1.000000000000000000e+00 1.000000000000000000e+00 1.000000000000000000e+00
4.860000000000000000e+02 3.593226559725675173e+01 3.519785377095013246e+01 nan 1.000000000000000000e+00 nan
4.870000000000000000e+02 3.593226559725675173e+01 3.519921740731392390e+01 nan 1.000000000000000000e+00 nan
4.880000000000000000e+02 3.593226559725675173e+01 3.520058104367770113e+01 1.000000000000000000e+00 1.000000000000000000e+00 1.000000000000000000e+00
4.890000000000000000e+02 3.593226559725675173e+01 3.520194468004147836e+01 nan 1.000000000000000000e+00 nan
4.900000000000000000e+02 3.593226559725675173e+01 3.520330831640526270e+01 nan 1.000000000000000000e+00 nan
4.910000000000000000e+02 3.593226559725675173e+01 3.520467195276905414e+01 1.000000000000000000e+00 1.000000000000000000e+00 1.000000000000000000e+00
4.920000000000000000e+02 3.593226559725675173e+01 3.520603558913282427e+01 nan 1.000000000000000000e+00 nan
4.930000000000000000e+02 3.593226559725675173e+01 3.520739922549660861e+01 1.000000000000000000e+00 1.000000000000000000e+00 1.000000000000000000e+00
4.940000000000000000e+02 3.593226559725674463e+01 3.520876286186040005e+01 nan 1.000000000000000000e+00 nan
4.950000000000000000e+02 3.593226559725675173e+01 3.521012649822416307e+01 1.000000000000000000e+00 1.000000000000000000e+00 1.000000000000000000e+00
4.960000000000000000e+02 3.593226559725675173e+01 3.521149013458794741e+01 1.000000000000000000e+00 1.000000000000000000e+00 1.000000000000000000e+00
4.970000000000000000e+02 3.593226559725674463e+01 3.521285377095172464e+01 1.000000000000000000e+00 1.000000000000000000e+00 1.000000000000000000e+00
4.980000000000000000e+02 3.593226559725675173e+01 3.521421740731550898e+01 nan 1.000000000000000000e+00 nan
4.990000000000000000e+02 3.593226559725675173e+01 3.521558104367929332e+01 nan 1.000000000000000000e+00 nan
5.000000000000000000e+02 3.593226559725675173e+01 3.521694468004306344e+01 nan 1.000000000000000000e+00 nan
5.010000000000000000e+02 3.593226559725675173e+01 3.521830831640684778e+01 nan 1.000000000000000000e+00 nan
5.020000000000000000e+02 3.593226559725675173e+01 3.521967195277064633e+01 nan 1.000000000000000000e+00 nan
5.030000000000000000e+02 3.593226559725675173e+01 3.522103558913440935e+01 nan 1.000000000000000000e+00 nan
5.040000000000000000e+02 3.593362923362037975e+01 3.517330831640207833e+01 nan nan nan
5.050000000000000000e+02 3.593362923362039396e+01 3.517467195276586267e+01 nan nan nan
5.060000000000000000e+02 3.593362923362037975e+01 3.517603558912963990e+01 nan nan nan
5.070000000000000000e+02 3.593362923362039396e+01 3.517739922549343135e+01 nan nan nan
5.080000000000000000e+02 3.593362923362038686e+01 3.517876286185720147e+01 nan nan nan
5.090000000000000000e+02 3.593362923362038686e+01 3.518012649822098581e+01 nan nan nan
5.100000000000000000e+02 3.593362923362038686e+01 3.518149013458475594e+01 nan nan nan
5.110000000000000000e+02 3.593362923362037975e+01 3.518285377094854738e+01 nan 1.000000000000000000e+00 nan
5.120000000000000000e+02 3.593362923362038686e+01 3.518421740731233172e+01 nan 1.000000000000000000e+00 nan
5.130000000000000000e+02 3.593362923362037975e+01 3.518558104367612316e+01 nan 1.000000000000000000e+00 nan
5.140000000000000000e+02 3.593362923362037975e+01 3.518694468003989329e+01 nan 1.000000000000000000e+00 nan
5.150000000000000000e+02 3.593362923362037975e+01 3.518830831640367052e+01 nan nan nan
5.160000000000000000e+02 3.593362923362037975e+01 3.518967195276745485e+01 nan nan nan
5.170000000000000000e+02 3.593362923362038686e+01 3.519103558913123919e+01 nan nan nan
5.180000000000000000e+02 3.593362923362037975e+01 3.519239922549501642e+01 nan 1.000000000000000000e+00 nan
5.190000000000000000e+02 3.593362923362038686e+01 3.519376286185879366e+01 nan nan nan
5.200000000000000000e+02 3.593362923362037975e+01 3.519512649822258510e+01 1.000000000000000000e+00 nan nan
5.210000000000000000e+02 3.593362923362038686e+01 3.519649013458635523e+01 1.000000000000000000e+00 1.000000000000000000e+00 1.000000000000000000e+00
5.220000000000000000e+02 3.593362923362037975e+01 3.519785377095014667e+01 nan 1.000000000000000000e+00 nan
5.230000000000000000e+02 3.593362923362038686e+01 3.519921740731390969e+01 1.000000000000000000e+00 1.000000000000000000e+00 1.000000000000000000e+00
5.240000000000000000e+02 3.593362923362037975e+01 3.520058104367770113e+01 1.000000000000000000e+00 nan nan
5.250000000000000000e+02 3.593362923362037975e+01 3.520194468004147836e+01 1.000000000000000000e+00 1.000000000000000000e+00 1.000000000000000000e+00
5.260000000000000000e+02 3.593362923362037975e+01 3.520330831640526981e+01 nan 1.000000000000000000e+00 nan
5.270000000000000000e+02 3.593362923362037975e+01 3.520467195276903993e+01 1.000000000000000000e+00 1.000000000000000000e+00 1.000000000000000000e+00
5.280000000000000000e+02 3.593362923362037975e+01 3.520603558913282427e+01 nan 1.000000000000000000e+00 nan
5.290000000000000000e+02 3.593362923362037975e+01 3.520739922549660861e+01 nan 1.000000000000000000e+00 nan
5.300000000000000000e+02 3.593362923362038686e+01 3.520876286186039295e+01 nan 1.000000000000000000e+00 nan
5.310000000000000000e+02 3.593362923362038686e+01 3.521012649822416307e+01 1.000000000000000000e+00 1.000000000000000000e+00 1.000000000000000000e+00
5.320000000000000000e+02 3.593362923362038686e+01 3.521149013458794741e+01 1.000000000000000000e+00 1.000000000000000000e+00 1.000000000000000000e+00
5.330000000000000000e+02 3.593362923362038686e+01 3.521285377095172464e+01 nan 1.000000000000000000e+00 nan
5.340000000000000000e+02 3.593362923362038686e+01 3.521421740731550898e+01 1.000000000000000000e+00 1.000000000000000000e+00 1.000000000000000000e+00
5.350000000000000000e+02 3.593362923362037975e+01 3.521558104367929332e+01 nan 1.000000000000000000e+00 nan
5.360000000000000000e+02 3.593362923362037975e+01 3.521694468004306344e+01 nan 1.000000000000000000e+00 nan
5.370000000000000000e+02 3.593362923362037975e+01 3.521830831640684778e+01 nan 1.000000000000000000e+00 nan
5.380000000000000000e+02 3.593362923362039396e+01 3.521967195277063922e+01 nan 1.000000000000000000e+00 nan
5.390000000000000000e+02 3.593362923362039396e+01 3.522103558913441645e+01 nan 1.000000000000000000e+00 nan
5.400000000000000000e+02 3.593499286998401487e+01 3.517330831640207833e+01 nan nan nan
5.410000000000000000e+02 3.593499286998402198e+01 3.517467195276586267e+01 nan nan nan
5.420000000000000000e+02 3.593499286998402198e+01 3.517603558912963990e+01 nan nan nan
5.430000000000000000e+02 3.593499286998402198e+01 3.517739922549343135e+01 nan nan nan
5.440000000000000000e+02 3.593499286998402198e+01 3.517876286185720147e+01 nan nan nan
5.450000000000000000e+02 3.593499286998402198e+01 3.518012649822098581e+01 nan nan nan
5.460000000000000000e+02 3.593499286998402198e+01 3.518149013458475594e+01 nan nan nan
5.470000000000000000e+02 3.593499286998401487e+01 3.518285377094854738e+01 nan nan nan
5.480000000000000000e+02 3.593499286998402198e+01 3.518421740731233172e+01 nan nan nan
5.490000000000000000e+02 3.593499286998402198e+01 3.518558104367612316e+01 nan nan nan
5.500000000000000000e+02 3.593499286998402198e+01 3.518694468003989329e+01 nan nan nan
5.510000000000000000e+02 3.593499286998402198e+01 3.518830831640367052e+01 nan nan nan
5.520000000000000000e+02 3.593499286998401487e+01 3.518967195276745485e+01 nan nan nan
5.530000000000000000e+02 3.593499286998401487e+01 3.519103558913123919e+01 nan nan nan
5.540000000000000000e+02 3.593499286998401487e+01 3.519239922549501642e+01 nan nan nan
5.550000000000000000e+02 3.593499286998401487e+01 3.519376286185879366e+01 nan nan nan
5.560000000000000000e+02 3.593499286998402198e+01 3.519512649822258510e+01 nan nan nan
5.570000000000000000e+02 3.593499286998402198e+01 3.519649013458635523e+01 nan 1.000000000000000000e+00 nan
5.580000000000000000e+02 3.593499286998402198e+01 3.519785377095014667e+01 1.000000000000000000e+00 nan nan
5.590000000000000000e+02 3.593499286998401487e+01 3.519921740731390969e+01 1.000000000000000000e+00 1.000000000000000000e+00 1.000000000000000000e+00
5.600000000000000000e+02 3.593499286998402198e+01 3.520058104367770113e+01 1.000000000000000000e+00 nan nan
5.610000000000000000e+02 3.593499286998402908e+01 3.520194468004147836e+01 nan 1.000000000000000000e+00 nan
5.620000000000000000e+02 3.593499286998401487e+01 3.520330831640526981e+01 1.000000000000000000e+00 1.000000000000000000e+00 1.000000000000000000e+00
5.630000000000000000e+02 3.593499286998402198e+01 3.520467195276903993e+01 1.000000000000000000e+00 1.000000000000000000e+00 1.000000000000000000e+00
5.640000000000000000e+02 3.593499286998402198e+01 3.520603558913282427e+01 1.000000000000000000e+00 1.000000000000000000e+00 1.000000000000000000e+00
5.650000000000000000e+02 3.593499286998402198e+01 3.520739922549660861e+01 1.000000000000000000e+00 1.000000000000000000e+00 1.000000000000000000e+00
5.660000000000000000e+02 3.593499286998402198e+01 3.520876286186039295e+01 1.000000000000000000e+00 1.000000000000000000e+00 1.000000000000000000e+00
5.670000000000000000e+02 3.593499286998401487e+01 3.521012649822416307e+01 1.000000000000000000e+00 1.000000000000000000e+00 1.000000000000000000e+00
5.680000000000000000e+02 3.593499286998402198e+01 3.521149013458794741e+01 1.000000000000000000e+00 1.000000000000000000e+00 1.000000000000000000e+00
5.690000000000000000e+02 3.593499286998402198e+01 3.521285377095172464e+01 nan 1.000000000000000000e+00 nan
5.700000000000000000e+02 3.593499286998402198e+01 3.521421740731550898e+01 nan 1.000000000000000000e+00 nan
5.710000000000000000e+02 3.593499286998401487e+01 3.521558104367929332e+01 nan 1.000000000000000000e+00 nan
5.720000000000000000e+02 3.593499286998402198e+01 3.521694468004306344e+01 nan 1.000000000000000000e+00 nan
5.730000000000000000e+02 3.593499286998402198e+01 3.521830831640684778e+01 nan 1.000000000000000000e+00 nan
5.740000000000000000e+02 3.593499286998402198e+01 3.521967195277063922e+01 nan 1.000000000000000000e+00 nan
5.750000000000000000e+02 3.593499286998402198e+01 3.522103558913441645e+01 nan 1.000000000000000000e+00 nan
5.760000000000000000e+02 3.593635650634766421e+01 3.517330831640207833e+01 nan nan nan
5.770000000000000000e+02 3.593635650634765710e+01 3.517467195276586267e+01 nan nan nan
5.780000000000000000e+02 3.593635650634766421e+01 3.517603558912963990e+01 nan nan nan
5.790000000000000000e+02 3.593635650634766421e+01 3.517739922549343135e+01 nan nan nan
5.800000000000000000e+02 3.593635650634766421e+01 3.517876286185720147e+01 nan nan nan
5.810000000000000000e+02 3.593635650634766421e+01 3.518012649822098581e+01 nan nan nan
5.820000000000000000e+02 3.593635650634766421e+01 3.518149013458475594e+01 nan nan nan
5.830000000000000000e+02 3.593635650634765710e+01 3.518285377094854738e+01 nan nan nan
5.840000000000000000e+02 3.593635650634766421e+01 3.518421740731233172e+01 nan nan nan
5.850000000000000000e+02 3.593635650634765710e+01 3.518558104367612316e+01 nan nan nan
5.860000000000000000e+02 3.593635650634766421e+01 3.518694468003989329e+01 nan nan nan
5.870000000000000000e+02 3.593635650634766421e+01 3.518830831640367052e+01 nan nan nan
5.880000000000000000e+02 3.593635650634766421e+01 3.518967195276745485e+01 nan nan nan
5.890000000000000000e+02 3.593635650634766421e+01 3.519103558913123919e+01 nan nan nan
5.900000000000000000e+02 3.593635650634766421e+01 3.519239922549501642e+01 nan nan nan
5.910000000000000000e+02 3.593635650634766421e+01 3.519376286185879366e+01 nan nan nan
5.920000000000000000e+02 3.593635650634766421e+01 3.519512649822258510e+01 nan nan nan
5.930000000000000000e+02 3.593635650634766421e+01 3.519649013458635523e+01 nan nan nan
5.940000000000000000e+02 3.593635650634766421e+01 3.519785377095014667e+01 1.000000000000000000e+00 nan nan
5.950000000000000000e+02 3.593635650634766421e+01 3.519921740731390969e+01 nan nan nan
5.960000000000000000e+02 3.593635650634766421e+01 3.520058104367770113e+01 1.000000000000000000e+00 1.000000000000000000e+00 1.000000000000000000e+00
5.970000000000000000e+02 3.593635650634766421e+01 3.520194468004147836e+01 nan 1.000000000000000000e+00 nan
5.980000000000000000e+02 3.593635650634766421e+01 3.520330831640526981e+01 1.000000000000000000e+00 1.000000000000000000e+00 1.000000000000000000e+00
5.990000000000000000e+02 3.593635650634766421e+01 3.520467195276903993e+01 nan 1.000000000000000000e+00 nan
6.000000000000000000e+02 3.593635650634766421e+01 3.520603558913282427e+01 1.000000000000000000e+00 1.000000000000000000e+00 1.000000000000000000e+00
6.010000000000000000e+02 3.593635650634766421e+01 3.520739922549660861e+01 1.000000000000000000e+00 1.000000000000000000e+00 1.000000000000000000e+00
6.020000000000000000e+02 3.593635650634765710e+01 3.520876286186039295e+01 1.000000000000000000e+00 1.000000000000000000e+00 1.000000000000000000e+00
6.030000000000000000e+02 3.593635650634766421e+01 3.521012649822416307e+01 nan 1.000000000000000000e+00 nan
6.040000000000000000e+02 3.593635650634766421e+01 3.521149013458794741e+01 nan 1.000000000000000000e+00 nan
6.050000000000000000e+02 3.593635650634766421e+01 3.521285377095172464e+01 nan 1.000000000000000000e+00 nan
6.060000000000000000e+02 3.593635650634766421e+01 3.521421740731550898e+01 nan 1.000000000000000000e+00 nan
6.070000000000000000e+02 3.593635650634766421e+01 3.521558104367929332e+01 1.000000000000000000e+00 1.000000000000000000e+00 1.000000000000000000e+00
6.080000000000000000e+02 3.593635650634766421e+01 3.521694468004306344e+01 nan 1.000000000000000000e+00 nan
6.090000000000000000e+02 3.593635650634765710e+01 3.521830831640684778e+01 nan 1.000000000000000000e+00 nan
6.100000000000000000e+02 3.593635650634765710e+01 3.521967195277063922e+01 nan 1.000000000000000000e+00 nan
6.110000000000000000e+02 3.593635650634766421e+01 3.522103558913441645e+01 nan 1.000000000000000000e+00 nan
6.120000000000000000e+02 3.593772014271129223e+01 3.517330831640207833e+01 nan nan nan
6.130000000000000000e+02 3.593772014271129223e+01 3.517467195276586267e+01 nan nan nan
6.140000000000000000e+02 3.593772014271129223e+01 3.517603558912963990e+01 nan nan nan
6.150000000000000000e+02 3.593772014271128512e+01 3.517739922549343135e+01 nan nan nan
6.160000000000000000e+02 3.593772014271128512e+01 3.517876286185720147e+01 nan nan nan
6.170000000000000000e+02 3.593772014271129223e+01 3.518012649822098581e+01 nan nan nan
6.180000000000000000e+02 3.593772014271129223e+01 3.518149013458475594e+01 nan nan nan
6.190000000000000000e+02 3.593772014271129223e+01 3.518285377094854738e+01 nan nan nan
6.200000000000000000e+02 3.593772014271129933e+01 3.518421740731233172e+01 nan nan nan
6.210000000000000000e+02 3.593772014271129223e+01 3.518558104367612316e+01 nan nan nan
6.220000000000000000e+02 3.593772014271129223e+01 3.518694468003989329e+01 nan nan nan
6.230000000000000000e+02 3.593772014271129223e+01 3.518830831640367052e+01 nan nan nan
6.240000000000000000e+02 3.593772014271128512e+01 3.518967195276745485e+01 nan nan nan
6.250000000000000000e+02 3.593772014271127802e+01 3.519103558913123919e+01 nan nan nan
6.260000000000000000e+02 3.593772014271129223e+01 3.519239922549501642e+01 nan nan nan
6.270000000000000000e+02 3.593772014271129223e+01 3.519376286185879366e+01 nan nan nan
6.280000000000000000e+02 3.593772014271129223e+01 3.519512649822258510e+01 1.000000000000000000e+00 nan nan
6.290000000000000000e+02 3.593772014271129223e+01 3.519649013458635523e+01 nan nan nan
6.300000000000000000e+02 3.593772014271129223e+01 3.519785377095014667e+01 nan 1.000000000000000000e+00 nan
6.310000000000000000e+02 3.593772014271128512e+01 3.519921740731390969e+01 1.000000000000000000e+00 1.000000000000000000e+00 1.000000000000000000e+00
6.320000000000000000e+02 3.593772014271129223e+01 3.520058104367770113e+01 nan 1.000000000000000000e+00 nan
6.330000000000000000e+02 3.593772014271129223e+01 3.520194468004147836e+01 nan 1.000000000000000000e+00 nan
6.340000000000000000e+02 3.593772014271129223e+01 3.520330831640526981e+01 nan 1.000000000000000000e+00 nan
6.350000000000000000e+02 3.593772014271129223e+01 3.520467195276903993e+01 1.000000000000000000e+00 1.000000000000000000e+00 1.000000000000000000e+00
6.360000000000000000e+02 3.593772014271129223e+01 3.520603558913282427e+01 1.000000000000000000e+00 1.000000000000000000e+00 1.000000000000000000e+00
6.370000000000000000e+02 3.593772014271128512e+01 3.520739922549660861e+01 nan 1.000000000000000000e+00 nan
6.380000000000000000e+02 3.593772014271129223e+01 3.520876286186039295e+01 1.000000000000000000e+00 1.000000000000000000e+00 1.000000000000000000e+00
6.390000000000000000e+02 3.593772014271127802e+01 3.521012649822416307e+01 1.000000000000000000e+00 1.000000000000000000e+00 1.000000000000000000e+00
6.400000000000000000e+02 3.593772014271129223e+01 3.521149013458794741e+01 1.000000000000000000e+00 1.000000000000000000e+00 1.000000000000000000e+00
6.410000000000000000e+02 3.593772014271129223e+01 3.521285377095172464e+01 nan 1.000000000000000000e+00 nan
6.420000000000000000e+02 3.593772014271128512e+01 3.521421740731550898e+01 nan 1.000000000000000000e+00 nan
6.430000000000000000e+02 3.593772014271128512e+01 3.521558104367929332e+01 1.000000000000000000e+00 1.000000000000000000e+00 1.000000000000000000e+00
6.440000000000000000e+02 3.593772014271129223e+01 3.521694468004306344e+01 nan 1.000000000000000000e+00 nan
6.450000000000000000e+02 3.593772014271128512e+01 3.521830831640684778e+01 nan nan nan
6.460000000000000000e+02 3.593772014271129223e+01 3.521967195277063922e+01 nan 1.000000000000000000e+00 nan
6.470000000000000000e+02 3.593772014271128512e+01 3.522103558913441645e+01 nan 1.000000000000000000e+00 nan
6.480000000000000000e+02 3.593908377907493445e+01 3.517330831640209254e+01 nan nan nan
6.490000000000000000e+02 3.593908377907493445e+01 3.517467195276586267e+01 nan nan nan
6.500000000000000000e+02 3.593908377907493445e+01 3.517603558912963990e+01 nan nan nan
6.510000000000000000e+02 3.593908377907493445e+01 3.517739922549343135e+01 nan nan nan
6.520000000000000000e+02 3.593908377907492735e+01 3.517876286185720858e+01 nan nan nan
6.530000000000000000e+02 3.593908377907494156e+01 3.518012649822098581e+01 nan nan nan
6.540000000000000000e+02 3.593908377907492735e+01 3.518149013458476304e+01 nan nan nan
6.550000000000000000e+02 3.593908377907492735e+01 3.518285377094854738e+01 nan nan nan
6.560000000000000000e+02 3.593908377907493445e+01 3.518421740731233172e+01 nan nan nan
6.570000000000000000e+02 3.593908377907492735e+01 3.518558104367610895e+01 nan nan nan
6.580000000000000000e+02 3.593908377907492735e+01 3.518694468003989329e+01 nan nan nan
6.590000000000000000e+02 3.593908377907493445e+01 3.518830831640367052e+01 nan nan nan
6.600000000000000000e+02 3.593908377907493445e+01 3.518967195276745485e+01 nan nan nan
6.610000000000000000e+02 3.593908377907493445e+01 3.519103558913123209e+01 nan nan nan
6.620000000000000000e+02 3.593908377907492735e+01 3.519239922549500932e+01 nan nan nan
6.630000000000000000e+02 3.593908377907492735e+01 3.519376286185879366e+01 nan nan nan
6.640000000000000000e+02 3.593908377907494156e+01 3.519512649822258510e+01 nan nan nan
6.650000000000000000e+02 3.593908377907492735e+01 3.519649013458635523e+01 nan nan nan
6.660000000000000000e+02 3.593908377907492735e+01 3.519785377095014667e+01 1.000000000000000000e+00 1.000000000000000000e+00 1.000000000000000000e+00
6.670000000000000000e+02 3.593908377907492735e+01 3.519921740731390969e+01 nan 1.000000000000000000e+00 nan
6.680000000000000000e+02 3.593908377907492735e+01 3.520058104367769403e+01 1.000000000000000000e+00 1.000000000000000000e+00 1.000000000000000000e+00
6.690000000000000000e+02 3.593908377907492735e+01 3.520194468004147836e+01 1.000000000000000000e+00 1.000000000000000000e+00 1.000000000000000000e+00
6.700000000000000000e+02 3.593908377907492735e+01 3.520330831640526270e+01 1.000000000000000000e+00 1.000000000000000000e+00 1.000000000000000000e+00
6.710000000000000000e+02 3.593908377907493445e+01 3.520467195276905414e+01 1.000000000000000000e+00 1.000000000000000000e+00 1.000000000000000000e+00
6.720000000000000000e+02 3.593908377907493445e+01 3.520603558913282427e+01 nan 1.000000000000000000e+00 nan
6.730000000000000000e+02 3.593908377907493445e+01 3.520739922549660861e+01 1.000000000000000000e+00 1.000000000000000000e+00 1.000000000000000000e+00
6.740000000000000000e+02 3.593908377907493445e+01 3.520876286186039295e+01 1.000000000000000000e+00 1.000000000000000000e+00 1.000000000000000000e+00
6.750000000000000000e+02 3.593908377907494156e+01 3.521012649822416307e+01 nan 1.000000000000000000e+00 nan
6.760000000000000000e+02 3.593908377907492735e+01 3.521149013458794741e+01 1.000000000000000000e+00 1.000000000000000000e+00 1.000000000000000000e+00
6.770000000000000000e+02 3.593908377907492735e+01 3.521285377095172464e+01 nan 1.000000000000000000e+00 nan
6.780000000000000000e+02 3.593908377907493445e+01 3.521421740731550898e+01 nan 1.000000000000000000e+00 nan
6.790000000000000000e+02 3.593908377907493445e+01 3.521558104367929332e+01 1.000000000000000000e+00 1.000000000000000000e+00 1.000000000000000000e+00
6.800000000000000000e+02 3.593908377907492735e+01 3.521694468004306344e+01 nan 1.000000000000000000e+00 nan
6.810000000000000000e+02 3.593908377907492735e+01 3.521830831640684778e+01 nan nan nan
6.820000000000000000e+02 3.593908377907492735e+01 3.521967195277064633e+01 nan 1.000000000000000000e+00 nan
6.830000000000000000e+02 3.593908377907493445e+01 3.522103558913440935e+01 1.000000000000000000e+00 1.000000000000000000e+00 1.000000000000000000e+00
6.840000000000000000e+02 3.594044741543856247e+01 3.517330831640207833e+01 nan nan nan
6.850000000000000000e+02 3.594044741543856247e+01 3.517467195276586267e+01 nan nan nan
6.860000000000000000e+02 3.594044741543856247e+01 3.517603558912963990e+01 nan nan nan
6.870000000000000000e+02 3.594044741543856247e+01 3.517739922549343135e+01 nan nan nan
6.880000000000000000e+02 3.594044741543856247e+01 3.517876286185720147e+01 nan nan nan
6.890000000000000000e+02 3.594044741543856247e+01 3.518012649822098581e+01 nan nan nan
6.900000000000000000e+02 3.594044741543856247e+01 3.518149013458475594e+01 nan nan nan
6.910000000000000000e+02 3.594044741543856247e+01 3.518285377094854738e+01 nan nan nan
6.920000000000000000e+02 3.594044741543856247e+01 3.518421740731233172e+01 nan nan nan
6.930000000000000000e+02 3.594044741543856247e+01 3.518558104367612316e+01 nan nan nan
6.940000000000000000e+02 3.594044741543856247e+01 3.518694468003989329e+01 nan nan nan
6.950000000000000000e+02 3.594044741543856247e+01 3.518830831640367052e+01 nan nan nan
6.960000000000000000e+02 3.594044741543856247e+01 3.518967195276745485e+01 nan nan nan
6.970000000000000000e+02 3.594044741543856247e+01 3.519103558913123919e+01 nan nan nan
6.980000000000000000e+02 3.594044741543855537e+01 3.519239922549501642e+01 nan nan nan
6.990000000000000000e+02 3.594044741543856247e+01 3.519376286185879366e+01 nan nan nan
7.000000000000000000e+02 3.594044741543856958e+01 3.519512649822258510e+01 nan nan nan
7.010000000000000000e+02 3.594044741543856247e+01 3.519649013458635523e+01 nan 1.000000000000000000e+00 nan
7.020000000000000000e+02 3.594044741543856247e+01 3.519785377095014667e+01 nan 1.000000000000000000e+00 nan
7.030000000000000000e+02 3.594044741543856247e+01 3.519921740731390969e+01 nan 1.000000000000000000e+00 nan
7.040000000000000000e+02 3.594044741543856247e+01 3.520058104367770113e+01 1.000000000000000000e+00 1.000000000000000000e+00 1.000000000000000000e+00
7.050000000000000000e+02 3.594044741543856247e+01 3.520194468004147836e+01 nan 1.000000000000000000e+00 nan
7.060000000000000000e+02 3.594044741543856247e+01 3.520330831640526981e+01 1.000000000000000000e+00 1.000000000000000000e+00 1.000000000000000000e+00
7.070000000000000000e+02 3.594044741543856247e+01 3.520467195276903993e+01 nan nan nan
7.080000000000000000e+02 3.594044741543856247e+01 3.520603558913282427e+01 1.000000000000000000e+00 nan nan
7.090000000000000000e+02 3.594044741543856247e+01 3.520739922549660861e+01 nan 1.000000000000000000e+00 nan
7.100000000000000000e+02 3.594044741543856247e+01 3.520876286186039295e+01 1.000000000000000000e+00 1.000000000000000000e+00 1.000000000000000000e+00
7.110000000000000000e+02 3.594044741543856247e+01 3.521012649822416307e+01 nan 1.000000000000000000e+00 nan
7.120000000000000000e+02 3.594044741543856247e+01 3.521149013458794741e+01 nan 1.000000000000000000e+00 nan
7.130000000000000000e+02 3.594044741543856247e+01 3.521285377095172464e+01 nan 1.000000000000000000e+00 nan
7.140000000000000000e+02 3.594044741543856247e+01 3.521421740731550898e+01 nan nan nan
7.150000000000000000e+02 3.594044741543856247e+01 3.521558104367929332e+01 nan 1.000000000000000000e+00 nan
7.160000000000000000e+02 3.594044741543856247e+01 3.521694468004306344e+01 1.000000000000000000e+00 nan nan
7.170000000000000000e+02 3.594044741543856247e+01 3.521830831640684778e+01 nan 1.000000000000000000e+00 nan
7.180000000000000000e+02 3.594044741543856247e+01 3.521967195277063922e+01 nan 1.000000000000000000e+00 nan
7.190000000000000000e+02 3.594044741543856247e+01 3.522103558913441645e+01 nan 1.000000000000000000e+00 nan
7.200000000000000000e+02 3.594181105180219760e+01 3.517330831640209254e+01 nan nan nan
7.210000000000000000e+02 3.594181105180219760e+01 3.517467195276586267e+01 nan nan nan
7.220000000000000000e+02 3.594181105180219760e+01 3.517603558912964701e+01 nan nan nan
7.230000000000000000e+02 3.594181105180220470e+01 3.517739922549343135e+01 nan nan nan
7.240000000000000000e+02 3.594181105180219760e+01 3.517876286185720147e+01 nan nan nan
7.250000000000000000e+02 3.594181105180219760e+01 3.518012649822098581e+01 nan nan nan
7.260000000000000000e+02 3.594181105180219760e+01 3.518149013458476304e+01 nan nan nan
7.270000000000000000e+02 3.594181105180219760e+01 3.518285377094854738e+01 nan nan nan
7.280000000000000000e+02 3.594181105180220470e+01 3.518421740731233172e+01 nan nan nan
7.290000000000000000e+02 3.594181105180219760e+01 3.518558104367611605e+01 nan nan nan
7.300000000000000000e+02 3.594181105180219760e+01 3.518694468003990039e+01 nan nan nan
7.310000000000000000e+02 3.594181105180219760e+01 3.518830831640367052e+01 nan nan nan
7.320000000000000000e+02 3.594181105180219760e+01 3.518967195276745485e+01 nan nan nan
7.330000000000000000e+02 3.594181105180219760e+01 3.519103558913123919e+01 nan nan nan
7.340000000000000000e+02 3.594181105180219760e+01 3.519239922549501642e+01 nan nan nan
7.350000000000000000e+02 3.594181105180219760e+01 3.519376286185879366e+01 nan nan nan
7.360000000000000000e+02 3.594181105180219760e+01 3.519512649822258510e+01 nan nan nan
7.370000000000000000e+02 3.594181105180219760e+01 3.519649013458635523e+01 nan 1.000000000000000000e+00 nan
7.380000000000000000e+02 3.594181105180219760e+01 3.519785377095013246e+01 1.000000000000000000e+00 nan nan
7.390000000000000000e+02 3.594181105180219760e+01 3.519921740731392390e+01 1.000000000000000000e+00 1.000000000000000000e+00 1.000000000000000000e+00
7.400000000000000000e+02 3.594181105180219760e+01 3.520058104367770113e+01 nan 1.000000000000000000e+00 nan
7.410000000000000000e+02 3.594181105180219760e+01 3.520194468004147836e+01 nan 1.000000000000000000e+00 nan
7.420000000000000000e+02 3.594181105180219760e+01 3.520330831640526270e+01 nan 1.000000000000000000e+00 nan
7.430000000000000000e+02 3.594181105180219760e+01 3.520467195276905414e+01 nan nan nan
7.440000000000000000e+02 3.594181105180219760e+01 3.520603558913282427e+01 1.000000000000000000e+00 nan nan
7.450000000000000000e+02 3.594181105180220470e+01 3.520739922549660861e+01 nan nan nan
7.460000000000000000e+02 3.594181105180219760e+01 3.520876286186040005e+01 nan 1.000000000000000000e+00 nan
7.470000000000000000e+02 3.594181105180219760e+01 3.521012649822416307e+01 nan nan nan
7.480000000000000000e+02 3.594181105180219760e+01 3.521149013458794741e+01 1.000000000000000000e+00 nan nan
7.490000000000000000e+02 3.594181105180219760e+01 3.521285377095172464e+01 nan 1.000000000000000000e+00 nan
7.500000000000000000e+02 3.594181105180219760e+01 3.521421740731550898e+01 nan 1.000000000000000000e+00 nan
7.510000000000000000e+02 3.594181105180219760e+01 3.521558104367929332e+01 1.000000000000000000e+00 1.000000000000000000e+00 1.000000000000000000e+00
7.520000000000000000e+02 3.594181105180219760e+01 3.521694468004306344e+01 nan nan nan
7.530000000000000000e+02 3.594181105180219760e+01 3.521830831640684778e+01 nan 1.000000000000000000e+00 nan
7.540000000000000000e+02 3.594181105180219760e+01 3.521967195277064633e+01 nan 1.000000000000000000e+00 nan
7.550000000000000000e+02 3.594181105180219760e+01 3.522103558913440935e+01 nan nan nan
7.560000000000000000e+02 3.594317468816584693e+01 3.517330831640209254e+01 nan nan nan
7.570000000000000000e+02 3.594317468816584693e+01 3.517467195276586267e+01 nan nan nan
7.580000000000000000e+02 3.594317468816584693e+01 3.517603558912964701e+01 nan nan nan
7.590000000000000000e+02 3.594317468816584693e+01 3.517739922549343135e+01 nan nan nan
7.600000000000000000e+02 3.594317468816584693e+01 3.517876286185720147e+01 nan nan nan
7.610000000000000000e+02 3.594317468816584693e+01 3.518012649822098581e+01 nan nan nan
7.620000000000000000e+02 3.594317468816583983e+01 3.518149013458476304e+01 nan nan nan
7.630000000000000000e+02 3.594317468816584693e+01 3.518285377094854738e+01 nan nan nan
7.640000000000000000e+02 3.594317468816584693e+01 3.518421740731233172e+01 nan nan nan
7.650000000000000000e+02 3.594317468816583983e+01 3.518558104367611605e+01 nan nan nan
7.660000000000000000e+02 3.594317468816584693e+01 3.518694468003990039e+01 nan nan nan
7.670000000000000000e+02 3.594317468816583983e+01 3.518830831640367052e+01 nan nan nan
7.680000000000000000e+02 3.594317468816584693e+01 3.518967195276745485e+01 nan nan nan
7.690000000000000000e+02 3.594317468816583272e+01 3.519103558913123919e+01 nan nan nan
7.700000000000000000e+02 3.594317468816584693e+01 3.519239922549501642e+01 nan nan nan
7.710000000000000000e+02 3.594317468816584693e+01 3.519376286185879366e+01 nan nan nan
7.720000000000000000e+02 3.594317468816583983e+01 3.519512649822258510e+01 nan nan nan
7.730000000000000000e+02 3.594317468816584693e+01 3.519649013458635523e+01 nan 1.000000000000000000e+00 nan
7.740000000000000000e+02 3.594317468816584693e+01 3.519785377095013246e+01 nan nan nan
7.750000000000000000e+02 3.594317468816584693e+01 3.519921740731392390e+01 nan 1.000000000000000000e+00 nan
7.760000000000000000e+02 3.594317468816584693e+01 3.520058104367770113e+01 nan 1.000000000000000000e+00 nan
7.770000000000000000e+02 3.594317468816584693e+01 3.520194468004147836e+01 nan 1.000000000000000000e+00 nan
7.780000000000000000e+02 3.594317468816583983e+01 3.520330831640526270e+01 nan nan nan
7.790000000000000000e+02 3.594317468816584693e+01 3.520467195276905414e+01 nan nan nan
7.800000000000000000e+02 3.594317468816584693e+01 3.520603558913282427e+01 1.000000000000000000e+00 nan nan
7.810000000000000000e+02 3.594317468816583983e+01 3.520739922549660861e+01 nan nan nan
7.820000000000000000e+02 3.594317468816584693e+01 3.520876286186040005e+01 nan nan nan
7.830000000000000000e+02 3.594317468816584693e+01 3.521012649822416307e+01 nan nan nan
7.840000000000000000e+02 3.594317468816584693e+01 3.521149013458794741e+01 nan nan nan
7.850000000000000000e+02 3.594317468816584693e+01 3.521285377095172464e+01 nan 1.000000000000000000e+00 nan
7.860000000000000000e+02 3.594317468816584693e+01 3.521421740731550898e+01 nan 1.000000000000000000e+00 nan
7.870000000000000000e+02 3.594317468816584693e+01 3.521558104367929332e+01 nan nan nan
7.880000000000000000e+02 3.594317468816584693e+01 3.521694468004306344e+01 nan nan nan
7.890000000000000000e+02 3.594317468816584693e+01 3.521830831640684778e+01 nan nan nan
7.900000000000000000e+02 3.594317468816583983e+01 3.521967195277064633e+01 nan nan nan
7.910000000000000000e+02 3.594317468816584693e+01 3.522103558913440935e+01 nan nan nan
7.920000000000000000e+02 3.594453832452947495e+01 3.517330831640209254e+01 nan nan nan
7.930000000000000000e+02 3.594453832452946784e+01 3.517467195276586267e+01 nan nan nan
7.940000000000000000e+02 3.594453832452946784e+01 3.517603558912963990e+01 nan nan nan
7.950000000000000000e+02 3.594453832452946784e+01 3.517739922549343135e+01 nan nan nan
7.960000000000000000e+02 3.594453832452947495e+01 3.517876286185720858e+01 nan nan nan
7.970000000000000000e+02 3.594453832452946784e+01 3.518012649822098581e+01 nan nan nan
7.980000000000000000e+02 3.594453832452946784e+01 3.518149013458476304e+01 nan nan nan
7.990000000000000000e+02 3.594453832452947495e+01 3.518285377094854738e+01 nan nan nan
8.000000000000000000e+02 3.594453832452946784e+01 3.518421740731233172e+01 nan nan nan
8.010000000000000000e+02 3.594453832452946784e+01 3.518558104367610895e+01 nan nan nan
8.020000000000000000e+02 3.594453832452946784e+01 3.518694468003989329e+01 nan nan nan
8.030000000000000000e+02 3.594453832452946784e+01 3.518830831640367052e+01 nan nan nan
8.040000000000000000e+02 3.594453832452947495e+01 3.518967195276745485e+01 nan nan nan
8.050000000000000000e+02 3.594453832452947495e+01 3.519103558913123209e+01 nan nan nan
8.060000000000000000e+02 3.594453832452946784e+01 3.519239922549500932e+01 nan nan nan
8.070000000000000000e+02 3.594453832452947495e+01 3.519376286185879366e+01 nan nan nan
8.080000000000000000e+02 3.594453832452947495e+01 3.519512649822258510e+01 nan nan nan
8.090000000000000000e+02 3.594453832452947495e+01 3.519649013458635523e+01 nan nan nan
8.100000000000000000e+02 3.594453832452946784e+01 3.519785377095014667e+01 nan 1.000000000000000000e+00 nan
8.110000000000000000e+02 3.594453832452946784e+01 3.519921740731390969e+01 nan 1.000000000000000000e+00 nan
8.120000000000000000e+02 3.594453832452947495e+01 3.520058104367769403e+01 nan 1.000000000000000000e+00 nan
8.130000000000000000e+02 3.594453832452946784e+01 3.520194468004147836e+01 nan 1.000000000000000000e+00 nan
8.140000000000000000e+02 3.594453832452946784e+01 3.520330831640526270e+01 nan nan nan
8.150000000000000000e+02 3.594453832452946784e+01 3.520467195276905414e+01 nan nan nan
8.160000000000000000e+02 3.594453832452946784e+01 3.520603558913282427e+01 nan nan nan
8.170000000000000000e+02 3.594453832452946784e+01 3.520739922549660861e+01 nan nan nan
8.180000000000000000e+02 3.594453832452947495e+01 3.520876286186039295e+01 nan nan nan
8.190000000000000000e+02 3.594453832452947495e+01 3.521012649822416307e+01 nan nan nan
8.200000000000000000e+02 3.594453832452947495e+01 3.521149013458794741e+01 nan nan nan
8.210000000000000000e+02 3.594453832452948205e+01 3.521285377095172464e+01 nan nan nan
8.220000000000000000e+02 3.594453832452946784e+01 3.521421740731550898e+01 nan nan nan
8.230000000000000000e+02 3.594453832452948205e+01 3.521558104367929332e+01 nan nan nan
8.240000000000000000e+02 3.594453832452948205e+01 3.521694468004306344e+01 nan nan nan
8.250000000000000000e+02 3.594453832452946784e+01 3.521830831640684778e+01 nan nan nan
8.260000000000000000e+02 3.594453832452946784e+01 3.521967195277064633e+01 nan nan nan
8.270000000000000000e+02 3.594453832452946784e+01 3.522103558913440935e+01 nan nan nan
8.280000000000000000e+02 3.594590196089310297e+01 3.517330831640209254e+01 nan nan nan
8.290000000000000000e+02 3.594590196089310297e+01 3.517467195276586267e+01 nan nan nan
8.300000000000000000e+02 3.594590196089310297e+01 3.517603558912963990e+01 nan nan nan
8.310000000000000000e+02 3.594590196089310297e+01 3.517739922549343135e+01 nan nan nan
8.320000000000000000e+02 3.594590196089310297e+01 3.517876286185720858e+01 nan nan nan
8.330000000000000000e+02 3.594590196089311007e+01 3.518012649822098581e+01 nan nan nan
8.340000000000000000e+02 3.594590196089311007e+01 3.518149013458476304e+01 nan nan nan
8.350000000000000000e+02 3.594590196089310297e+01 3.518285377094854738e+01 nan nan nan
8.360000000000000000e+02 3.594590196089310297e+01 3.518421740731233172e+01 nan nan nan
8.370000000000000000e+02 3.594590196089310297e+01 3.518558104367610895e+01 nan nan nan
8.380000000000000000e+02 3.594590196089310297e+01 3.518694468003989329e+01 nan nan nan
8.390000000000000000e+02 3.594590196089310297e+01 3.518830831640367052e+01 nan nan nan
8.400000000000000000e+02 3.594590196089310297e+01 3.518967195276745485e+01 nan nan nan
8.410000000000000000e+02 3.594590196089311007e+01 3.519103558913123209e+01 nan nan nan
8.420000000000000000e+02 3.594590196089310297e+01 3.519239922549500932e+01 nan 1.000000000000000000e+00 nan
8.430000000000000000e+02 3.594590196089311007e+01 3.519376286185879366e+01 nan 1.000000000000000000e+00 nan
8.440000000000000000e+02 3.594590196089311007e+01 3.519512649822258510e+01 nan nan nan
8.450000000000000000e+02 3.594590196089310297e+01 3.519649013458635523e+01 nan nan nan
8.460000000000000000e+02 3.594590196089311007e+01 3.519785377095014667e+01 nan 1.000000000000000000e+00 nan
8.470000000000000000e+02 3.594590196089311718e+01 3.519921740731390969e+01 nan 1.000000000000000000e+00 nan
8.480000000000000000e+02 3.594590196089311007e+01 3.520058104367769403e+01 nan 1.000000000000000000e+00 nan
8.490000000000000000e+02 3.594590196089310297e+01 3.520194468004147836e+01 nan 1.000000000000000000e+00 nan
8.500000000000000000e+02 3.594590196089310297e+01 3.520330831640526270e+01 nan nan nan
8.510000000000000000e+02 3.594590196089311007e+01 3.520467195276905414e+01 nan nan nan
8.520000000000000000e+02 3.594590196089310297e+01 3.520603558913282427e+01 nan nan nan
8.530000000000000000e+02 3.594590196089310297e+01 3.520739922549660861e+01 nan nan nan
8.540000000000000000e+02 3.594590196089311007e+01 3.520876286186039295e+01 1.000000000000000000e+00 nan nan
8.550000000000000000e+02 3.594590196089310297e+01 3.521012649822416307e+01 nan nan nan
8.560000000000000000e+02 3.594590196089310297e+01 3.521149013458794741e+01 nan nan nan
8.570000000000000000e+02 3.594590196089310297e+01 3.521285377095172464e+01 nan nan nan
8.580000000000000000e+02 3.594590196089310297e+01 3.521421740731550898e+01 nan nan nan
8.590000000000000000e+02 3.594590196089310297e+01 3.521558104367929332e+01 nan nan nan
8.600000000000000000e+02 3.594590196089310297e+01 3.521694468004306344e+01 nan nan nan
8.610000000000000000e+02 3.594590196089311718e+01 3.521830831640684778e+01 nan nan nan
8.620000000000000000e+02 3.594590196089310297e+01 3.521967195277064633e+01 nan nan nan
8.630000000000000000e+02 3.594590196089311007e+01 3.522103558913440935e+01 nan nan nan
