1.000000000000000000e+00 5.156293222683263622e-01
3.000000000000000000e+00 5.844329328435293736e-01
5.000000000000000000e+00 6.151618378669814202e-01
7.000000000000000000e+00 6.355221100775261256e-01
9.000000000000000000e+00 6.517910023473201253e-01
1.100000000000000000e+01 6.656907341711770787e-01
1.300000000000000000e+01 6.777189165706467566e-01
1.500000000000000000e+01 6.881116865343729350e-01
1.700000000000000000e+01 6.972255678259422496e-01
1.900000000000000000e+01 7.048411038261026551e-01
2.100000000000000000e+01 7.111671665584691215e-01
2.300000000000000000e+01 7.164617323435267249e-01
2.500000000000000000e+01 7.204957397019873255e-01
2.700000000000000000e+01 7.234141017700355114e-01
2.900000000000000000e+01 7.253135576126452655e-01
3.100000000000000000e+01 7.263773635447031696e-01
3.300000000000000000e+01 7.266830695999439982e-01
3.500000000000000000e+01 7.263816155531914731e-01
3.700000000000000000e+01 7.257393919285686223e-01
3.900000000000000000e+01 7.247845577404176121e-01
4.100000000000000000e+01 7.235863529939962069e-01
4.300000000000000000e+01 7.224141429873245368e-01
4.500000000000000000e+01 7.212925923192587963e-01
4.700000000000000000e+01 7.202421271975369965e-01
4.900000000000000000e+01 7.191128587638915270e-01
5.100000000000000000e+01 7.179335982032568619e-01
5.300000000000000000e+01 7.166908760251410326e-01
5.500000000000000000e+01 7.155003020818186954e-01
5.700000000000000000e+01 7.143197721665359712e-01
5.900000000000000000e+01 7.131219894070180976e-01
6.100000000000000000e+01 7.119433780192334638e-01
6.300000000000000000e+01 7.108553167157053432e-01
6.500000000000000000e+01 7.097304429455442154e-01
6.700000000000000000e+01 7.085997627353823880e-01
6.900000000000000000e+01 7.075611826105397961e-01
7.100000000000000000e+01 7.066737134972533863e-01
7.300000000000000000e+01 7.058814906758252850e-01
7.500000000000000000e+01 7.052138204157045731e-01
7.700000000000000000e+01 7.045390594851876909e-01
7.900000000000000000e+01 7.038849681022812943e-01
8.100000000000000000e+01 7.032464374005773511e-01
8.300000000000000000e+01 7.026036598399940658e-01
8.500000000000000000e+01 7.018562666185974575e-01
8.700000000000000000e+01 7.010204091599656628e-01
8.900000000000000000e+01 7.000613422946643238e-01
9.100000000000000000e+01 6.990639671077234496e-01
9.300000000000000000e+01 6.979815646870412005e-01
9.500000000000000000e+01 6.969448473891981521e-01
9.700000000000000000e+01 6.959228451002925642e-01
9.900000000000000000e+01 6.948455235043026201e-01
1.010000000000000000e+02 6.938051831049679707e-01
1.030000000000000000e+02 6.927706261620398820e-01
1.050000000000000000e+02 6.917739012092074535e-01
1.070000000000000000e+02 6.907944315864067431e-01
1.090000000000000000e+02 6.898931642200656356e-01
1.110000000000000000e+02 6.891566049414413753e-01
1.130000000000000000e+02 6.885747254321268329e-01
1.150000000000000000e+02 6.881476661317380561e-01
1.170000000000000000e+02 6.877171504261259116e-01
1.190000000000000000e+02 6.872968637158574090e-01
1.210000000000000000e+02 6.868823853150499703e-01
1.230000000000000000e+02 6.864725402042139990e-01
1.250000000000000000e+02 6.860704963516012223e-01
1.270000000000000000e+02 6.856751107225735886e-01
1.290000000000000000e+02 6.853614064830461095e-01
1.310000000000000000e+02 6.851255477856453835e-01
1.330000000000000000e+02 6.850056804137710786e-01
1.350000000000000000e+02 6.850056804137705235e-01
1.370000000000000000e+02 6.850056804137707456e-01
1.390000000000000000e+02 6.850056804137714117e-01
1.410000000000000000e+02 6.850056804137704125e-01
1.430000000000000000e+02 6.850056804137711897e-01
1.450000000000000000e+02 6.850056804137703015e-01
1.470000000000000000e+02 6.850056804137709676e-01
1.490000000000000000e+02 6.850056804137714117e-01
