1.000000000000000000e+00 1.811939039816878871e-01
3.000000000000000000e+00 1.993007108068973743e-01
5.000000000000000000e+00 2.066034948985389086e-01
7.000000000000000000e+00 2.102615858372572921e-01
9.000000000000000000e+00 2.125032444031221823e-01
1.100000000000000000e+01 2.140331815575524654e-01
1.300000000000000000e+01 2.151515787852995576e-01
1.500000000000000000e+01 2.160394656238513456e-01
1.700000000000000000e+01 2.168272195326792495e-01
1.900000000000000000e+01 2.176062492994266240e-01
2.100000000000000000e+01 2.184558568026940817e-01
2.300000000000000000e+01 2.193857748451776279e-01
2.500000000000000000e+01 2.204233654763370076e-01
2.700000000000000000e+01 2.215833046701766174e-01
2.900000000000000000e+01 2.228763380177194442e-01
3.100000000000000000e+01 2.243159808341935735e-01
3.300000000000000000e+01 2.258924897323697500e-01
3.500000000000000000e+01 2.276079050936615777e-01
3.700000000000000000e+01 2.294546872979206231e-01
3.900000000000000000e+01 2.314360832167036142e-01
4.100000000000000000e+01 2.335472350878547987e-01
4.300000000000000000e+01 2.357806095117300771e-01
4.500000000000000000e+01 2.381163624198671114e-01
4.700000000000000000e+01 2.405529861163335781e-01
4.900000000000000000e+01 2.430894072286812202e-01
5.100000000000000000e+01 2.457216565482769344e-01
5.300000000000000000e+01 2.484482066070996531e-01
5.500000000000000000e+01 2.512745796871702630e-01
5.700000000000000000e+01 2.541973805399083686e-01
5.900000000000000000e+01 2.572102060026966175e-01
6.100000000000000000e+01 2.603185654451232178e-01
6.300000000000000000e+01 2.635206360598304487e-01
6.500000000000000000e+01 2.668123936014871189e-01
6.700000000000000000e+01 2.701820094036068154e-01
6.900000000000000000e+01 2.736270135725462627e-01
7.100000000000000000e+01 2.771459088457701725e-01
7.300000000000000000e+01 2.807551691229034363e-01
7.500000000000000000e+01 2.844500971507838427e-01
7.700000000000000000e+01 2.882261123565278416e-01
7.900000000000000000e+01 2.920804882574422612e-01
8.100000000000000000e+01 2.960126339655643202e-01
8.300000000000000000e+01 3.000265128653718527e-01
8.500000000000000000e+01 3.041110588776989587e-01
8.700000000000000000e+01 3.082644293364095178e-01
8.900000000000000000e+01 3.124933935912631577e-01
9.100000000000000000e+01 3.167936758199652036e-01
9.300000000000000000e+01 3.211671806757607772e-01
9.500000000000000000e+01 3.256190316168235954e-01
9.700000000000000000e+01 3.301477506847293464e-01
9.900000000000000000e+01 3.347531825128835514e-01
1.010000000000000000e+02 3.394398187224734187e-01
1.030000000000000000e+02 3.442071146929395198e-01
1.050000000000000000e+02 3.490435578310606690e-01
1.070000000000000000e+02 3.539449455290709645e-01
1.090000000000000000e+02 3.589103790034163799e-01
1.110000000000000000e+02 3.639405232042258742e-01
1.130000000000000000e+02 3.690319054751415306e-01
1.150000000000000000e+02 3.741882931311668603e-01
1.170000000000000000e+02 3.794079637862067811e-01
1.190000000000000000e+02 3.846866052062083430e-01
1.210000000000000000e+02 3.900209960260343500e-01
1.230000000000000000e+02 3.954069072546957386e-01
1.250000000000000000e+02 4.008349664925399125e-01
1.270000000000000000e+02 4.063013167165293593e-01
1.290000000000000000e+02 4.117988532730360030e-01
1.310000000000000000e+02 4.173112909688985184e-01
1.330000000000000000e+02 4.228307437532077273e-01
1.350000000000000000e+02 4.283490857432342702e-01
1.370000000000000000e+02 4.338637417479179748e-01
1.390000000000000000e+02 4.393673077279184325e-01
1.410000000000000000e+02 4.448542181111408977e-01
1.430000000000000000e+02 4.503170617492447958e-01
1.450000000000000000e+02 4.557500492514598989e-01
1.470000000000000000e+02 4.611495298832399836e-01
1.490000000000000000e+02 4.665116655251829725e-01
