1.000000000000000000e+00 1.914633268552512479e-02
3.000000000000000000e+00 2.092323008618379721e-02
5.000000000000000000e+00 2.183994347163253913e-02
7.000000000000000000e+00 2.225470289687436765e-02
9.000000000000000000e+00 2.250764141218641878e-02
1.100000000000000000e+01 2.273035993744698668e-02
1.300000000000000000e+01 2.293898294643492708e-02
1.500000000000000000e+01 2.314642854791593152e-02
1.700000000000000000e+01 2.336205953792380718e-02
1.900000000000000000e+01 2.359690191174490526e-02
2.100000000000000000e+01 2.385118291771270993e-02
2.300000000000000000e+01 2.413229489259693938e-02
2.500000000000000000e+01 2.444670534314163923e-02
2.700000000000000000e+01 2.479192376886074634e-02
2.900000000000000000e+01 2.516390414588387525e-02
3.100000000000000000e+01 2.555649240096136143e-02
3.300000000000000000e+01 2.596378337556981553e-02
3.500000000000000000e+01 2.638144738621450713e-02
3.700000000000000000e+01 2.680723769231507791e-02
3.900000000000000000e+01 2.724140800730256995e-02
4.100000000000000000e+01 2.768439969748770491e-02
4.300000000000000000e+01 2.813577491232033267e-02
4.500000000000000000e+01 2.859581343240735762e-02
4.700000000000000000e+01 2.906473865967695858e-02
4.900000000000000000e+01 2.954229201744895672e-02
5.100000000000000000e+01 3.002916048136317073e-02
5.300000000000000000e+01 3.052614715306023463e-02
5.500000000000000000e+01 3.103283730857631095e-02
5.700000000000000000e+01 3.154890527366216446e-02
5.900000000000000000e+01 3.207399643676245304e-02
6.100000000000000000e+01 3.260734438731971441e-02
6.300000000000000000e+01 3.314801177602888504e-02
6.500000000000000000e+01 3.369526638571951338e-02
6.700000000000000000e+01 3.424797913702881669e-02
6.900000000000000000e+01 3.480528122871640040e-02
7.100000000000000000e+01 3.536651242028199249e-02
7.300000000000000000e+01 3.593145745818426828e-02
7.500000000000000000e+01 3.649969404047181953e-02
7.700000000000000000e+01 3.707076117837981855e-02
7.900000000000000000e+01 3.764438659000657328e-02
8.100000000000000000e+01 3.822028026171397919e-02
8.300000000000000000e+01 3.879798032207160130e-02
8.500000000000000000e+01 3.937703127525793434e-02
8.700000000000000000e+01 3.995702640121423510e-02
8.900000000000000000e+01 4.053763160342649385e-02
9.100000000000000000e+01 4.111846840382815671e-02
9.300000000000000000e+01 4.169905602039891690e-02
9.500000000000000000e+01 4.227884703017081858e-02
9.700000000000000000e+01 4.285722273034386909e-02
9.900000000000000000e+01 4.343370383377964661e-02
1.010000000000000000e+02 4.400793698428784317e-02
1.030000000000000000e+02 4.457944177731665292e-02
1.050000000000000000e+02 4.514776941789266917e-02
1.070000000000000000e+02 4.571265230122822931e-02
1.090000000000000000e+02 4.627377663427989507e-02
1.110000000000000000e+02 4.683085000755815575e-02
1.130000000000000000e+02 4.738360235946537102e-02
1.150000000000000000e+02 4.793171639289195429e-02
1.170000000000000000e+02 4.847476029635544581e-02
1.190000000000000000e+02 4.901252886032603229e-02
1.210000000000000000e+02 4.954482938046489426e-02
1.230000000000000000e+02 5.007158800701261292e-02
1.250000000000000000e+02 5.059277834139563890e-02
1.270000000000000000e+02 5.110847064367007864e-02
1.290000000000000000e+02 5.161850170220183553e-02
1.310000000000000000e+02 5.212290281213405319e-02
1.330000000000000000e+02 5.262172954283750315e-02
1.350000000000000000e+02 5.311508172016565776e-02
1.370000000000000000e+02 5.360307025953814364e-02
1.390000000000000000e+02 5.408579148564063299e-02
1.410000000000000000e+02 5.456338479970024302e-02
1.430000000000000000e+02 5.503631399493202903e-02
1.450000000000000000e+02 5.550467895082122904e-02
1.470000000000000000e+02 5.596867800987481711e-02
1.490000000000000000e+02 5.642846895824926712e-02
