1.000000000000000000e+00 1.252835079382219607e-02
3.000000000000000000e+00 1.275267628994902758e-02
5.000000000000000000e+00 1.287380612869826191e-02
7.000000000000000000e+00 1.296547984473872539e-02
9.000000000000000000e+00 1.303067100306753989e-02
1.100000000000000000e+01 1.307860157209739249e-02
1.300000000000000000e+01 1.311008595071805338e-02
1.500000000000000000e+01 1.312935903452994157e-02
1.700000000000000000e+01 1.314100321586531006e-02
1.900000000000000000e+01 1.314507137834586281e-02
2.100000000000000000e+01 1.313995214490681906e-02
2.300000000000000000e+01 1.312766240018137243e-02
2.500000000000000000e+01 1.310797165502497474e-02
2.700000000000000000e+01 1.308747550605027232e-02
2.900000000000000000e+01 1.306631334893648688e-02
3.100000000000000000e+01 1.304411874726918441e-02
3.300000000000000000e+01 1.302078095944192437e-02
3.500000000000000000e+01 1.299399804919298962e-02
3.700000000000000000e+01 1.296361494017472804e-02
3.900000000000000000e+01 1.293263666184840677e-02
4.100000000000000000e+01 1.290113857311259160e-02
4.300000000000000000e+01 1.286665126885122579e-02
4.500000000000000000e+01 1.282929940440558081e-02
4.700000000000000000e+01 1.278797801276543300e-02
4.900000000000000000e+01 1.274393452371824775e-02
5.100000000000000000e+01 1.269752089180553600e-02
5.300000000000000000e+01 1.264766814260742667e-02
5.500000000000000000e+01 1.259468045763378896e-02
5.700000000000000000e+01 1.253887182187896077e-02
5.900000000000000000e+01 1.248272542251493977e-02
6.100000000000000000e+01 1.242587417243712355e-02
6.300000000000000000e+01 1.236765508342352327e-02
6.500000000000000000e+01 1.230833073819104229e-02
6.700000000000000000e+01 1.224795493691144266e-02
6.900000000000000000e+01 1.218594530310079804e-02
7.100000000000000000e+01 1.212228520177272006e-02
7.300000000000000000e+01 1.205820883782571240e-02
7.500000000000000000e+01 1.199397121002077071e-02
7.700000000000000000e+01 1.193017090737624741e-02
7.900000000000000000e+01 1.186814060087593159e-02
8.100000000000000000e+01 1.180719216004244565e-02
8.300000000000000000e+01 1.174663777247308971e-02
8.500000000000000000e+01 1.168666247770955291e-02
8.700000000000000000e+01 1.162743893406692486e-02
8.900000000000000000e+01 1.156857715808112808e-02
9.100000000000000000e+01 1.150990498129644823e-02
9.300000000000000000e+01 1.145218074533393970e-02
9.500000000000000000e+01 1.139649592049496452e-02
9.700000000000000000e+01 1.134287513878862175e-02
9.900000000000000000e+01 1.129139730938100161e-02
1.010000000000000000e+02 1.124203450001259874e-02
1.030000000000000000e+02 1.119429340034228115e-02
1.050000000000000000e+02 1.114803848776335649e-02
1.070000000000000000e+02 1.110322635042626516e-02
1.090000000000000000e+02 1.105951117120496097e-02
1.110000000000000000e+02 1.101709923244320599e-02
1.130000000000000000e+02 1.097596024481561905e-02
1.150000000000000000e+02 1.093458657292445402e-02
1.170000000000000000e+02 1.089332158610833989e-02
1.190000000000000000e+02 1.085213417711250461e-02
1.210000000000000000e+02 1.081170931500707866e-02
1.230000000000000000e+02 1.077200368165776023e-02
1.250000000000000000e+02 1.073347269377888935e-02
1.270000000000000000e+02 1.069531945863588795e-02
1.290000000000000000e+02 1.065747063674227224e-02
1.310000000000000000e+02 1.062039227367106431e-02
1.330000000000000000e+02 1.058398349120670545e-02
1.350000000000000000e+02 1.054817521290296600e-02
1.370000000000000000e+02 1.051310829388441004e-02
1.390000000000000000e+02 1.047849156114399882e-02
1.410000000000000000e+02 1.044436835058037971e-02
1.430000000000000000e+02 1.041095557836624330e-02
1.450000000000000000e+02 1.037817658887685290e-02
1.470000000000000000e+02 1.034546815112591389e-02
1.490000000000000000e+02 1.031279690487840739e-02
