1.000000000000000000e+00 1.566979437013376053e-01
3.000000000000000000e+00 2.137674569960268389e-01
5.000000000000000000e+00 2.418422767053850508e-01
7.000000000000000000e+00 2.560011263047264896e-01
9.000000000000000000e+00 2.642946649620195876e-01
1.100000000000000000e+01 2.699230202581202054e-01
1.300000000000000000e+01 2.742448739194425222e-01
1.500000000000000000e+01 2.778682176276681126e-01
1.700000000000000000e+01 2.810792366112746521e-01
1.900000000000000000e+01 2.840074050540123407e-01
2.100000000000000000e+01 2.867244740436485362e-01
2.300000000000000000e+01 2.892904219808244415e-01
2.500000000000000000e+01 2.917602243721274524e-01
2.700000000000000000e+01 2.941703668153843321e-01
2.900000000000000000e+01 2.965249732306959318e-01
3.100000000000000000e+01 2.988299480955598497e-01
3.300000000000000000e+01 3.010946230754733000e-01
3.500000000000000000e+01 3.033313364141665414e-01
3.700000000000000000e+01 3.055448929829602811e-01
3.900000000000000000e+01 3.077411964467734462e-01
4.100000000000000000e+01 3.099283472835830944e-01
4.300000000000000000e+01 3.121072315149380216e-01
4.500000000000000000e+01 3.142837643825087124e-01
4.700000000000000000e+01 3.164616461602992592e-01
4.900000000000000000e+01 3.186439104882259343e-01
5.100000000000000000e+01 3.208332195356432548e-01
5.300000000000000000e+01 3.230265658387294625e-01
5.500000000000000000e+01 3.252219587217026753e-01
5.700000000000000000e+01 3.274156946652514444e-01
5.900000000000000000e+01 3.296037871655919105e-01
6.100000000000000000e+01 3.317819140261695221e-01
6.300000000000000000e+01 3.339518375060082089e-01
6.500000000000000000e+01 3.361127640745343870e-01
6.700000000000000000e+01 3.382647839462589179e-01
6.900000000000000000e+01 3.404051751572851892e-01
7.100000000000000000e+01 3.425328371554150486e-01
7.300000000000000000e+01 3.446487059844002276e-01
7.500000000000000000e+01 3.467520223497626564e-01
7.700000000000000000e+01 3.488416155410892783e-01
7.900000000000000000e+01 3.509163566965156633e-01
8.100000000000000000e+01 3.529750555458620598e-01
8.300000000000000000e+01 3.550173216276605315e-01
8.500000000000000000e+01 3.570421645936366906e-01
8.700000000000000000e+01 3.590490044043087581e-01
8.900000000000000000e+01 3.610365887034385768e-01
9.100000000000000000e+01 3.630042421190767810e-01
9.300000000000000000e+01 3.649517024806513410e-01
9.500000000000000000e+01 3.668776601088583611e-01
9.700000000000000000e+01 3.687813768233678680e-01
9.900000000000000000e+01 3.706620090972513326e-01
1.010000000000000000e+02 3.725185938962668475e-01
1.030000000000000000e+02 3.743492166273818533e-01
1.050000000000000000e+02 3.761533555028007125e-01
1.070000000000000000e+02 3.779315020086150279e-01
1.090000000000000000e+02 3.796830613306728663e-01
1.110000000000000000e+02 3.814074132216466184e-01
1.130000000000000000e+02 3.831050894311485155e-01
1.150000000000000000e+02 3.847755579057144937e-01
1.170000000000000000e+02 3.864198693206863933e-01
1.190000000000000000e+02 3.880380736912374395e-01
1.210000000000000000e+02 3.896309779369010462e-01
1.230000000000000000e+02 3.911982762276260406e-01
1.250000000000000000e+02 3.927387332653132779e-01
1.270000000000000000e+02 3.942523818994102536e-01
1.290000000000000000e+02 3.957388405135876530e-01
1.310000000000000000e+02 3.971970171228164093e-01
1.330000000000000000e+02 3.986266485203628918e-01
1.350000000000000000e+02 4.000277790267682265e-01
1.370000000000000000e+02 4.014003552196275804e-01
1.390000000000000000e+02 4.027443966324514291e-01
1.410000000000000000e+02 4.040601404665925545e-01
1.430000000000000000e+02 4.053489739425426563e-01
1.450000000000000000e+02 4.066095207545520340e-01
1.470000000000000000e+02 4.078413213899303447e-01
1.490000000000000000e+02 4.090457564363537690e-01
