1.000000000000000000e+00 2.394905751325571153e-02
3.000000000000000000e+00 2.484151435402504049e-02
5.000000000000000000e+00 2.528385053411863481e-02
7.000000000000000000e+00 2.548718446881415023e-02
9.000000000000000000e+00 2.557733979917431455e-02
1.100000000000000000e+01 2.557883386466974773e-02
1.300000000000000000e+01 2.551130360095954508e-02
1.500000000000000000e+01 2.541055821814797167e-02
1.700000000000000000e+01 2.528808853925679223e-02
1.900000000000000000e+01 2.515789421053782338e-02
2.100000000000000000e+01 2.502512760118702495e-02
2.300000000000000000e+01 2.489047068852090483e-02
2.500000000000000000e+01 2.475397177561533546e-02
2.700000000000000000e+01 2.461530972654601968e-02
2.900000000000000000e+01 2.447418614056673380e-02
3.100000000000000000e+01 2.433068600731036479e-02
3.300000000000000000e+01 2.418366525086013130e-02
3.500000000000000000e+01 2.403326311133757720e-02
3.700000000000000000e+01 2.387945395935697768e-02
3.900000000000000000e+01 2.372257230866114952e-02
4.100000000000000000e+01 2.356174038438174634e-02
4.300000000000000000e+01 2.339750809786000918e-02
4.500000000000000000e+01 2.323160129226231607e-02
4.700000000000000000e+01 2.306483911986523250e-02
4.900000000000000000e+01 2.289907829599135969e-02
5.100000000000000000e+01 2.273431243426071724e-02
5.300000000000000000e+01 2.257032911203338266e-02
5.500000000000000000e+01 2.240618324881016310e-02
5.700000000000000000e+01 2.224442453172914558e-02
5.900000000000000000e+01 2.208441786068338075e-02
6.100000000000000000e+01 2.192645367255963151e-02
6.300000000000000000e+01 2.176879376480966855e-02
6.500000000000000000e+01 2.161229589613455904e-02
6.700000000000000000e+01 2.145558362255928220e-02
6.900000000000000000e+01 2.129881499798369493e-02
7.100000000000000000e+01 2.114287487223553974e-02
7.300000000000000000e+01 2.098531370882239511e-02
7.500000000000000000e+01 2.082614458128839718e-02
7.700000000000000000e+01 2.066874257231610112e-02
7.900000000000000000e+01 2.051343814455164338e-02
8.100000000000000000e+01 2.036047251240480360e-02
8.300000000000000000e+01 2.021040240186855463e-02
8.500000000000000000e+01 2.006351038775999740e-02
8.700000000000000000e+01 1.991989824269346787e-02
8.900000000000000000e+01 1.977966877149406333e-02
9.100000000000000000e+01 1.964184747408059817e-02
9.300000000000000000e+01 1.950639864663028522e-02
9.500000000000000000e+01 1.937432082916645815e-02
9.700000000000000000e+01 1.924551838533961057e-02
9.900000000000000000e+01 1.912066865219586020e-02
1.010000000000000000e+02 1.899951974672919874e-02
1.030000000000000000e+02 1.888142720846197609e-02
1.050000000000000000e+02 1.876391645062835956e-02
1.070000000000000000e+02 1.864702382749405807e-02
1.090000000000000000e+02 1.853171839318379366e-02
1.110000000000000000e+02 1.841608646402714822e-02
1.130000000000000000e+02 1.830019934029447626e-02
1.150000000000000000e+02 1.818522531266086872e-02
1.170000000000000000e+02 1.807099984622739797e-02
1.190000000000000000e+02 1.795808910018048543e-02
1.210000000000000000e+02 1.784621316895806942e-02
1.230000000000000000e+02 1.773578018849097937e-02
1.250000000000000000e+02 1.762722905107727556e-02
1.270000000000000000e+02 1.752050889354983543e-02
1.290000000000000000e+02 1.741688901097937503e-02
1.310000000000000000e+02 1.731633911230556766e-02
1.330000000000000000e+02 1.721871282750453425e-02
1.350000000000000000e+02 1.712391785019273804e-02
1.370000000000000000e+02 1.703103953800055859e-02
1.390000000000000000e+02 1.693935845436278509e-02
1.410000000000000000e+02 1.684888170512210959e-02
1.430000000000000000e+02 1.676040404239587112e-02
1.450000000000000000e+02 1.667425627184970782e-02
1.470000000000000000e+02 1.659033600797110708e-02
1.490000000000000000e+02 1.650948203363289402e-02
