1.000000000000000000e+00 7.466772860769577136e-03
3.000000000000000000e+00 7.815403982677326944e-03
5.000000000000000000e+00 7.985934610392431132e-03
7.000000000000000000e+00 8.081305515733272493e-03
9.000000000000000000e+00 8.093429686377939802e-03
1.100000000000000000e+01 8.041013885918824045e-03
1.300000000000000000e+01 7.941827444282734128e-03
1.500000000000000000e+01 7.816491357705235288e-03
1.700000000000000000e+01 7.680121112606852485e-03
1.900000000000000000e+01 7.537445815713583741e-03
2.100000000000000000e+01 7.396210688159099433e-03
2.300000000000000000e+01 7.262840476279786017e-03
2.500000000000000000e+01 7.135354782066283263e-03
2.700000000000000000e+01 7.013260434019952250e-03
2.900000000000000000e+01 6.895057967882256555e-03
3.100000000000000000e+01 6.781423464483293806e-03
3.300000000000000000e+01 6.676198512848952049e-03
3.500000000000000000e+01 6.578621089171288183e-03
3.700000000000000000e+01 6.485232296113641048e-03
3.900000000000000000e+01 6.395517905741776588e-03
4.100000000000000000e+01 6.307619296791133756e-03
4.300000000000000000e+01 6.220723006369999197e-03
4.500000000000000000e+01 6.135114368923000328e-03
4.700000000000000000e+01 6.052712325528730730e-03
4.900000000000000000e+01 5.973171062166660050e-03
5.100000000000000000e+01 5.898246955855612761e-03
5.300000000000000000e+01 5.827412013302946114e-03
5.500000000000000000e+01 5.761648212116887713e-03
5.700000000000000000e+01 5.700272769841641107e-03
5.900000000000000000e+01 5.642815828110214760e-03
6.100000000000000000e+01 5.588885062926207681e-03
6.300000000000000000e+01 5.534158819218482073e-03
6.500000000000000000e+01 5.478809817678231830e-03
6.700000000000000000e+01 5.426783878869856359e-03
6.900000000000000000e+01 5.377833158143663361e-03
7.100000000000000000e+01 5.331675905206334498e-03
7.300000000000000000e+01 5.287898494470755217e-03
7.500000000000000000e+01 5.242968616899212897e-03
7.700000000000000000e+01 5.197069173446311474e-03
7.900000000000000000e+01 5.151595837218136964e-03
8.100000000000000000e+01 5.106509202321363183e-03
8.300000000000000000e+01 5.063950187433774452e-03
8.500000000000000000e+01 5.023808278180830200e-03
8.700000000000000000e+01 4.985994909314395152e-03
8.900000000000000000e+01 4.950421632995416488e-03
9.100000000000000000e+01 4.915334879355914843e-03
9.300000000000000000e+01 4.880813730075539425e-03
9.500000000000000000e+01 4.847043935417238991e-03
9.700000000000000000e+01 4.814045468803818117e-03
9.900000000000000000e+01 4.782211117164592018e-03
1.010000000000000000e+02 4.751577568274933938e-03
1.030000000000000000e+02 4.722248200380585459e-03
1.050000000000000000e+02 4.694197204226702169e-03
1.070000000000000000e+02 4.667515077319328576e-03
1.090000000000000000e+02 4.642080370837131653e-03
1.110000000000000000e+02 4.617788114970378111e-03
1.130000000000000000e+02 4.594621394897302480e-03
1.150000000000000000e+02 4.572545934637295417e-03
1.170000000000000000e+02 4.551490779951650190e-03
1.190000000000000000e+02 4.531444955757524262e-03
1.210000000000000000e+02 4.512431721168108645e-03
1.230000000000000000e+02 4.494218918441261756e-03
1.250000000000000000e+02 4.476820110544732501e-03
1.270000000000000000e+02 4.460226078274787120e-03
1.290000000000000000e+02 4.444852676247834644e-03
1.310000000000000000e+02 4.430694977805127444e-03
1.330000000000000000e+02 4.417747473026034655e-03
1.350000000000000000e+02 4.406644384040925289e-03
1.370000000000000000e+02 4.397337600820283576e-03
1.390000000000000000e+02 4.389744335716150303e-03
1.410000000000000000e+02 4.382748534658365003e-03
1.430000000000000000e+02 4.376357344256454063e-03
1.450000000000000000e+02 4.371456510319782218e-03
1.470000000000000000e+02 4.368030808113765318e-03
1.490000000000000000e+02 4.366048876297212722e-03
