1.000000000000000000e+00 1.342803537925488788e-01
3.000000000000000000e+00 1.560243081906612650e-01
5.000000000000000000e+00 1.662666742423817290e-01
7.000000000000000000e+00 1.721200123458569431e-01
9.000000000000000000e+00 1.760387098438177533e-01
1.100000000000000000e+01 1.788354064893237227e-01
1.300000000000000000e+01 1.811303413126368334e-01
1.500000000000000000e+01 1.832667838830837059e-01
1.700000000000000000e+01 1.853992788247049717e-01
1.900000000000000000e+01 1.875458406231786945e-01
2.100000000000000000e+01 1.897131672876111175e-01
2.300000000000000000e+01 1.919305215272534282e-01
2.500000000000000000e+01 1.942628705835139913e-01
2.700000000000000000e+01 1.967645453209690976e-01
2.900000000000000000e+01 1.994833475646474730e-01
3.100000000000000000e+01 2.024563547462217006e-01
3.300000000000000000e+01 2.056763128279225361e-01
3.500000000000000000e+01 2.091743364675991979e-01
3.700000000000000000e+01 2.129622230274756944e-01
3.900000000000000000e+01 2.170540213309878341e-01
4.100000000000000000e+01 2.214579429802306931e-01
4.300000000000000000e+01 2.261608731440820641e-01
4.500000000000000000e+01 2.311669195708740965e-01
4.700000000000000000e+01 2.364529235750452152e-01
4.900000000000000000e+01 2.420052260314612402e-01
5.100000000000000000e+01 2.478212006336886208e-01
5.300000000000000000e+01 2.538804720169755003e-01
5.500000000000000000e+01 2.601602699803429175e-01
5.700000000000000000e+01 2.666490019646381437e-01
5.900000000000000000e+01 2.733290596613369150e-01
6.100000000000000000e+01 2.801803157244461273e-01
6.300000000000000000e+01 2.871875975855413543e-01
6.500000000000000000e+01 2.943347173774479852e-01
6.700000000000000000e+01 3.016096491786913747e-01
6.900000000000000000e+01 3.090047250778572563e-01
7.100000000000000000e+01 3.165130130025513022e-01
7.300000000000000000e+01 3.241391287078395633e-01
7.500000000000000000e+01 3.318687736873511263e-01
7.700000000000000000e+01 3.396941347388727772e-01
7.900000000000000000e+01 3.476012784951744150e-01
8.100000000000000000e+01 3.555866313760245312e-01
8.300000000000000000e+01 3.636595417800513319e-01
8.500000000000000000e+01 3.718025472012527199e-01
8.700000000000000000e+01 3.799895957814910519e-01
8.900000000000000000e+01 3.882126267251265750e-01
9.100000000000000000e+01 3.964691731252135698e-01
9.300000000000000000e+01 4.047558688528702930e-01
9.500000000000000000e+01 4.130687429165302849e-01
9.700000000000000000e+01 4.214116769436713206e-01
9.900000000000000000e+01 4.297753818527041414e-01
1.010000000000000000e+02 4.381256500238253082e-01
1.030000000000000000e+02 4.464590241004066096e-01
1.050000000000000000e+02 4.547720381061285400e-01
1.070000000000000000e+02 4.630314045154831915e-01
1.090000000000000000e+02 4.712371429828904335e-01
1.110000000000000000e+02 4.793756034809234512e-01
1.130000000000000000e+02 4.874283941490665795e-01
1.150000000000000000e+02 4.953920176581452228e-01
1.170000000000000000e+02 5.032699033440528602e-01
1.190000000000000000e+02 5.110862784314202933e-01
1.210000000000000000e+02 5.188383120107542545e-01
1.230000000000000000e+02 5.265231565651684598e-01
1.250000000000000000e+02 5.341286354180021512e-01
1.270000000000000000e+02 5.416594902115590138e-01
1.290000000000000000e+02 5.491075347816024577e-01
1.310000000000000000e+02 5.564716303034447087e-01
1.330000000000000000e+02 5.637539827829638472e-01
1.350000000000000000e+02 5.709372686192155655e-01
1.370000000000000000e+02 5.780326049880932793e-01
1.390000000000000000e+02 5.850329639019020700e-01
1.410000000000000000e+02 5.919442450795893151e-01
1.430000000000000000e+02 5.987613404955138829e-01
1.450000000000000000e+02 6.054495102734476220e-01
1.470000000000000000e+02 6.120347184545218422e-01
1.490000000000000000e+02 6.185204024440899007e-01
