1.000000000000000000e+00 4.732080723729992222e-02
3.000000000000000000e+00 5.953779022787275554e-02
5.000000000000000000e+00 6.473974999847031953e-02
7.000000000000000000e+00 6.861488878977450856e-02
9.000000000000000000e+00 7.232793117579694453e-02
1.100000000000000000e+01 7.621839224996840301e-02
1.300000000000000000e+01 8.025215057953982711e-02
1.500000000000000000e+01 8.445310634995262244e-02
1.700000000000000000e+01 8.894373423403512113e-02
1.900000000000000000e+01 9.365814716967069131e-02
2.100000000000000000e+01 9.858347887271734500e-02
2.300000000000000000e+01 1.037683546515619781e-01
2.500000000000000000e+01 1.092751135188271272e-01
2.700000000000000000e+01 1.151677928662191430e-01
2.900000000000000000e+01 1.215016975312870340e-01
3.100000000000000000e+01 1.282838467697506868e-01
3.300000000000000000e+01 1.355437818303729669e-01
3.500000000000000000e+01 1.433118172597965811e-01
3.700000000000000000e+01 1.516025286597495469e-01
3.900000000000000000e+01 1.604289105446651265e-01
4.100000000000000000e+01 1.697883958717024688e-01
4.300000000000000000e+01 1.796989673444598923e-01
4.500000000000000000e+01 1.901725933706527316e-01
4.700000000000000000e+01 2.012030576344026045e-01
4.900000000000000000e+01 2.128066317953801745e-01
5.100000000000000000e+01 2.249776839053363453e-01
5.300000000000000000e+01 2.377014592596923270e-01
5.500000000000000000e+01 2.509824169072368827e-01
5.700000000000000000e+01 2.647746134501645088e-01
5.900000000000000000e+01 2.790579929800965919e-01
6.100000000000000000e+01 2.938179624391823452e-01
6.300000000000000000e+01 3.090233436178564386e-01
6.500000000000000000e+01 3.246457741131519859e-01
6.700000000000000000e+01 3.405784845058790200e-01
6.900000000000000000e+01 3.567911618059821377e-01
7.100000000000000000e+01 3.732371389545974250e-01
7.300000000000000000e+01 3.898694214057252250e-01
7.500000000000000000e+01 4.066255508330057777e-01
7.700000000000000000e+01 4.234619894290405639e-01
7.900000000000000000e+01 4.403250315161882922e-01
8.100000000000000000e+01 4.571045761122037865e-01
8.300000000000000000e+01 4.737793697494582235e-01
8.500000000000000000e+01 4.902952000086402418e-01
8.700000000000000000e+01 5.065484386294565322e-01
8.900000000000000000e+01 5.225080535550518102e-01
9.100000000000000000e+01 5.381546168363172677e-01
9.300000000000000000e+01 5.534129270293524083e-01
9.500000000000000000e+01 5.682682692569389626e-01
9.700000000000000000e+01 5.826736537595360588e-01
9.900000000000000000e+01 5.966087525938718050e-01
1.010000000000000000e+02 6.101026450661312106e-01
1.030000000000000000e+02 6.231820284992111159e-01
1.050000000000000000e+02 6.358706350677347796e-01
1.070000000000000000e+02 6.481968464047414002e-01
1.090000000000000000e+02 6.601690718340148534e-01
1.110000000000000000e+02 6.717883923098597609e-01
1.130000000000000000e+02 6.830519277572002501e-01
1.150000000000000000e+02 6.940088147763305848e-01
1.170000000000000000e+02 7.046895619707993497e-01
1.190000000000000000e+02 7.151025757210387468e-01
1.210000000000000000e+02 7.252751884409079919e-01
1.230000000000000000e+02 7.352145401495919774e-01
1.250000000000000000e+02 7.448423612413974659e-01
1.270000000000000000e+02 7.541935381894081525e-01
1.290000000000000000e+02 7.633114461680283735e-01
1.310000000000000000e+02 7.721977795457778404e-01
1.330000000000000000e+02 7.808370602509403513e-01
1.350000000000000000e+02 7.892055318677152487e-01
1.370000000000000000e+02 7.973065026821634094e-01
1.390000000000000000e+02 8.051469856952381265e-01
1.410000000000000000e+02 8.127447772858031882e-01
1.430000000000000000e+02 8.200425723078845763e-01
1.450000000000000000e+02 8.270421529222899970e-01
1.470000000000000000e+02 8.337824841051750813e-01
1.490000000000000000e+02 8.402641950735059151e-01
