1.000000000000000000e+00 1.224833499196198439e-02
3.000000000000000000e+00 1.239374659921821387e-02
5.000000000000000000e+00 1.242851537552769337e-02
7.000000000000000000e+00 1.239758834140303190e-02
9.000000000000000000e+00 1.233684615600538770e-02
1.100000000000000000e+01 1.227492439420463377e-02
1.300000000000000000e+01 1.221310188670221564e-02
1.500000000000000000e+01 1.215078543197845029e-02
1.700000000000000000e+01 1.208969333717813122e-02
1.900000000000000000e+01 1.202857032635429313e-02
2.100000000000000000e+01 1.196576810260507884e-02
2.300000000000000000e+01 1.189926868978441465e-02
2.500000000000000000e+01 1.183145212948488734e-02
2.700000000000000000e+01 1.176277801640612797e-02
2.900000000000000000e+01 1.169379095178568750e-02
3.100000000000000000e+01 1.162443282080150020e-02
3.300000000000000000e+01 1.155505336585826992e-02
3.500000000000000000e+01 1.148511461378076692e-02
3.700000000000000000e+01 1.141335055227266082e-02
3.900000000000000000e+01 1.133969888667940573e-02
4.100000000000000000e+01 1.126456915324525188e-02
4.300000000000000000e+01 1.118817628150170496e-02
4.500000000000000000e+01 1.111077939701943240e-02
4.700000000000000000e+01 1.103168479734839558e-02
4.900000000000000000e+01 1.095143659657393798e-02
5.100000000000000000e+01 1.087047783068284534e-02
5.300000000000000000e+01 1.079014506704500942e-02
5.500000000000000000e+01 1.071081186518307860e-02
5.700000000000000000e+01 1.063157513054180381e-02
5.900000000000000000e+01 1.055267424132788623e-02
6.100000000000000000e+01 1.047428142913076066e-02
6.300000000000000000e+01 1.039765570390849270e-02
6.500000000000000000e+01 1.032286239024804431e-02
6.700000000000000000e+01 1.025004154539344015e-02
6.900000000000000000e+01 1.017817212053784282e-02
7.100000000000000000e+01 1.010735222767156216e-02
7.300000000000000000e+01 1.003826860993561887e-02
7.500000000000000000e+01 9.970974109635100113e-03
7.700000000000000000e+01 9.906065054520407642e-03
7.900000000000000000e+01 9.842914093993959668e-03
8.100000000000000000e+01 9.781186454717372136e-03
8.300000000000000000e+01 9.721256890884877322e-03
8.500000000000000000e+01 9.663211628004320097e-03
8.700000000000000000e+01 9.606654273922488052e-03
8.900000000000000000e+01 9.550915704120810368e-03
9.100000000000000000e+01 9.496072623865980944e-03
9.300000000000000000e+01 9.441676793815023672e-03
9.500000000000000000e+01 9.388038419704924920e-03
9.700000000000000000e+01 9.335210682008487915e-03
9.900000000000000000e+01 9.284182981389665912e-03
1.010000000000000000e+02 9.234695190864283809e-03
1.030000000000000000e+02 9.187185465524327910e-03
1.050000000000000000e+02 9.141604988955887023e-03
1.070000000000000000e+02 9.097959946461897651e-03
1.090000000000000000e+02 9.056406291356289273e-03
1.110000000000000000e+02 9.016960660950035233e-03
1.130000000000000000e+02 8.979748787023678069e-03
1.150000000000000000e+02 8.944447334064298261e-03
1.170000000000000000e+02 8.910576792905189336e-03
1.190000000000000000e+02 8.878175857080727873e-03
1.210000000000000000e+02 8.847694302633102303e-03
1.230000000000000000e+02 8.819005524149270414e-03
1.250000000000000000e+02 8.791404935548974287e-03
1.270000000000000000e+02 8.764831058585609291e-03
1.290000000000000000e+02 8.739228700321288734e-03
1.310000000000000000e+02 8.714375045430711175e-03
1.330000000000000000e+02 8.690205246120519256e-03
1.350000000000000000e+02 8.666641415204789922e-03
1.370000000000000000e+02 8.643595282005089864e-03
1.390000000000000000e+02 8.621360030579561240e-03
1.410000000000000000e+02 8.599173100904411449e-03
1.430000000000000000e+02 8.576982832982915639e-03
1.450000000000000000e+02 8.555067770239621616e-03
1.470000000000000000e+02 8.533451497197863667e-03
1.490000000000000000e+02 8.512081457136666529e-03
