1.000000000000000000e+00 1.333501069316900267e-02
3.000000000000000000e+00 1.405338518649457136e-02
5.000000000000000000e+00 1.457505937897574100e-02
7.000000000000000000e+00 1.505361504516211646e-02
9.000000000000000000e+00 1.543645637610635557e-02
1.100000000000000000e+01 1.567246022271728823e-02
1.300000000000000000e+01 1.576445773684287399e-02
1.500000000000000000e+01 1.574803144659631116e-02
1.700000000000000000e+01 1.563766977698499705e-02
1.900000000000000000e+01 1.548660521463096629e-02
2.100000000000000000e+01 1.532503089967007792e-02
2.300000000000000000e+01 1.517224587967014315e-02
2.500000000000000000e+01 1.506442004666996848e-02
2.700000000000000000e+01 1.498926491579577469e-02
2.900000000000000000e+01 1.494106819755824933e-02
3.100000000000000000e+01 1.491696528694075319e-02
3.300000000000000000e+01 1.491335605170862610e-02
3.500000000000000000e+01 1.492697368374218403e-02
3.700000000000000000e+01 1.495434014213536944e-02
3.900000000000000000e+01 1.499167687637303903e-02
4.100000000000000000e+01 1.503553945874458453e-02
4.300000000000000000e+01 1.508089751613195251e-02
4.500000000000000000e+01 1.511496007142165698e-02
4.700000000000000000e+01 1.512167633797434352e-02
4.900000000000000000e+01 1.510266673803462023e-02
5.100000000000000000e+01 1.506539705755849390e-02
5.300000000000000000e+01 1.503369150623568018e-02
5.500000000000000000e+01 1.500570222704644685e-02
5.700000000000000000e+01 1.498006946271224216e-02
5.900000000000000000e+01 1.495504253507773385e-02
6.100000000000000000e+01 1.492956803023148815e-02
6.300000000000000000e+01 1.490729738615759192e-02
6.500000000000000000e+01 1.488781725686760815e-02
6.700000000000000000e+01 1.487053657487824587e-02
6.900000000000000000e+01 1.485430955897004690e-02
7.100000000000000000e+01 1.483820487634746055e-02
7.300000000000000000e+01 1.481335805039463160e-02
7.500000000000000000e+01 1.477972180737818775e-02
7.700000000000000000e+01 1.473792191458045409e-02
7.900000000000000000e+01 1.469795425729691907e-02
8.100000000000000000e+01 1.465906372747938224e-02
8.300000000000000000e+01 1.462036078149464569e-02
8.500000000000000000e+01 1.458189341195925692e-02
8.700000000000000000e+01 1.454372624371524925e-02
8.900000000000000000e+01 1.450593034360303513e-02
9.100000000000000000e+01 1.446834772749494569e-02
9.300000000000000000e+01 1.443103111466537136e-02
9.500000000000000000e+01 1.438887868555027705e-02
9.700000000000000000e+01 1.434183782435927146e-02
9.900000000000000000e+01 1.429042232402810697e-02
1.010000000000000000e+02 1.423528214985403384e-02
1.030000000000000000e+02 1.417692821339022746e-02
1.050000000000000000e+02 1.412053359362197558e-02
1.070000000000000000e+02 1.406611570828564250e-02
1.090000000000000000e+02 1.401393888795410270e-02
1.110000000000000000e+02 1.396391169005806177e-02
1.130000000000000000e+02 1.391620484595812446e-02
1.150000000000000000e+02 1.387136923296916624e-02
1.170000000000000000e+02 1.382937487427704504e-02
1.190000000000000000e+02 1.379018354014871495e-02
1.210000000000000000e+02 1.375343331738909658e-02
1.230000000000000000e+02 1.371953454535523864e-02
1.250000000000000000e+02 1.368857819752200555e-02
1.270000000000000000e+02 1.366103881989610969e-02
1.290000000000000000e+02 1.363713310880165785e-02
1.310000000000000000e+02 1.361670550990223827e-02
1.330000000000000000e+02 1.359966573857129823e-02
1.350000000000000000e+02 1.358618504440856078e-02
1.370000000000000000e+02 1.357654676591935061e-02
1.390000000000000000e+02 1.357071810688115221e-02
1.410000000000000000e+02 1.356864230609333699e-02
1.430000000000000000e+02 1.357017066978816189e-02
1.450000000000000000e+02 1.357527438850303358e-02
1.470000000000000000e+02 1.358379135253839909e-02
1.490000000000000000e+02 1.359540062981878794e-02
