1.000000000000000000e+00 8.542770201735605529e-02
3.000000000000000000e+00 9.259328871573802022e-02
5.000000000000000000e+00 9.610741567460823198e-02
7.000000000000000000e+00 9.862101496667985412e-02
9.000000000000000000e+00 1.008279484171276108e-01
1.100000000000000000e+01 1.027607767113100090e-01
1.300000000000000000e+01 1.045305895600110446e-01
1.500000000000000000e+01 1.062145755111486567e-01
1.700000000000000000e+01 1.077829435176117512e-01
1.900000000000000000e+01 1.092466990556795192e-01
2.100000000000000000e+01 1.106351041134961966e-01
2.300000000000000000e+01 1.119010630964981656e-01
2.500000000000000000e+01 1.130417783021792077e-01
2.700000000000000000e+01 1.140685274314048314e-01
2.900000000000000000e+01 1.149860386235702636e-01
3.100000000000000000e+01 1.158038159915204535e-01
3.300000000000000000e+01 1.165244188104991307e-01
3.500000000000000000e+01 1.171469334645216520e-01
3.700000000000000000e+01 1.176618888663478746e-01
3.900000000000000000e+01 1.180870661054739257e-01
4.100000000000000000e+01 1.184261237586529125e-01
4.300000000000000000e+01 1.186810008647506409e-01
4.500000000000000000e+01 1.188596686237944899e-01
4.700000000000000000e+01 1.189640172350513447e-01
4.900000000000000000e+01 1.189864589399979300e-01
5.100000000000000000e+01 1.189384531587539540e-01
5.300000000000000000e+01 1.188261198001112628e-01
5.500000000000000000e+01 1.186561808649917449e-01
5.700000000000000000e+01 1.184463419655576999e-01
5.900000000000000000e+01 1.182243247243802697e-01
6.100000000000000000e+01 1.179865644696187488e-01
6.300000000000000000e+01 1.177122982883175295e-01
6.500000000000000000e+01 1.174054226541298984e-01
6.700000000000000000e+01 1.170784258869457251e-01
6.900000000000000000e+01 1.167333220297877006e-01
7.100000000000000000e+01 1.163633132711676677e-01
7.300000000000000000e+01 1.159739102436040392e-01
7.500000000000000000e+01 1.155904887243663914e-01
7.700000000000000000e+01 1.152150777633886847e-01
7.900000000000000000e+01 1.148435924968080890e-01
8.100000000000000000e+01 1.144774734347450140e-01
8.300000000000000000e+01 1.141094940170110927e-01
8.500000000000000000e+01 1.137400407017346016e-01
8.700000000000000000e+01 1.133552271513107446e-01
8.900000000000000000e+01 1.129497015628521117e-01
9.100000000000000000e+01 1.125249606277349823e-01
9.300000000000000000e+01 1.120995095462014035e-01
9.500000000000000000e+01 1.116571831153978511e-01
9.700000000000000000e+01 1.112206545415386216e-01
9.900000000000000000e+01 1.107961114136359893e-01
1.010000000000000000e+02 1.103796083643026060e-01
1.030000000000000000e+02 1.099596690687320022e-01
1.050000000000000000e+02 1.095341897282269272e-01
1.070000000000000000e+02 1.091130647488820493e-01
1.090000000000000000e+02 1.087040489140754795e-01
1.110000000000000000e+02 1.083064261522012073e-01
1.130000000000000000e+02 1.079209225818896778e-01
1.150000000000000000e+02 1.075482986461494539e-01
1.170000000000000000e+02 1.072045232617699906e-01
1.190000000000000000e+02 1.068890956903641998e-01
1.210000000000000000e+02 1.066000571999504709e-01
1.230000000000000000e+02 1.063309513112588034e-01
1.250000000000000000e+02 1.060822139706599776e-01
1.270000000000000000e+02 1.058535901706009197e-01
1.290000000000000000e+02 1.056449628208153690e-01
1.310000000000000000e+02 1.054529291098997845e-01
1.330000000000000000e+02 1.052872383581915372e-01
1.350000000000000000e+02 1.051486166860658988e-01
1.370000000000000000e+02 1.050361450533295882e-01
1.390000000000000000e+02 1.049516068068367947e-01
1.410000000000000000e+02 1.048915656785880390e-01
1.430000000000000000e+02 1.048549960922146029e-01
1.450000000000000000e+02 1.048405659293371039e-01
1.470000000000000000e+02 1.048475438253382297e-01
1.490000000000000000e+02 1.048740015337392695e-01
