1.000000000000000000e+00 2.835136795350523542e-04
3.000000000000000000e+00 2.950112146754557685e-04
5.000000000000000000e+00 3.015699005253225096e-04
7.000000000000000000e+00 3.070864711676168923e-04
9.000000000000000000e+00 3.123124729847992498e-04
1.100000000000000000e+01 3.182144670748066062e-04
1.300000000000000000e+01 3.258124522738103934e-04
1.500000000000000000e+01 3.343480590064507041e-04
1.700000000000000000e+01 3.432696204027640974e-04
1.900000000000000000e+01 3.522186207782773693e-04
2.100000000000000000e+01 3.609926473437941041e-04
2.300000000000000000e+01 3.695755605408468369e-04
2.500000000000000000e+01 3.779056569568339796e-04
2.700000000000000000e+01 3.860899532369677090e-04
2.900000000000000000e+01 3.941870156127791347e-04
3.100000000000000000e+01 4.020364169605716853e-04
3.300000000000000000e+01 4.094085327399632490e-04
3.500000000000000000e+01 4.159957571405747956e-04
3.700000000000000000e+01 4.218096994167419567e-04
3.900000000000000000e+01 4.268320939182501661e-04
4.100000000000000000e+01 4.310567710286150600e-04
4.300000000000000000e+01 4.345589675115446582e-04
4.500000000000000000e+01 4.374343745747744094e-04
4.700000000000000000e+01 4.397694913946814665e-04
4.900000000000000000e+01 4.416738322422508745e-04
5.100000000000000000e+01 4.432691449279824170e-04
5.300000000000000000e+01 4.446149449627290196e-04
5.500000000000000000e+01 4.457774836637007354e-04
5.700000000000000000e+01 4.467818046324234516e-04
5.900000000000000000e+01 4.476282948582266386e-04
6.100000000000000000e+01 4.483836070438007582e-04
6.300000000000000000e+01 4.490807483591430227e-04
6.500000000000000000e+01 4.497266795707721698e-04
6.700000000000000000e+01 4.503409650032930145e-04
6.900000000000000000e+01 4.509060564376055069e-04
7.100000000000000000e+01 4.514461686575543808e-04
7.300000000000000000e+01 4.519791880777113136e-04
7.500000000000000000e+01 4.525235528091142712e-04
7.700000000000000000e+01 4.530915587694916979e-04
7.900000000000000000e+01 4.537004589887372319e-04
8.100000000000000000e+01 4.543381783885802605e-04
8.300000000000000000e+01 4.550026068179668925e-04
8.500000000000000000e+01 4.556831964086516251e-04
8.700000000000000000e+01 4.563679495916961315e-04
8.900000000000000000e+01 4.570589611532227536e-04
9.100000000000000000e+01 4.577660062703436950e-04
9.300000000000000000e+01 4.585052268101241779e-04
9.500000000000000000e+01 4.592924743241910690e-04
9.700000000000000000e+01 4.601204512403311853e-04
9.900000000000000000e+01 4.609826622454793466e-04
1.010000000000000000e+02 4.618859068219460795e-04
1.030000000000000000e+02 4.628293117343584839e-04
1.050000000000000000e+02 4.638344926275461688e-04
1.070000000000000000e+02 4.649101940439326341e-04
1.090000000000000000e+02 4.660416921038468274e-04
1.110000000000000000e+02 4.672165809225248267e-04
1.130000000000000000e+02 4.684380431532186861e-04
1.150000000000000000e+02 4.697249275454895567e-04
1.170000000000000000e+02 4.711034450486373260e-04
1.190000000000000000e+02 4.725963473954930549e-04
1.210000000000000000e+02 4.742005949830430112e-04
1.230000000000000000e+02 4.759178852022927231e-04
1.250000000000000000e+02 4.777378300609980144e-04
1.270000000000000000e+02 4.796702432349198020e-04
1.290000000000000000e+02 4.817285395147807847e-04
1.310000000000000000e+02 4.839256641164801920e-04
1.330000000000000000e+02 4.862635723847930080e-04
1.350000000000000000e+02 4.887417017133133257e-04
1.370000000000000000e+02 4.913660398335739643e-04
1.390000000000000000e+02 4.941499524333536897e-04
1.410000000000000000e+02 4.971088363764364360e-04
1.430000000000000000e+02 5.002645440426167767e-04
1.450000000000000000e+02 5.036381232941256059e-04
1.470000000000000000e+02 5.072491966782166628e-04
1.490000000000000000e+02 5.111195548442859504e-04
