1.000000000000000000e+00 2.051527369643955101e-01
3.000000000000000000e+00 2.323808684540987768e-01
5.000000000000000000e+00 2.445697950164571477e-01
7.000000000000000000e+00 2.510864433999127066e-01
9.000000000000000000e+00 2.552322236028267133e-01
1.100000000000000000e+01 2.582749889063968851e-01
1.300000000000000000e+01 2.606750217639425271e-01
1.500000000000000000e+01 2.627047359327822074e-01
1.700000000000000000e+01 2.645332582576340741e-01
1.900000000000000000e+01 2.662970437042201377e-01
2.100000000000000000e+01 2.679757541796629061e-01
2.300000000000000000e+01 2.696197048568304000e-01
2.500000000000000000e+01 2.712709119960270421e-01
2.700000000000000000e+01 2.729731145263931680e-01
2.900000000000000000e+01 2.747580080166308614e-01
3.100000000000000000e+01 2.766597848018675920e-01
3.300000000000000000e+01 2.786976568788782638e-01
3.500000000000000000e+01 2.808832308012184642e-01
3.700000000000000000e+01 2.832131352597843099e-01
3.900000000000000000e+01 2.856557366758375460e-01
4.100000000000000000e+01 2.882044288471091731e-01
4.300000000000000000e+01 2.908644558824827753e-01
4.500000000000000000e+01 2.936433544846352994e-01
4.700000000000000000e+01 2.965592326989777705e-01
4.900000000000000000e+01 2.996141560049209174e-01
5.100000000000000000e+01 3.027798701864348185e-01
5.300000000000000000e+01 3.060367651259642274e-01
5.500000000000000000e+01 3.093790647672167715e-01
5.700000000000000000e+01 3.128009488265615090e-01
5.900000000000000000e+01 3.163065713689824365e-01
6.100000000000000000e+01 3.198906500376347273e-01
6.300000000000000000e+01 3.235517114186379217e-01
6.500000000000000000e+01 3.272902619455015927e-01
6.700000000000000000e+01 3.310944060219280782e-01
6.900000000000000000e+01 3.349628240146123037e-01
7.100000000000000000e+01 3.388960012902121344e-01
7.300000000000000000e+01 3.428908416699112394e-01
7.500000000000000000e+01 3.469647940761582117e-01
7.700000000000000000e+01 3.511153336962070659e-01
7.900000000000000000e+01 3.553509768937500590e-01
8.100000000000000000e+01 3.596668097296717992e-01
8.300000000000000000e+01 3.640470931457606696e-01
8.500000000000000000e+01 3.684890477421686183e-01
8.700000000000000000e+01 3.729929182521881659e-01
8.900000000000000000e+01 3.775622528637836428e-01
9.100000000000000000e+01 3.822008588001687412e-01
9.300000000000000000e+01 3.869043361870571074e-01
9.500000000000000000e+01 3.916636384542381277e-01
9.700000000000000000e+01 3.964768171369101868e-01
9.900000000000000000e+01 4.013439593473407951e-01
1.010000000000000000e+02 4.062635980944795389e-01
1.030000000000000000e+02 4.112370162072199742e-01
1.050000000000000000e+02 4.162636273649462648e-01
1.070000000000000000e+02 4.213436551631324356e-01
1.090000000000000000e+02 4.264725427574870276e-01
1.110000000000000000e+02 4.316440396956261472e-01
1.130000000000000000e+02 4.368715662054720728e-01
1.150000000000000000e+02 4.421551634254081709e-01
1.170000000000000000e+02 4.474913865435250493e-01
1.190000000000000000e+02 4.528838322937576155e-01
1.210000000000000000e+02 4.583247525863478611e-01
1.230000000000000000e+02 4.638101599913991846e-01
1.250000000000000000e+02 4.693358886097960259e-01
1.270000000000000000e+02 4.748934552246755203e-01
1.290000000000000000e+02 4.804673956875732399e-01
1.310000000000000000e+02 4.860523612069348465e-01
1.330000000000000000e+02 4.916540386624741465e-01
1.350000000000000000e+02 4.972700095918038965e-01
1.370000000000000000e+02 5.028984338590316572e-01
1.390000000000000000e+02 5.085360217323775522e-01
1.410000000000000000e+02 5.141815674612975062e-01
1.430000000000000000e+02 5.198186611007055147e-01
1.450000000000000000e+02 5.254389730307355011e-01
1.470000000000000000e+02 5.310435370256553211e-01
1.490000000000000000e+02 5.366278770157034694e-01
