1.000000000000000000e+00 4.904458598726113561e-02
3.000000000000000000e+00 5.286703349906252125e-02
5.000000000000000000e+00 5.524155194485935727e-02
7.000000000000000000e+00 5.725966661991133133e-02
9.000000000000000000e+00 5.914713640374813508e-02
1.100000000000000000e+01 6.097708606281004862e-02
1.300000000000000000e+01 6.272172465071823577e-02
1.500000000000000000e+01 6.438385800288737304e-02
1.700000000000000000e+01 6.600932293770345183e-02
1.900000000000000000e+01 6.765345558162227935e-02
2.100000000000000000e+01 6.933886744682260517e-02
2.300000000000000000e+01 7.106684307522026511e-02
2.500000000000000000e+01 7.281651855632975678e-02
2.700000000000000000e+01 7.457168020777105166e-02
2.900000000000000000e+01 7.632429332887857854e-02
3.100000000000000000e+01 7.807307290140452771e-02
3.300000000000000000e+01 7.981045443712742049e-02
3.500000000000000000e+01 8.151862801467657516e-02
3.700000000000000000e+01 8.318504550226224481e-02
3.900000000000000000e+01 8.480311444306065649e-02
4.100000000000000000e+01 8.637479395258718107e-02
4.300000000000000000e+01 8.790171045752337431e-02
4.500000000000000000e+01 8.938394581833941643e-02
4.700000000000000000e+01 9.082164674680914818e-02
4.900000000000000000e+01 9.221663743897490217e-02
5.100000000000000000e+01 9.357276164508898653e-02
5.300000000000000000e+01 9.489429651430170143e-02
5.500000000000000000e+01 9.618491250905358836e-02
5.700000000000000000e+01 9.744806402599837103e-02
5.900000000000000000e+01 9.868703413594637208e-02
6.100000000000000000e+01 9.990343389713141065e-02
6.300000000000000000e+01 1.010999905826304168e-01
6.500000000000000000e+01 1.022775256450479953e-01
6.700000000000000000e+01 1.034372465909331185e-01
6.900000000000000000e+01 1.045806519796440570e-01
7.100000000000000000e+01 1.057095976748443356e-01
7.300000000000000000e+01 1.068277433502592411e-01
7.500000000000000000e+01 1.079367293784849746e-01
7.700000000000000000e+01 1.090382877445457144e-01
7.900000000000000000e+01 1.101323864191291468e-01
8.100000000000000000e+01 1.112188987857510858e-01
8.300000000000000000e+01 1.122984559478136246e-01
8.500000000000000000e+01 1.133699152552102296e-01
8.700000000000000000e+01 1.144340844557376613e-01
8.900000000000000000e+01 1.154913719083496826e-01
9.100000000000000000e+01 1.165423310232917009e-01
9.300000000000000000e+01 1.175877605889418254e-01
9.500000000000000000e+01 1.186279724859743423e-01
9.700000000000000000e+01 1.196622739578401262e-01
9.900000000000000000e+01 1.206895555272814446e-01
1.010000000000000000e+02 1.217098006703516422e-01
1.030000000000000000e+02 1.227226519612362177e-01
1.050000000000000000e+02 1.237277454360226070e-01
1.070000000000000000e+02 1.247251217829035141e-01
1.090000000000000000e+02 1.257143696052630544e-01
1.110000000000000000e+02 1.266950823089179057e-01
1.130000000000000000e+02 1.276684746377404478e-01
1.150000000000000000e+02 1.286348702660055077e-01
1.170000000000000000e+02 1.295946046921520045e-01
1.190000000000000000e+02 1.305480398642187012e-01
1.210000000000000000e+02 1.314954705048763106e-01
1.230000000000000000e+02 1.324368049687298932e-01
1.250000000000000000e+02 1.333708886928846038e-01
1.270000000000000000e+02 1.342981461169437951e-01
1.290000000000000000e+02 1.352183446257771982e-01
1.310000000000000000e+02 1.361315122039206127e-01
1.330000000000000000e+02 1.370374076268234820e-01
1.350000000000000000e+02 1.379364306962578279e-01
1.370000000000000000e+02 1.388282411832234553e-01
1.390000000000000000e+02 1.397131607300166056e-01
1.410000000000000000e+02 1.405909481279844497e-01
1.430000000000000000e+02 1.414609127682019407e-01
1.450000000000000000e+02 1.423229222102039282e-01
1.470000000000000000e+02 1.431757259840759078e-01
1.490000000000000000e+02 1.440192702073160858e-01
