1.000000000000000000e+00 4.925348095957053918e-01
3.000000000000000000e+00 5.268710213335898729e-01
5.000000000000000000e+00 5.431341026833644836e-01
7.000000000000000000e+00 5.550954104512046960e-01
9.000000000000000000e+00 5.654595465535101617e-01
1.100000000000000000e+01 5.750247452688813654e-01
1.300000000000000000e+01 5.839359298805701926e-01
1.500000000000000000e+01 5.925092925476114214e-01
1.700000000000000000e+01 6.008267714790243019e-01
1.900000000000000000e+01 6.088974716119910369e-01
2.100000000000000000e+01 6.166594061553463124e-01
2.300000000000000000e+01 6.241517794872954994e-01
2.500000000000000000e+01 6.314175774160043497e-01
2.700000000000000000e+01 6.384553827541064042e-01
2.900000000000000000e+01 6.452592276212658629e-01
3.100000000000000000e+01 6.517884434078360378e-01
3.300000000000000000e+01 6.578997323022651722e-01
3.500000000000000000e+01 6.636353969763072458e-01
3.700000000000000000e+01 6.690179468912467176e-01
3.900000000000000000e+01 6.740530419865128353e-01
4.100000000000000000e+01 6.787613526698457189e-01
4.300000000000000000e+01 6.831371112937900669e-01
4.500000000000000000e+01 6.871193525562673265e-01
4.700000000000000000e+01 6.907347982851661516e-01
4.900000000000000000e+01 6.940933374346418550e-01
5.100000000000000000e+01 6.972164747301190513e-01
5.300000000000000000e+01 7.001414819178044535e-01
5.500000000000000000e+01 7.027472938381195133e-01
5.700000000000000000e+01 7.050923542877958194e-01
5.900000000000000000e+01 7.071861427651854326e-01
6.100000000000000000e+01 7.090406721554942671e-01
6.300000000000000000e+01 7.106590489377651032e-01
6.500000000000000000e+01 7.121027156585195694e-01
6.700000000000000000e+01 7.134038289381825493e-01
6.900000000000000000e+01 7.145624810173651920e-01
7.100000000000000000e+01 7.155456757981915050e-01
7.300000000000000000e+01 7.163827842566869997e-01
7.500000000000000000e+01 7.170792975084414600e-01
7.700000000000000000e+01 7.175972825071491590e-01
7.900000000000000000e+01 7.179842970145349224e-01
8.100000000000000000e+01 7.182514238708299636e-01
8.300000000000000000e+01 7.183947769334426692e-01
8.500000000000000000e+01 7.184075061540612372e-01
8.700000000000000000e+01 7.183140229741091787e-01
8.900000000000000000e+01 7.180745813261184551e-01
9.100000000000000000e+01 7.177034611072214965e-01
9.300000000000000000e+01 7.172217341904366661e-01
9.500000000000000000e+01 7.166679745720003769e-01
9.700000000000000000e+01 7.160454691208997247e-01
9.900000000000000000e+01 7.153708957236162291e-01
1.010000000000000000e+02 7.146205151401181510e-01
1.030000000000000000e+02 7.137972978826261361e-01
1.050000000000000000e+02 7.129348542297322400e-01
1.070000000000000000e+02 7.120427698750553258e-01
1.090000000000000000e+02 7.111221222545446308e-01
1.110000000000000000e+02 7.101614166221084101e-01
1.130000000000000000e+02 7.091429697813885769e-01
1.150000000000000000e+02 7.080503594590114025e-01
1.170000000000000000e+02 7.069680629649486292e-01
1.190000000000000000e+02 7.059051986599675921e-01
1.210000000000000000e+02 7.048148124432326300e-01
1.230000000000000000e+02 7.037290492410155363e-01
1.250000000000000000e+02 7.026089213113592136e-01
1.270000000000000000e+02 7.014780935693876174e-01
1.290000000000000000e+02 7.003854322754130557e-01
1.310000000000000000e+02 6.993422333636547528e-01
1.330000000000000000e+02 6.983524095355628791e-01
1.350000000000000000e+02 6.974253216274950429e-01
1.370000000000000000e+02 6.965694330100178355e-01
1.390000000000000000e+02 6.957881398585570309e-01
1.410000000000000000e+02 6.951074876347367315e-01
1.430000000000000000e+02 6.945341605926567130e-01
1.450000000000000000e+02 6.940722300553413548e-01
1.470000000000000000e+02 6.936531190720212070e-01
1.490000000000000000e+02 6.933279751186651740e-01
