1.000000000000000000e+00 1.023607218424926746e-02
3.000000000000000000e+00 1.049921287213229082e-02
5.000000000000000000e+00 1.065098346462567402e-02
7.000000000000000000e+00 1.073971316424449096e-02
9.000000000000000000e+00 1.078145432760591049e-02
1.100000000000000000e+01 1.079835837590592540e-02
1.300000000000000000e+01 1.080350260618978542e-02
1.500000000000000000e+01 1.079503006280468913e-02
1.700000000000000000e+01 1.077580583661841285e-02
1.900000000000000000e+01 1.074932456678800996e-02
2.100000000000000000e+01 1.071835886415761774e-02
2.300000000000000000e+01 1.068511648380876533e-02
2.500000000000000000e+01 1.065026922659828568e-02
2.700000000000000000e+01 1.061172333696214221e-02
2.900000000000000000e+01 1.057024040115173147e-02
3.100000000000000000e+01 1.052744541317729432e-02
3.300000000000000000e+01 1.048363104587246575e-02
3.500000000000000000e+01 1.043849874790225840e-02
3.700000000000000000e+01 1.039367187838025064e-02
3.900000000000000000e+01 1.034868912357711501e-02
4.100000000000000000e+01 1.030237285767410249e-02
4.300000000000000000e+01 1.025420312826774705e-02
4.500000000000000000e+01 1.020443168899198838e-02
4.700000000000000000e+01 1.015588661688415772e-02
4.900000000000000000e+01 1.010841912754956162e-02
5.100000000000000000e+01 1.006098618897266483e-02
5.300000000000000000e+01 1.001456909690667807e-02
5.500000000000000000e+01 9.968660117008587562e-03
5.700000000000000000e+01 9.922726571108708704e-03
5.900000000000000000e+01 9.876421117284928108e-03
6.100000000000000000e+01 9.829709077538439921e-03
6.300000000000000000e+01 9.782808519010699477e-03
6.500000000000000000e+01 9.735782156511718632e-03
6.700000000000000000e+01 9.689219344516830645e-03
6.900000000000000000e+01 9.643180426152420104e-03
7.100000000000000000e+01 9.597947365267756048e-03
7.300000000000000000e+01 9.553146568001436023e-03
7.500000000000000000e+01 9.508865490209461591e-03
7.700000000000000000e+01 9.464767749227886995e-03
7.900000000000000000e+01 9.421031523164202781e-03
8.100000000000000000e+01 9.378787329020865648e-03
8.300000000000000000e+01 9.338057386647169444e-03
8.500000000000000000e+01 9.298557275753793760e-03
8.700000000000000000e+01 9.260454212255853079e-03
8.900000000000000000e+01 9.223783803278373661e-03
9.100000000000000000e+01 9.188558532551627245e-03
9.300000000000000000e+01 9.154391194619027061e-03
9.500000000000000000e+01 9.121313291022614678e-03
9.700000000000000000e+01 9.088670762204209552e-03
9.900000000000000000e+01 9.057590817242000547e-03
1.010000000000000000e+02 9.028023831467724136e-03
1.030000000000000000e+02 8.999607176843005263e-03
1.050000000000000000e+02 8.972592629803100017e-03
1.070000000000000000e+02 8.946962937233515767e-03
1.090000000000000000e+02 8.922637792475152096e-03
1.110000000000000000e+02 8.898996689851945696e-03
1.130000000000000000e+02 8.876030922984279314e-03
1.150000000000000000e+02 8.853195891958987040e-03
1.170000000000000000e+02 8.830732365539772921e-03
1.190000000000000000e+02 8.808609561892555284e-03
1.210000000000000000e+02 8.787760159245427971e-03
1.230000000000000000e+02 8.768095247783658230e-03
1.250000000000000000e+02 8.749513431222766258e-03
1.270000000000000000e+02 8.731164020591486441e-03
1.290000000000000000e+02 8.712993236840715916e-03
1.310000000000000000e+02 8.695229113616420591e-03
1.330000000000000000e+02 8.677872900186955896e-03
1.350000000000000000e+02 8.660846886964779223e-03
1.370000000000000000e+02 8.644107123190192254e-03
1.390000000000000000e+02 8.627151040281777483e-03
1.410000000000000000e+02 8.610585355828925813e-03
1.430000000000000000e+02 8.594157885333575386e-03
1.450000000000000000e+02 8.577824975196324253e-03
1.470000000000000000e+02 8.560889289936590707e-03
1.490000000000000000e+02 8.543253772423597958e-03
