1.000000000000000000e+00 6.072013093289685415e-02
3.000000000000000000e+00 7.114891914007637208e-02
5.000000000000000000e+00 7.599554819981624298e-02
7.000000000000000000e+00 7.903553685589803646e-02
9.000000000000000000e+00 8.112685109242845360e-02
1.100000000000000000e+01 8.294313802880015629e-02
1.300000000000000000e+01 8.473089289954871539e-02
1.500000000000000000e+01 8.657212935635250073e-02
1.700000000000000000e+01 8.851110622686919616e-02
1.900000000000000000e+01 9.058667489438254616e-02
2.100000000000000000e+01 9.279790823892009044e-02
2.300000000000000000e+01 9.511364721375270559e-02
2.500000000000000000e+01 9.751998065283673522e-02
2.700000000000000000e+01 1.000219460290669993e-01
2.900000000000000000e+01 1.026199038262840535e-01
3.100000000000000000e+01 1.053029452810213540e-01
3.300000000000000000e+01 1.080661797308016814e-01
3.500000000000000000e+01 1.109200696069910785e-01
3.700000000000000000e+01 1.138457521585689580e-01
3.900000000000000000e+01 1.168242348273796916e-01
4.100000000000000000e+01 1.198403791714151012e-01
4.300000000000000000e+01 1.228958691037442819e-01
4.500000000000000000e+01 1.259887933467324084e-01
4.700000000000000000e+01 1.291183728013125531e-01
4.900000000000000000e+01 1.322904189728694169e-01
5.100000000000000000e+01 1.355111122382218758e-01
5.300000000000000000e+01 1.387841913886838086e-01
5.500000000000000000e+01 1.421088673258776858e-01
5.700000000000000000e+01 1.454844812510263097e-01
5.900000000000000000e+01 1.489101352101289688e-01
6.100000000000000000e+01 1.523806573980648338e-01
6.300000000000000000e+01 1.558972884125736647e-01
6.500000000000000000e+01 1.594598837493479415e-01
6.700000000000000000e+01 1.630680257146753798e-01
6.900000000000000000e+01 1.667164837761038187e-01
7.100000000000000000e+01 1.704025306599249445e-01
7.300000000000000000e+01 1.741226817483292333e-01
7.500000000000000000e+01 1.778773289800098523e-01
7.700000000000000000e+01 1.816620381469467027e-01
7.900000000000000000e+01 1.854722669009545299e-01
8.100000000000000000e+01 1.893036209028553518e-01
8.300000000000000000e+01 1.931533670457791230e-01
8.500000000000000000e+01 1.970175890440885036e-01
8.700000000000000000e+01 2.008948776812685688e-01
8.900000000000000000e+01 2.047811697734973624e-01
9.100000000000000000e+01 2.086718337880457685e-01
9.300000000000000000e+01 2.125628672178746514e-01
9.500000000000000000e+01 2.164521541798659632e-01
9.700000000000000000e+01 2.203369703601981699e-01
9.900000000000000000e+01 2.242138361625624077e-01
1.010000000000000000e+02 2.280795463324567507e-01
1.030000000000000000e+02 2.319324746893590694e-01
1.050000000000000000e+02 2.357706641568916295e-01
1.070000000000000000e+02 2.395961586084778272e-01
1.090000000000000000e+02 2.434098759184625260e-01
1.110000000000000000e+02 2.472104893380483448e-01
1.130000000000000000e+02 2.509933114567370893e-01
1.150000000000000000e+02 2.547590158344719136e-01
1.170000000000000000e+02 2.585091420883238733e-01
1.190000000000000000e+02 2.622441149529437521e-01
1.210000000000000000e+02 2.659645599661020210e-01
1.230000000000000000e+02 2.696727682676104410e-01
1.250000000000000000e+02 2.733687649114783236e-01
1.270000000000000000e+02 2.770543665535951661e-01
1.290000000000000000e+02 2.807263143254452586e-01
1.310000000000000000e+02 2.843861438481740667e-01
1.330000000000000000e+02 2.880331771625906923e-01
1.350000000000000000e+02 2.916694939852840784e-01
1.370000000000000000e+02 2.952893449141963389e-01
1.390000000000000000e+02 2.988982759181421089e-01
1.410000000000000000e+02 3.024993117595169423e-01
1.430000000000000000e+02 3.060934507539891936e-01
1.450000000000000000e+02 3.096784771148194393e-01
1.470000000000000000e+02 3.132545336264557223e-01
1.490000000000000000e+02 3.168195813187586474e-01
