1.000000000000000000e+00 8.645467918977023380e-02
3.000000000000000000e+00 9.311585050461301805e-02
5.000000000000000000e+00 9.614713152159437559e-02
7.000000000000000000e+00 9.827597807973342814e-02
9.000000000000000000e+00 9.992235407918947931e-02
1.100000000000000000e+01 1.013777271989375617e-01
1.300000000000000000e+01 1.026744813971740555e-01
1.500000000000000000e+01 1.037581654424335476e-01
1.700000000000000000e+01 1.046372437806873945e-01
1.900000000000000000e+01 1.053600447762198522e-01
2.100000000000000000e+01 1.059565021519148775e-01
2.300000000000000000e+01 1.064121476324437765e-01
2.500000000000000000e+01 1.067534378089017855e-01
2.700000000000000000e+01 1.069869035995336670e-01
2.900000000000000000e+01 1.071281282805977009e-01
3.100000000000000000e+01 1.071926426378115860e-01
3.300000000000000000e+01 1.071879843718267500e-01
3.500000000000000000e+01 1.071418970970975382e-01
3.700000000000000000e+01 1.070614560177447494e-01
3.900000000000000000e+01 1.069587299093670563e-01
4.100000000000000000e+01 1.068585021912735744e-01
4.300000000000000000e+01 1.067683224607856030e-01
4.500000000000000000e+01 1.066917604311807821e-01
4.700000000000000000e+01 1.066120747070178343e-01
4.900000000000000000e+01 1.065117521516696364e-01
5.100000000000000000e+01 1.064217869624268786e-01
5.300000000000000000e+01 1.063423434871326734e-01
5.500000000000000000e+01 1.062711445633734986e-01
5.700000000000000000e+01 1.061933419399917478e-01
5.900000000000000000e+01 1.061097596589003489e-01
6.100000000000000000e+01 1.060376666484605934e-01
6.300000000000000000e+01 1.059732788913563262e-01
6.500000000000000000e+01 1.059251035174123556e-01
6.700000000000000000e+01 1.058536894151745900e-01
6.900000000000000000e+01 1.057597203915376927e-01
7.100000000000000000e+01 1.056340305142112745e-01
7.300000000000000000e+01 1.054930247600037729e-01
7.500000000000000000e+01 1.053443661782830221e-01
7.700000000000000000e+01 1.051704682265930391e-01
7.900000000000000000e+01 1.049810142816866021e-01
8.100000000000000000e+01 1.047947388171915906e-01
8.300000000000000000e+01 1.046114406964860910e-01
8.500000000000000000e+01 1.044333457597093062e-01
8.700000000000000000e+01 1.042709353620795421e-01
8.900000000000000000e+01 1.041152492060298806e-01
9.100000000000000000e+01 1.039643465465595051e-01
9.300000000000000000e+01 1.038209448180552608e-01
9.500000000000000000e+01 1.036736011606752550e-01
9.700000000000000000e+01 1.035231155313000029e-01
9.900000000000000000e+01 1.033571907334147610e-01
1.010000000000000000e+02 1.031937185932161327e-01
1.030000000000000000e+02 1.030331126670047670e-01
1.050000000000000000e+02 1.028745574895620907e-01
1.070000000000000000e+02 1.027186527658034976e-01
1.090000000000000000e+02 1.025749323282185710e-01
1.110000000000000000e+02 1.024454688580409556e-01
1.130000000000000000e+02 1.023285741571867691e-01
1.150000000000000000e+02 1.022219876733764243e-01
1.170000000000000000e+02 1.021135338975763807e-01
1.190000000000000000e+02 1.020140796009301187e-01
1.210000000000000000e+02 1.019240441729103441e-01
1.230000000000000000e+02 1.018402909935777201e-01
1.250000000000000000e+02 1.017506571246640235e-01
1.270000000000000000e+02 1.016556005361818338e-01
1.290000000000000000e+02 1.015651144645083326e-01
1.310000000000000000e+02 1.014809715450526451e-01
1.330000000000000000e+02 1.014002809787412085e-01
1.350000000000000000e+02 1.013239477371833397e-01
1.370000000000000000e+02 1.012492180387688512e-01
1.390000000000000000e+02 1.011773285455993543e-01
1.410000000000000000e+02 1.011170855913376965e-01
1.430000000000000000e+02 1.010665350056302314e-01
1.450000000000000000e+02 1.010252355966096971e-01
1.470000000000000000e+02 1.009934265222677263e-01
1.490000000000000000e+02 1.009707614011331467e-01
