1.000000000000000000e+00 1.460896309314586583e-01
3.000000000000000000e+00 1.667083612045282548e-01
5.000000000000000000e+00 1.763072298408152605e-01
7.000000000000000000e+00 1.818153307009352515e-01
9.000000000000000000e+00 1.856840938462980262e-01
1.100000000000000000e+01 1.885990047764353195e-01
1.300000000000000000e+01 1.909045781491945926e-01
1.500000000000000000e+01 1.928125478127405978e-01
1.700000000000000000e+01 1.944769751272616976e-01
1.900000000000000000e+01 1.960200633015362071e-01
2.100000000000000000e+01 1.975601124597258229e-01
2.300000000000000000e+01 1.991262871834836856e-01
2.500000000000000000e+01 2.007075190059914860e-01
2.700000000000000000e+01 2.023211900066613778e-01
2.900000000000000000e+01 2.040158109260721275e-01
3.100000000000000000e+01 2.057968932649676397e-01
3.300000000000000000e+01 2.076635736733943860e-01
3.500000000000000000e+01 2.096282432132376972e-01
3.700000000000000000e+01 2.116981359338299118e-01
3.900000000000000000e+01 2.138766321062540721e-01
4.100000000000000000e+01 2.161311616674722602e-01
4.300000000000000000e+01 2.184645626363601600e-01
4.500000000000000000e+01 2.208571302293199645e-01
4.700000000000000000e+01 2.233091965142689483e-01
4.900000000000000000e+01 2.258283838770299701e-01
5.100000000000000000e+01 2.284135961315086893e-01
5.300000000000000000e+01 2.310573390028818341e-01
5.500000000000000000e+01 2.337598069787034660e-01
5.700000000000000000e+01 2.365236082800087347e-01
5.900000000000000000e+01 2.393389447106384349e-01
6.100000000000000000e+01 2.422006100705438314e-01
6.300000000000000000e+01 2.451182838779666362e-01
6.500000000000000000e+01 2.480866946467698009e-01
6.700000000000000000e+01 2.510983162370262756e-01
6.900000000000000000e+01 2.541489807233112685e-01
7.100000000000000000e+01 2.572403116833623660e-01
7.300000000000000000e+01 2.603757677189389996e-01
7.500000000000000000e+01 2.635510708435785387e-01
7.700000000000000000e+01 2.667624750279804502e-01
7.900000000000000000e+01 2.699918414202833183e-01
8.100000000000000000e+01 2.732509462385923626e-01
8.300000000000000000e+01 2.765337020336124940e-01
8.500000000000000000e+01 2.798463886495982100e-01
8.700000000000000000e+01 2.831903719186189550e-01
8.900000000000000000e+01 2.865716127911517308e-01
9.100000000000000000e+01 2.899850412071649508e-01
9.300000000000000000e+01 2.934304119149786505e-01
9.500000000000000000e+01 2.969005786790731571e-01
9.700000000000000000e+01 3.003966944350562329e-01
9.900000000000000000e+01 3.039239736056961183e-01
1.010000000000000000e+02 3.074901302100232492e-01
1.030000000000000000e+02 3.110964618407767723e-01
1.050000000000000000e+02 3.147455673186269065e-01
1.070000000000000000e+02 3.184398750951455970e-01
1.090000000000000000e+02 3.221795672756724294e-01
1.110000000000000000e+02 3.259648033135097434e-01
1.130000000000000000e+02 3.297964914106956691e-01
1.150000000000000000e+02 3.336753302102425378e-01
1.170000000000000000e+02 3.375968448585169313e-01
1.190000000000000000e+02 3.415614850336741171e-01
1.210000000000000000e+02 3.455732629826202551e-01
1.230000000000000000e+02 3.496301476602634573e-01
1.250000000000000000e+02 3.537333746168729309e-01
1.270000000000000000e+02 3.578830522382961954e-01
1.290000000000000000e+02 3.620845259094851443e-01
1.310000000000000000e+02 3.663429561139373014e-01
1.330000000000000000e+02 3.706559369078559207e-01
1.350000000000000000e+02 3.750235564930803900e-01
1.370000000000000000e+02 3.794422895078806146e-01
1.390000000000000000e+02 3.839101891876788297e-01
1.410000000000000000e+02 3.884227937620152726e-01
1.430000000000000000e+02 3.929756594385860335e-01
1.450000000000000000e+02 3.975525579271941279e-01
1.470000000000000000e+02 4.021468431473556038e-01
1.490000000000000000e+02 4.067558772570079029e-01
