1.000000000000000000e+00 2.379374166056902329e-01
3.000000000000000000e+00 2.619859116279097400e-01
5.000000000000000000e+00 2.722881993202201922e-01
7.000000000000000000e+00 2.780422919768529288e-01
9.000000000000000000e+00 2.820160712221300159e-01
1.100000000000000000e+01 2.851929420240186808e-01
1.300000000000000000e+01 2.879801077901865680e-01
1.500000000000000000e+01 2.905435099383836262e-01
1.700000000000000000e+01 2.929707904105930405e-01
1.900000000000000000e+01 2.953049026754217543e-01
2.100000000000000000e+01 2.975766393174733571e-01
2.300000000000000000e+01 2.997937603742584223e-01
2.500000000000000000e+01 3.019754062146214890e-01
2.700000000000000000e+01 3.041403448728531300e-01
2.900000000000000000e+01 3.063006995671928578e-01
3.100000000000000000e+01 3.084615345534355013e-01
3.300000000000000000e+01 3.106213660189659498e-01
3.500000000000000000e+01 3.127775969073790518e-01
3.700000000000000000e+01 3.149314038123121051e-01
3.900000000000000000e+01 3.170835688155412280e-01
4.100000000000000000e+01 3.192351886407780448e-01
4.300000000000000000e+01 3.213881250903533049e-01
4.500000000000000000e+01 3.235427981284395571e-01
4.700000000000000000e+01 3.256993585213596720e-01
4.900000000000000000e+01 3.278588223268040780e-01
5.100000000000000000e+01 3.300224729774312582e-01
5.300000000000000000e+01 3.321955594560025427e-01
5.500000000000000000e+01 3.343783688795191056e-01
5.700000000000000000e+01 3.365713683977938908e-01
5.900000000000000000e+01 3.387770259563805952e-01
6.100000000000000000e+01 3.409989557456780673e-01
6.300000000000000000e+01 3.432378400846189948e-01
6.500000000000000000e+01 3.454956783293505751e-01
6.700000000000000000e+01 3.477760028538304793e-01
6.900000000000000000e+01 3.500789369087442537e-01
7.100000000000000000e+01 3.524072796263726381e-01
7.300000000000000000e+01 3.547618541284287552e-01
7.500000000000000000e+01 3.571431690096851241e-01
7.700000000000000000e+01 3.595500185588368369e-01
7.900000000000000000e+01 3.619827585329576936e-01
8.100000000000000000e+01 3.644436754769428966e-01
8.300000000000000000e+01 3.669292102259529287e-01
8.500000000000000000e+01 3.694404593732590891e-01
8.700000000000000000e+01 3.719733240055133061e-01
8.900000000000000000e+01 3.745213465976986456e-01
9.100000000000000000e+01 3.770853979408560486e-01
9.300000000000000000e+01 3.796686861346263431e-01
9.500000000000000000e+01 3.822700557420963818e-01
9.700000000000000000e+01 3.848885239801920211e-01
9.900000000000000000e+01 3.875215238898129799e-01
1.010000000000000000e+02 3.901656916152398402e-01
1.030000000000000000e+02 3.928214705364797554e-01
1.050000000000000000e+02 3.954844690944312458e-01
1.070000000000000000e+02 3.981526507087336242e-01
1.090000000000000000e+02 4.008231174054793788e-01
1.110000000000000000e+02 4.034906450991357918e-01
1.130000000000000000e+02 4.061544280772877435e-01
1.150000000000000000e+02 4.088230166425518286e-01
1.170000000000000000e+02 4.114921816947179067e-01
1.190000000000000000e+02 4.141611577340688077e-01
1.210000000000000000e+02 4.168247097470051399e-01
1.230000000000000000e+02 4.194814633100225620e-01
1.250000000000000000e+02 4.221304260235276828e-01
1.270000000000000000e+02 4.247762327935132864e-01
1.290000000000000000e+02 4.274201817788213509e-01
1.310000000000000000e+02 4.300551051003818070e-01
1.330000000000000000e+02 4.326720825171349594e-01
1.350000000000000000e+02 4.352710541654926102e-01
1.370000000000000000e+02 4.378519354142011988e-01
1.390000000000000000e+02 4.404169806236587492e-01
1.410000000000000000e+02 4.429661525122740029e-01
1.430000000000000000e+02 4.454946557717398559e-01
1.450000000000000000e+02 4.480019471981445678e-01
1.470000000000000000e+02 4.504876956436016933e-01
1.490000000000000000e+02 4.529486111916544155e-01
