1.000000000000000000e+00 2.227106227106223635e-02
3.000000000000000000e+00 2.197473840419184032e-02
5.000000000000000000e+00 2.171197183315343171e-02
7.000000000000000000e+00 2.159627142382491982e-02
9.000000000000000000e+00 2.160482693122334208e-02
1.100000000000000000e+01 2.170705457231336677e-02
1.300000000000000000e+01 2.185705811893756678e-02
1.500000000000000000e+01 2.201080745525185733e-02
1.700000000000000000e+01 2.215748450977117479e-02
1.900000000000000000e+01 2.229703464737053942e-02
2.100000000000000000e+01 2.243852880509666914e-02
2.300000000000000000e+01 2.258299936167729172e-02
2.500000000000000000e+01 2.272964224863804894e-02
2.700000000000000000e+01 2.288029140853742316e-02
2.900000000000000000e+01 2.303871639889976120e-02
3.100000000000000000e+01 2.320363461518060166e-02
3.300000000000000000e+01 2.337248529421254162e-02
3.500000000000000000e+01 2.354297755763734568e-02
3.700000000000000000e+01 2.370714282882679935e-02
3.900000000000000000e+01 2.386278043200318333e-02
4.100000000000000000e+01 2.400842192596752689e-02
4.300000000000000000e+01 2.414501632317034296e-02
4.500000000000000000e+01 2.426868729218600862e-02
4.700000000000000000e+01 2.438062289436049301e-02
4.900000000000000000e+01 2.448613889997208748e-02
5.100000000000000000e+01 2.458859599248786054e-02
5.300000000000000000e+01 2.468941736716900870e-02
5.500000000000000000e+01 2.478642160007549222e-02
5.700000000000000000e+01 2.487930737187260544e-02
5.900000000000000000e+01 2.496882647047349302e-02
6.100000000000000000e+01 2.505426199886706673e-02
6.300000000000000000e+01 2.513542496697585005e-02
6.500000000000000000e+01 2.521400560461684037e-02
6.700000000000000000e+01 2.528939561671494918e-02
6.900000000000000000e+01 2.536108423758021146e-02
7.100000000000000000e+01 2.542683042807802885e-02
7.300000000000000000e+01 2.548533463191393622e-02
7.500000000000000000e+01 2.553568439242104304e-02
7.700000000000000000e+01 2.557862577704939078e-02
7.900000000000000000e+01 2.561465469837120867e-02
8.100000000000000000e+01 2.564430400496042761e-02
8.300000000000000000e+01 2.566949772510618288e-02
8.500000000000000000e+01 2.569339949430105019e-02
8.700000000000000000e+01 2.571424481368567161e-02
8.900000000000000000e+01 2.573235779286053848e-02
9.100000000000000000e+01 2.574900412773528657e-02
9.300000000000000000e+01 2.576358816552792863e-02
9.500000000000000000e+01 2.577649734419173999e-02
9.700000000000000000e+01 2.578502080872679958e-02
9.900000000000000000e+01 2.578991512580164347e-02
1.010000000000000000e+02 2.579416378776833163e-02
1.030000000000000000e+02 2.579836717864802953e-02
1.050000000000000000e+02 2.580398983923748446e-02
1.070000000000000000e+02 2.580733739673968241e-02
1.090000000000000000e+02 2.580950794975322982e-02
1.110000000000000000e+02 2.581086237449026211e-02
1.130000000000000000e+02 2.581222383114079033e-02
1.150000000000000000e+02 2.581383897178790576e-02
1.170000000000000000e+02 2.581722411128806183e-02
1.190000000000000000e+02 2.582266723282289345e-02
1.210000000000000000e+02 2.583040425510041427e-02
1.230000000000000000e+02 2.584030339430820611e-02
1.250000000000000000e+02 2.585532028937498339e-02
1.270000000000000000e+02 2.587533130648334012e-02
1.290000000000000000e+02 2.589746013510962896e-02
1.310000000000000000e+02 2.592193440071910437e-02
1.330000000000000000e+02 2.594879380415360259e-02
1.350000000000000000e+02 2.598028551592002078e-02
1.370000000000000000e+02 2.601641460867587519e-02
1.390000000000000000e+02 2.605713084503835653e-02
1.410000000000000000e+02 2.610037070602655440e-02
1.430000000000000000e+02 2.614568025088215286e-02
1.450000000000000000e+02 2.619060592721167424e-02
1.470000000000000000e+02 2.623653924821267580e-02
1.490000000000000000e+02 2.628261900391926087e-02
