1.000000000000000000e+00 1.362618514459956742e-02
3.000000000000000000e+00 1.407877771657217725e-02
5.000000000000000000e+00 1.440344912667690380e-02
7.000000000000000000e+00 1.475111862744882263e-02
9.000000000000000000e+00 1.508078932942591432e-02
1.100000000000000000e+01 1.538797728527818709e-02
1.300000000000000000e+01 1.565636830078431796e-02
1.500000000000000000e+01 1.586957783867559701e-02
1.700000000000000000e+01 1.601690360345364716e-02
1.900000000000000000e+01 1.611056061828086694e-02
2.100000000000000000e+01 1.616276377990455426e-02
2.300000000000000000e+01 1.618526432887756883e-02
2.500000000000000000e+01 1.618969233977785027e-02
2.700000000000000000e+01 1.618146240236073563e-02
2.900000000000000000e+01 1.616193437979485115e-02
3.100000000000000000e+01 1.612938383644491047e-02
3.300000000000000000e+01 1.608136887360955836e-02
3.500000000000000000e+01 1.601187153312544353e-02
3.700000000000000000e+01 1.592107572445966568e-02
3.900000000000000000e+01 1.580599575376606669e-02
4.100000000000000000e+01 1.566767956725412247e-02
4.300000000000000000e+01 1.551032069243019063e-02
4.500000000000000000e+01 1.534126314518324818e-02
4.700000000000000000e+01 1.516328749844841894e-02
4.900000000000000000e+01 1.497798566131380849e-02
5.100000000000000000e+01 1.478538006004559424e-02
5.300000000000000000e+01 1.458723801653205587e-02
5.500000000000000000e+01 1.438537244880422339e-02
5.700000000000000000e+01 1.417818915863533480e-02
5.900000000000000000e+01 1.396795038548914736e-02
6.100000000000000000e+01 1.375675027738498812e-02
6.300000000000000000e+01 1.354907555713669165e-02
6.500000000000000000e+01 1.334501994528280999e-02
6.700000000000000000e+01 1.314490948814994731e-02
6.900000000000000000e+01 1.295191722881017249e-02
7.100000000000000000e+01 1.276305280178657853e-02
7.300000000000000000e+01 1.257876290941095654e-02
7.500000000000000000e+01 1.239913266712522333e-02
7.700000000000000000e+01 1.222435017894329956e-02
7.900000000000000000e+01 1.205476460215881840e-02
8.100000000000000000e+01 1.188814804558657734e-02
8.300000000000000000e+01 1.172491394490493555e-02
8.500000000000000000e+01 1.156303977750861023e-02
8.700000000000000000e+01 1.140663132485775222e-02
8.900000000000000000e+01 1.125559279870713691e-02
9.100000000000000000e+01 1.110995512142776143e-02
9.300000000000000000e+01 1.096983708877719010e-02
9.500000000000000000e+01 1.083728953523288574e-02
9.700000000000000000e+01 1.071202827510819855e-02
9.900000000000000000e+01 1.059376640325937480e-02
1.010000000000000000e+02 1.048225754920251163e-02
1.030000000000000000e+02 1.037642611553957206e-02
1.050000000000000000e+02 1.027411700975633391e-02
1.070000000000000000e+02 1.017310574269469914e-02
1.090000000000000000e+02 1.007271056967817824e-02
1.110000000000000000e+02 9.973879781164374236e-03
1.130000000000000000e+02 9.879135738456779059e-03
1.150000000000000000e+02 9.788393263861383531e-03
1.170000000000000000e+02 9.703566498671434282e-03
1.190000000000000000e+02 9.624583899512484386e-03
1.210000000000000000e+02 9.551108601040025903e-03
1.230000000000000000e+02 9.482825771292890948e-03
1.250000000000000000e+02 9.418561194957209004e-03
1.270000000000000000e+02 9.358227508669880734e-03
1.290000000000000000e+02 9.301726943273358472e-03
1.310000000000000000e+02 9.249010181118344498e-03
1.330000000000000000e+02 9.200004333396516465e-03
1.350000000000000000e+02 9.154566628329474653e-03
1.370000000000000000e+02 9.113709028350402974e-03
1.390000000000000000e+02 9.077242121058426427e-03
1.410000000000000000e+02 9.045515147527050104e-03
1.430000000000000000e+02 9.018316366015466379e-03
1.450000000000000000e+02 8.995516478212506328e-03
1.470000000000000000e+02 8.976875855036703378e-03
1.490000000000000000e+02 8.961977036793133955e-03
