1.000000000000000000e+00 1.507948082251713284e-01
3.000000000000000000e+00 1.698348619389861147e-01
5.000000000000000000e+00 1.776922389314804507e-01
7.000000000000000000e+00 1.814704301762428695e-01
9.000000000000000000e+00 1.836420709121481254e-01
1.100000000000000000e+01 1.850913405679885937e-01
1.300000000000000000e+01 1.862803188752423234e-01
1.500000000000000000e+01 1.873787506746894538e-01
1.700000000000000000e+01 1.883872098294664399e-01
1.900000000000000000e+01 1.893152292995087249e-01
2.100000000000000000e+01 1.902708693661361306e-01
2.300000000000000000e+01 1.913084605676231842e-01
2.500000000000000000e+01 1.924810689179076162e-01
2.700000000000000000e+01 1.937941154914657460e-01
2.900000000000000000e+01 1.952590668945144436e-01
3.100000000000000000e+01 1.968771172567964634e-01
3.300000000000000000e+01 1.986291088496419110e-01
3.500000000000000000e+01 2.005154793374913647e-01
3.700000000000000000e+01 2.025552213204317997e-01
3.900000000000000000e+01 2.047636452801524509e-01
4.100000000000000000e+01 2.071239801716884266e-01
4.300000000000000000e+01 2.096286680004245673e-01
4.500000000000000000e+01 2.122747583943012106e-01
4.700000000000000000e+01 2.150426402062681763e-01
4.900000000000000000e+01 2.179272804123830731e-01
5.100000000000000000e+01 2.209153962397246707e-01
5.300000000000000000e+01 2.240070878043021185e-01
5.500000000000000000e+01 2.272329377625227353e-01
5.700000000000000000e+01 2.305909347081226413e-01
5.900000000000000000e+01 2.340621152486724865e-01
6.100000000000000000e+01 2.376467207640289292e-01
6.300000000000000000e+01 2.413525449953092261e-01
6.500000000000000000e+01 2.451764673613539003e-01
6.700000000000000000e+01 2.491157826846749357e-01
6.900000000000000000e+01 2.531796354529688431e-01
7.100000000000000000e+01 2.573709224967983822e-01
7.300000000000000000e+01 2.616997006844585805e-01
7.500000000000000000e+01 2.661584970738889444e-01
7.700000000000000000e+01 2.707496792573405031e-01
7.900000000000000000e+01 2.754749117446031459e-01
8.100000000000000000e+01 2.803318681254286515e-01
8.300000000000000000e+01 2.853199985113803461e-01
8.500000000000000000e+01 2.904356474045397540e-01
8.700000000000000000e+01 2.956780325066011850e-01
8.900000000000000000e+01 3.010436205924172937e-01
9.100000000000000000e+01 3.065272993441282567e-01
9.300000000000000000e+01 3.121264663301105413e-01
9.500000000000000000e+01 3.178362679297147553e-01
9.700000000000000000e+01 3.236527771513730833e-01
9.900000000000000000e+01 3.295712211021130100e-01
1.010000000000000000e+02 3.355873538830096425e-01
1.030000000000000000e+02 3.417129729474911448e-01
1.050000000000000000e+02 3.479417300369235244e-01
1.070000000000000000e+02 3.542699199213426020e-01
1.090000000000000000e+02 3.606911282247370343e-01
1.110000000000000000e+02 3.672004900633604185e-01
1.130000000000000000e+02 3.737929178895642579e-01
1.150000000000000000e+02 3.804575460257512143e-01
1.170000000000000000e+02 3.871880254815531774e-01
1.190000000000000000e+02 3.939744702002011545e-01
1.210000000000000000e+02 4.008066310053660652e-01
1.230000000000000000e+02 4.076748332976931621e-01
1.250000000000000000e+02 4.145686399080896756e-01
1.270000000000000000e+02 4.214761846491905661e-01
1.290000000000000000e+02 4.283867499882433316e-01
1.310000000000000000e+02 4.352921068313561070e-01
1.330000000000000000e+02 4.421855007516600766e-01
1.350000000000000000e+02 4.490579948502148033e-01
1.370000000000000000e+02 4.559080110197515356e-01
1.390000000000000000e+02 4.627172151699511238e-01
1.410000000000000000e+02 4.694822075385425286e-01
1.430000000000000000e+02 4.762018242758906394e-01
1.450000000000000000e+02 4.828677528810687569e-01
1.470000000000000000e+02 4.894740019439278722e-01
1.490000000000000000e+02 4.960168281243708677e-01
