1.000000000000000000e+00 1.876699909338168659e-01
3.000000000000000000e+00 1.971725901807644954e-01
5.000000000000000000e+00 2.020276776757883308e-01
7.000000000000000000e+00 2.049234784595118652e-01
9.000000000000000000e+00 2.064566923260942044e-01
1.100000000000000000e+01 2.070239002786987692e-01
1.300000000000000000e+01 2.068995105895407027e-01
1.500000000000000000e+01 2.063602562882407288e-01
1.700000000000000000e+01 2.056879913174721741e-01
1.900000000000000000e+01 2.051069459849947929e-01
2.100000000000000000e+01 2.047461906107196361e-01
2.300000000000000000e+01 2.046687669011121313e-01
2.500000000000000000e+01 2.049074853862035139e-01
2.700000000000000000e+01 2.054813888956844581e-01
2.900000000000000000e+01 2.063826558329303618e-01
3.100000000000000000e+01 2.075967940724086080e-01
3.300000000000000000e+01 2.090870201765896441e-01
3.500000000000000000e+01 2.108363272646228692e-01
3.700000000000000000e+01 2.128302498982551638e-01
3.900000000000000000e+01 2.150533128169338504e-01
4.100000000000000000e+01 2.174964607094058699e-01
4.300000000000000000e+01 2.201485600485368899e-01
4.500000000000000000e+01 2.230056608119070916e-01
4.700000000000000000e+01 2.260558249069454240e-01
4.900000000000000000e+01 2.293065766710503661e-01
5.100000000000000000e+01 2.327490302980141923e-01
5.300000000000000000e+01 2.363753879620896781e-01
5.500000000000000000e+01 2.401718408698785279e-01
5.700000000000000000e+01 2.441344183414368985e-01
5.900000000000000000e+01 2.482817734872198034e-01
6.100000000000000000e+01 2.526057855124554941e-01
6.300000000000000000e+01 2.571128891858915910e-01
6.500000000000000000e+01 2.617950437194819235e-01
6.700000000000000000e+01 2.666493875028602689e-01
6.900000000000000000e+01 2.716668000052422371e-01
7.100000000000000000e+01 2.768459249908511444e-01
7.300000000000000000e+01 2.821890706385320469e-01
7.500000000000000000e+01 2.876850071148994159e-01
7.700000000000000000e+01 2.933221937923751188e-01
7.900000000000000000e+01 2.990903322417531873e-01
8.100000000000000000e+01 3.049836890615073015e-01
8.300000000000000000e+01 3.109916043899066951e-01
8.500000000000000000e+01 3.170978390176332207e-01
8.700000000000000000e+01 3.232870962659760705e-01
8.900000000000000000e+01 3.295470079048189449e-01
9.100000000000000000e+01 3.358725764036318839e-01
9.300000000000000000e+01 3.422474304188592997e-01
9.500000000000000000e+01 3.486564462617525173e-01
9.700000000000000000e+01 3.550902683703709428e-01
9.900000000000000000e+01 3.615406065759418919e-01
1.010000000000000000e+02 3.679988983976457684e-01
1.030000000000000000e+02 3.744422299985138425e-01
1.050000000000000000e+02 3.808687229562711662e-01
1.070000000000000000e+02 3.872812912004897079e-01
1.090000000000000000e+02 3.936836879414350454e-01
1.110000000000000000e+02 4.000680081044872827e-01
1.130000000000000000e+02 4.064284149933217183e-01
1.150000000000000000e+02 4.127524147950439870e-01
1.170000000000000000e+02 4.190346429082213442e-01
1.190000000000000000e+02 4.252659530002398380e-01
1.210000000000000000e+02 4.314356377893548977e-01
1.230000000000000000e+02 4.375350599438704302e-01
1.250000000000000000e+02 4.435622629015630869e-01
1.270000000000000000e+02 4.495033395857778169e-01
1.290000000000000000e+02 4.553709697610788254e-01
1.310000000000000000e+02 4.611565822624950073e-01
1.330000000000000000e+02 4.668536580369568867e-01
1.350000000000000000e+02 4.724638368224972629e-01
1.370000000000000000e+02 4.779886203798738853e-01
1.390000000000000000e+02 4.834281902625395810e-01
1.410000000000000000e+02 4.887829197529233172e-01
1.430000000000000000e+02 4.940665295844917093e-01
1.450000000000000000e+02 4.992497058817346733e-01
1.470000000000000000e+02 5.043403814159651555e-01
1.490000000000000000e+02 5.093437742706643512e-01
