1.000000000000000000e+00 0.000000000000000000e+00
3.000000000000000000e+00 2.220446049250313081e-16
5.000000000000000000e+00 0.000000000000000000e+00
7.000000000000000000e+00 0.000000000000000000e+00
9.000000000000000000e+00 0.000000000000000000e+00
1.100000000000000000e+01 2.821198348057496474e-05
1.300000000000000000e+01 7.887777790727135141e-05
1.500000000000000000e+01 1.305619785603173710e-04
1.700000000000000000e+01 1.798395497162319501e-04
1.900000000000000000e+01 2.254040003583090979e-04
2.100000000000000000e+01 2.669010646623171112e-04
2.300000000000000000e+01 3.051262929082421138e-04
2.500000000000000000e+01 3.404374576516655537e-04
2.700000000000000000e+01 3.732072050539603225e-04
2.900000000000000000e+01 4.036473403732365739e-04
3.100000000000000000e+01 4.318782970170742530e-04
3.300000000000000000e+01 4.579014568278916286e-04
3.500000000000000000e+01 4.817420714279263549e-04
3.700000000000000000e+01 5.037736305480988719e-04
3.900000000000000000e+01 5.243037513926740445e-04
4.100000000000000000e+01 5.436895027740584752e-04
4.300000000000000000e+01 5.622141817255288387e-04
4.500000000000000000e+01 5.801902128519387247e-04
4.700000000000000000e+01 5.978156289023761616e-04
4.900000000000000000e+01 6.152807329418141791e-04
5.100000000000000000e+01 6.326617982606030921e-04
5.300000000000000000e+01 6.500658063345321480e-04
5.500000000000000000e+01 6.676086742638531746e-04
5.700000000000000000e+01 6.854379359578777198e-04
5.900000000000000000e+01 7.036548305314749285e-04
6.100000000000000000e+01 7.221888221111694151e-04
6.300000000000000000e+01 7.408411637402911865e-04
6.500000000000000000e+01 7.594917675937118418e-04
6.700000000000000000e+01 7.781415084024967399e-04
6.900000000000000000e+01 7.967506913774125010e-04
7.100000000000000000e+01 8.154642275088885839e-04
7.300000000000000000e+01 8.343084919187893078e-04
7.500000000000000000e+01 8.533194520369269398e-04
7.700000000000000000e+01 8.724838817170121885e-04
7.900000000000000000e+01 8.917782737274393412e-04
8.100000000000000000e+01 9.112217101793218532e-04
8.300000000000000000e+01 9.309054264607929952e-04
8.500000000000000000e+01 9.508362115551172167e-04
8.700000000000000000e+01 9.710052759445142456e-04
8.900000000000000000e+01 9.914876924458360108e-04
9.100000000000000000e+01 1.012239274455040139e-03
9.300000000000000000e+01 1.033292042682321110e-03
9.500000000000000000e+01 1.054588622062313519e-03
9.700000000000000000e+01 1.076046563873500617e-03
9.900000000000000000e+01 1.097661654272052978e-03
1.010000000000000000e+02 1.119469838241848869e-03
1.030000000000000000e+02 1.141497741460884008e-03
1.050000000000000000e+02 1.163624542687147212e-03
1.070000000000000000e+02 1.185732572995146228e-03
1.090000000000000000e+02 1.207871821117700861e-03
1.110000000000000000e+02 1.230094723303154503e-03
1.130000000000000000e+02 1.252486656742268778e-03
1.150000000000000000e+02 1.275110704754944813e-03
1.170000000000000000e+02 1.297996405515200458e-03
1.190000000000000000e+02 1.321281715317867977e-03
1.210000000000000000e+02 1.345088454622000995e-03
1.230000000000000000e+02 1.369605405398988118e-03
1.250000000000000000e+02 1.395082449520579360e-03
1.270000000000000000e+02 1.420242189169251823e-03
1.290000000000000000e+02 1.445359525947709223e-03
1.310000000000000000e+02 1.470680340932561947e-03
1.330000000000000000e+02 1.496376203137139704e-03
1.350000000000000000e+02 1.524229188978321048e-03
1.370000000000000000e+02 1.554443870419586204e-03
1.390000000000000000e+02 1.587238809310220766e-03
1.410000000000000000e+02 1.622884672641045078e-03
1.430000000000000000e+02 1.661632314727823356e-03
1.450000000000000000e+02 1.703692206479812121e-03
1.470000000000000000e+02 1.749291569330679863e-03
1.490000000000000000e+02 1.798633693487983187e-03
