1.000000000000000000e+00 2.253901929458035358e-02
3.000000000000000000e+00 2.518332683538748729e-02
5.000000000000000000e+00 2.636954874196806298e-02
7.000000000000000000e+00 2.711217343872862617e-02
9.000000000000000000e+00 2.772060632110451284e-02
1.100000000000000000e+01 2.829092690653101094e-02
1.300000000000000000e+01 2.881584767413680748e-02
1.500000000000000000e+01 2.930440192923777776e-02
1.700000000000000000e+01 2.976967008298192496e-02
1.900000000000000000e+01 3.023169192441454989e-02
2.100000000000000000e+01 3.067679861808270125e-02
2.300000000000000000e+01 3.109208364506543809e-02
2.500000000000000000e+01 3.147862869835083011e-02
2.700000000000000000e+01 3.184012524310508851e-02
2.900000000000000000e+01 3.218311110730209812e-02
3.100000000000000000e+01 3.251318526653768082e-02
3.300000000000000000e+01 3.283388225918948411e-02
3.500000000000000000e+01 3.314993846443003989e-02
3.700000000000000000e+01 3.346418067471534918e-02
3.900000000000000000e+01 3.378018915736236139e-02
4.100000000000000000e+01 3.409866577583775538e-02
4.300000000000000000e+01 3.441957093872938245e-02
4.500000000000000000e+01 3.474297822299854399e-02
4.700000000000000000e+01 3.506862338514449284e-02
4.900000000000000000e+01 3.539660119066778687e-02
5.100000000000000000e+01 3.572758180316515375e-02
5.300000000000000000e+01 3.606158877321230527e-02
5.500000000000000000e+01 3.639851154573969794e-02
5.700000000000000000e+01 3.673785738635149123e-02
5.900000000000000000e+01 3.707966557684949649e-02
6.100000000000000000e+01 3.742431464865958457e-02
6.300000000000000000e+01 3.777166351646643605e-02
6.500000000000000000e+01 3.812167896754259377e-02
6.700000000000000000e+01 3.847384455470004294e-02
6.900000000000000000e+01 3.882791859324863371e-02
7.100000000000000000e+01 3.918439797359718479e-02
7.300000000000000000e+01 3.954341134947259029e-02
7.500000000000000000e+01 3.990466113006774229e-02
7.700000000000000000e+01 4.026849946494626131e-02
7.900000000000000000e+01 4.063547107633624922e-02
8.100000000000000000e+01 4.100579277273286305e-02
8.300000000000000000e+01 4.137952213440787563e-02
8.500000000000000000e+01 4.175705721420208683e-02
8.700000000000000000e+01 4.213897692583989940e-02
8.900000000000000000e+01 4.252547703395070933e-02
9.100000000000000000e+01 4.291690385931301588e-02
9.300000000000000000e+01 4.331352599168492024e-02
9.500000000000000000e+01 4.371585324413718165e-02
9.700000000000000000e+01 4.412395430677062969e-02
9.900000000000000000e+01 4.453782777690207251e-02
1.010000000000000000e+02 4.495728544349630873e-02
1.030000000000000000e+02 4.538226146745660827e-02
1.050000000000000000e+02 4.581266830200059204e-02
1.070000000000000000e+02 4.624857642822488568e-02
1.090000000000000000e+02 4.669013818454559317e-02
1.110000000000000000e+02 4.713726649097493837e-02
1.130000000000000000e+02 4.758970924334993136e-02
1.150000000000000000e+02 4.804739100616728376e-02
1.170000000000000000e+02 4.851007269993989901e-02
1.190000000000000000e+02 4.897749230630465966e-02
1.210000000000000000e+02 4.944949650096308602e-02
1.230000000000000000e+02 4.992596016173600493e-02
1.250000000000000000e+02 5.040681777879918446e-02
1.270000000000000000e+02 5.089201294246648022e-02
1.290000000000000000e+02 5.138154614586609714e-02
1.310000000000000000e+02 5.187526403309827838e-02
1.330000000000000000e+02 5.237301521274317917e-02
1.350000000000000000e+02 5.287479492324687058e-02
1.370000000000000000e+02 5.338033140128939369e-02
1.390000000000000000e+02 5.388982477130754845e-02
1.410000000000000000e+02 5.440363686207050353e-02
1.430000000000000000e+02 5.492200729628315958e-02
1.450000000000000000e+02 5.544474651501718476e-02
1.470000000000000000e+02 5.597217459730430278e-02
1.490000000000000000e+02 5.650444642982999088e-02
