1.000000000000000000e+00 1.349041631058478519e-02
3.000000000000000000e+00 1.389052297336013098e-02
5.000000000000000000e+00 1.413083157378347554e-02
7.000000000000000000e+00 1.431431412029104955e-02
9.000000000000000000e+00 1.447041423735551113e-02
1.100000000000000000e+01 1.461182779764302886e-02
1.300000000000000000e+01 1.473807829791073942e-02
1.500000000000000000e+01 1.485147794163954593e-02
1.700000000000000000e+01 1.495232284987457749e-02
1.900000000000000000e+01 1.503859873098545297e-02
2.100000000000000000e+01 1.511232449891164453e-02
2.300000000000000000e+01 1.517620257230301029e-02
2.500000000000000000e+01 1.523253338589780626e-02
2.700000000000000000e+01 1.528209823541137879e-02
2.900000000000000000e+01 1.532407685722603219e-02
3.100000000000000000e+01 1.535977303861946197e-02
3.300000000000000000e+01 1.538972704513597023e-02
3.500000000000000000e+01 1.541404536524482172e-02
3.700000000000000000e+01 1.543303508803917090e-02
3.900000000000000000e+01 1.544741561962059695e-02
4.100000000000000000e+01 1.545762480110113302e-02
4.300000000000000000e+01 1.546389359662014851e-02
4.500000000000000000e+01 1.546631912282059318e-02
4.700000000000000000e+01 1.546512425885226971e-02
4.900000000000000000e+01 1.545940986393157246e-02
5.100000000000000000e+01 1.544955021583171995e-02
5.300000000000000000e+01 1.543591825488976887e-02
5.500000000000000000e+01 1.541877227592580724e-02
5.700000000000000000e+01 1.539919519218513333e-02
5.900000000000000000e+01 1.537704526818051143e-02
6.100000000000000000e+01 1.535243829833998763e-02
6.300000000000000000e+01 1.532463023422681037e-02
6.500000000000000000e+01 1.529377989228353218e-02
6.700000000000000000e+01 1.526013436295836634e-02
6.900000000000000000e+01 1.522266726241228163e-02
7.100000000000000000e+01 1.518150064988477155e-02
7.300000000000000000e+01 1.513722961229901909e-02
7.500000000000000000e+01 1.509028784695642944e-02
7.700000000000000000e+01 1.503977324850469532e-02
7.900000000000000000e+01 1.498601872417915093e-02
8.100000000000000000e+01 1.492912799080192698e-02
8.300000000000000000e+01 1.486763867320151089e-02
8.500000000000000000e+01 1.480440229736890156e-02
8.700000000000000000e+01 1.473854918751382748e-02
8.900000000000000000e+01 1.466964510395352139e-02
9.100000000000000000e+01 1.459802107550622896e-02
9.300000000000000000e+01 1.452478174391247379e-02
9.500000000000000000e+01 1.445008279549964136e-02
9.700000000000000000e+01 1.437419782724658202e-02
9.900000000000000000e+01 1.429646750565882751e-02
1.010000000000000000e+02 1.421721114635909888e-02
1.030000000000000000e+02 1.413660146036510579e-02
1.050000000000000000e+02 1.405522642525303123e-02
1.070000000000000000e+02 1.397245861803719791e-02
1.090000000000000000e+02 1.388823686442253180e-02
1.110000000000000000e+02 1.380274015789928477e-02
1.130000000000000000e+02 1.371655792603443391e-02
1.150000000000000000e+02 1.362949484580922022e-02
1.170000000000000000e+02 1.354197312460436731e-02
1.190000000000000000e+02 1.345349347395508044e-02
1.210000000000000000e+02 1.336535139505135028e-02
1.230000000000000000e+02 1.327766151672593598e-02
1.250000000000000000e+02 1.319125788832098412e-02
1.270000000000000000e+02 1.310442539888811986e-02
1.290000000000000000e+02 1.301838475464311973e-02
1.310000000000000000e+02 1.293372141232651540e-02
1.330000000000000000e+02 1.285045607730783690e-02
1.350000000000000000e+02 1.276855238950203031e-02
1.370000000000000000e+02 1.268804508739296288e-02
1.390000000000000000e+02 1.260778773616533233e-02
1.410000000000000000e+02 1.252787189265225365e-02
1.430000000000000000e+02 1.244834246724990656e-02
1.450000000000000000e+02 1.236947960738121743e-02
1.470000000000000000e+02 1.229037140510180759e-02
1.490000000000000000e+02 1.221106716470932163e-02
