1.000000000000000000e+00 3.757111056146426042e-01
3.000000000000000000e+00 4.058051651443544960e-01
5.000000000000000000e+00 4.192136259829675193e-01
7.000000000000000000e+00 4.271839709680830266e-01
9.000000000000000000e+00 4.336347668822789769e-01
1.100000000000000000e+01 4.395148884994032334e-01
1.300000000000000000e+01 4.451485871063215471e-01
1.500000000000000000e+01 4.507425105703500856e-01
1.700000000000000000e+01 4.563632704157318809e-01
1.900000000000000000e+01 4.620224814604522168e-01
2.100000000000000000e+01 4.677898930843693570e-01
2.300000000000000000e+01 4.736767069521155005e-01
2.500000000000000000e+01 4.796989133834915764e-01
2.700000000000000000e+01 4.858055924735092956e-01
2.900000000000000000e+01 4.920217164052218539e-01
3.100000000000000000e+01 4.983500251955619298e-01
3.300000000000000000e+01 5.047475199004112234e-01
3.500000000000000000e+01 5.112036605838181647e-01
3.700000000000000000e+01 5.177612197874104094e-01
3.900000000000000000e+01 5.243909140071569830e-01
4.100000000000000000e+01 5.311079772989321102e-01
4.300000000000000000e+01 5.379315051988435847e-01
4.500000000000000000e+01 5.448912029776717958e-01
4.700000000000000000e+01 5.519785902121440158e-01
4.900000000000000000e+01 5.591403048756263816e-01
5.100000000000000000e+01 5.663813618948957407e-01
5.300000000000000000e+01 5.736748208187953946e-01
5.500000000000000000e+01 5.809760548272920877e-01
5.700000000000000000e+01 5.882630369462538145e-01
5.900000000000000000e+01 5.955204585653144367e-01
6.100000000000000000e+01 6.027119156863335325e-01
6.300000000000000000e+01 6.097595039621730439e-01
6.500000000000000000e+01 6.166404529352025321e-01
6.700000000000000000e+01 6.234087806305214086e-01
6.900000000000000000e+01 6.300780936542619282e-01
7.100000000000000000e+01 6.366532965929181387e-01
7.300000000000000000e+01 6.431071197123316985e-01
7.500000000000000000e+01 6.494420857058105234e-01
7.700000000000000000e+01 6.556753183176058375e-01
7.900000000000000000e+01 6.618449407718405286e-01
8.100000000000000000e+01 6.679181779472014302e-01
8.300000000000000000e+01 6.739316952708470643e-01
8.500000000000000000e+01 6.798630887864063332e-01
8.700000000000000000e+01 6.857179843428219401e-01
8.900000000000000000e+01 6.915213521796992335e-01
9.100000000000000000e+01 6.972235571928553366e-01
9.300000000000000000e+01 7.027895684165630374e-01
9.500000000000000000e+01 7.082190411725168833e-01
9.700000000000000000e+01 7.135204534432275647e-01
9.900000000000000000e+01 7.186905560944178983e-01
1.010000000000000000e+02 7.237052606542252464e-01
1.030000000000000000e+02 7.285369946712132450e-01
1.050000000000000000e+02 7.331670910934794394e-01
1.070000000000000000e+02 7.375895587225366201e-01
1.090000000000000000e+02 7.418247600908571826e-01
1.110000000000000000e+02 7.458703975735347935e-01
1.130000000000000000e+02 7.497157424638962731e-01
1.150000000000000000e+02 7.533382167739328672e-01
1.170000000000000000e+02 7.567416522532780521e-01
1.190000000000000000e+02 7.599192531939031880e-01
1.210000000000000000e+02 7.628902628656554219e-01
1.230000000000000000e+02 7.657072805831706130e-01
1.250000000000000000e+02 7.683643268266249216e-01
1.270000000000000000e+02 7.708717962205715590e-01
1.290000000000000000e+02 7.732772080618243171e-01
1.310000000000000000e+02 7.756027776407274921e-01
1.330000000000000000e+02 7.778773238326630590e-01
1.350000000000000000e+02 7.800862708273883506e-01
1.370000000000000000e+02 7.822420202216531226e-01
1.390000000000000000e+02 7.843508004984778292e-01
1.410000000000000000e+02 7.864224855341512832e-01
1.430000000000000000e+02 7.884849528032670252e-01
1.450000000000000000e+02 7.905443428775377201e-01
1.470000000000000000e+02 7.926142462395890931e-01
1.490000000000000000e+02 7.945964888034111606e-01
