1.000000000000000000e+00 0.000000000000000000e+00
3.000000000000000000e+00 0.000000000000000000e+00
5.000000000000000000e+00 0.000000000000000000e+00
7.000000000000000000e+00 0.000000000000000000e+00
9.000000000000000000e+00 2.309798415844888098e-05
1.100000000000000000e+01 4.949803404974417731e-05
1.300000000000000000e+01 7.335396100172086875e-05
1.500000000000000000e+01 9.469499245640111695e-05
1.700000000000000000e+01 1.131673265588606370e-04
1.900000000000000000e+01 1.295226181458053460e-04
2.100000000000000000e+01 1.442657944570324702e-04
2.300000000000000000e+01 1.576574474732028719e-04
2.500000000000000000e+01 1.700210005537439173e-04
2.700000000000000000e+01 1.813608492426954655e-04
2.900000000000000000e+01 1.915745195619766861e-04
3.100000000000000000e+01 2.008046360476578585e-04
3.300000000000000000e+01 2.090377087333727957e-04
3.500000000000000000e+01 2.165148188992827016e-04
3.700000000000000000e+01 2.234673111070062390e-04
3.900000000000000000e+01 2.300196286388889177e-04
4.100000000000000000e+01 2.363723784927218574e-04
4.300000000000000000e+01 2.426945962409332580e-04
4.500000000000000000e+01 2.490411833190320223e-04
4.700000000000000000e+01 2.554150685425415901e-04
4.900000000000000000e+01 2.618262369601387363e-04
5.100000000000000000e+01 2.683191100595339051e-04
5.300000000000000000e+01 2.749350079678247738e-04
5.500000000000000000e+01 2.817457141816026578e-04
5.700000000000000000e+01 2.887847547078381538e-04
5.900000000000000000e+01 2.960440975346978476e-04
6.100000000000000000e+01 3.034267545892754825e-04
6.300000000000000000e+01 3.108424486734095993e-04
6.500000000000000000e+01 3.182883318165741215e-04
6.700000000000000000e+01 3.257905121707427298e-04
6.900000000000000000e+01 3.333002314256372500e-04
7.100000000000000000e+01 3.408788273931984136e-04
7.300000000000000000e+01 3.485667920786195140e-04
7.500000000000000000e+01 3.563738450700348892e-04
7.700000000000000000e+01 3.642985918771435294e-04
7.900000000000000000e+01 3.723340483192671968e-04
8.100000000000000000e+01 3.804687503280446137e-04
8.300000000000000000e+01 3.886622574187370560e-04
8.500000000000000000e+01 3.969174882697545925e-04
8.700000000000000000e+01 4.052384436807887624e-04
8.900000000000000000e+01 4.136647422876560398e-04
9.100000000000000000e+01 4.222256772532517743e-04
9.300000000000000000e+01 4.309437015510564351e-04
9.500000000000000000e+01 4.398693142677601031e-04
9.700000000000000000e+01 4.489988167356573356e-04
9.900000000000000000e+01 4.583719939016406286e-04
1.010000000000000000e+02 4.680070412227399501e-04
1.030000000000000000e+02 4.779090864750479284e-04
1.050000000000000000e+02 4.881499509363784739e-04
1.070000000000000000e+02 4.988371865939367211e-04
1.090000000000000000e+02 5.100728914688712479e-04
1.110000000000000000e+02 5.219533104832141390e-04
1.130000000000000000e+02 5.345757111361315594e-04
1.150000000000000000e+02 5.481400218647625167e-04
1.170000000000000000e+02 5.628267810565690255e-04
1.190000000000000000e+02 5.779929297319297277e-04
1.210000000000000000e+02 5.938430226192226158e-04
1.230000000000000000e+02 6.105269405717317355e-04
1.250000000000000000e+02 6.290952980667618988e-04
1.270000000000000000e+02 6.497321051215365628e-04
1.290000000000000000e+02 6.726156955325635067e-04
1.310000000000000000e+02 6.979725596623076456e-04
1.330000000000000000e+02 7.260566414127866963e-04
1.350000000000000000e+02 7.571057929663949082e-04
1.370000000000000000e+02 7.913499153879843817e-04
1.390000000000000000e+02 8.289938831245180495e-04
1.410000000000000000e+02 8.702264857770591888e-04
1.430000000000000000e+02 9.153041919752746836e-04
1.450000000000000000e+02 9.644954267864491726e-04
1.470000000000000000e+02 1.018052696577953498e-03
1.490000000000000000e+02 1.076187694508012882e-03
