1.000000000000000000e+00 1.842349681014665563e-02
3.000000000000000000e+00 1.886416175717831045e-02
5.000000000000000000e+00 1.905757487884662815e-02
7.000000000000000000e+00 1.918360682804332029e-02
9.000000000000000000e+00 1.929029587551311931e-02
1.100000000000000000e+01 1.938076112968645237e-02
1.300000000000000000e+01 1.945793298820142070e-02
1.500000000000000000e+01 1.952522630736108766e-02
1.700000000000000000e+01 1.958269294365777569e-02
1.900000000000000000e+01 1.962981793369344974e-02
2.100000000000000000e+01 1.966900010724326187e-02
2.300000000000000000e+01 1.970230784645243816e-02
2.500000000000000000e+01 1.973097430936698871e-02
2.700000000000000000e+01 1.975709011662307724e-02
2.900000000000000000e+01 1.978172061702521134e-02
3.100000000000000000e+01 1.980537819619976325e-02
3.300000000000000000e+01 1.982783233615725837e-02
3.500000000000000000e+01 1.984836540109380376e-02
3.700000000000000000e+01 1.986697795644498665e-02
3.900000000000000000e+01 1.988312363032873620e-02
4.100000000000000000e+01 1.989579257531548517e-02
4.300000000000000000e+01 1.990395250006371519e-02
4.500000000000000000e+01 1.990672246119051803e-02
4.700000000000000000e+01 1.990418949754668709e-02
4.900000000000000000e+01 1.989712145535715848e-02
5.100000000000000000e+01 1.988578081318392865e-02
5.300000000000000000e+01 1.987020319469434693e-02
5.500000000000000000e+01 1.985039995743742569e-02
5.700000000000000000e+01 1.982611032820547070e-02
5.900000000000000000e+01 1.979750767871435446e-02
6.100000000000000000e+01 1.976476364721346801e-02
6.300000000000000000e+01 1.972789817003217649e-02
6.500000000000000000e+01 1.968714022920803330e-02
6.700000000000000000e+01 1.964257016505477349e-02
6.900000000000000000e+01 1.959370538359628267e-02
7.100000000000000000e+01 1.954096399734250866e-02
7.300000000000000000e+01 1.948419630227571364e-02
7.500000000000000000e+01 1.942319322471874887e-02
7.700000000000000000e+01 1.935879662068928919e-02
7.900000000000000000e+01 1.929005837959452130e-02
8.100000000000000000e+01 1.921728661623833823e-02
8.300000000000000000e+01 1.914092116370713637e-02
8.500000000000000000e+01 1.906206848632829853e-02
8.700000000000000000e+01 1.898086110611918453e-02
8.900000000000000000e+01 1.889649689957662027e-02
9.100000000000000000e+01 1.880941334994323810e-02
9.300000000000000000e+01 1.871920224109935305e-02
9.500000000000000000e+01 1.862592926778050550e-02
9.700000000000000000e+01 1.852984015959358022e-02
9.900000000000000000e+01 1.843121614314180423e-02
1.010000000000000000e+02 1.832917961303148768e-02
1.030000000000000000e+02 1.822399448126110766e-02
1.050000000000000000e+02 1.811667578427378356e-02
1.070000000000000000e+02 1.800753629061646599e-02
1.090000000000000000e+02 1.789604036737801884e-02
1.110000000000000000e+02 1.778241048902928778e-02
1.130000000000000000e+02 1.766694307765126482e-02
1.150000000000000000e+02 1.755004326623565980e-02
1.170000000000000000e+02 1.743175506164273969e-02
1.190000000000000000e+02 1.731252919207437735e-02
1.210000000000000000e+02 1.719328720202006888e-02
1.230000000000000000e+02 1.707417729003857243e-02
1.250000000000000000e+02 1.695520899987013053e-02
1.270000000000000000e+02 1.683642381761529805e-02
1.290000000000000000e+02 1.671590986034210413e-02
1.310000000000000000e+02 1.659462364919317423e-02
1.330000000000000000e+02 1.647273680174210497e-02
1.350000000000000000e+02 1.635150743644431248e-02
1.370000000000000000e+02 1.623101713608887664e-02
1.390000000000000000e+02 1.611119457338694438e-02
1.410000000000000000e+02 1.599222138411460215e-02
1.430000000000000000e+02 1.587417986070904785e-02
1.450000000000000000e+02 1.575748314445390985e-02
1.470000000000000000e+02 1.564218125631622325e-02
1.490000000000000000e+02 1.552829776158570763e-02
