0.000000000000000000e+00 3.591071218317205194e+01 3.517324346654856271e+01 nan nan nan
1.000000000000000000e+00 3.591071218317205194e+01 3.517460710291233283e+01 nan nan nan
2.000000000000000000e+00 3.591071218317205194e+01 3.517597073927611717e+01 nan nan nan
3.000000000000000000e+00 3.591071218317205194e+01 3.517733437563990861e+01 nan nan nan
4.000000000000000000e+00 3.591071218317205904e+01 3.517869801200368585e+01 nan nan nan
5.000000000000000000e+00 3.591071218317204483e+01 3.518006164836746308e+01 nan nan nan
6.000000000000000000e+00 3.591071218317205194e+01 3.518142528473123321e+01 nan nan nan
7.000000000000000000e+00 3.591071218317205194e+01 3.518278892109501754e+01 nan nan nan
8.000000000000000000e+00 3.591071218317204483e+01 3.518415255745880188e+01 nan nan nan
9.000000000000000000e+00 3.591071218317205194e+01 3.518551619382259332e+01 nan nan nan
1.000000000000000000e+01 3.591071218317205194e+01 3.518687983018637766e+01 nan nan nan
1.100000000000000000e+01 3.591071218317205194e+01 3.518824346655015489e+01 nan nan nan
1.200000000000000000e+01 3.591071218317205194e+01 3.518960710291393212e+01 nan nan nan
1.300000000000000000e+01 3.591071218317204483e+01 3.519097073927770225e+01 nan nan nan
1.400000000000000000e+01 3.591071218317204483e+01 3.519233437564148659e+01 nan nan nan
1.500000000000000000e+01 3.591071218317205194e+01 3.519369801200527803e+01 nan nan nan
1.600000000000000000e+01 3.591071218317205194e+01 3.519506164836906237e+01 nan nan nan
1.700000000000000000e+01 3.591071218317204483e+01 3.519642528473283960e+01 nan nan nan
1.800000000000000000e+01 3.591071218317204483e+01 3.519778892109660973e+01 nan nan nan
1.900000000000000000e+01 3.591071218317205904e+01 3.519915255746038696e+01 nan nan nan
2.000000000000000000e+01 3.591071218317205904e+01 3.520051619382417840e+01 nan 1.000000000000000000e+00 nan
2.100000000000000000e+01 3.591071218317205194e+01 3.520187983018796274e+01 nan 1.000000000000000000e+00 nan
2.200000000000000000e+01 3.591071218317204483e+01 3.520324346655174708e+01 nan 1.000000000000000000e+00 nan
2.300000000000000000e+01 3.591071218317204483e+01 3.520460710291552431e+01 nan 1.000000000000000000e+00 nan
2.400000000000000000e+01 3.591071218317205904e+01 3.520597073927930865e+01 nan 1.000000000000000000e+00 nan
2.500000000000000000e+01 3.591071218317205194e+01 3.520733437564307877e+01 nan 1.000000000000000000e+00 nan
2.600000000000000000e+01 3.591071218317204483e+01 3.520869801200687021e+01 nan 1.000000000000000000e+00 nan
2.700000000000000000e+01 3.591071218317204483e+01 3.521006164837064034e+01 nan 1.000000000000000000e+00 nan
2.800000000000000000e+01 3.591071218317205904e+01 3.521142528473442468e+01 nan 1.000000000000000000e+00 nan
2.900000000000000000e+01 3.591071218317204483e+01 3.521278892109820191e+01 nan 1.000000000000000000e+00 nan
3.000000000000000000e+01 3.591071218317205194e+01 3.521415255746199335e+01 nan 1.000000000000000000e+00 nan
3.100000000000000000e+01 3.591071218317205194e+01 3.521551619382577059e+01 nan 1.000000000000000000e+00 nan
3.200000000000000000e+01 3.591071218317204483e+01 3.521687983018954782e+01 nan 1.000000000000000000e+00 nan
3.300000000000000000e+01 3.591071218317205904e+01 3.521824346655333215e+01 nan 1.000000000000000000e+00 nan
3.400000000000000000e+01 3.591071218317205194e+01 3.521960710291711649e+01 nan 1.000000000000000000e+00 nan
3.500000000000000000e+01 3.591071218317205194e+01 3.522097073928089372e+01 nan 1.000000000000000000e+00 nan
3.600000000000000000e+01 3.591071218317205904e+01 3.522233437564467096e+01 nan 1.000000000000000000e+00 nan
3.700000000000000000e+01 3.591071218317205194e+01 3.522369801200845529e+01 nan 1.000000000000000000e+00 nan
3.800000000000000000e+01 3.591071218317205194e+01 3.522506164837223253e+01 nan 1.000000000000000000e+00 nan
3.900000000000000000e+01 3.591071218317205194e+01 3.522642528473601686e+01 nan 1.000000000000000000e+00 nan
4.000000000000000000e+01 3.591071218317204483e+01 3.522778892109978699e+01 nan 1.000000000000000000e+00 nan
4.100000000000000000e+01 3.591207581953568706e+01 3.517324346654855560e+01 nan nan nan
4.200000000000000000e+01 3.591207581953568706e+01 3.517460710291232573e+01 nan nan nan
4.300000000000000000e+01 3.591207581953568706e+01 3.517597073927611717e+01 nan nan nan
4.400000000000000000e+01 3.591207581953568706e+01 3.517733437563990861e+01 nan nan nan
4.500000000000000000e+01 3.591207581953569417e+01 3.517869801200368585e+01 nan nan nan
4.600000000000000000e+01 3.591207581953568706e+01 3.518006164836746308e+01 nan nan nan
4.700000000000000000e+01 3.591207581953568706e+01 3.518142528473123321e+01 nan nan nan
4.800000000000000000e+01 3.591207581953568706e+01 3.518278892109501754e+01 nan nan nan
4.900000000000000000e+01 3.591207581953568706e+01 3.518415255745880188e+01 nan nan nan
5.000000000000000000e+01 3.591207581953568706e+01 3.518551619382259332e+01 nan nan nan
5.100000000000000000e+01 3.591207581953568706e+01 3.518687983018637766e+01 nan nan nan
5.200000000000000000e+01 3.591207581953568706e+01 3.518824346655014779e+01 nan nan nan
5.300000000000000000e+01 3.591207581953568706e+01 3.518960710291393212e+01 nan nan nan
5.400000000000000000e+01 3.591207581953568706e+01 3.519097073927770936e+01 1.000000000000000000e+00 nan nan
5.500000000000000000e+01 3.591207581953568706e+01 3.519233437564147948e+01 nan nan nan
5.600000000000000000e+01 3.591207581953568706e+01 3.519369801200527803e+01 nan 1.000000000000000000e+00 nan
5.700000000000000000e+01 3.591207581953568706e+01 3.519506164836904816e+01 nan 1.000000000000000000e+00 nan
5.800000000000000000e+01 3.591207581953568706e+01 3.519642528473283960e+01 nan 1.000000000000000000e+00 nan
5.900000000000000000e+01 3.591207581953567995e+01 3.519778892109660973e+01 nan 1.000000000000000000e+00 nan
6.000000000000000000e+01 3.591207581953568706e+01 3.519915255746039406e+01 nan 1.000000000000000000e+00 nan
6.100000000000000000e+01 3.591207581953569417e+01 3.520051619382417840e+01 nan 1.000000000000000000e+00 nan
6.200000000000000000e+01 3.591207581953568706e+01 3.520187983018796274e+01 nan 1.000000000000000000e+00 nan
6.300000000000000000e+01 3.591207581953568706e+01 3.520324346655174708e+01 nan 1.000000000000000000e+00 nan
6.400000000000000000e+01 3.591207581953568706e+01 3.520460710291552431e+01 nan 1.000000000000000000e+00 nan
6.500000000000000000e+01 3.591207581953568706e+01 3.520597073927930154e+01 nan 1.000000000000000000e+00 nan
6.600000000000000000e+01 3.591207581953568706e+01 3.520733437564307877e+01 nan 1.000000000000000000e+00 nan
6.700000000000000000e+01 3.591207581953568706e+01 3.520869801200687021e+01 nan 1.000000000000000000e+00 nan
6.800000000000000000e+01 3.591207581953568706e+01 3.521006164837063324e+01 nan 1.000000000000000000e+00 nan
6.900000000000000000e+01 3.591207581953568706e+01 3.521142528473443178e+01 nan 1.000000000000000000e+00 nan
7.000000000000000000e+01 3.591207581953568706e+01 3.521278892109820902e+01 nan 1.000000000000000000e+00 nan
7.100000000000000000e+01 3.591207581953568706e+01 3.521415255746198625e+01 nan 1.000000000000000000e+00 nan
7.200000000000000000e+01 3.591207581953568706e+01 3.521551619382577059e+01 nan 1.000000000000000000e+00 nan
7.300000000000000000e+01 3.591207581953568706e+01 3.521687983018955492e+01 nan 1.000000000000000000e+00 nan
7.400000000000000000e+01 3.591207581953568706e+01 3.521824346655333215e+01 nan 1.000000000000000000e+00 nan
7.500000000000000000e+01 3.591207581953568706e+01 3.521960710291711649e+01 nan 1.000000000000000000e+00 nan
7.600000000000000000e+01 3.591207581953568706e+01 3.522097073928089372e+01 nan 1.000000000000000000e+00 nan
7.700000000000000000e+01 3.591207581953569417e+01 3.522233437564467096e+01 nan 1.000000000000000000e+00 nan
7.800000000000000000e+01 3.591207581953568706e+01 3.522369801200845529e+01 nan 1.000000000000000000e+00 nan
7.900000000000000000e+01 3.591207581953569417e+01 3.522506164837223963e+01 nan 1.000000000000000000e+00 nan
8.000000000000000000e+01 3.591207581953568706e+01 3.522642528473601686e+01 nan 1.000000000000000000e+00 nan
8.100000000000000000e+01 3.591207581953568706e+01 3.522778892109978699e+01 nan 1.000000000000000000e+00 nan
8.200000000000000000e+01 3.591343945589932218e+01 3.517324346654855560e+01 nan nan nan
8.300000000000000000e+01 3.591343945589932929e+01 3.517460710291232573e+01 nan nan nan
8.400000000000000000e+01 3.591343945589932218e+01 3.517597073927611717e+01 nan nan nan
8.500000000000000000e+01 3.591343945589932218e+01 3.517733437563990861e+01 nan nan nan
8.600000000000000000e+01 3.591343945589931508e+01 3.517869801200368585e+01 nan nan nan
8.700000000000000000e+01 3.591343945589932929e+01 3.518006164836746308e+01 nan nan nan
8.800000000000000000e+01 3.591343945589932218e+01 3.518142528473123321e+01 nan nan nan
8.900000000000000000e+01 3.591343945589932929e+01 3.518278892109501754e+01 nan nan nan
9.000000000000000000e+01 3.591343945589932929e+01 3.518415255745880188e+01 1.000000000000000000e+00 nan nan
9.100000000000000000e+01 3.591343945589932218e+01 3.518551619382259332e+01 nan nan nan
9.200000000000000000e+01 3.591343945589932929e+01 3.518687983018637766e+01 1.000000000000000000e+00 nan nan
9.300000000000000000e+01 3.591343945589932218e+01 3.518824346655014779e+01 1.000000000000000000e+00 nan nan
9.400000000000000000e+01 3.591343945589932218e+01 3.518960710291393212e+01 nan 1.000000000000000000e+00 nan
9.500000000000000000e+01 3.591343945589932929e+01 3.519097073927770936e+01 nan 1.000000000000000000e+00 nan
9.600000000000000000e+01 3.591343945589932218e+01 3.519233437564147948e+01 nan 1.000000000000000000e+00 nan
9.700000000000000000e+01 3.591343945589932929e+01 3.519369801200527803e+01 nan 1.000000000000000000e+00 nan
9.800000000000000000e+01 3.591343945589932218e+01 3.519506164836904816e+01 nan 1.000000000000000000e+00 nan
9.900000000000000000e+01 3.591343945589932929e+01 3.519642528473283960e+01 1.000000000000000000e+00 1.000000000000000000e+00 1.000000000000000000e+00
1.000000000000000000e+02 3.591343945589932218e+01 3.519778892109660973e+01 nan 1.000000000000000000e+00 nan
1.010000000000000000e+02 3.591343945589932218e+01 3.519915255746039406e+01 nan 1.000000000000000000e+00 nan
1.020000000000000000e+02 3.591343945589932929e+01 3.520051619382417840e+01 nan 1.000000000000000000e+00 nan
1.030000000000000000e+02 3.591343945589932929e+01 3.520187983018796274e+01 nan 1.000000000000000000e+00 nan
1.040000000000000000e+02 3.591343945589932218e+01 3.520324346655174708e+01 nan 1.000000000000000000e+00 nan
1.050000000000000000e+02 3.591343945589932929e+01 3.520460710291552431e+01 nan 1.000000000000000000e+00 nan
1.060000000000000000e+02 3.591343945589932218e+01 3.520597073927930154e+01 nan 1.000000000000000000e+00 nan
1.070000000000000000e+02 3.591343945589932218e+01 3.520733437564307877e+01 nan 1.000000000000000000e+00 nan
1.080000000000000000e+02 3.591343945589932218e+01 3.520869801200687021e+01 1.000000000000000000e+00 1.000000000000000000e+00 1.000000000000000000e+00
1.090000000000000000e+02 3.591343945589932218e+01 3.521006164837063324e+01 1.000000000000000000e+00 1.000000000000000000e+00 1.000000000000000000e+00
1.100000000000000000e+02 3.591343945589932929e+01 3.521142528473443178e+01 nan 1.000000000000000000e+00 nan
1.110000000000000000e+02 3.591343945589932218e+01 3.521278892109820902e+01 nan 1.000000000000000000e+00 nan
1.120000000000000000e+02 3.591343945589932929e+01 3.521415255746198625e+01 nan 1.000000000000000000e+00 nan
1.130000000000000000e+02 3.591343945589932218e+01 3.521551619382577059e+01 nan 1.000000000000000000e+00 nan
1.140000000000000000e+02 3.591343945589932929e+01 3.521687983018955492e+01 nan 1.000000000000000000e+00 nan
1.150000000000000000e+02 3.591343945589932929e+01 3.521824346655333215e+01 nan 1.000000000000000000e+00 nan
1.160000000000000000e+02 3.591343945589932929e+01 3.521960710291711649e+01 nan 1.000000000000000000e+00 nan
1.170000000000000000e+02 3.591343945589932218e+01 3.522097073928089372e+01 nan 1.000000000000000000e+00 nan
1.180000000000000000e+02 3.591343945589932218e+01 3.522233437564467096e+01 nan 1.000000000000000000e+00 nan
1.190000000000000000e+02 3.591343945589932218e+01 3.522369801200845529e+01 nan 1.000000000000000000e+00 nan
1.200000000000000000e+02 3.591343945589932929e+01 3.522506164837223963e+01 nan 1.000000000000000000e+00 nan
1.210000000000000000e+02 3.591343945589932218e+01 3.522642528473601686e+01 nan 1.000000000000000000e+00 nan
1.220000000000000000e+02 3.591343945589932218e+01 3.522778892109978699e+01 nan 1.000000000000000000e+00 nan
1.230000000000000000e+02 3.591480309226296441e+01 3.517324346654856271e+01 nan nan nan
1.240000000000000000e+02 3.591480309226296441e+01 3.517460710291233283e+01 nan nan nan
1.250000000000000000e+02 3.591480309226297152e+01 3.517597073927611717e+01 nan nan nan
1.260000000000000000e+02 3.591480309226296441e+01 3.517733437563990861e+01 nan nan nan
1.270000000000000000e+02 3.591480309226296441e+01 3.517869801200368585e+01 1.000000000000000000e+00 nan nan
1.280000000000000000e+02 3.591480309226296441e+01 3.518006164836746308e+01 nan nan nan
1.290000000000000000e+02 3.591480309226295731e+01 3.518142528473123321e+01 1.000000000000000000e+00 nan nan
1.300000000000000000e+02 3.591480309226295731e+01 3.518278892109501754e+01 1.000000000000000000e+00 nan nan
1.310000000000000000e+02 3.591480309226296441e+01 3.518415255745880188e+01 1.000000000000000000e+00 nan nan
1.320000000000000000e+02 3.591480309226297152e+01 3.518551619382259332e+01 1.000000000000000000e+00 1.000000000000000000e+00 1.000000000000000000e+00
1.330000000000000000e+02 3.591480309226297152e+01 3.518687983018637766e+01 1.000000000000000000e+00 1.000000000000000000e+00 1.000000000000000000e+00
1.340000000000000000e+02 3.591480309226297152e+01 3.518824346655015489e+01 1.000000000000000000e+00 1.000000000000000000e+00 1.000000000000000000e+00
1.350000000000000000e+02 3.591480309226297152e+01 3.518960710291393212e+01 1.000000000000000000e+00 1.000000000000000000e+00 1.000000000000000000e+00
1.360000000000000000e+02 3.591480309226295731e+01 3.519097073927770225e+01 1.000000000000000000e+00 1.000000000000000000e+00 1.000000000000000000e+00
1.370000000000000000e+02 3.591480309226295731e+01 3.519233437564148659e+01 nan 1.000000000000000000e+00 nan
1.380000000000000000e+02 3.591480309226296441e+01 3.519369801200527803e+01 1.000000000000000000e+00 1.000000000000000000e+00 1.000000000000000000e+00
1.390000000000000000e+02 3.591480309226296441e+01 3.519506164836906237e+01 1.000000000000000000e+00 1.000000000000000000e+00 1.000000000000000000e+00
1.400000000000000000e+02 3.591480309226297152e+01 3.519642528473283960e+01 nan 1.000000000000000000e+00 nan
1.410000000000000000e+02 3.591480309226295731e+01 3.519778892109660973e+01 1.000000000000000000e+00 1.000000000000000000e+00 1.000000000000000000e+00
1.420000000000000000e+02 3.591480309226295731e+01 3.519915255746038696e+01 1.000000000000000000e+00 1.000000000000000000e+00 1.000000000000000000e+00
1.430000000000000000e+02 3.591480309226297152e+01 3.520051619382417840e+01 1.000000000000000000e+00 1.000000000000000000e+00 1.000000000000000000e+00
1.440000000000000000e+02 3.591480309226296441e+01 3.520187983018796274e+01 nan 1.000000000000000000e+00 nan
1.450000000000000000e+02 3.591480309226297152e+01 3.520324346655174708e+01 nan 1.000000000000000000e+00 nan
1.460000000000000000e+02 3.591480309226295731e+01 3.520460710291552431e+01 nan 1.000000000000000000e+00 nan
1.470000000000000000e+02 3.591480309226296441e+01 3.520597073927930865e+01 nan 1.000000000000000000e+00 nan
1.480000000000000000e+02 3.591480309226297152e+01 3.520733437564307877e+01 nan 1.000000000000000000e+00 nan
1.490000000000000000e+02 3.591480309226296441e+01 3.520869801200687021e+01 nan 1.000000000000000000e+00 nan
1.500000000000000000e+02 3.591480309226297152e+01 3.521006164837064034e+01 nan 1.000000000000000000e+00 nan
1.510000000000000000e+02 3.591480309226296441e+01 3.521142528473442468e+01 nan 1.000000000000000000e+00 nan
1.520000000000000000e+02 3.591480309226297152e+01 3.521278892109820191e+01 nan 1.000000000000000000e+00 nan
1.530000000000000000e+02 3.591480309226296441e+01 3.521415255746199335e+01 1.000000000000000000e+00 1.000000000000000000e+00 1.000000000000000000e+00
1.540000000000000000e+02 3.591480309226295731e+01 3.521551619382577059e+01 nan 1.000000000000000000e+00 nan
1.550000000000000000e+02 3.591480309226296441e+01 3.521687983018954782e+01 nan 1.000000000000000000e+00 nan
1.560000000000000000e+02 3.591480309226296441e+01 3.521824346655333215e+01 1.000000000000000000e+00 1.000000000000000000e+00 1.000000000000000000e+00
1.570000000000000000e+02 3.591480309226296441e+01 3.521960710291711649e+01 nan 1.000000000000000000e+00 nan
1.580000000000000000e+02 3.591480309226297152e+01 3.522097073928089372e+01 nan 1.000000000000000000e+00 nan
1.590000000000000000e+02 3.591480309226295731e+01 3.522233437564467096e+01 nan 1.000000000000000000e+00 nan
1.600000000000000000e+02 3.591480309226295731e+01 3.522369801200845529e+01 nan 1.000000000000000000e+00 nan
1.610000000000000000e+02 3.591480309226295731e+01 3.522506164837223253e+01 nan 1.000000000000000000e+00 nan
1.620000000000000000e+02 3.591480309226296441e+01 3.522642528473601686e+01 nan 1.000000000000000000e+00 nan
1.630000000000000000e+02 3.591480309226296441e+01 3.522778892109978699e+01 nan 1.000000000000000000e+00 nan
1.640000000000000000e+02 3.591616672862659954e+01 3.517324346654855560e+01 1.000000000000000000e+00 nan nan
1.650000000000000000e+02 3.591616672862659954e+01 3.517460710291232573e+01 1.000000000000000000e+00 nan nan
1.660000000000000000e+02 3.591616672862659954e+01 3.517597073927611717e+01 1.000000000000000000e+00 nan nan
1.670000000000000000e+02 3.591616672862659954e+01 3.517733437563990861e+01 1.000000000000000000e+00 nan nan
1.680000000000000000e+02 3.591616672862659954e+01 3.517869801200368585e+01 nan nan nan
1.690000000000000000e+02 3.591616672862659954e+01 3.518006164836746308e+01 1.000000000000000000e+00 1.000000000000000000e+00 1.000000000000000000e+00
1.700000000000000000e+02 3.591616672862659954e+01 3.518142528473123321e+01 1.000000000000000000e+00 1.000000000000000000e+00 1.000000000000000000e+00
1.710000000000000000e+02 3.591616672862659954e+01 3.518278892109501754e+01 1.000000000000000000e+00 1.000000000000000000e+00 1.000000000000000000e+00
1.720000000000000000e+02 3.591616672862659954e+01 3.518415255745880188e+01 1.000000000000000000e+00 1.000000000000000000e+00 1.000000000000000000e+00
1.730000000000000000e+02 3.591616672862659954e+01 3.518551619382259332e+01 1.000000000000000000e+00 1.000000000000000000e+00 1.000000000000000000e+00
1.740000000000000000e+02 3.591616672862659954e+01 3.518687983018637766e+01 1.000000000000000000e+00 1.000000000000000000e+00 1.000000000000000000e+00
1.750000000000000000e+02 3.591616672862659954e+01 3.518824346655014779e+01 1.000000000000000000e+00 1.000000000000000000e+00 1.000000000000000000e+00
1.760000000000000000e+02 3.591616672862659954e+01 3.518960710291393212e+01 1.000000000000000000e+00 1.000000000000000000e+00 1.000000000000000000e+00
1.770000000000000000e+02 3.591616672862659954e+01 3.519097073927770936e+01 1.000000000000000000e+00 1.000000000000000000e+00 1.000000000000000000e+00
1.780000000000000000e+02 3.591616672862659954e+01 3.519233437564147948e+01 1.000000000000000000e+00 1.000000000000000000e+00 1.000000000000000000e+00
1.790000000000000000e+02 3.591616672862659954e+01 3.519369801200527803e+01 nan 1.000000000000000000e+00 nan
1.800000000000000000e+02 3.591616672862659954e+01 3.519506164836904816e+01 nan 1.000000000000000000e+00 nan
1.810000000000000000e+02 3.591616672862659954e+01 3.519642528473283960e+01 nan 1.000000000000000000e+00 nan
1.820000000000000000e+02 3.591616672862659954e+01 3.519778892109660973e+01 1.000000000000000000e+00 1.000000000000000000e+00 1.000000000000000000e+00
1.830000000000000000e+02 3.591616672862659954e+01 3.519915255746039406e+01 1.000000000000000000e+00 1.000000000000000000e+00 1.000000000000000000e+00
1.840000000000000000e+02 3.591616672862659954e+01 3.520051619382417840e+01 nan 1.000000000000000000e+00 nan
1.850000000000000000e+02 3.591616672862659954e+01 3.520187983018796274e+01 nan 1.000000000000000000e+00 nan
1.860000000000000000e+02 3.591616672862659954e+01 3.520324346655174708e+01 nan 1.000000000000000000e+00 nan
1.870000000000000000e+02 3.591616672862659954e+01 3.520460710291552431e+01 1.000000000000000000e+00 1.000000000000000000e+00 1.000000000000000000e+00
1.880000000000000000e+02 3.591616672862659954e+01 3.520597073927930154e+01 nan 1.000000000000000000e+00 nan
1.890000000000000000e+02 3.591616672862659954e+01 3.520733437564307877e+01 1.000000000000000000e+00 1.000000000000000000e+00 1.000000000000000000e+00
1.900000000000000000e+02 3.591616672862659954e+01 3.520869801200687021e+01 nan 1.000000000000000000e+00 nan
1.910000000000000000e+02 3.591616672862659954e+01 3.521006164837063324e+01 nan 1.000000000000000000e+00 nan
1.920000000000000000e+02 3.591616672862660664e+01 3.521142528473443178e+01 nan 1.000000000000000000e+00 nan
1.930000000000000000e+02 3.591616672862659954e+01 3.521278892109820902e+01 1.000000000000000000e+00 1.000000000000000000e+00 1.000000000000000000e+00
1.940000000000000000e+02 3.591616672862659954e+01 3.521415255746198625e+01 nan 1.000000000000000000e+00 nan
1.950000000000000000e+02 3.591616672862659954e+01 3.521551619382577059e+01 nan 1.000000000000000000e+00 nan
1.960000000000000000e+02 3.591616672862659954e+01 3.521687983018955492e+01 nan 1.000000000000000000e+00 nan
1.970000000000000000e+02 3.591616672862659954e+01 3.521824346655333215e+01 nan 1.000000000000000000e+00 nan
1.980000000000000000e+02 3.591616672862659954e+01 3.521960710291711649e+01 nan 1.000000000000000000e+00 nan
1.990000000000000000e+02 3.591616672862659954e+01 3.522097073928089372e+01 nan 1.000000000000000000e+00 nan
2.000000000000000000e+02 3.591616672862659954e+01 3.522233437564467096e+01 nan 1.000000000000000000e+00 nan
2.010000000000000000e+02 3.591616672862659954e+01 3.522369801200845529e+01 nan 1.000000000000000000e+00 nan
2.020000000000000000e+02 3.591616672862659954e+01 3.522506164837223963e+01 nan 1.000000000000000000e+00 nan
2.030000000000000000e+02 3.591616672862659954e+01 3.522642528473601686e+01 nan 1.000000000000000000e+00 nan
2.040000000000000000e+02 3.591616672862659954e+01 3.522778892109978699e+01 nan 1.000000000000000000e+00 nan
2.050000000000000000e+02 3.591753036499023466e+01 3.517324346654856271e+01 1.000000000000000000e+00 nan nan
2.060000000000000000e+02 3.591753036499023466e+01 3.517460710291233283e+01 1.000000000000000000e+00 nan nan
2.070000000000000000e+02 3.591753036499023466e+01 3.517597073927611717e+01 1.000000000000000000e+00 nan nan
2.080000000000000000e+02 3.591753036499023466e+01 3.517733437563990861e+01 1.000000000000000000e+00 1.000000000000000000e+00 1.000000000000000000e+00
2.090000000000000000e+02 3.591753036499023466e+01 3.517869801200368585e+01 1.000000000000000000e+00 1.000000000000000000e+00 1.000000000000000000e+00
2.100000000000000000e+02 3.591753036499022755e+01 3.518006164836746308e+01 1.000000000000000000e+00 1.000000000000000000e+00 1.000000000000000000e+00
2.110000000000000000e+02 3.591753036499022755e+01 3.518142528473123321e+01 1.000000000000000000e+00 1.000000000000000000e+00 1.000000000000000000e+00
2.120000000000000000e+02 3.591753036499023466e+01 3.518278892109501754e+01 1.000000000000000000e+00 1.000000000000000000e+00 1.000000000000000000e+00
2.130000000000000000e+02 3.591753036499024176e+01 3.518415255745880188e+01 1.000000000000000000e+00 1.000000000000000000e+00 1.000000000000000000e+00
2.140000000000000000e+02 3.591753036499024176e+01 3.518551619382259332e+01 1.000000000000000000e+00 1.000000000000000000e+00 1.000000000000000000e+00
2.150000000000000000e+02 3.591753036499024176e+01 3.518687983018637766e+01 1.000000000000000000e+00 1.000000000000000000e+00 1.000000000000000000e+00
2.160000000000000000e+02 3.591753036499022755e+01 3.518824346655015489e+01 1.000000000000000000e+00 1.000000000000000000e+00 1.000000000000000000e+00
2.170000000000000000e+02 3.591753036499023466e+01 3.518960710291393212e+01 1.000000000000000000e+00 1.000000000000000000e+00 1.000000000000000000e+00
2.180000000000000000e+02 3.591753036499023466e+01 3.519097073927770225e+01 1.000000000000000000e+00 1.000000000000000000e+00 1.000000000000000000e+00
2.190000000000000000e+02 3.591753036499023466e+01 3.519233437564148659e+01 1.000000000000000000e+00 1.000000000000000000e+00 1.000000000000000000e+00
2.200000000000000000e+02 3.591753036499023466e+01 3.519369801200527803e+01 1.000000000000000000e+00 1.000000000000000000e+00 1.000000000000000000e+00
2.210000000000000000e+02 3.591753036499023466e+01 3.519506164836906237e+01 1.000000000000000000e+00 1.000000000000000000e+00 1.000000000000000000e+00
2.220000000000000000e+02 3.591753036499023466e+01 3.519642528473283960e+01 1.000000000000000000e+00 1.000000000000000000e+00 1.000000000000000000e+00
2.230000000000000000e+02 3.591753036499023466e+01 3.519778892109660973e+01 1.000000000000000000e+00 1.000000000000000000e+00 1.000000000000000000e+00
2.240000000000000000e+02 3.591753036499023466e+01 3.519915255746038696e+01 1.000000000000000000e+00 1.000000000000000000e+00 1.000000000000000000e+00
2.250000000000000000e+02 3.591753036499023466e+01 3.520051619382417840e+01 1.000000000000000000e+00 1.000000000000000000e+00 1.000000000000000000e+00
2.260000000000000000e+02 3.591753036499024176e+01 3.520187983018796274e+01 1.000000000000000000e+00 1.000000000000000000e+00 1.000000000000000000e+00
2.270000000000000000e+02 3.591753036499022755e+01 3.520324346655174708e+01 1.000000000000000000e+00 1.000000000000000000e+00 1.000000000000000000e+00
2.280000000000000000e+02 3.591753036499023466e+01 3.520460710291552431e+01 nan 1.000000000000000000e+00 nan
2.290000000000000000e+02 3.591753036499023466e+01 3.520597073927930865e+01 1.000000000000000000e+00 1.000000000000000000e+00 1.000000000000000000e+00
2.300000000000000000e+02 3.591753036499023466e+01 3.520733437564307877e+01 1.000000000000000000e+00 1.000000000000000000e+00 1.000000000000000000e+00
2.310000000000000000e+02 3.591753036499023466e+01 3.520869801200687021e+01 nan 1.000000000000000000e+00 nan
2.320000000000000000e+02 3.591753036499023466e+01 3.521006164837064034e+01 1.000000000000000000e+00 1.000000000000000000e+00 1.000000000000000000e+00
2.330000000000000000e+02 3.591753036499023466e+01 3.521142528473442468e+01 1.000000000000000000e+00 1.000000000000000000e+00 1.000000000000000000e+00
2.340000000000000000e+02 3.591753036499023466e+01 3.521278892109820191e+01 1.000000000000000000e+00 1.000000000000000000e+00 1.000000000000000000e+00
2.350000000000000000e+02 3.591753036499022755e+01 3.521415255746199335e+01 nan 1.000000000000000000e+00 nan
2.360000000000000000e+02 3.591753036499022755e+01 3.521551619382577059e+01 nan 1.000000000000000000e+00 nan
2.370000000000000000e+02 3.591753036499023466e+01 3.521687983018954782e+01 nan 1.000000000000000000e+00 nan
2.380000000000000000e+02 3.591753036499023466e+01 3.521824346655333215e+01 1.000000000000000000e+00 1.000000000000000000e+00 1.000000000000000000e+00
2.390000000000000000e+02 3.591753036499023466e+01 3.521960710291711649e+01 nan 1.000000000000000000e+00 nan
2.400000000000000000e+02 3.591753036499023466e+01 3.522097073928089372e+01 nan 1.000000000000000000e+00 nan
2.410000000000000000e+02 3.591753036499023466e+01 3.522233437564467096e+01 nan 1.000000000000000000e+00 nan
2.420000000000000000e+02 3.591753036499023466e+01 3.522369801200845529e+01 nan 1.000000000000000000e+00 nan
2.430000000000000000e+02 3.591753036499023466e+01 3.522506164837223253e+01 nan 1.000000000000000000e+00 nan
2.440000000000000000e+02 3.591753036499023466e+01 3.522642528473601686e+01 nan 1.000000000000000000e+00 nan
2.450000000000000000e+02 3.591753036499023466e+01 3.522778892109978699e+01 nan 1.000000000000000000e+00 nan
2.460000000000000000e+02 3.591889400135386268e+01 3.517324346654856271e+01 1.000000000000000000e+00 nan nan
2.470000000000000000e+02 3.591889400135386978e+01 3.517460710291233283e+01 nan 1.000000000000000000e+00 nan
2.480000000000000000e+02 3.591889400135386268e+01 3.517597073927611717e+01 1.000000000000000000e+00 1.000000000000000000e+00 1.000000000000000000e+00
2.490000000000000000e+02 3.591889400135386268e+01 3.517733437563990861e+01 1.000000000000000000e+00 1.000000000000000000e+00 1.000000000000000000e+00
2.500000000000000000e+02 3.591889400135386268e+01 3.517869801200368585e+01 1.000000000000000000e+00 1.000000000000000000e+00 1.000000000000000000e+00
2.510000000000000000e+02 3.591889400135386268e+01 3.518006164836746308e+01 1.000000000000000000e+00 1.000000000000000000e+00 1.000000000000000000e+00
2.520000000000000000e+02 3.591889400135386268e+01 3.518142528473123321e+01 1.000000000000000000e+00 1.000000000000000000e+00 1.000000000000000000e+00
2.530000000000000000e+02 3.591889400135386978e+01 3.518278892109501754e+01 1.000000000000000000e+00 1.000000000000000000e+00 1.000000000000000000e+00
2.540000000000000000e+02 3.591889400135386268e+01 3.518415255745880188e+01 1.000000000000000000e+00 1.000000000000000000e+00 1.000000000000000000e+00
2.550000000000000000e+02 3.591889400135386268e+01 3.518551619382259332e+01 1.000000000000000000e+00 1.000000000000000000e+00 1.000000000000000000e+00
2.560000000000000000e+02 3.591889400135386268e+01 3.518687983018637766e+01 1.000000000000000000e+00 1.000000000000000000e+00 1.000000000000000000e+00
2.570000000000000000e+02 3.591889400135386978e+01 3.518824346655015489e+01 1.000000000000000000e+00 1.000000000000000000e+00 1.000000000000000000e+00
2.580000000000000000e+02 3.591889400135386978e+01 3.518960710291393212e+01 1.000000000000000000e+00 1.000000000000000000e+00 1.000000000000000000e+00
2.590000000000000000e+02 3.591889400135386978e+01 3.519097073927770225e+01 1.000000000000000000e+00 1.000000000000000000e+00 1.000000000000000000e+00
2.600000000000000000e+02 3.591889400135386268e+01 3.519233437564148659e+01 1.000000000000000000e+00 1.000000000000000000e+00 1.000000000000000000e+00
2.610000000000000000e+02 3.591889400135386268e+01 3.519369801200527803e+01 1.000000000000000000e+00 1.000000000000000000e+00 1.000000000000000000e+00
2.620000000000000000e+02 3.591889400135386268e+01 3.519506164836906237e+01 1.000000000000000000e+00 1.000000000000000000e+00 1.000000000000000000e+00
2.630000000000000000e+02 3.591889400135386978e+01 3.519642528473283960e+01 nan 1.000000000000000000e+00 nan
2.640000000000000000e+02 3.591889400135386268e+01 3.519778892109660973e+01 1.000000000000000000e+00 1.000000000000000000e+00 1.000000000000000000e+00
2.650000000000000000e+02 3.591889400135386978e+01 3.519915255746038696e+01 1.000000000000000000e+00 1.000000000000000000e+00 1.000000000000000000e+00
2.660000000000000000e+02 3.591889400135386978e+01 3.520051619382417840e+01 1.000000000000000000e+00 1.000000000000000000e+00 1.000000000000000000e+00
2.670000000000000000e+02 3.591889400135386268e+01 3.520187983018796274e+01 nan 1.000000000000000000e+00 nan
2.680000000000000000e+02 3.591889400135386268e+01 3.520324346655174708e+01 nan 1.000000000000000000e+00 nan
2.690000000000000000e+02 3.591889400135386268e+01 3.520460710291552431e+01 1.000000000000000000e+00 1.000000000000000000e+00 1.000000000000000000e+00
2.700000000000000000e+02 3.591889400135386268e+01 3.520597073927930865e+01 1.000000000000000000e+00 1.000000000000000000e+00 1.000000000000000000e+00
2.710000000000000000e+02 3.591889400135386978e+01 3.520733437564307877e+01 1.000000000000000000e+00 1.000000000000000000e+00 1.000000000000000000e+00
2.720000000000000000e+02 3.591889400135386268e+01 3.520869801200687021e+01 1.000000000000000000e+00 1.000000000000000000e+00 1.000000000000000000e+00
2.730000000000000000e+02 3.591889400135386268e+01 3.521006164837064034e+01 nan 1.000000000000000000e+00 nan
2.740000000000000000e+02 3.591889400135386268e+01 3.521142528473442468e+01 nan 1.000000000000000000e+00 nan
2.750000000000000000e+02 3.591889400135386268e+01 3.521278892109820191e+01 nan 1.000000000000000000e+00 nan
2.760000000000000000e+02 3.591889400135386978e+01 3.521415255746199335e+01 nan 1.000000000000000000e+00 nan
2.770000000000000000e+02 3.591889400135386978e+01 3.521551619382577059e+01 nan 1.000000000000000000e+00 nan
2.780000000000000000e+02 3.591889400135386978e+01 3.521687983018954782e+01 nan 1.000000000000000000e+00 nan
2.790000000000000000e+02 3.591889400135386268e+01 3.521824346655333215e+01 nan 1.000000000000000000e+00 nan
2.800000000000000000e+02 3.591889400135386268e+01 3.521960710291711649e+01 1.000000000000000000e+00 1.000000000000000000e+00 1.000000000000000000e+00
2.810000000000000000e+02 3.591889400135386268e+01 3.522097073928089372e+01 nan 1.000000000000000000e+00 nan
2.820000000000000000e+02 3.591889400135386268e+01 3.522233437564467096e+01 nan 1.000000000000000000e+00 nan
2.830000000000000000e+02 3.591889400135386268e+01 3.522369801200845529e+01 nan 1.000000000000000000e+00 nan
2.840000000000000000e+02 3.591889400135386978e+01 3.522506164837223253e+01 nan 1.000000000000000000e+00 nan
2.850000000000000000e+02 3.591889400135386268e+01 3.522642528473601686e+01 nan 1.000000000000000000e+00 nan
2.860000000000000000e+02 3.591889400135386978e+01 3.522778892109978699e+01 nan 1.000000000000000000e+00 nan
2.870000000000000000e+02 3.592025763771749780e+01 3.517324346654855560e+01 nan nan nan
2.880000000000000000e+02 3.592025763771750491e+01 3.517460710291232573e+01 nan 1.000000000000000000e+00 nan
2.890000000000000000e+02 3.592025763771749780e+01 3.517597073927611717e+01 1.000000000000000000e+00 1.000000000000000000e+00 1.000000000000000000e+00
2.900000000000000000e+02 3.592025763771750491e+01 3.517733437563990861e+01 1.000000000000000000e+00 1.000000000000000000e+00 1.000000000000000000e+00
2.910000000000000000e+02 3.592025763771750491e+01 3.517869801200368585e+01 1.000000000000000000e+00 1.000000000000000000e+00 1.000000000000000000e+00
2.920000000000000000e+02 3.592025763771750491e+01 3.518006164836746308e+01 1.000000000000000000e+00 1.000000000000000000e+00 1.000000000000000000e+00
2.930000000000000000e+02 3.592025763771749780e+01 3.518142528473123321e+01 1.000000000000000000e+00 1.000000000000000000e+00 1.000000000000000000e+00
2.940000000000000000e+02 3.592025763771750491e+01 3.518278892109501754e+01 1.000000000000000000e+00 1.000000000000000000e+00 1.000000000000000000e+00
2.950000000000000000e+02 3.592025763771750491e+01 3.518415255745880188e+01 1.000000000000000000e+00 1.000000000000000000e+00 1.000000000000000000e+00
2.960000000000000000e+02 3.592025763771750491e+01 3.518551619382259332e+01 nan 1.000000000000000000e+00 nan
2.970000000000000000e+02 3.592025763771750491e+01 3.518687983018637766e+01 1.000000000000000000e+00 1.000000000000000000e+00 1.000000000000000000e+00
2.980000000000000000e+02 3.592025763771750491e+01 3.518824346655014779e+01 1.000000000000000000e+00 1.000000000000000000e+00 1.000000000000000000e+00
2.990000000000000000e+02 3.592025763771749780e+01 3.518960710291393212e+01 1.000000000000000000e+00 1.000000000000000000e+00 1.000000000000000000e+00
3.000000000000000000e+02 3.592025763771749780e+01 3.519097073927770936e+01 1.000000000000000000e+00 1.000000000000000000e+00 1.000000000000000000e+00
3.010000000000000000e+02 3.592025763771750491e+01 3.519233437564147948e+01 1.000000000000000000e+00 1.000000000000000000e+00 1.000000000000000000e+00
3.020000000000000000e+02 3.592025763771750491e+01 3.519369801200527803e+01 1.000000000000000000e+00 1.000000000000000000e+00 1.000000000000000000e+00
3.030000000000000000e+02 3.592025763771750491e+01 3.519506164836904816e+01 1.000000000000000000e+00 1.000000000000000000e+00 1.000000000000000000e+00
3.040000000000000000e+02 3.592025763771750491e+01 3.519642528473283960e+01 1.000000000000000000e+00 1.000000000000000000e+00 1.000000000000000000e+00
3.050000000000000000e+02 3.592025763771750491e+01 3.519778892109660973e+01 1.000000000000000000e+00 1.000000000000000000e+00 1.000000000000000000e+00
3.060000000000000000e+02 3.592025763771750491e+01 3.519915255746039406e+01 nan 1.000000000000000000e+00 nan
3.070000000000000000e+02 3.592025763771750491e+01 3.520051619382417840e+01 1.000000000000000000e+00 1.000000000000000000e+00 1.000000000000000000e+00
3.080000000000000000e+02 3.592025763771750491e+01 3.520187983018796274e+01 1.000000000000000000e+00 1.000000000000000000e+00 1.000000000000000000e+00
3.090000000000000000e+02 3.592025763771750491e+01 3.520324346655174708e+01 nan 1.000000000000000000e+00 nan
3.100000000000000000e+02 3.592025763771749780e+01 3.520460710291552431e+01 nan 1.000000000000000000e+00 nan
3.110000000000000000e+02 3.592025763771750491e+01 3.520597073927930154e+01 nan 1.000000000000000000e+00 nan
3.120000000000000000e+02 3.592025763771750491e+01 3.520733437564307877e+01 1.000000000000000000e+00 1.000000000000000000e+00 1.000000000000000000e+00
3.130000000000000000e+02 3.592025763771749780e+01 3.520869801200687021e+01 1.000000000000000000e+00 1.000000000000000000e+00 1.000000000000000000e+00
3.140000000000000000e+02 3.592025763771749780e+01 3.521006164837063324e+01 1.000000000000000000e+00 1.000000000000000000e+00 1.000000000000000000e+00
3.150000000000000000e+02 3.592025763771750491e+01 3.521142528473443178e+01 1.000000000000000000e+00 1.000000000000000000e+00 1.000000000000000000e+00
3.160000000000000000e+02 3.592025763771750491e+01 3.521278892109820902e+01 nan 1.000000000000000000e+00 nan
3.170000000000000000e+02 3.592025763771750491e+01 3.521415255746198625e+01 nan 1.000000000000000000e+00 nan
3.180000000000000000e+02 3.592025763771750491e+01 3.521551619382577059e+01 nan 1.000000000000000000e+00 nan
3.190000000000000000e+02 3.592025763771749780e+01 3.521687983018955492e+01 nan 1.000000000000000000e+00 nan
3.200000000000000000e+02 3.592025763771750491e+01 3.521824346655333215e+01 nan 1.000000000000000000e+00 nan
3.210000000000000000e+02 3.592025763771750491e+01 3.521960710291711649e+01 nan 1.000000000000000000e+00 nan
3.220000000000000000e+02 3.592025763771751201e+01 3.522097073928089372e+01 nan 1.000000000000000000e+00 nan
3.230000000000000000e+02 3.592025763771750491e+01 3.522233437564467096e+01 1.000000000000000000e+00 1.000000000000000000e+00 1.000000000000000000e+00
3.240000000000000000e+02 3.592025763771750491e+01 3.522369801200845529e+01 nan 1.000000000000000000e+00 nan
3.250000000000000000e+02 3.592025763771750491e+01 3.522506164837223963e+01 nan 1.000000000000000000e+00 nan
3.260000000000000000e+02 3.592025763771750491e+01 3.522642528473601686e+01 nan 1.000000000000000000e+00 nan
3.270000000000000000e+02 3.592025763771750491e+01 3.522778892109978699e+01 nan 1.000000000000000000e+00 nan
3.280000000000000000e+02 3.592162127408114713e+01 3.517324346654855560e+01 nan 1.000000000000000000e+00 nan
3.290000000000000000e+02 3.592162127408114003e+01 3.517460710291232573e+01 nan 1.000000000000000000e+00 nan
3.300000000000000000e+02 3.592162127408114713e+01 3.517597073927611717e+01 nan 1.000000000000000000e+00 nan
3.310000000000000000e+02 3.592162127408114713e+01 3.517733437563990861e+01 nan 1.000000000000000000e+00 nan
3.320000000000000000e+02 3.592162127408114713e+01 3.517869801200368585e+01 nan 1.000000000000000000e+00 nan
3.330000000000000000e+02 3.592162127408114713e+01 3.518006164836746308e+01 1.000000000000000000e+00 1.000000000000000000e+00 1.000000000000000000e+00
3.340000000000000000e+02 3.592162127408114003e+01 3.518142528473123321e+01 1.000000000000000000e+00 1.000000000000000000e+00 1.000000000000000000e+00
3.350000000000000000e+02 3.592162127408114713e+01 3.518278892109501754e+01 1.000000000000000000e+00 1.000000000000000000e+00 1.000000000000000000e+00
3.360000000000000000e+02 3.592162127408114713e+01 3.518415255745880188e+01 1.000000000000000000e+00 1.000000000000000000e+00 1.000000000000000000e+00
3.370000000000000000e+02 3.592162127408114003e+01 3.518551619382259332e+01 1.000000000000000000e+00 1.000000000000000000e+00 1.000000000000000000e+00
3.380000000000000000e+02 3.592162127408113292e+01 3.518687983018637766e+01 1.000000000000000000e+00 1.000000000000000000e+00 1.000000000000000000e+00
3.390000000000000000e+02 3.592162127408114003e+01 3.518824346655014779e+01 1.000000000000000000e+00 1.000000000000000000e+00 1.000000000000000000e+00
3.400000000000000000e+02 3.592162127408114003e+01 3.518960710291393212e+01 1.000000000000000000e+00 1.000000000000000000e+00 1.000000000000000000e+00
3.410000000000000000e+02 3.592162127408114713e+01 3.519097073927770936e+01 nan 1.000000000000000000e+00 nan
3.420000000000000000e+02 3.592162127408114003e+01 3.519233437564147948e+01 nan 1.000000000000000000e+00 nan
3.430000000000000000e+02 3.592162127408114713e+01 3.519369801200527803e+01 1.000000000000000000e+00 1.000000000000000000e+00 1.000000000000000000e+00
3.440000000000000000e+02 3.592162127408114713e+01 3.519506164836904816e+01 1.000000000000000000e+00 1.000000000000000000e+00 1.000000000000000000e+00
3.450000000000000000e+02 3.592162127408114003e+01 3.519642528473283960e+01 nan 1.000000000000000000e+00 nan
3.460000000000000000e+02 3.592162127408114713e+01 3.519778892109660973e+01 1.000000000000000000e+00 1.000000000000000000e+00 1.000000000000000000e+00
3.470000000000000000e+02 3.592162127408114003e+01 3.519915255746039406e+01 1.000000000000000000e+00 1.000000000000000000e+00 1.000000000000000000e+00
3.480000000000000000e+02 3.592162127408114003e+01 3.520051619382417840e+01 1.000000000000000000e+00 1.000000000000000000e+00 1.000000000000000000e+00
3.490000000000000000e+02 3.592162127408114003e+01 3.520187983018796274e+01 1.000000000000000000e+00 1.000000000000000000e+00 1.000000000000000000e+00
3.500000000000000000e+02 3.592162127408114713e+01 3.520324346655174708e+01 nan 1.000000000000000000e+00 nan
3.510000000000000000e+02 3.592162127408114713e+01 3.520460710291552431e+01 nan 1.000000000000000000e+00 nan
3.520000000000000000e+02 3.592162127408114713e+01 3.520597073927930154e+01 1.000000000000000000e+00 1.000000000000000000e+00 1.000000000000000000e+00
3.530000000000000000e+02 3.592162127408114713e+01 3.520733437564307877e+01 1.000000000000000000e+00 1.000000000000000000e+00 1.000000000000000000e+00
3.540000000000000000e+02 3.592162127408114713e+01 3.520869801200687021e+01 1.000000000000000000e+00 1.000000000000000000e+00 1.000000000000000000e+00
3.550000000000000000e+02 3.592162127408114713e+01 3.521006164837063324e+01 1.000000000000000000e+00 1.000000000000000000e+00 1.000000000000000000e+00
3.560000000000000000e+02 3.592162127408114713e+01 3.521142528473443178e+01 1.000000000000000000e+00 1.000000000000000000e+00 1.000000000000000000e+00
3.570000000000000000e+02 3.592162127408114713e+01 3.521278892109820902e+01 1.000000000000000000e+00 1.000000000000000000e+00 1.000000000000000000e+00
3.580000000000000000e+02 3.592162127408114713e+01 3.521415255746198625e+01 1.000000000000000000e+00 1.000000000000000000e+00 1.000000000000000000e+00
3.590000000000000000e+02 3.592162127408114003e+01 3.521551619382577059e+01 1.000000000000000000e+00 1.000000000000000000e+00 1.000000000000000000e+00
3.600000000000000000e+02 3.592162127408114003e+01 3.521687983018955492e+01 nan 1.000000000000000000e+00 nan
3.610000000000000000e+02 3.592162127408114713e+01 3.521824346655333215e+01 nan 1.000000000000000000e+00 nan
3.620000000000000000e+02 3.592162127408114003e+01 3.521960710291711649e+01 nan 1.000000000000000000e+00 nan
3.630000000000000000e+02 3.592162127408114003e+01 3.522097073928089372e+01 nan 1.000000000000000000e+00 nan
3.640000000000000000e+02 3.592162127408114713e+01 3.522233437564467096e+01 1.000000000000000000e+00 1.000000000000000000e+00 1.000000000000000000e+00
3.650000000000000000e+02 3.592162127408114003e+01 3.522369801200845529e+01 nan 1.000000000000000000e+00 nan
3.660000000000000000e+02 3.592162127408114713e+01 3.522506164837223963e+01 nan 1.000000000000000000e+00 nan
3.670000000000000000e+02 3.592162127408114003e+01 3.522642528473601686e+01 nan 1.000000000000000000e+00 nan
3.680000000000000000e+02 3.592162127408114003e+01 3.522778892109978699e+01 nan 1.000000000000000000e+00 nan
3.690000000000000000e+02 3.592298491044478936e+01 3.517324346654856271e+01 nan 1.000000000000000000e+00 nan
3.700000000000000000e+02 3.592298491044478226e+01 3.517460710291232573e+01 nan 1.000000000000000000e+00 nan
3.710000000000000000e+02 3.592298491044478936e+01 3.517597073927611717e+01 nan 1.000000000000000000e+00 nan
3.720000000000000000e+02 3.592298491044478226e+01 3.517733437563990861e+01 nan 1.000000000000000000e+00 nan
3.730000000000000000e+02 3.592298491044478226e+01 3.517869801200368585e+01 nan 1.000000000000000000e+00 nan
3.740000000000000000e+02 3.592298491044478936e+01 3.518006164836746308e+01 1.000000000000000000e+00 1.000000000000000000e+00 1.000000000000000000e+00
3.750000000000000000e+02 3.592298491044478936e+01 3.518142528473124031e+01 1.000000000000000000e+00 1.000000000000000000e+00 1.000000000000000000e+00
3.760000000000000000e+02 3.592298491044478226e+01 3.518278892109501754e+01 1.000000000000000000e+00 1.000000000000000000e+00 1.000000000000000000e+00
3.770000000000000000e+02 3.592298491044478226e+01 3.518415255745880188e+01 nan 1.000000000000000000e+00 nan
3.780000000000000000e+02 3.592298491044478936e+01 3.518551619382258622e+01 nan 1.000000000000000000e+00 nan
3.790000000000000000e+02 3.592298491044478936e+01 3.518687983018637766e+01 nan 1.000000000000000000e+00 nan
3.800000000000000000e+02 3.592298491044478936e+01 3.518824346655015489e+01 nan 1.000000000000000000e+00 nan
3.810000000000000000e+02 3.592298491044478936e+01 3.518960710291393212e+01 1.000000000000000000e+00 1.000000000000000000e+00 1.000000000000000000e+00
3.820000000000000000e+02 3.592298491044478936e+01 3.519097073927770225e+01 nan 1.000000000000000000e+00 nan
3.830000000000000000e+02 3.592298491044478226e+01 3.519233437564148659e+01 nan 1.000000000000000000e+00 nan
3.840000000000000000e+02 3.592298491044478226e+01 3.519369801200527803e+01 nan 1.000000000000000000e+00 nan
3.850000000000000000e+02 3.592298491044478936e+01 3.519506164836906237e+01 1.000000000000000000e+00 1.000000000000000000e+00 1.000000000000000000e+00
3.860000000000000000e+02 3.592298491044478936e+01 3.519642528473282539e+01 1.000000000000000000e+00 1.000000000000000000e+00 1.000000000000000000e+00
3.870000000000000000e+02 3.592298491044478936e+01 3.519778892109660973e+01 nan 1.000000000000000000e+00 nan
3.880000000000000000e+02 3.592298491044478226e+01 3.519915255746038696e+01 1.000000000000000000e+00 1.000000000000000000e+00 1.000000000000000000e+00
3.890000000000000000e+02 3.592298491044478936e+01 3.520051619382417840e+01 1.000000000000000000e+00 1.000000000000000000e+00 1.000000000000000000e+00
3.900000000000000000e+02 3.592298491044478936e+01 3.520187983018796274e+01 1.000000000000000000e+00 1.000000000000000000e+00 1.000000000000000000e+00
3.910000000000000000e+02 3.592298491044478936e+01 3.520324346655173287e+01 1.000000000000000000e+00 1.000000000000000000e+00 1.000000000000000000e+00
3.920000000000000000e+02 3.592298491044478936e+01 3.520460710291552431e+01 1.000000000000000000e+00 1.000000000000000000e+00 1.000000000000000000e+00
3.930000000000000000e+02 3.592298491044478226e+01 3.520597073927930154e+01 1.000000000000000000e+00 1.000000000000000000e+00 1.000000000000000000e+00
3.940000000000000000e+02 3.592298491044478226e+01 3.520733437564307877e+01 1.000000000000000000e+00 1.000000000000000000e+00 1.000000000000000000e+00
3.950000000000000000e+02 3.592298491044478936e+01 3.520869801200687021e+01 nan 1.000000000000000000e+00 nan
3.960000000000000000e+02 3.592298491044478226e+01 3.521006164837063324e+01 1.000000000000000000e+00 1.000000000000000000e+00 1.000000000000000000e+00
3.970000000000000000e+02 3.592298491044478226e+01 3.521142528473442468e+01 nan 1.000000000000000000e+00 nan
3.980000000000000000e+02 3.592298491044478936e+01 3.521278892109820902e+01 1.000000000000000000e+00 1.000000000000000000e+00 1.000000000000000000e+00
3.990000000000000000e+02 3.592298491044478936e+01 3.521415255746198625e+01 1.000000000000000000e+00 1.000000000000000000e+00 1.000000000000000000e+00
4.000000000000000000e+02 3.592298491044478226e+01 3.521551619382577059e+01 nan 1.000000000000000000e+00 nan
4.010000000000000000e+02 3.592298491044478226e+01 3.521687983018954782e+01 nan 1.000000000000000000e+00 nan
4.020000000000000000e+02 3.592298491044478936e+01 3.521824346655332505e+01 1.000000000000000000e+00 1.000000000000000000e+00 1.000000000000000000e+00
4.030000000000000000e+02 3.592298491044478226e+01 3.521960710291711649e+01 nan 1.000000000000000000e+00 nan
4.040000000000000000e+02 3.592298491044478226e+01 3.522097073928089372e+01 nan 1.000000000000000000e+00 nan
4.050000000000000000e+02 3.592298491044478936e+01 3.522233437564467096e+01 nan 1.000000000000000000e+00 nan
4.060000000000000000e+02 3.592298491044478936e+01 3.522369801200846240e+01 nan 1.000000000000000000e+00 nan
4.070000000000000000e+02 3.592298491044478226e+01 3.522506164837223963e+01 nan 1.000000000000000000e+00 nan
4.080000000000000000e+02 3.592298491044478226e+01 3.522642528473601686e+01 nan 1.000000000000000000e+00 nan
4.090000000000000000e+02 3.592298491044478226e+01 3.522778892109979409e+01 nan 1.000000000000000000e+00 nan
4.100000000000000000e+02 3.592434854680841738e+01 3.517324346654856271e+01 nan nan nan
4.110000000000000000e+02 3.592434854680843159e+01 3.517460710291232573e+01 nan nan nan
4.120000000000000000e+02 3.592434854680841738e+01 3.517597073927611717e+01 nan 1.000000000000000000e+00 nan
4.130000000000000000e+02 3.592434854680841738e+01 3.517733437563990861e+01 nan 1.000000000000000000e+00 nan
4.140000000000000000e+02 3.592434854680841738e+01 3.517869801200368585e+01 nan 1.000000000000000000e+00 nan
4.150000000000000000e+02 3.592434854680842449e+01 3.518006164836746308e+01 nan 1.000000000000000000e+00 nan
4.160000000000000000e+02 3.592434854680841738e+01 3.518142528473124031e+01 nan 1.000000000000000000e+00 nan
4.170000000000000000e+02 3.592434854680841738e+01 3.518278892109501754e+01 nan 1.000000000000000000e+00 nan
4.180000000000000000e+02 3.592434854680841738e+01 3.518415255745880188e+01 1.000000000000000000e+00 1.000000000000000000e+00 1.000000000000000000e+00
4.190000000000000000e+02 3.592434854680843159e+01 3.518551619382258622e+01 nan 1.000000000000000000e+00 nan
4.200000000000000000e+02 3.592434854680841738e+01 3.518687983018637766e+01 nan 1.000000000000000000e+00 nan
4.210000000000000000e+02 3.592434854680841738e+01 3.518824346655015489e+01 nan 1.000000000000000000e+00 nan
4.220000000000000000e+02 3.592434854680841738e+01 3.518960710291393212e+01 nan 1.000000000000000000e+00 nan
4.230000000000000000e+02 3.592434854680841738e+01 3.519097073927770225e+01 1.000000000000000000e+00 1.000000000000000000e+00 1.000000000000000000e+00
4.240000000000000000e+02 3.592434854680841738e+01 3.519233437564148659e+01 nan 1.000000000000000000e+00 nan
4.250000000000000000e+02 3.592434854680841738e+01 3.519369801200527803e+01 nan 1.000000000000000000e+00 nan
4.260000000000000000e+02 3.592434854680842449e+01 3.519506164836906237e+01 nan 1.000000000000000000e+00 nan
4.270000000000000000e+02 3.592434854680841738e+01 3.519642528473282539e+01 nan 1.000000000000000000e+00 nan
4.280000000000000000e+02 3.592434854680841738e+01 3.519778892109660973e+01 1.000000000000000000e+00 1.000000000000000000e+00 1.000000000000000000e+00
4.290000000000000000e+02 3.592434854680841738e+01 3.519915255746038696e+01 1.000000000000000000e+00 1.000000000000000000e+00 1.000000000000000000e+00
4.300000000000000000e+02 3.592434854680841738e+01 3.520051619382417840e+01 1.000000000000000000e+00 1.000000000000000000e+00 1.000000000000000000e+00
4.310000000000000000e+02 3.592434854680842449e+01 3.520187983018796274e+01 nan 1.000000000000000000e+00 nan
4.320000000000000000e+02 3.592434854680841738e+01 3.520324346655173287e+01 1.000000000000000000e+00 1.000000000000000000e+00 1.000000000000000000e+00
4.330000000000000000e+02 3.592434854680841738e+01 3.520460710291552431e+01 1.000000000000000000e+00 1.000000000000000000e+00 1.000000000000000000e+00
4.340000000000000000e+02 3.592434854680841738e+01 3.520597073927930154e+01 1.000000000000000000e+00 1.000000000000000000e+00 1.000000000000000000e+00
4.350000000000000000e+02 3.592434854680841738e+01 3.520733437564307877e+01 1.000000000000000000e+00 1.000000000000000000e+00 1.000000000000000000e+00
4.360000000000000000e+02 3.592434854680843159e+01 3.520869801200687021e+01 1.000000000000000000e+00 1.000000000000000000e+00 1.000000000000000000e+00
4.370000000000000000e+02 3.592434854680841738e+01 3.521006164837063324e+01 1.000000000000000000e+00 1.000000000000000000e+00 1.000000000000000000e+00
4.380000000000000000e+02 3.592434854680841738e+01 3.521142528473442468e+01 nan 1.000000000000000000e+00 nan
4.390000000000000000e+02 3.592434854680842449e+01 3.521278892109820902e+01 1.000000000000000000e+00 1.000000000000000000e+00 1.000000000000000000e+00
4.400000000000000000e+02 3.592434854680841738e+01 3.521415255746198625e+01 1.000000000000000000e+00 1.000000000000000000e+00 1.000000000000000000e+00
4.410000000000000000e+02 3.592434854680841738e+01 3.521551619382577059e+01 1.000000000000000000e+00 1.000000000000000000e+00 1.000000000000000000e+00
4.420000000000000000e+02 3.592434854680841738e+01 3.521687983018954782e+01 1.000000000000000000e+00 1.000000000000000000e+00 1.000000000000000000e+00
4.430000000000000000e+02 3.592434854680842449e+01 3.521824346655332505e+01 1.000000000000000000e+00 1.000000000000000000e+00 1.000000000000000000e+00
4.440000000000000000e+02 3.592434854680841738e+01 3.521960710291711649e+01 nan 1.000000000000000000e+00 nan
4.450000000000000000e+02 3.592434854680842449e+01 3.522097073928089372e+01 nan 1.000000000000000000e+00 nan
4.460000000000000000e+02 3.592434854680842449e+01 3.522233437564467096e+01 nan 1.000000000000000000e+00 nan
4.470000000000000000e+02 3.592434854680841738e+01 3.522369801200846240e+01 nan 1.000000000000000000e+00 nan
4.480000000000000000e+02 3.592434854680842449e+01 3.522506164837223963e+01 nan 1.000000000000000000e+00 nan
4.490000000000000000e+02 3.592434854680841738e+01 3.522642528473601686e+01 nan 1.000000000000000000e+00 nan
4.500000000000000000e+02 3.592434854680841738e+01 3.522778892109979409e+01 nan 1.000000000000000000e+00 nan
4.510000000000000000e+02 3.592571218317205251e+01 3.517324346654856271e+01 nan nan nan
4.520000000000000000e+02 3.592571218317205251e+01 3.517460710291233283e+01 nan nan nan
4.530000000000000000e+02 3.592571218317205251e+01 3.517597073927611717e+01 nan nan nan
4.540000000000000000e+02 3.592571218317205961e+01 3.517733437563990861e+01 nan nan nan
4.550000000000000000e+02 3.592571218317205251e+01 3.517869801200368585e+01 nan 1.000000000000000000e+00 nan
4.560000000000000000e+02 3.592571218317205251e+01 3.518006164836746308e+01 nan 1.000000000000000000e+00 nan
4.570000000000000000e+02 3.592571218317205961e+01 3.518142528473123321e+01 nan 1.000000000000000000e+00 nan
4.580000000000000000e+02 3.592571218317205961e+01 3.518278892109501754e+01 nan 1.000000000000000000e+00 nan
4.590000000000000000e+02 3.592571218317205251e+01 3.518415255745880188e+01 nan 1.000000000000000000e+00 nan
4.600000000000000000e+02 3.592571218317205251e+01 3.518551619382259332e+01 nan 1.000000000000000000e+00 nan
4.610000000000000000e+02 3.592571218317205251e+01 3.518687983018637766e+01 nan 1.000000000000000000e+00 nan
4.620000000000000000e+02 3.592571218317205251e+01 3.518824346655015489e+01 nan 1.000000000000000000e+00 nan
4.630000000000000000e+02 3.592571218317205961e+01 3.518960710291393212e+01 nan 1.000000000000000000e+00 nan
4.640000000000000000e+02 3.592571218317205961e+01 3.519097073927770225e+01 nan 1.000000000000000000e+00 nan
4.650000000000000000e+02 3.592571218317205961e+01 3.519233437564148659e+01 1.000000000000000000e+00 1.000000000000000000e+00 1.000000000000000000e+00
4.660000000000000000e+02 3.592571218317205251e+01 3.519369801200527803e+01 nan 1.000000000000000000e+00 nan
4.670000000000000000e+02 3.592571218317205251e+01 3.519506164836906237e+01 nan 1.000000000000000000e+00 nan
4.680000000000000000e+02 3.592571218317205251e+01 3.519642528473283960e+01 1.000000000000000000e+00 1.000000000000000000e+00 1.000000000000000000e+00
4.690000000000000000e+02 3.592571218317205251e+01 3.519778892109660973e+01 nan 1.000000000000000000e+00 nan
4.700000000000000000e+02 3.592571218317205251e+01 3.519915255746038696e+01 1.000000000000000000e+00 1.000000000000000000e+00 1.000000000000000000e+00
4.710000000000000000e+02 3.592571218317205251e+01 3.520051619382417840e+01 nan 1.000000000000000000e+00 nan
4.720000000000000000e+02 3.592571218317205251e+01 3.520187983018796274e+01 nan 1.000000000000000000e+00 nan
4.730000000000000000e+02 3.592571218317205961e+01 3.520324346655174708e+01 nan 1.000000000000000000e+00 nan
4.740000000000000000e+02 3.592571218317205251e+01 3.520460710291552431e+01 1.000000000000000000e+00 1.000000000000000000e+00 1.000000000000000000e+00
4.750000000000000000e+02 3.592571218317205961e+01 3.520597073927930865e+01 nan 1.000000000000000000e+00 nan
4.760000000000000000e+02 3.592571218317205961e+01 3.520733437564307877e+01 1.000000000000000000e+00 1.000000000000000000e+00 1.000000000000000000e+00
4.770000000000000000e+02 3.592571218317205251e+01 3.520869801200687021e+01 1.000000000000000000e+00 1.000000000000000000e+00 1.000000000000000000e+00
4.780000000000000000e+02 3.592571218317205251e+01 3.521006164837064034e+01 1.000000000000000000e+00 1.000000000000000000e+00 1.000000000000000000e+00
4.790000000000000000e+02 3.592571218317205251e+01 3.521142528473442468e+01 nan 1.000000000000000000e+00 nan
4.800000000000000000e+02 3.592571218317205251e+01 3.521278892109820191e+01 1.000000000000000000e+00 1.000000000000000000e+00 1.000000000000000000e+00
4.810000000000000000e+02 3.592571218317205251e+01 3.521415255746199335e+01 1.000000000000000000e+00 1.000000000000000000e+00 1.000000000000000000e+00
4.820000000000000000e+02 3.592571218317205251e+01 3.521551619382577059e+01 1.000000000000000000e+00 1.000000000000000000e+00 1.000000000000000000e+00
4.830000000000000000e+02 3.592571218317205251e+01 3.521687983018954782e+01 1.000000000000000000e+00 1.000000000000000000e+00 1.000000000000000000e+00
4.840000000000000000e+02 3.592571218317205251e+01 3.521824346655333215e+01 nan 1.000000000000000000e+00 nan
4.850000000000000000e+02 3.592571218317205251e+01 3.521960710291711649e+01 1.000000000000000000e+00 1.000000000000000000e+00 1.000000000000000000e+00
4.860000000000000000e+02 3.592571218317205251e+01 3.522097073928089372e+01 nan 1.000000000000000000e+00 nan
4.870000000000000000e+02 3.592571218317205251e+01 3.522233437564467096e+01 1.000000000000000000e+00 1.000000000000000000e+00 1.000000000000000000e+00
4.880000000000000000e+02 3.592571218317205251e+01 3.522369801200845529e+01 nan 1.000000000000000000e+00 nan
4.890000000000000000e+02 3.592571218317205251e+01 3.522506164837223253e+01 1.000000000000000000e+00 1.000000000000000000e+00 1.000000000000000000e+00
4.900000000000000000e+02 3.592571218317205251e+01 3.522642528473601686e+01 nan 1.000000000000000000e+00 nan
4.910000000000000000e+02 3.592571218317205251e+01 3.522778892109978699e+01 nan 1.000000000000000000e+00 nan
4.920000000000000000e+02 3.592707581953568763e+01 3.517324346654856271e+01 nan nan nan
4.930000000000000000e+02 3.592707581953568763e+01 3.517460710291232573e+01 nan nan nan
4.940000000000000000e+02 3.592707581953568763e+01 3.517597073927611717e+01 nan nan nan
4.950000000000000000e+02 3.592707581953568763e+01 3.517733437563990861e+01 nan nan nan
4.960000000000000000e+02 3.592707581953568763e+01 3.517869801200368585e+01 nan 1.000000000000000000e+00 nan
4.970000000000000000e+02 3.592707581953568763e+01 3.518006164836746308e+01 nan 1.000000000000000000e+00 nan
4.980000000000000000e+02 3.592707581953568763e+01 3.518142528473124031e+01 nan 1.000000000000000000e+00 nan
4.990000000000000000e+02 3.592707581953568763e+01 3.518278892109501754e+01 nan 1.000000000000000000e+00 nan
5.000000000000000000e+02 3.592707581953568763e+01 3.518415255745880188e+01 nan 1.000000000000000000e+00 nan
5.010000000000000000e+02 3.592707581953568763e+01 3.518551619382258622e+01 nan 1.000000000000000000e+00 nan
5.020000000000000000e+02 3.592707581953568763e+01 3.518687983018637766e+01 nan 1.000000000000000000e+00 nan
5.030000000000000000e+02 3.592707581953568763e+01 3.518824346655015489e+01 nan 1.000000000000000000e+00 nan
5.040000000000000000e+02 3.592707581953568763e+01 3.518960710291393212e+01 nan 1.000000000000000000e+00 nan
5.050000000000000000e+02 3.592707581953568763e+01 3.519097073927770225e+01 nan 1.000000000000000000e+00 nan
5.060000000000000000e+02 3.592707581953568763e+01 3.519233437564148659e+01 nan 1.000000000000000000e+00 nan
5.070000000000000000e+02 3.592707581953568763e+01 3.519369801200527803e+01 nan 1.000000000000000000e+00 nan
5.080000000000000000e+02 3.592707581953568763e+01 3.519506164836906237e+01 nan 1.000000000000000000e+00 nan
5.090000000000000000e+02 3.592707581953568763e+01 3.519642528473282539e+01 nan 1.000000000000000000e+00 nan
5.100000000000000000e+02 3.592707581953568763e+01 3.519778892109660973e+01 nan 1.000000000000000000e+00 nan
5.110000000000000000e+02 3.592707581953568763e+01 3.519915255746038696e+01 1.000000000000000000e+00 1.000000000000000000e+00 1.000000000000000000e+00
5.120000000000000000e+02 3.592707581953568763e+01 3.520051619382417840e+01 nan 1.000000000000000000e+00 nan
5.130000000000000000e+02 3.592707581953568763e+01 3.520187983018796274e+01 1.000000000000000000e+00 1.000000000000000000e+00 1.000000000000000000e+00
5.140000000000000000e+02 3.592707581953568763e+01 3.520324346655173287e+01 nan 1.000000000000000000e+00 nan
5.150000000000000000e+02 3.592707581953568763e+01 3.520460710291552431e+01 nan 1.000000000000000000e+00 nan
5.160000000000000000e+02 3.592707581953568763e+01 3.520597073927930154e+01 1.000000000000000000e+00 1.000000000000000000e+00 1.000000000000000000e+00
5.170000000000000000e+02 3.592707581953568763e+01 3.520733437564307877e+01 1.000000000000000000e+00 1.000000000000000000e+00 1.000000000000000000e+00
5.180000000000000000e+02 3.592707581953569473e+01 3.520869801200687021e+01 1.000000000000000000e+00 1.000000000000000000e+00 1.000000000000000000e+00
5.190000000000000000e+02 3.592707581953568763e+01 3.521006164837063324e+01 nan 1.000000000000000000e+00 nan
5.200000000000000000e+02 3.592707581953568763e+01 3.521142528473442468e+01 nan 1.000000000000000000e+00 nan
5.210000000000000000e+02 3.592707581953568763e+01 3.521278892109820902e+01 1.000000000000000000e+00 1.000000000000000000e+00 1.000000000000000000e+00
5.220000000000000000e+02 3.592707581953568763e+01 3.521415255746198625e+01 nan 1.000000000000000000e+00 nan
5.230000000000000000e+02 3.592707581953568763e+01 3.521551619382577059e+01 1.000000000000000000e+00 1.000000000000000000e+00 1.000000000000000000e+00
5.240000000000000000e+02 3.592707581953568763e+01 3.521687983018954782e+01 nan 1.000000000000000000e+00 nan
5.250000000000000000e+02 3.592707581953568763e+01 3.521824346655332505e+01 1.000000000000000000e+00 1.000000000000000000e+00 1.000000000000000000e+00
5.260000000000000000e+02 3.592707581953568763e+01 3.521960710291711649e+01 nan 1.000000000000000000e+00 nan
5.270000000000000000e+02 3.592707581953568763e+01 3.522097073928089372e+01 1.000000000000000000e+00 1.000000000000000000e+00 1.000000000000000000e+00
5.280000000000000000e+02 3.592707581953568763e+01 3.522233437564467096e+01 1.000000000000000000e+00 1.000000000000000000e+00 1.000000000000000000e+00
5.290000000000000000e+02 3.592707581953568763e+01 3.522369801200846240e+01 nan 1.000000000000000000e+00 nan
5.300000000000000000e+02 3.592707581953568763e+01 3.522506164837223963e+01 nan 1.000000000000000000e+00 nan
5.310000000000000000e+02 3.592707581953568763e+01 3.522642528473601686e+01 nan 1.000000000000000000e+00 nan
5.320000000000000000e+02 3.592707581953568052e+01 3.522778892109979409e+01 nan 1.000000000000000000e+00 nan
5.330000000000000000e+02 3.592843945589932275e+01 3.517324346654856271e+01 nan nan nan
5.340000000000000000e+02 3.592843945589932275e+01 3.517460710291232573e+01 nan nan nan
5.350000000000000000e+02 3.592843945589932275e+01 3.517597073927611717e+01 nan nan nan
5.360000000000000000e+02 3.592843945589932275e+01 3.517733437563990861e+01 nan nan nan
5.370000000000000000e+02 3.592843945589932275e+01 3.517869801200368585e+01 nan nan nan
5.380000000000000000e+02 3.592843945589931565e+01 3.518006164836746308e+01 nan 1.000000000000000000e+00 nan
5.390000000000000000e+02 3.592843945589932275e+01 3.518142528473124031e+01 nan 1.000000000000000000e+00 nan
5.400000000000000000e+02 3.592843945589932275e+01 3.518278892109501754e+01 nan 1.000000000000000000e+00 nan
5.410000000000000000e+02 3.592843945589932275e+01 3.518415255745880188e+01 nan 1.000000000000000000e+00 nan
5.420000000000000000e+02 3.592843945589932275e+01 3.518551619382258622e+01 nan 1.000000000000000000e+00 nan
5.430000000000000000e+02 3.592843945589931565e+01 3.518687983018637766e+01 nan 1.000000000000000000e+00 nan
5.440000000000000000e+02 3.592843945589932275e+01 3.518824346655015489e+01 nan 1.000000000000000000e+00 nan
5.450000000000000000e+02 3.592843945589932275e+01 3.518960710291393212e+01 nan 1.000000000000000000e+00 nan
5.460000000000000000e+02 3.592843945589932275e+01 3.519097073927770225e+01 nan 1.000000000000000000e+00 nan
5.470000000000000000e+02 3.592843945589932275e+01 3.519233437564148659e+01 nan 1.000000000000000000e+00 nan
5.480000000000000000e+02 3.592843945589932275e+01 3.519369801200527803e+01 nan 1.000000000000000000e+00 nan
5.490000000000000000e+02 3.592843945589932275e+01 3.519506164836906237e+01 nan 1.000000000000000000e+00 nan
5.500000000000000000e+02 3.592843945589931565e+01 3.519642528473282539e+01 nan 1.000000000000000000e+00 nan
5.510000000000000000e+02 3.592843945589932275e+01 3.519778892109660973e+01 nan 1.000000000000000000e+00 nan
5.520000000000000000e+02 3.592843945589932275e+01 3.519915255746038696e+01 nan 1.000000000000000000e+00 nan
5.530000000000000000e+02 3.592843945589932275e+01 3.520051619382417840e+01 nan 1.000000000000000000e+00 nan
5.540000000000000000e+02 3.592843945589932275e+01 3.520187983018796274e+01 nan 1.000000000000000000e+00 nan
5.550000000000000000e+02 3.592843945589931565e+01 3.520324346655173287e+01 1.000000000000000000e+00 1.000000000000000000e+00 1.000000000000000000e+00
5.560000000000000000e+02 3.592843945589932275e+01 3.520460710291552431e+01 nan 1.000000000000000000e+00 nan
5.570000000000000000e+02 3.592843945589932275e+01 3.520597073927930154e+01 nan 1.000000000000000000e+00 nan
5.580000000000000000e+02 3.592843945589932275e+01 3.520733437564307877e+01 1.000000000000000000e+00 1.000000000000000000e+00 1.000000000000000000e+00
5.590000000000000000e+02 3.592843945589931565e+01 3.520869801200687021e+01 1.000000000000000000e+00 1.000000000000000000e+00 1.000000000000000000e+00
5.600000000000000000e+02 3.592843945589932275e+01 3.521006164837063324e+01 1.000000000000000000e+00 1.000000000000000000e+00 1.000000000000000000e+00
5.610000000000000000e+02 3.592843945589931565e+01 3.521142528473442468e+01 nan 1.000000000000000000e+00 nan
5.620000000000000000e+02 3.592843945589932275e+01 3.521278892109820902e+01 1.000000000000000000e+00 1.000000000000000000e+00 1.000000000000000000e+00
5.630000000000000000e+02 3.592843945589932986e+01 3.521415255746198625e+01 1.000000000000000000e+00 1.000000000000000000e+00 1.000000000000000000e+00
5.640000000000000000e+02 3.592843945589932986e+01 3.521551619382577059e+01 1.000000000000000000e+00 1.000000000000000000e+00 1.000000000000000000e+00
5.650000000000000000e+02 3.592843945589932275e+01 3.521687983018954782e+01 1.000000000000000000e+00 1.000000000000000000e+00 1.000000000000000000e+00
5.660000000000000000e+02 3.592843945589932275e+01 3.521824346655332505e+01 nan 1.000000000000000000e+00 nan
5.670000000000000000e+02 3.592843945589931565e+01 3.521960710291711649e+01 nan 1.000000000000000000e+00 nan
5.680000000000000000e+02 3.592843945589932275e+01 3.522097073928089372e+01 nan 1.000000000000000000e+00 nan
5.690000000000000000e+02 3.592843945589931565e+01 3.522233437564467096e+01 nan 1.000000000000000000e+00 nan
5.700000000000000000e+02 3.592843945589932275e+01 3.522369801200846240e+01 nan 1.000000000000000000e+00 nan
5.710000000000000000e+02 3.592843945589931565e+01 3.522506164837223963e+01 nan 1.000000000000000000e+00 nan
5.720000000000000000e+02 3.592843945589932275e+01 3.522642528473601686e+01 nan 1.000000000000000000e+00 nan
5.730000000000000000e+02 3.592843945589932275e+01 3.522778892109979409e+01 1.000000000000000000e+00 1.000000000000000000e+00 1.000000000000000000e+00
5.740000000000000000e+02 3.592980309226297209e+01 3.517324346654855560e+01 nan nan nan
5.750000000000000000e+02 3.592980309226297209e+01 3.517460710291232573e+01 nan nan nan
5.760000000000000000e+02 3.592980309226297209e+01 3.517597073927611717e+01 nan nan nan
5.770000000000000000e+02 3.592980309226297209e+01 3.517733437563990861e+01 nan nan nan
5.780000000000000000e+02 3.592980309226297209e+01 3.517869801200368585e+01 nan nan nan
5.790000000000000000e+02 3.592980309226297209e+01 3.518006164836746308e+01 nan nan nan
5.800000000000000000e+02 3.592980309226297209e+01 3.518142528473124031e+01 nan 1.000000000000000000e+00 nan
5.810000000000000000e+02 3.592980309226297209e+01 3.518278892109502465e+01 nan 1.000000000000000000e+00 nan
5.820000000000000000e+02 3.592980309226297209e+01 3.518415255745879477e+01 nan 1.000000000000000000e+00 nan
5.830000000000000000e+02 3.592980309226297209e+01 3.518551619382259332e+01 nan 1.000000000000000000e+00 nan
5.840000000000000000e+02 3.592980309226296498e+01 3.518687983018636345e+01 nan 1.000000000000000000e+00 nan
5.850000000000000000e+02 3.592980309226297209e+01 3.518824346655014779e+01 nan 1.000000000000000000e+00 nan
5.860000000000000000e+02 3.592980309226297209e+01 3.518960710291393212e+01 nan 1.000000000000000000e+00 nan
5.870000000000000000e+02 3.592980309226297209e+01 3.519097073927770225e+01 nan 1.000000000000000000e+00 nan
5.880000000000000000e+02 3.592980309226297209e+01 3.519233437564148659e+01 nan 1.000000000000000000e+00 nan
5.890000000000000000e+02 3.592980309226297209e+01 3.519369801200527803e+01 nan 1.000000000000000000e+00 nan
5.900000000000000000e+02 3.592980309226297209e+01 3.519506164836905526e+01 nan 1.000000000000000000e+00 nan
5.910000000000000000e+02 3.592980309226297209e+01 3.519642528473283960e+01 nan 1.000000000000000000e+00 nan
5.920000000000000000e+02 3.592980309226297209e+01 3.519778892109660973e+01 nan 1.000000000000000000e+00 nan
5.930000000000000000e+02 3.592980309226297209e+01 3.519915255746039406e+01 nan 1.000000000000000000e+00 nan
5.940000000000000000e+02 3.592980309226297209e+01 3.520051619382417840e+01 nan 1.000000000000000000e+00 nan
5.950000000000000000e+02 3.592980309226297209e+01 3.520187983018796274e+01 1.000000000000000000e+00 1.000000000000000000e+00 1.000000000000000000e+00
5.960000000000000000e+02 3.592980309226297209e+01 3.520324346655174708e+01 nan 1.000000000000000000e+00 nan
5.970000000000000000e+02 3.592980309226296498e+01 3.520460710291552431e+01 nan 1.000000000000000000e+00 nan
5.980000000000000000e+02 3.592980309226297209e+01 3.520597073927930154e+01 1.000000000000000000e+00 1.000000000000000000e+00 1.000000000000000000e+00
5.990000000000000000e+02 3.592980309226296498e+01 3.520733437564307877e+01 nan 1.000000000000000000e+00 nan
6.000000000000000000e+02 3.592980309226297209e+01 3.520869801200687021e+01 1.000000000000000000e+00 1.000000000000000000e+00 1.000000000000000000e+00
6.010000000000000000e+02 3.592980309226297209e+01 3.521006164837063324e+01 nan 1.000000000000000000e+00 nan
6.020000000000000000e+02 3.592980309226297209e+01 3.521142528473442468e+01 1.000000000000000000e+00 1.000000000000000000e+00 1.000000000000000000e+00
6.030000000000000000e+02 3.592980309226296498e+01 3.521278892109820191e+01 1.000000000000000000e+00 1.000000000000000000e+00 1.000000000000000000e+00
6.040000000000000000e+02 3.592980309226297209e+01 3.521415255746197914e+01 nan 1.000000000000000000e+00 nan
6.050000000000000000e+02 3.592980309226297209e+01 3.521551619382577059e+01 nan 1.000000000000000000e+00 nan
6.060000000000000000e+02 3.592980309226297209e+01 3.521687983018954782e+01 nan 1.000000000000000000e+00 nan
6.070000000000000000e+02 3.592980309226297209e+01 3.521824346655333215e+01 1.000000000000000000e+00 1.000000000000000000e+00 1.000000000000000000e+00
6.080000000000000000e+02 3.592980309226296498e+01 3.521960710291710939e+01 nan 1.000000000000000000e+00 nan
6.090000000000000000e+02 3.592980309226297209e+01 3.522097073928089372e+01 nan 1.000000000000000000e+00 nan
6.100000000000000000e+02 3.592980309226297209e+01 3.522233437564467096e+01 nan 1.000000000000000000e+00 nan
6.110000000000000000e+02 3.592980309226297209e+01 3.522369801200846240e+01 nan 1.000000000000000000e+00 nan
6.120000000000000000e+02 3.592980309226297209e+01 3.522506164837223963e+01 nan 1.000000000000000000e+00 nan
6.130000000000000000e+02 3.592980309226296498e+01 3.522642528473601686e+01 1.000000000000000000e+00 1.000000000000000000e+00 1.000000000000000000e+00
6.140000000000000000e+02 3.592980309226296498e+01 3.522778892109978699e+01 nan 1.000000000000000000e+00 nan
6.150000000000000000e+02 3.593116672862660721e+01 3.517324346654856271e+01 nan nan nan
6.160000000000000000e+02 3.593116672862660721e+01 3.517460710291233283e+01 nan nan nan
6.170000000000000000e+02 3.593116672862660010e+01 3.517597073927611717e+01 nan nan nan
6.180000000000000000e+02 3.593116672862660721e+01 3.517733437563990861e+01 nan nan nan
6.190000000000000000e+02 3.593116672862660010e+01 3.517869801200368585e+01 nan nan nan
6.200000000000000000e+02 3.593116672862660010e+01 3.518006164836746308e+01 nan nan nan
6.210000000000000000e+02 3.593116672862660010e+01 3.518142528473123321e+01 nan 1.000000000000000000e+00 nan
6.220000000000000000e+02 3.593116672862659300e+01 3.518278892109501754e+01 nan 1.000000000000000000e+00 nan
6.230000000000000000e+02 3.593116672862660721e+01 3.518415255745880188e+01 nan 1.000000000000000000e+00 nan
6.240000000000000000e+02 3.593116672862660721e+01 3.518551619382259332e+01 nan 1.000000000000000000e+00 nan
6.250000000000000000e+02 3.593116672862660721e+01 3.518687983018637766e+01 nan 1.000000000000000000e+00 nan
6.260000000000000000e+02 3.593116672862660721e+01 3.518824346655015489e+01 nan 1.000000000000000000e+00 nan
6.270000000000000000e+02 3.593116672862660010e+01 3.518960710291393212e+01 nan 1.000000000000000000e+00 nan
6.280000000000000000e+02 3.593116672862660721e+01 3.519097073927770225e+01 nan 1.000000000000000000e+00 nan
6.290000000000000000e+02 3.593116672862660721e+01 3.519233437564148659e+01 nan 1.000000000000000000e+00 nan
6.300000000000000000e+02 3.593116672862660721e+01 3.519369801200527803e+01 nan 1.000000000000000000e+00 nan
6.310000000000000000e+02 3.593116672862660010e+01 3.519506164836906237e+01 nan 1.000000000000000000e+00 nan
6.320000000000000000e+02 3.593116672862660010e+01 3.519642528473283960e+01 nan nan nan
6.330000000000000000e+02 3.593116672862660010e+01 3.519778892109660973e+01 nan 1.000000000000000000e+00 nan
6.340000000000000000e+02 3.593116672862660010e+01 3.519915255746038696e+01 nan 1.000000000000000000e+00 nan
6.350000000000000000e+02 3.593116672862660721e+01 3.520051619382417840e+01 nan 1.000000000000000000e+00 nan
6.360000000000000000e+02 3.593116672862660721e+01 3.520187983018796274e+01 nan 1.000000000000000000e+00 nan
6.370000000000000000e+02 3.593116672862660721e+01 3.520324346655174708e+01 nan 1.000000000000000000e+00 nan
6.380000000000000000e+02 3.593116672862660010e+01 3.520460710291552431e+01 nan 1.000000000000000000e+00 nan
6.390000000000000000e+02 3.593116672862660721e+01 3.520597073927930865e+01 nan 1.000000000000000000e+00 nan
6.400000000000000000e+02 3.593116672862660010e+01 3.520733437564307877e+01 nan 1.000000000000000000e+00 nan
6.410000000000000000e+02 3.593116672862660721e+01 3.520869801200687021e+01 nan 1.000000000000000000e+00 nan
6.420000000000000000e+02 3.593116672862659300e+01 3.521006164837064034e+01 1.000000000000000000e+00 1.000000000000000000e+00 1.000000000000000000e+00
6.430000000000000000e+02 3.593116672862659300e+01 3.521142528473442468e+01 1.000000000000000000e+00 1.000000000000000000e+00 1.000000000000000000e+00
6.440000000000000000e+02 3.593116672862660010e+01 3.521278892109820191e+01 nan 1.000000000000000000e+00 nan
6.450000000000000000e+02 3.593116672862660010e+01 3.521415255746199335e+01 nan 1.000000000000000000e+00 nan
6.460000000000000000e+02 3.593116672862660010e+01 3.521551619382577059e+01 1.000000000000000000e+00 1.000000000000000000e+00 1.000000000000000000e+00
6.470000000000000000e+02 3.593116672862660010e+01 3.521687983018954782e+01 1.000000000000000000e+00 1.000000000000000000e+00 1.000000000000000000e+00
6.480000000000000000e+02 3.593116672862660721e+01 3.521824346655333215e+01 nan 1.000000000000000000e+00 nan
6.490000000000000000e+02 3.593116672862660721e+01 3.521960710291711649e+01 nan 1.000000000000000000e+00 nan
6.500000000000000000e+02 3.593116672862660010e+01 3.522097073928089372e+01 nan 1.000000000000000000e+00 nan
6.510000000000000000e+02 3.593116672862660721e+01 3.522233437564467096e+01 nan 1.000000000000000000e+00 nan
6.520000000000000000e+02 3.593116672862660010e+01 3.522369801200845529e+01 1.000000000000000000e+00 1.000000000000000000e+00 1.000000000000000000e+00
6.530000000000000000e+02 3.593116672862660010e+01 3.522506164837223253e+01 nan 1.000000000000000000e+00 nan
6.540000000000000000e+02 3.593116672862660721e+01 3.522642528473601686e+01 nan 1.000000000000000000e+00 nan
6.550000000000000000e+02 3.593116672862660010e+01 3.522778892109978699e+01 nan 1.000000000000000000e+00 nan
6.560000000000000000e+02 3.593253036499023523e+01 3.517324346654856271e+01 nan nan nan
6.570000000000000000e+02 3.593253036499024233e+01 3.517460710291233283e+01 nan nan nan
6.580000000000000000e+02 3.593253036499024233e+01 3.517597073927611717e+01 nan nan nan
6.590000000000000000e+02 3.593253036499024233e+01 3.517733437563990861e+01 nan nan nan
6.600000000000000000e+02 3.593253036499024233e+01 3.517869801200368585e+01 nan nan nan
6.610000000000000000e+02 3.593253036499023523e+01 3.518006164836746308e+01 nan nan nan
6.620000000000000000e+02 3.593253036499023523e+01 3.518142528473123321e+01 nan nan nan
6.630000000000000000e+02 3.593253036499023523e+01 3.518278892109501754e+01 nan 1.000000000000000000e+00 nan
6.640000000000000000e+02 3.593253036499023523e+01 3.518415255745880188e+01 nan 1.000000000000000000e+00 nan
6.650000000000000000e+02 3.593253036499023523e+01 3.518551619382259332e+01 nan 1.000000000000000000e+00 nan
6.660000000000000000e+02 3.593253036499023523e+01 3.518687983018637766e+01 nan 1.000000000000000000e+00 nan
6.670000000000000000e+02 3.593253036499024233e+01 3.518824346655015489e+01 nan 1.000000000000000000e+00 nan
6.680000000000000000e+02 3.593253036499023523e+01 3.518960710291393212e+01 nan 1.000000000000000000e+00 nan
6.690000000000000000e+02 3.593253036499023523e+01 3.519097073927770225e+01 nan 1.000000000000000000e+00 nan
6.700000000000000000e+02 3.593253036499023523e+01 3.519233437564148659e+01 nan 1.000000000000000000e+00 nan
6.710000000000000000e+02 3.593253036499024233e+01 3.519369801200527803e+01 nan 1.000000000000000000e+00 nan
6.720000000000000000e+02 3.593253036499023523e+01 3.519506164836906237e+01 nan 1.000000000000000000e+00 nan
6.730000000000000000e+02 3.593253036499024233e+01 3.519642528473283960e+01 nan 1.000000000000000000e+00 nan
6.740000000000000000e+02 3.593253036499023523e+01 3.519778892109660973e+01 nan 1.000000000000000000e+00 nan
6.750000000000000000e+02 3.593253036499023523e+01 3.519915255746038696e+01 nan 1.000000000000000000e+00 nan
6.760000000000000000e+02 3.593253036499023523e+01 3.520051619382417840e+01 nan 1.000000000000000000e+00 nan
6.770000000000000000e+02 3.593253036499023523e+01 3.520187983018796274e+01 nan nan nan
6.780000000000000000e+02 3.593253036499024233e+01 3.520324346655174708e+01 nan 1.000000000000000000e+00 nan
6.790000000000000000e+02 3.593253036499023523e+01 3.520460710291552431e+01 nan 1.000000000000000000e+00 nan
6.800000000000000000e+02 3.593253036499024233e+01 3.520597073927930865e+01 nan 1.000000000000000000e+00 nan
6.810000000000000000e+02 3.593253036499023523e+01 3.520733437564307877e+01 nan 1.000000000000000000e+00 nan
6.820000000000000000e+02 3.593253036499024233e+01 3.520869801200687021e+01 nan 1.000000000000000000e+00 nan
6.830000000000000000e+02 3.593253036499024233e+01 3.521006164837064034e+01 nan 1.000000000000000000e+00 nan
6.840000000000000000e+02 3.593253036499024233e+01 3.521142528473442468e+01 nan 1.000000000000000000e+00 nan
6.850000000000000000e+02 3.593253036499023523e+01 3.521278892109820191e+01 1.000000000000000000e+00 1.000000000000000000e+00 1.000000000000000000e+00
6.860000000000000000e+02 3.593253036499023523e+01 3.521415255746199335e+01 nan 1.000000000000000000e+00 nan
6.870000000000000000e+02 3.593253036499022812e+01 3.521551619382577059e+01 nan 1.000000000000000000e+00 nan
6.880000000000000000e+02 3.593253036499023523e+01 3.521687983018954782e+01 nan 1.000000000000000000e+00 nan
6.890000000000000000e+02 3.593253036499023523e+01 3.521824346655333215e+01 nan 1.000000000000000000e+00 nan
6.900000000000000000e+02 3.593253036499023523e+01 3.521960710291711649e+01 nan 1.000000000000000000e+00 nan
6.910000000000000000e+02 3.593253036499023523e+01 3.522097073928089372e+01 1.000000000000000000e+00 1.000000000000000000e+00 1.000000000000000000e+00
6.920000000000000000e+02 3.593253036499024233e+01 3.522233437564467096e+01 nan 1.000000000000000000e+00 nan
6.930000000000000000e+02 3.593253036499024233e+01 3.522369801200845529e+01 nan 1.000000000000000000e+00 nan
6.940000000000000000e+02 3.593253036499024233e+01 3.522506164837223253e+01 nan 1.000000000000000000e+00 nan
6.950000000000000000e+02 3.593253036499023523e+01 3.522642528473601686e+01 nan 1.000000000000000000e+00 nan
6.960000000000000000e+02 3.593253036499022812e+01 3.522778892109978699e+01 nan 1.000000000000000000e+00 nan
6.970000000000000000e+02 3.593389400135387035e+01 3.517324346654855560e+01 nan nan nan
6.980000000000000000e+02 3.593389400135387746e+01 3.517460710291232573e+01 nan nan nan
6.990000000000000000e+02 3.593389400135387746e+01 3.517597073927611717e+01 nan nan nan
7.000000000000000000e+02 3.593389400135387035e+01 3.517733437563990861e+01 nan nan nan
7.010000000000000000e+02 3.593389400135387035e+01 3.517869801200368585e+01 nan nan nan
7.020000000000000000e+02 3.593389400135386325e+01 3.518006164836746308e+01 nan nan nan
7.030000000000000000e+02 3.593389400135387035e+01 3.518142528473123321e+01 nan nan nan
7.040000000000000000e+02 3.593389400135387035e+01 3.518278892109501754e+01 nan 1.000000000000000000e+00 nan
7.050000000000000000e+02 3.593389400135387035e+01 3.518415255745880188e+01 nan 1.000000000000000000e+00 nan
7.060000000000000000e+02 3.593389400135387035e+01 3.518551619382259332e+01 nan 1.000000000000000000e+00 nan
7.070000000000000000e+02 3.593389400135387035e+01 3.518687983018637766e+01 nan 1.000000000000000000e+00 nan
7.080000000000000000e+02 3.593389400135387035e+01 3.518824346655014779e+01 nan nan nan
7.090000000000000000e+02 3.593389400135387035e+01 3.518960710291393212e+01 nan nan nan
7.100000000000000000e+02 3.593389400135387035e+01 3.519097073927770936e+01 nan nan nan
7.110000000000000000e+02 3.593389400135387746e+01 3.519233437564147948e+01 nan 1.000000000000000000e+00 nan
7.120000000000000000e+02 3.593389400135387035e+01 3.519369801200527803e+01 nan 1.000000000000000000e+00 nan
7.130000000000000000e+02 3.593389400135387035e+01 3.519506164836904816e+01 nan nan nan
7.140000000000000000e+02 3.593389400135387035e+01 3.519642528473283960e+01 nan 1.000000000000000000e+00 nan
7.150000000000000000e+02 3.593389400135387035e+01 3.519778892109660973e+01 nan 1.000000000000000000e+00 nan
7.160000000000000000e+02 3.593389400135387035e+01 3.519915255746039406e+01 nan 1.000000000000000000e+00 nan
7.170000000000000000e+02 3.593389400135387035e+01 3.520051619382417840e+01 nan nan nan
7.180000000000000000e+02 3.593389400135387746e+01 3.520187983018796274e+01 nan 1.000000000000000000e+00 nan
7.190000000000000000e+02 3.593389400135387035e+01 3.520324346655174708e+01 nan 1.000000000000000000e+00 nan
7.200000000000000000e+02 3.593389400135387746e+01 3.520460710291552431e+01 nan 1.000000000000000000e+00 nan
7.210000000000000000e+02 3.593389400135387746e+01 3.520597073927930154e+01 1.000000000000000000e+00 1.000000000000000000e+00 1.000000000000000000e+00
7.220000000000000000e+02 3.593389400135387035e+01 3.520733437564307877e+01 nan 1.000000000000000000e+00 nan
7.230000000000000000e+02 3.593389400135387035e+01 3.520869801200687021e+01 nan 1.000000000000000000e+00 nan
7.240000000000000000e+02 3.593389400135387035e+01 3.521006164837063324e+01 nan 1.000000000000000000e+00 nan
7.250000000000000000e+02 3.593389400135387035e+01 3.521142528473443178e+01 1.000000000000000000e+00 1.000000000000000000e+00 1.000000000000000000e+00
7.260000000000000000e+02 3.593389400135387035e+01 3.521278892109820902e+01 1.000000000000000000e+00 1.000000000000000000e+00 1.000000000000000000e+00
7.270000000000000000e+02 3.593389400135387035e+01 3.521415255746198625e+01 nan 1.000000000000000000e+00 nan
7.280000000000000000e+02 3.593389400135387035e+01 3.521551619382577059e+01 1.000000000000000000e+00 1.000000000000000000e+00 1.000000000000000000e+00
7.290000000000000000e+02 3.593389400135387035e+01 3.521687983018955492e+01 nan 1.000000000000000000e+00 nan
7.300000000000000000e+02 3.593389400135387035e+01 3.521824346655333215e+01 nan 1.000000000000000000e+00 nan
7.310000000000000000e+02 3.593389400135387035e+01 3.521960710291711649e+01 nan 1.000000000000000000e+00 nan
7.320000000000000000e+02 3.593389400135387035e+01 3.522097073928089372e+01 1.000000000000000000e+00 1.000000000000000000e+00 1.000000000000000000e+00
7.330000000000000000e+02 3.593389400135387035e+01 3.522233437564467096e+01 nan 1.000000000000000000e+00 nan
7.340000000000000000e+02 3.593389400135387035e+01 3.522369801200845529e+01 nan 1.000000000000000000e+00 nan
7.350000000000000000e+02 3.593389400135387035e+01 3.522506164837223963e+01 nan 1.000000000000000000e+00 nan
7.360000000000000000e+02 3.593389400135387035e+01 3.522642528473601686e+01 nan 1.000000000000000000e+00 nan
7.370000000000000000e+02 3.593389400135387035e+01 3.522778892109978699e+01 nan 1.000000000000000000e+00 nan
7.380000000000000000e+02 3.593525763771750547e+01 3.517324346654856271e+01 nan nan nan
7.390000000000000000e+02 3.593525763771751258e+01 3.517460710291233283e+01 nan nan nan
7.400000000000000000e+02 3.593525763771750547e+01 3.517597073927611717e+01 nan nan nan
7.410000000000000000e+02 3.593525763771749837e+01 3.517733437563990861e+01 nan nan nan
7.420000000000000000e+02 3.593525763771751258e+01 3.517869801200368585e+01 nan nan nan
7.430000000000000000e+02 3.593525763771750547e+01 3.518006164836746308e+01 nan nan nan
7.440000000000000000e+02 3.593525763771749837e+01 3.518142528473123321e+01 nan nan nan
7.450000000000000000e+02 3.593525763771751258e+01 3.518278892109501754e+01 nan nan nan
7.460000000000000000e+02 3.593525763771749837e+01 3.518415255745880188e+01 nan nan nan
7.470000000000000000e+02 3.593525763771749837e+01 3.518551619382259332e+01 nan nan nan
7.480000000000000000e+02 3.593525763771749837e+01 3.518687983018637766e+01 nan nan nan
7.490000000000000000e+02 3.593525763771750547e+01 3.518824346655015489e+01 nan nan nan
7.500000000000000000e+02 3.593525763771749837e+01 3.518960710291393212e+01 nan nan nan
7.510000000000000000e+02 3.593525763771749837e+01 3.519097073927770225e+01 nan nan nan
7.520000000000000000e+02 3.593525763771751258e+01 3.519233437564148659e+01 nan nan nan
7.530000000000000000e+02 3.593525763771749837e+01 3.519369801200527803e+01 nan nan nan
7.540000000000000000e+02 3.593525763771750547e+01 3.519506164836906237e+01 nan nan nan
7.550000000000000000e+02 3.593525763771749837e+01 3.519642528473283960e+01 nan 1.000000000000000000e+00 nan
7.560000000000000000e+02 3.593525763771749837e+01 3.519778892109660973e+01 nan nan nan
7.570000000000000000e+02 3.593525763771750547e+01 3.519915255746038696e+01 nan 1.000000000000000000e+00 nan
7.580000000000000000e+02 3.593525763771750547e+01 3.520051619382417840e+01 nan 1.000000000000000000e+00 nan
7.590000000000000000e+02 3.593525763771750547e+01 3.520187983018796274e+01 nan 1.000000000000000000e+00 nan
7.600000000000000000e+02 3.593525763771749837e+01 3.520324346655174708e+01 nan 1.000000000000000000e+00 nan
7.610000000000000000e+02 3.593525763771749837e+01 3.520460710291552431e+01 nan 1.000000000000000000e+00 nan
7.620000000000000000e+02 3.593525763771750547e+01 3.520597073927930865e+01 nan 1.000000000000000000e+00 nan
7.630000000000000000e+02 3.593525763771750547e+01 3.520733437564307877e+01 nan 1.000000000000000000e+00 nan
7.640000000000000000e+02 3.593525763771749837e+01 3.520869801200687021e+01 nan 1.000000000000000000e+00 nan
7.650000000000000000e+02 3.593525763771750547e+01 3.521006164837064034e+01 1.000000000000000000e+00 1.000000000000000000e+00 1.000000000000000000e+00
7.660000000000000000e+02 3.593525763771750547e+01 3.521142528473442468e+01 nan 1.000000000000000000e+00 nan
7.670000000000000000e+02 3.593525763771749837e+01 3.521278892109820191e+01 1.000000000000000000e+00 1.000000000000000000e+00 1.000000000000000000e+00
7.680000000000000000e+02 3.593525763771750547e+01 3.521415255746199335e+01 nan 1.000000000000000000e+00 nan
7.690000000000000000e+02 3.593525763771749837e+01 3.521551619382577059e+01 nan 1.000000000000000000e+00 nan
7.700000000000000000e+02 3.593525763771750547e+01 3.521687983018954782e+01 nan 1.000000000000000000e+00 nan
7.710000000000000000e+02 3.593525763771751258e+01 3.521824346655333215e+01 nan 1.000000000000000000e+00 nan
7.720000000000000000e+02 3.593525763771749837e+01 3.521960710291711649e+01 nan 1.000000000000000000e+00 nan
7.730000000000000000e+02 3.593525763771750547e+01 3.522097073928089372e+01 nan 1.000000000000000000e+00 nan
7.740000000000000000e+02 3.593525763771750547e+01 3.522233437564467096e+01 nan 1.000000000000000000e+00 nan
7.750000000000000000e+02 3.593525763771749837e+01 3.522369801200845529e+01 1.000000000000000000e+00 1.000000000000000000e+00 1.000000000000000000e+00
7.760000000000000000e+02 3.593525763771749837e+01 3.522506164837223253e+01 nan 1.000000000000000000e+00 nan
7.770000000000000000e+02 3.593525763771749837e+01 3.522642528473601686e+01 nan 1.000000000000000000e+00 nan
7.780000000000000000e+02 3.593525763771750547e+01 3.522778892109978699e+01 nan 1.000000000000000000e+00 nan
