1.000000000000000000e+00 4.738445911630269070e-01
3.000000000000000000e+00 5.243310061458641425e-01
5.000000000000000000e+00 5.491851455543523830e-01
7.000000000000000000e+00 5.650310215930840485e-01
9.000000000000000000e+00 5.774267775709700512e-01
1.100000000000000000e+01 5.882310647929480663e-01
1.300000000000000000e+01 5.981461947526353073e-01
1.500000000000000000e+01 6.074209717634633243e-01
1.700000000000000000e+01 6.160658054722931709e-01
1.900000000000000000e+01 6.242085907055472394e-01
2.100000000000000000e+01 6.317721387789430043e-01
2.300000000000000000e+01 6.386918246102797347e-01
2.500000000000000000e+01 6.447813435716425179e-01
2.700000000000000000e+01 6.500032607429959697e-01
2.900000000000000000e+01 6.544097649120694804e-01
3.100000000000000000e+01 6.578355809958686962e-01
3.300000000000000000e+01 6.603236157022436270e-01
3.500000000000000000e+01 6.620392013047735613e-01
3.700000000000000000e+01 6.631793108050634267e-01
3.900000000000000000e+01 6.637803754109874443e-01
4.100000000000000000e+01 6.638154537085122486e-01
4.300000000000000000e+01 6.633232898793177679e-01
4.500000000000000000e+01 6.625413244919428069e-01
4.700000000000000000e+01 6.615134382591900675e-01
4.900000000000000000e+01 6.602593234285552004e-01
5.100000000000000000e+01 6.588502604451114131e-01
5.300000000000000000e+01 6.573759042752576054e-01
5.500000000000000000e+01 6.558347767974661569e-01
5.700000000000000000e+01 6.542373595177322088e-01
5.900000000000000000e+01 6.525829459759017181e-01
6.100000000000000000e+01 6.509568955571388704e-01
6.300000000000000000e+01 6.494042215245089400e-01
6.500000000000000000e+01 6.478883716577157337e-01
6.700000000000000000e+01 6.464042551044610896e-01
6.900000000000000000e+01 6.449058066887685126e-01
7.100000000000000000e+01 6.433706471920885850e-01
7.300000000000000000e+01 6.417003947057688951e-01
7.500000000000000000e+01 6.399371440551050449e-01
7.700000000000000000e+01 6.381145950868094552e-01
7.900000000000000000e+01 6.364030250686238954e-01
8.100000000000000000e+01 6.347200823900862598e-01
8.300000000000000000e+01 6.330575603624515324e-01
8.500000000000000000e+01 6.313839580384006389e-01
8.700000000000000000e+01 6.297239747296785595e-01
8.900000000000000000e+01 6.282338761527628268e-01
9.100000000000000000e+01 6.269106788125040630e-01
9.300000000000000000e+01 6.257490097319857725e-01
9.500000000000000000e+01 6.247423154540452384e-01
9.700000000000000000e+01 6.238252525166331219e-01
9.900000000000000000e+01 6.229844926245087233e-01
1.010000000000000000e+02 6.222782277487535207e-01
1.030000000000000000e+02 6.217165726339899390e-01
1.050000000000000000e+02 6.213024224648802107e-01
1.070000000000000000e+02 6.208823224119722761e-01
1.090000000000000000e+02 6.205027690876239177e-01
1.110000000000000000e+02 6.200944829943362269e-01
1.130000000000000000e+02 6.196302088661097551e-01
1.150000000000000000e+02 6.191367259259145106e-01
1.170000000000000000e+02 6.186814632905234257e-01
1.190000000000000000e+02 6.182505704564043025e-01
1.210000000000000000e+02 6.178158662482143848e-01
1.230000000000000000e+02 6.173742750923369993e-01
1.250000000000000000e+02 6.169727459981033668e-01
1.270000000000000000e+02 6.166076514381484408e-01
1.290000000000000000e+02 6.162994574414059068e-01
1.310000000000000000e+02 6.160793617649795717e-01
1.330000000000000000e+02 6.159509789113324363e-01
1.350000000000000000e+02 6.158848454776340020e-01
1.370000000000000000e+02 6.158848454776332249e-01
1.390000000000000000e+02 6.158848454776335579e-01
1.410000000000000000e+02 6.158848454776333359e-01
1.430000000000000000e+02 6.158848454776330028e-01
1.450000000000000000e+02 6.158848454776338910e-01
1.470000000000000000e+02 6.158848454776335579e-01
1.490000000000000000e+02 6.158848454776337800e-01
