1.000000000000000000e+00 1.959247648902762151e-04
3.000000000000000000e+00 1.875805814914865977e-04
5.000000000000000000e+00 1.808378723869852323e-04
7.000000000000000000e+00 1.796007517771425199e-04
9.000000000000000000e+00 1.797577731679211865e-04
1.100000000000000000e+01 1.791451145158884373e-04
1.300000000000000000e+01 1.790312065164112454e-04
1.500000000000000000e+01 1.797862564417718190e-04
1.700000000000000000e+01 1.813278450462085800e-04
1.900000000000000000e+01 1.839628905029311312e-04
2.100000000000000000e+01 1.874704179974928664e-04
2.300000000000000000e+01 1.916279484135419153e-04
2.500000000000000000e+01 1.954784310709278827e-04
2.700000000000000000e+01 1.987735485263764090e-04
2.900000000000000000e+01 2.015837389763852627e-04
3.100000000000000000e+01 2.039879251339860033e-04
3.300000000000000000e+01 2.059363785601453500e-04
3.500000000000000000e+01 2.075532791384615550e-04
3.700000000000000000e+01 2.089459648596525554e-04
3.900000000000000000e+01 2.101678337087520276e-04
4.100000000000000000e+01 2.113158469722042909e-04
4.300000000000000000e+01 2.124703745460809756e-04
4.500000000000000000e+01 2.136381537974907374e-04
4.700000000000000000e+01 2.148424408086047066e-04
4.900000000000000000e+01 2.161250126996305809e-04
5.100000000000000000e+01 2.175388660794475015e-04
5.300000000000000000e+01 2.190966613072609093e-04
5.500000000000000000e+01 2.207573223175218757e-04
5.700000000000000000e+01 2.225192552914867505e-04
5.900000000000000000e+01 2.244176468551017933e-04
6.100000000000000000e+01 2.264609924133020868e-04
6.300000000000000000e+01 2.286508129827335978e-04
6.500000000000000000e+01 2.309997034699584617e-04
6.700000000000000000e+01 2.334918647763917221e-04
6.900000000000000000e+01 2.361368115817441549e-04
7.100000000000000000e+01 2.389433649573335927e-04
7.300000000000000000e+01 2.419252840190067033e-04
7.500000000000000000e+01 2.450679349342843594e-04
7.700000000000000000e+01 2.483499319587689769e-04
7.900000000000000000e+01 2.517286518372019444e-04
8.100000000000000000e+01 2.551809453168463193e-04
8.300000000000000000e+01 2.587286419726275710e-04
8.500000000000000000e+01 2.623768548232208175e-04
8.700000000000000000e+01 2.661212645048705028e-04
8.900000000000000000e+01 2.699643858650180306e-04
9.100000000000000000e+01 2.739098841302300968e-04
9.300000000000000000e+01 2.779891864790329237e-04
9.500000000000000000e+01 2.822029573521511736e-04
9.700000000000000000e+01 2.865444689521545740e-04
9.900000000000000000e+01 2.910238215119154148e-04
1.010000000000000000e+02 2.956445178475819446e-04
1.030000000000000000e+02 3.004202786519583057e-04
1.050000000000000000e+02 3.053566119335382467e-04
1.070000000000000000e+02 3.104507912145004767e-04
1.090000000000000000e+02 3.157041414673100732e-04
1.110000000000000000e+02 3.211130789804172991e-04
1.130000000000000000e+02 3.266805992091503796e-04
1.150000000000000000e+02 3.324211984458980140e-04
1.170000000000000000e+02 3.383649420608536573e-04
1.190000000000000000e+02 3.445190728654790036e-04
1.210000000000000000e+02 3.508958607283396702e-04
1.230000000000000000e+02 3.574994728524627519e-04
1.250000000000000000e+02 3.643260799255365612e-04
1.270000000000000000e+02 3.713672863208117292e-04
1.290000000000000000e+02 3.786181259570753355e-04
1.310000000000000000e+02 3.860724529564096841e-04
1.330000000000000000e+02 3.937287373303455240e-04
1.350000000000000000e+02 4.015731595330418457e-04
1.370000000000000000e+02 4.095980472673677042e-04
1.390000000000000000e+02 4.177943694207986169e-04
1.410000000000000000e+02 4.261534341888362221e-04
1.430000000000000000e+02 4.346725634305492747e-04
1.450000000000000000e+02 4.433495088760341929e-04
1.470000000000000000e+02 4.521780685519116716e-04
1.490000000000000000e+02 4.611575345836449458e-04
