1.000000000000000000e+00 5.092117185140441205e-01
3.000000000000000000e+00 5.847066891521781606e-01
5.000000000000000000e+00 6.204591662372345162e-01
7.000000000000000000e+00 6.442181317229481730e-01
9.000000000000000000e+00 6.630228670944439129e-01
1.100000000000000000e+01 6.792535494279868802e-01
1.300000000000000000e+01 6.938488074540063444e-01
1.500000000000000000e+01 7.072724116672127748e-01
1.700000000000000000e+01 7.198419724746281112e-01
1.900000000000000000e+01 7.314895730210615454e-01
2.100000000000000000e+01 7.420125686748149096e-01
2.300000000000000000e+01 7.516210980137556508e-01
2.500000000000000000e+01 7.601681826504136374e-01
2.700000000000000000e+01 7.678938642360757516e-01
2.900000000000000000e+01 7.749086329873569046e-01
3.100000000000000000e+01 7.813249734210463426e-01
3.300000000000000000e+01 7.871960484457197760e-01
3.500000000000000000e+01 7.925288423451223307e-01
3.700000000000000000e+01 7.973286999702586808e-01
3.900000000000000000e+01 8.016985661847622069e-01
4.100000000000000000e+01 8.057858940282375260e-01
4.300000000000000000e+01 8.095004489761890021e-01
4.500000000000000000e+01 8.128904348342577135e-01
4.700000000000000000e+01 8.159407978566767250e-01
4.900000000000000000e+01 8.188732137720506898e-01
5.100000000000000000e+01 8.217682593525587054e-01
5.300000000000000000e+01 8.246318628058812994e-01
5.500000000000000000e+01 8.274096292761682347e-01
5.700000000000000000e+01 8.301482703153880705e-01
5.900000000000000000e+01 8.327775380574614639e-01
6.100000000000000000e+01 8.352886438989246543e-01
6.300000000000000000e+01 8.375658940059299562e-01
6.500000000000000000e+01 8.396043596221551830e-01
6.700000000000000000e+01 8.415101757708488561e-01
6.900000000000000000e+01 8.432686495577094155e-01
7.100000000000000000e+01 8.448929921306962409e-01
7.300000000000000000e+01 8.463796386520429094e-01
7.500000000000000000e+01 8.478214200541375201e-01
7.700000000000000000e+01 8.492402054270258294e-01
7.900000000000000000e+01 8.505927021307615465e-01
8.100000000000000000e+01 8.518008223969710802e-01
8.300000000000000000e+01 8.528738280312505582e-01
8.500000000000000000e+01 8.538708018666930633e-01
8.700000000000000000e+01 8.547683588831622714e-01
8.900000000000000000e+01 8.555571622122458697e-01
9.100000000000000000e+01 8.561870992444073902e-01
9.300000000000000000e+01 8.567477745394771471e-01
9.500000000000000000e+01 8.572708109946420851e-01
9.700000000000000000e+01 8.577583795404281064e-01
9.900000000000000000e+01 8.581901339658146721e-01
1.010000000000000000e+02 8.585670826091664765e-01
1.030000000000000000e+02 8.588199799729924200e-01
1.050000000000000000e+02 8.590298691893674121e-01
1.070000000000000000e+02 8.591960548622863403e-01
1.090000000000000000e+02 8.593380681265012644e-01
1.110000000000000000e+02 8.594645208700152361e-01
1.130000000000000000e+02 8.595480872230139013e-01
1.150000000000000000e+02 8.595410448675238069e-01
1.170000000000000000e+02 8.594475742873377566e-01
1.190000000000000000e+02 8.593189784910086892e-01
1.210000000000000000e+02 8.591953954435023189e-01
1.230000000000000000e+02 8.590753605167747997e-01
1.250000000000000000e+02 8.589520422678553757e-01
1.270000000000000000e+02 8.587945705752144665e-01
1.290000000000000000e+02 8.586312846255944597e-01
1.310000000000000000e+02 8.584682738686066905e-01
1.330000000000000000e+02 8.583082241209631924e-01
1.350000000000000000e+02 8.581409552949599284e-01
1.370000000000000000e+02 8.579677446350091330e-01
1.390000000000000000e+02 8.577997368706774539e-01
1.410000000000000000e+02 8.576427804907024166e-01
1.430000000000000000e+02 8.574975749329110108e-01
1.450000000000000000e+02 8.573551839548501086e-01
1.470000000000000000e+02 8.572207521787621465e-01
1.490000000000000000e+02 8.571095649458631005e-01
