1.000000000000000000e+00 3.209787693414897225e-01
3.000000000000000000e+00 3.552871388846357004e-01
5.000000000000000000e+00 3.705397171443328697e-01
7.000000000000000000e+00 3.787514788220837092e-01
9.000000000000000000e+00 3.842656108978139695e-01
1.100000000000000000e+01 3.885237412986312089e-01
1.300000000000000000e+01 3.921848630970966587e-01
1.500000000000000000e+01 3.954946775715445506e-01
1.700000000000000000e+01 3.984727229526650039e-01
1.900000000000000000e+01 4.011481049926356457e-01
2.100000000000000000e+01 4.035865910411275959e-01
2.300000000000000000e+01 4.058095436313550186e-01
2.500000000000000000e+01 4.078688039100880625e-01
2.700000000000000000e+01 4.097945530146055448e-01
2.900000000000000000e+01 4.116084526674900212e-01
3.100000000000000000e+01 4.133416212195468731e-01
3.300000000000000000e+01 4.150309154943492285e-01
3.500000000000000000e+01 4.167106920606925557e-01
3.700000000000000000e+01 4.183927185131492976e-01
3.900000000000000000e+01 4.201064715169482433e-01
4.100000000000000000e+01 4.218801373003380206e-01
4.300000000000000000e+01 4.237261675424958129e-01
4.500000000000000000e+01 4.256610311716497730e-01
4.700000000000000000e+01 4.276945421925374413e-01
4.900000000000000000e+01 4.298424940960705598e-01
5.100000000000000000e+01 4.321063630997640237e-01
5.300000000000000000e+01 4.344852889344642533e-01
5.500000000000000000e+01 4.369785688046229355e-01
5.700000000000000000e+01 4.396028555365940615e-01
5.900000000000000000e+01 4.423551220694484920e-01
6.100000000000000000e+01 4.452094702662320325e-01
6.300000000000000000e+01 4.481643760259054199e-01
6.500000000000000000e+01 4.512185405956956608e-01
6.700000000000000000e+01 4.543642574670569978e-01
6.900000000000000000e+01 4.575879422726165657e-01
7.100000000000000000e+01 4.608829186900247343e-01
7.300000000000000000e+01 4.642426232690433086e-01
7.500000000000000000e+01 4.676614569652739473e-01
7.700000000000000000e+01 4.711346684692414577e-01
7.900000000000000000e+01 4.746533524037560570e-01
8.100000000000000000e+01 4.782089564265419313e-01
8.300000000000000000e+01 4.817904897218536764e-01
8.500000000000000000e+01 4.853965639815084332e-01
8.700000000000000000e+01 4.890137723156785521e-01
8.900000000000000000e+01 4.926568996059303984e-01
9.100000000000000000e+01 4.963153754612696922e-01
9.300000000000000000e+01 4.999821322257405054e-01
9.500000000000000000e+01 5.036627552213771564e-01
9.700000000000000000e+01 5.073539398459867567e-01
9.900000000000000000e+01 5.110505737318504771e-01
1.010000000000000000e+02 5.147476134935475844e-01
1.030000000000000000e+02 5.184416288132749351e-01
1.050000000000000000e+02 5.221260535202432163e-01
1.070000000000000000e+02 5.258011493623180321e-01
1.090000000000000000e+02 5.294645272735866159e-01
1.110000000000000000e+02 5.331232119946835990e-01
1.130000000000000000e+02 5.367624287017442875e-01
1.150000000000000000e+02 5.403920279269479598e-01
1.170000000000000000e+02 5.440183333542907285e-01
1.190000000000000000e+02 5.476432884043671567e-01
1.210000000000000000e+02 5.512327744786698069e-01
1.230000000000000000e+02 5.547935374066046421e-01
1.250000000000000000e+02 5.583400157400509878e-01
1.270000000000000000e+02 5.618667354250210799e-01
1.290000000000000000e+02 5.653652769297166092e-01
1.310000000000000000e+02 5.688322363611387766e-01
1.330000000000000000e+02 5.722710180630772303e-01
1.350000000000000000e+02 5.756706241847981964e-01
1.370000000000000000e+02 5.790367790485658750e-01
1.390000000000000000e+02 5.823584050171367599e-01
1.410000000000000000e+02 5.856394732838545725e-01
1.430000000000000000e+02 5.888641474030478218e-01
1.450000000000000000e+02 5.920349214477541588e-01
1.470000000000000000e+02 5.951675118548497290e-01
1.490000000000000000e+02 5.982547360152443705e-01
