1.000000000000000000e+00 2.481081486080038978e-02
3.000000000000000000e+00 2.573646806886698002e-02
5.000000000000000000e+00 2.622055159620495512e-02
7.000000000000000000e+00 2.658769722858855822e-02
9.000000000000000000e+00 2.689769277931841618e-02
1.100000000000000000e+01 2.715285005238732285e-02
1.300000000000000000e+01 2.737756127811719065e-02
1.500000000000000000e+01 2.758855564783335712e-02
1.700000000000000000e+01 2.779084997441549909e-02
1.900000000000000000e+01 2.798655005409556029e-02
2.100000000000000000e+01 2.817390435815758654e-02
2.300000000000000000e+01 2.835435242435035974e-02
2.500000000000000000e+01 2.852800047902870340e-02
2.700000000000000000e+01 2.869738804130073095e-02
2.900000000000000000e+01 2.886514237915727144e-02
3.100000000000000000e+01 2.903024490646743949e-02
3.300000000000000000e+01 2.919209566118485810e-02
3.500000000000000000e+01 2.934984494476311490e-02
3.700000000000000000e+01 2.950343462579230192e-02
3.900000000000000000e+01 2.965389645510718708e-02
4.100000000000000000e+01 2.980261968792474736e-02
4.300000000000000000e+01 2.995003527914741337e-02
4.500000000000000000e+01 3.009693273118985157e-02
4.700000000000000000e+01 3.024373262006685437e-02
4.900000000000000000e+01 3.039040005852078341e-02
5.100000000000000000e+01 3.053698758161349502e-02
5.300000000000000000e+01 3.068339656339424959e-02
5.500000000000000000e+01 3.082934214192900590e-02
5.700000000000000000e+01 3.097473265881833804e-02
5.900000000000000000e+01 3.111979033760770008e-02
6.100000000000000000e+01 3.126472127918755728e-02
6.300000000000000000e+01 3.140958811685234942e-02
6.500000000000000000e+01 3.155457538763450920e-02
6.700000000000000000e+01 3.169976158226284202e-02
6.900000000000000000e+01 3.184520700516213498e-02
7.100000000000000000e+01 3.199082063442104662e-02
7.300000000000000000e+01 3.213642243698311418e-02
7.500000000000000000e+01 3.228205954097274066e-02
7.700000000000000000e+01 3.242776954748793905e-02
7.900000000000000000e+01 3.257348762534206799e-02
8.100000000000000000e+01 3.271927971440913296e-02
8.300000000000000000e+01 3.286513254796541439e-02
8.500000000000000000e+01 3.301099962056941450e-02
8.700000000000000000e+01 3.315696682838598086e-02
8.900000000000000000e+01 3.330304058143784829e-02
9.100000000000000000e+01 3.344919258869716305e-02
9.300000000000000000e+01 3.359546229268495221e-02
9.500000000000000000e+01 3.374189816418882160e-02
9.700000000000000000e+01 3.388847993125387870e-02
9.900000000000000000e+01 3.403520503175849754e-02
1.010000000000000000e+02 3.418204084351084138e-02
1.030000000000000000e+02 3.432892564143885661e-02
1.050000000000000000e+02 3.447581365276441989e-02
1.070000000000000000e+02 3.462264634638234639e-02
1.090000000000000000e+02 3.476933950578964261e-02
1.110000000000000000e+02 3.491585172545175197e-02
1.130000000000000000e+02 3.506155597167248672e-02
1.150000000000000000e+02 3.520636228142715041e-02
1.170000000000000000e+02 3.535017397608997136e-02
1.190000000000000000e+02 3.549298175050386028e-02
1.210000000000000000e+02 3.563461743067564136e-02
1.230000000000000000e+02 3.577495270316566334e-02
1.250000000000000000e+02 3.591382471199211501e-02
1.270000000000000000e+02 3.605115968234062773e-02
1.290000000000000000e+02 3.618681583843030847e-02
1.310000000000000000e+02 3.632063106965022214e-02
1.330000000000000000e+02 3.645267406558239109e-02
1.350000000000000000e+02 3.658299569992173872e-02
1.370000000000000000e+02 3.671131407005345793e-02
1.390000000000000000e+02 3.683752065426526556e-02
1.410000000000000000e+02 3.696158227811097152e-02
1.430000000000000000e+02 3.708337981825438057e-02
1.450000000000000000e+02 3.720286298561137350e-02
1.470000000000000000e+02 3.732003053478816224e-02
1.490000000000000000e+02 3.743487749718144020e-02
