1.000000000000000000e+00 7.121789799295008550e-03
3.000000000000000000e+00 1.037002754491922474e-02
5.000000000000000000e+00 1.164922709229110342e-02
7.000000000000000000e+00 1.163156039374513284e-02
9.000000000000000000e+00 1.112776151371941413e-02
1.100000000000000000e+01 1.048347349401512751e-02
1.300000000000000000e+01 9.817817873025935782e-03
1.500000000000000000e+01 9.169449613489866202e-03
1.700000000000000000e+01 8.547596349619546174e-03
1.900000000000000000e+01 7.952167579646118867e-03
2.100000000000000000e+01 7.384016013424754554e-03
2.300000000000000000e+01 6.832401201953386405e-03
2.500000000000000000e+01 6.294289266924990578e-03
2.700000000000000000e+01 5.770917037045131259e-03
2.900000000000000000e+01 5.274678937293275638e-03
3.100000000000000000e+01 4.812528132187687824e-03
3.300000000000000000e+01 4.386504647431843651e-03
3.500000000000000000e+01 3.995990385191494632e-03
3.700000000000000000e+01 3.642428343502035482e-03
3.900000000000000000e+01 3.320770564491759558e-03
4.100000000000000000e+01 3.031038634145111210e-03
4.300000000000000000e+01 2.768464278134263878e-03
4.500000000000000000e+01 2.533012466589656952e-03
4.700000000000000000e+01 2.322067967436058922e-03
4.900000000000000000e+01 2.135288303546256650e-03
5.100000000000000000e+01 1.975498874026038187e-03
5.300000000000000000e+01 1.839213733581868127e-03
5.500000000000000000e+01 1.723250195393322137e-03
5.700000000000000000e+01 1.624666269884667003e-03
5.900000000000000000e+01 1.541313057588977742e-03
6.100000000000000000e+01 1.471729954294453968e-03
6.300000000000000000e+01 1.413347306990719865e-03
6.500000000000000000e+01 1.364061706287889031e-03
6.700000000000000000e+01 1.322812196944300744e-03
6.900000000000000000e+01 1.287978947631440718e-03
7.100000000000000000e+01 1.258248806129458330e-03
7.300000000000000000e+01 1.232733780905159726e-03
7.500000000000000000e+01 1.210334523348843838e-03
7.700000000000000000e+01 1.190119704103098641e-03
7.900000000000000000e+01 1.171794329680952984e-03
8.100000000000000000e+01 1.155059761619003922e-03
8.300000000000000000e+01 1.139357978461985610e-03
8.500000000000000000e+01 1.124249613520866831e-03
8.700000000000000000e+01 1.109634983910923189e-03
8.900000000000000000e+01 1.095524267234582183e-03
9.100000000000000000e+01 1.081956904949388232e-03
9.300000000000000000e+01 1.068991839679789280e-03
9.500000000000000000e+01 1.056482844037809343e-03
9.700000000000000000e+01 1.044514562314469153e-03
9.900000000000000000e+01 1.033348659074229126e-03
1.010000000000000000e+02 1.023151441867486966e-03
1.030000000000000000e+02 1.013237153221213660e-03
1.050000000000000000e+02 1.003317721830709885e-03
1.070000000000000000e+02 9.933422363036514824e-04
1.090000000000000000e+02 9.834054615027731927e-04
1.110000000000000000e+02 9.734593032012517355e-04
1.130000000000000000e+02 9.637453260628037199e-04
1.150000000000000000e+02 9.541849026601934014e-04
1.170000000000000000e+02 9.446497531990782903e-04
1.190000000000000000e+02 9.353293472109669437e-04
1.210000000000000000e+02 9.258782787550101645e-04
1.230000000000000000e+02 9.164292176663257905e-04
1.250000000000000000e+02 9.069988367040870969e-04
1.270000000000000000e+02 8.976843471847351097e-04
1.290000000000000000e+02 8.885738054164038502e-04
1.310000000000000000e+02 8.797680994907519647e-04
1.330000000000000000e+02 8.711594557428981034e-04
1.350000000000000000e+02 8.628367292604632866e-04
1.370000000000000000e+02 8.548924957899606270e-04
1.390000000000000000e+02 8.474316020556926787e-04
1.410000000000000000e+02 8.404430928571349213e-04
1.430000000000000000e+02 8.339373636860880623e-04
1.450000000000000000e+02 8.279343752014556301e-04
1.470000000000000000e+02 8.224132762059133128e-04
1.490000000000000000e+02 8.173642610127540564e-04
