1.000000000000000000e+00 1.005802707930367745e-01
3.000000000000000000e+00 1.092501295999276367e-01
5.000000000000000000e+00 1.141921284186614427e-01
7.000000000000000000e+00 1.171988784460951116e-01
9.000000000000000000e+00 1.193699166003558965e-01
1.100000000000000000e+01 1.210382335660232789e-01
1.300000000000000000e+01 1.222996183160555139e-01
1.500000000000000000e+01 1.233298132701390326e-01
1.700000000000000000e+01 1.242285615993696801e-01
1.900000000000000000e+01 1.250210791066854732e-01
2.100000000000000000e+01 1.257302437342282531e-01
2.300000000000000000e+01 1.263639489319239306e-01
2.500000000000000000e+01 1.269162942366893754e-01
2.700000000000000000e+01 1.273816639778829751e-01
2.900000000000000000e+01 1.277508046678941245e-01
3.100000000000000000e+01 1.280409841965474138e-01
3.300000000000000000e+01 1.282426284408193506e-01
3.500000000000000000e+01 1.283696165166916536e-01
3.700000000000000000e+01 1.284335528435872620e-01
3.900000000000000000e+01 1.284397191373389813e-01
4.100000000000000000e+01 1.283912138412662829e-01
4.300000000000000000e+01 1.282982586121658164e-01
4.500000000000000000e+01 1.281618213599562406e-01
4.700000000000000000e+01 1.279860423017490367e-01
4.900000000000000000e+01 1.277770156617926700e-01
5.100000000000000000e+01 1.275414881481587992e-01
5.300000000000000000e+01 1.272787025609417588e-01
5.500000000000000000e+01 1.269920442377188152e-01
5.700000000000000000e+01 1.266967520149520077e-01
5.900000000000000000e+01 1.263973099390397481e-01
6.100000000000000000e+01 1.260904746057318615e-01
6.300000000000000000e+01 1.257798350191396963e-01
6.500000000000000000e+01 1.254521242966961658e-01
6.700000000000000000e+01 1.251325555667924805e-01
6.900000000000000000e+01 1.248160604841953569e-01
7.100000000000000000e+01 1.245026254020645817e-01
7.300000000000000000e+01 1.242007477818979355e-01
7.500000000000000000e+01 1.239118895183637381e-01
7.700000000000000000e+01 1.236336079844259084e-01
7.900000000000000000e+01 1.233625547136764089e-01
8.100000000000000000e+01 1.230904287273322240e-01
8.300000000000000000e+01 1.228180986190567925e-01
8.500000000000000000e+01 1.225448068065801976e-01
8.700000000000000000e+01 1.222711588692124707e-01
8.900000000000000000e+01 1.220145092858304636e-01
9.100000000000000000e+01 1.217735672877254816e-01
9.300000000000000000e+01 1.215374254474539395e-01
9.500000000000000000e+01 1.212939979621449060e-01
9.700000000000000000e+01 1.210441527688407293e-01
9.900000000000000000e+01 1.207875351845348888e-01
1.010000000000000000e+02 1.205326585365008585e-01
1.030000000000000000e+02 1.202833735161294992e-01
1.050000000000000000e+02 1.200396075611558366e-01
1.070000000000000000e+02 1.197922354679904489e-01
1.090000000000000000e+02 1.195407227045801601e-01
1.110000000000000000e+02 1.192888385675170415e-01
1.130000000000000000e+02 1.190327720474601003e-01
1.150000000000000000e+02 1.187730307300980392e-01
1.170000000000000000e+02 1.185079068272173464e-01
1.190000000000000000e+02 1.182374456802395279e-01
1.210000000000000000e+02 1.179637582505066451e-01
1.230000000000000000e+02 1.176953576221139164e-01
1.250000000000000000e+02 1.174280361286507146e-01
1.270000000000000000e+02 1.171671714500565065e-01
1.290000000000000000e+02 1.169064651119502418e-01
1.310000000000000000e+02 1.166466968227528600e-01
1.330000000000000000e+02 1.163972557584944667e-01
1.350000000000000000e+02 1.161563107443284171e-01
1.370000000000000000e+02 1.159257028463004380e-01
1.390000000000000000e+02 1.157125511566619025e-01
1.410000000000000000e+02 1.155204782528911345e-01
1.430000000000000000e+02 1.153492254763945901e-01
1.450000000000000000e+02 1.151911693198374165e-01
1.470000000000000000e+02 1.150526183265900837e-01
1.490000000000000000e+02 1.149317921990783420e-01
