1.000000000000000000e+00 1.887137666954186166e-02
3.000000000000000000e+00 1.920322863712065065e-02
5.000000000000000000e+00 1.927187144668507379e-02
7.000000000000000000e+00 1.928290771539875603e-02
9.000000000000000000e+00 1.927819203352465482e-02
1.100000000000000000e+01 1.930548287784727979e-02
1.300000000000000000e+01 1.936595798999707352e-02
1.500000000000000000e+01 1.942913494757758652e-02
1.700000000000000000e+01 1.947446156983712040e-02
1.900000000000000000e+01 1.949168664745071222e-02
2.100000000000000000e+01 1.947795659539530710e-02
2.300000000000000000e+01 1.943739201734306921e-02
2.500000000000000000e+01 1.937381351927447426e-02
2.700000000000000000e+01 1.929241659739167059e-02
2.900000000000000000e+01 1.919868344101138824e-02
3.100000000000000000e+01 1.909781191125237143e-02
3.300000000000000000e+01 1.899080618159632028e-02
3.500000000000000000e+01 1.887887517207298416e-02
3.700000000000000000e+01 1.876128640378760259e-02
3.900000000000000000e+01 1.863955997286770305e-02
4.100000000000000000e+01 1.851498425457764885e-02
4.300000000000000000e+01 1.838975008575771675e-02
4.500000000000000000e+01 1.826484500214120565e-02
4.700000000000000000e+01 1.814000389421488446e-02
4.900000000000000000e+01 1.801433567372845435e-02
5.100000000000000000e+01 1.788859799840802900e-02
5.300000000000000000e+01 1.776304803559669576e-02
5.500000000000000000e+01 1.763888351161935208e-02
5.700000000000000000e+01 1.751599040244722350e-02
5.900000000000000000e+01 1.739440570394235053e-02
6.100000000000000000e+01 1.727679455422159727e-02
6.300000000000000000e+01 1.716283346250402353e-02
6.500000000000000000e+01 1.705049723151685903e-02
6.700000000000000000e+01 1.693926464777761876e-02
6.900000000000000000e+01 1.682829418691045298e-02
7.100000000000000000e+01 1.671760666438981691e-02
7.300000000000000000e+01 1.660711931225067328e-02
7.500000000000000000e+01 1.649773970380730148e-02
7.700000000000000000e+01 1.638953025169509470e-02
7.900000000000000000e+01 1.628031614074976208e-02
8.100000000000000000e+01 1.617393564669578065e-02
8.300000000000000000e+01 1.607035029540193616e-02
8.500000000000000000e+01 1.596730841459470529e-02
8.700000000000000000e+01 1.586422406449228273e-02
8.900000000000000000e+01 1.576202979918261970e-02
9.100000000000000000e+01 1.566085182097121109e-02
9.300000000000000000e+01 1.556135716982198769e-02
9.500000000000000000e+01 1.546361906050253143e-02
9.700000000000000000e+01 1.536861153959079296e-02
9.900000000000000000e+01 1.527494516636351829e-02
1.010000000000000000e+02 1.518256562179809421e-02
1.030000000000000000e+02 1.509252250470061174e-02
1.050000000000000000e+02 1.500473834886451030e-02
1.070000000000000000e+02 1.491946210958350338e-02
1.090000000000000000e+02 1.483597117625001793e-02
1.110000000000000000e+02 1.475419374089570468e-02
1.130000000000000000e+02 1.467410828041670889e-02
1.150000000000000000e+02 1.459512803511009427e-02
1.170000000000000000e+02 1.451743027654062157e-02
1.190000000000000000e+02 1.444098487177025714e-02
1.210000000000000000e+02 1.436625887445408534e-02
1.230000000000000000e+02 1.429286685869635143e-02
1.250000000000000000e+02 1.422078467608522967e-02
1.270000000000000000e+02 1.414884373102298643e-02
1.290000000000000000e+02 1.407679883953560918e-02
1.310000000000000000e+02 1.400539933649125324e-02
1.330000000000000000e+02 1.393513162263704253e-02
1.350000000000000000e+02 1.386602212138132728e-02
1.370000000000000000e+02 1.379813048724543023e-02
1.390000000000000000e+02 1.373143718109759437e-02
1.410000000000000000e+02 1.366600043909038664e-02
1.430000000000000000e+02 1.360129493803008405e-02
1.450000000000000000e+02 1.353736871859045898e-02
1.470000000000000000e+02 1.347565598574784751e-02
1.490000000000000000e+02 1.341612372493961036e-02
