1.000000000000000000e+00 1.509905897783947459e-02
3.000000000000000000e+00 1.548679232455241195e-02
5.000000000000000000e+00 1.571187384412908727e-02
7.000000000000000000e+00 1.588310006592963397e-02
9.000000000000000000e+00 1.603262079874001600e-02
1.100000000000000000e+01 1.616858895240946836e-02
1.300000000000000000e+01 1.629126836275063273e-02
1.500000000000000000e+01 1.639900047470865818e-02
1.700000000000000000e+01 1.649154541595831969e-02
1.900000000000000000e+01 1.656934481240845969e-02
2.100000000000000000e+01 1.663378858462560839e-02
2.300000000000000000e+01 1.668787729877130310e-02
2.500000000000000000e+01 1.673348402823604530e-02
2.700000000000000000e+01 1.677331521477742893e-02
2.900000000000000000e+01 1.680821345204885908e-02
3.100000000000000000e+01 1.683918740386614044e-02
3.300000000000000000e+01 1.686525368037539163e-02
3.500000000000000000e+01 1.688604039485330777e-02
3.700000000000000000e+01 1.690223733389306648e-02
3.900000000000000000e+01 1.691430096706536546e-02
4.100000000000000000e+01 1.692215515409589699e-02
4.300000000000000000e+01 1.692575432705201166e-02
4.500000000000000000e+01 1.692487706853074148e-02
4.700000000000000000e+01 1.691989110588631995e-02
4.900000000000000000e+01 1.691113204697536343e-02
5.100000000000000000e+01 1.689903206050957785e-02
5.300000000000000000e+01 1.688372954722794361e-02
5.500000000000000000e+01 1.686532150366337746e-02
5.700000000000000000e+01 1.684429255292130279e-02
5.900000000000000000e+01 1.682077312245755518e-02
6.100000000000000000e+01 1.679487244588162564e-02
6.300000000000000000e+01 1.676514107782101082e-02
6.500000000000000000e+01 1.673172701842429166e-02
6.700000000000000000e+01 1.669482494379781468e-02
6.900000000000000000e+01 1.665463593742610993e-02
7.100000000000000000e+01 1.661121852907221363e-02
7.300000000000000000e+01 1.656412488031011598e-02
7.500000000000000000e+01 1.651335584803148571e-02
7.700000000000000000e+01 1.645912998964071949e-02
7.900000000000000000e+01 1.640097080701841126e-02
8.100000000000000000e+01 1.633892899564826084e-02
8.300000000000000000e+01 1.627298318304115643e-02
8.500000000000000000e+01 1.620305793192355903e-02
8.700000000000000000e+01 1.612990146444759354e-02
8.900000000000000000e+01 1.605441058804657484e-02
9.100000000000000000e+01 1.597627527496414679e-02
9.300000000000000000e+01 1.589625949790174353e-02
9.500000000000000000e+01 1.581462874338879221e-02
9.700000000000000000e+01 1.573169814476882422e-02
9.900000000000000000e+01 1.564706988019848311e-02
1.010000000000000000e+02 1.556173954440120966e-02
1.030000000000000000e+02 1.547590882150862157e-02
1.050000000000000000e+02 1.538918882509154873e-02
1.070000000000000000e+02 1.530094112457247579e-02
1.090000000000000000e+02 1.521229428147552465e-02
1.110000000000000000e+02 1.512343372819213716e-02
1.130000000000000000e+02 1.503510500112525961e-02
1.150000000000000000e+02 1.494666322499949018e-02
1.170000000000000000e+02 1.485826312312854558e-02
1.190000000000000000e+02 1.476977049995875646e-02
1.210000000000000000e+02 1.468117718985550990e-02
1.230000000000000000e+02 1.459257796875579327e-02
1.250000000000000000e+02 1.450380703544085215e-02
1.270000000000000000e+02 1.441484965070438662e-02
1.290000000000000000e+02 1.432650381830713471e-02
1.310000000000000000e+02 1.423967994649621982e-02
1.330000000000000000e+02 1.415438225291409946e-02
1.350000000000000000e+02 1.406932198609889273e-02
1.370000000000000000e+02 1.398456543185244705e-02
1.390000000000000000e+02 1.390062393181745737e-02
1.410000000000000000e+02 1.381738375405627828e-02
1.430000000000000000e+02 1.373488973980985239e-02
1.450000000000000000e+02 1.365272538719686235e-02
1.470000000000000000e+02 1.357080046715941624e-02
1.490000000000000000e+02 1.348917372003011206e-02
