1.000000000000000000e+00 2.724465286514926587e-01
3.000000000000000000e+00 3.066143073581574230e-01
5.000000000000000000e+00 3.207427947505028243e-01
7.000000000000000000e+00 3.290987755298931949e-01
9.000000000000000000e+00 3.361316573312568279e-01
1.100000000000000000e+01 3.427296408412869866e-01
1.300000000000000000e+01 3.491900936758141061e-01
1.500000000000000000e+01 3.556064171560521237e-01
1.700000000000000000e+01 3.620700812977808436e-01
1.900000000000000000e+01 3.686215236522781824e-01
2.100000000000000000e+01 3.752319901727756424e-01
2.300000000000000000e+01 3.818846637773513075e-01
2.500000000000000000e+01 3.885914436781600090e-01
2.700000000000000000e+01 3.953202302613560981e-01
2.900000000000000000e+01 4.020634135682960020e-01
3.100000000000000000e+01 4.088373282471214898e-01
3.300000000000000000e+01 4.157049629232600907e-01
3.500000000000000000e+01 4.226432361907835888e-01
3.700000000000000000e+01 4.296524316476468819e-01
3.900000000000000000e+01 4.367694867131486358e-01
4.100000000000000000e+01 4.439886010156768315e-01
4.300000000000000000e+01 4.513003298978229827e-01
4.500000000000000000e+01 4.586972735534887713e-01
4.700000000000000000e+01 4.661913451563350907e-01
4.900000000000000000e+01 4.737742294913717123e-01
5.100000000000000000e+01 4.814230228104602327e-01
5.300000000000000000e+01 4.891366994699940518e-01
5.500000000000000000e+01 4.969116190016020784e-01
5.700000000000000000e+01 5.047521037248610121e-01
5.900000000000000000e+01 5.126808618493572389e-01
6.100000000000000000e+01 5.206729624039792004e-01
6.300000000000000000e+01 5.287168329419463797e-01
6.500000000000000000e+01 5.368109416233957099e-01
6.700000000000000000e+01 5.449362386679130754e-01
6.900000000000000000e+01 5.530662622043661658e-01
7.100000000000000000e+01 5.611853852994295178e-01
7.300000000000000000e+01 5.692803756911740676e-01
7.500000000000000000e+01 5.773329721552690197e-01
7.700000000000000000e+01 5.853431991062798545e-01
7.900000000000000000e+01 5.932602825041475292e-01
8.100000000000000000e+01 6.010687014127802374e-01
8.300000000000000000e+01 6.087692275407299292e-01
8.500000000000000000e+01 6.163518470134867755e-01
8.700000000000000000e+01 6.237955957567600240e-01
8.900000000000000000e+01 6.310807832030487230e-01
9.100000000000000000e+01 6.382004008500924419e-01
9.300000000000000000e+01 6.451555553355423633e-01
9.500000000000000000e+01 6.519143370473987620e-01
9.700000000000000000e+01 6.584872240032948465e-01
9.900000000000000000e+01 6.649264943295815078e-01
1.010000000000000000e+02 6.712337024319965373e-01
1.030000000000000000e+02 6.773387799367511786e-01
1.050000000000000000e+02 6.832555014035190943e-01
1.070000000000000000e+02 6.890141372695837152e-01
1.090000000000000000e+02 6.946194183828384716e-01
1.110000000000000000e+02 7.000863559337835440e-01
1.130000000000000000e+02 7.053424767590410482e-01
1.150000000000000000e+02 7.103890312757659142e-01
1.170000000000000000e+02 7.152532870516168373e-01
1.190000000000000000e+02 7.199439906069609041e-01
1.210000000000000000e+02 7.244076314871374933e-01
1.230000000000000000e+02 7.286499941003450331e-01
1.250000000000000000e+02 7.327174372456668472e-01
1.270000000000000000e+02 7.366333168321563818e-01
1.290000000000000000e+02 7.403608901686715704e-01
1.310000000000000000e+02 7.438969096712342299e-01
1.330000000000000000e+02 7.472452999040247734e-01
1.350000000000000000e+02 7.504198396065102639e-01
1.370000000000000000e+02 7.534320197709386546e-01
1.390000000000000000e+02 7.562078097351001560e-01
1.410000000000000000e+02 7.587560420831347407e-01
1.430000000000000000e+02 7.610988312414375123e-01
1.450000000000000000e+02 7.632392374951068037e-01
1.470000000000000000e+02 7.651783509536511652e-01
1.490000000000000000e+02 7.669257358073573450e-01
