1.000000000000000000e+00 4.306722689075630495e-01
3.000000000000000000e+00 4.875079227038898733e-01
5.000000000000000000e+00 5.150662386215865141e-01
7.000000000000000000e+00 5.326570218747681551e-01
9.000000000000000000e+00 5.471969697526983811e-01
1.100000000000000000e+01 5.607246469607001238e-01
1.300000000000000000e+01 5.730118222025337715e-01
1.500000000000000000e+01 5.845259802976638941e-01
1.700000000000000000e+01 5.954217393700289573e-01
1.900000000000000000e+01 6.056268829401726395e-01
2.100000000000000000e+01 6.150778705452299988e-01
2.300000000000000000e+01 6.238420244476126086e-01
2.500000000000000000e+01 6.319461868477564970e-01
2.700000000000000000e+01 6.393680287482985669e-01
2.900000000000000000e+01 6.462800618222391824e-01
3.100000000000000000e+01 6.528365900366650543e-01
3.300000000000000000e+01 6.590043997941215093e-01
3.500000000000000000e+01 6.648578757864822553e-01
3.700000000000000000e+01 6.704079740527838505e-01
3.900000000000000000e+01 6.756638120846085727e-01
4.100000000000000000e+01 6.806368189322249407e-01
4.300000000000000000e+01 6.853299448848646502e-01
4.500000000000000000e+01 6.897199508090011699e-01
4.700000000000000000e+01 6.937924523146490330e-01
4.900000000000000000e+01 6.975513584146944002e-01
5.100000000000000000e+01 7.010982735179656089e-01
5.300000000000000000e+01 7.044266343789554741e-01
5.500000000000000000e+01 7.075440541325392907e-01
5.700000000000000000e+01 7.104881098381605753e-01
5.900000000000000000e+01 7.132219908333684577e-01
6.100000000000000000e+01 7.158004705630800490e-01
6.300000000000000000e+01 7.182034368533749547e-01
6.500000000000000000e+01 7.204628246767658117e-01
6.700000000000000000e+01 7.225444836699810303e-01
6.900000000000000000e+01 7.244628768192931112e-01
7.100000000000000000e+01 7.261891107014037949e-01
7.300000000000000000e+01 7.277407010409968624e-01
7.500000000000000000e+01 7.290898699815322459e-01
7.700000000000000000e+01 7.301860915120368389e-01
7.900000000000000000e+01 7.310967528043945673e-01
8.100000000000000000e+01 7.318265866379917162e-01
8.300000000000000000e+01 7.324274507628680819e-01
8.500000000000000000e+01 7.327987831314153322e-01
8.700000000000000000e+01 7.329501035980139356e-01
8.900000000000000000e+01 7.328773323896491387e-01
9.100000000000000000e+01 7.326906572007350071e-01
9.300000000000000000e+01 7.324130712742012994e-01
9.500000000000000000e+01 7.321095417918188630e-01
9.700000000000000000e+01 7.317894019248606385e-01
9.900000000000000000e+01 7.314284056051538752e-01
1.010000000000000000e+02 7.309636133502664945e-01
1.030000000000000000e+02 7.304473612454545073e-01
1.050000000000000000e+02 7.298836150005902912e-01
1.070000000000000000e+02 7.293341688889326546e-01
1.090000000000000000e+02 7.287900836415317496e-01
1.110000000000000000e+02 7.282066711321989461e-01
1.130000000000000000e+02 7.276066884532796930e-01
1.150000000000000000e+02 7.270258192926002394e-01
1.170000000000000000e+02 7.265253483391465039e-01
1.190000000000000000e+02 7.261185531759448697e-01
1.210000000000000000e+02 7.257562004789697152e-01
1.230000000000000000e+02 7.254434225180251827e-01
1.250000000000000000e+02 7.251686488226802840e-01
1.270000000000000000e+02 7.249568549230102077e-01
1.290000000000000000e+02 7.247700519982948064e-01
1.310000000000000000e+02 7.246168054909567502e-01
1.330000000000000000e+02 7.244869943840223092e-01
1.350000000000000000e+02 7.243855081718906241e-01
1.370000000000000000e+02 7.243094784491819205e-01
1.390000000000000000e+02 7.243098615664680384e-01
1.410000000000000000e+02 7.242655913863087491e-01
1.430000000000000000e+02 7.242245497680213084e-01
1.450000000000000000e+02 7.241578939020942851e-01
1.470000000000000000e+02 7.240921880663435672e-01
1.490000000000000000e+02 7.240281889905972879e-01
