1.000000000000000000e+00 9.730898606439208898e-02
3.000000000000000000e+00 1.084008729444025931e-01
5.000000000000000000e+00 1.135611000176888208e-01
7.000000000000000000e+00 1.165011078098882047e-01
9.000000000000000000e+00 1.183693803335910122e-01
1.100000000000000000e+01 1.197470071403076153e-01
1.300000000000000000e+01 1.208041238259052186e-01
1.500000000000000000e+01 1.216119599669054363e-01
1.700000000000000000e+01 1.222422170247282613e-01
1.900000000000000000e+01 1.227558261721417576e-01
2.100000000000000000e+01 1.231592754162070813e-01
2.300000000000000000e+01 1.234573263980923707e-01
2.500000000000000000e+01 1.236613007568188038e-01
2.700000000000000000e+01 1.237725089130173872e-01
2.900000000000000000e+01 1.238129485933506801e-01
3.100000000000000000e+01 1.237862159106812854e-01
3.300000000000000000e+01 1.237075452862639313e-01
3.500000000000000000e+01 1.236127283301073909e-01
3.700000000000000000e+01 1.235125187659182888e-01
3.900000000000000000e+01 1.234034553994624028e-01
4.100000000000000000e+01 1.233016924250572854e-01
4.300000000000000000e+01 1.232110534073449504e-01
4.500000000000000000e+01 1.231385003287461810e-01
4.700000000000000000e+01 1.230844763565331901e-01
4.900000000000000000e+01 1.230412826220995681e-01
5.100000000000000000e+01 1.230060819006768558e-01
5.300000000000000000e+01 1.229917442799269844e-01
5.500000000000000000e+01 1.229995296720922671e-01
5.700000000000000000e+01 1.230095478984951640e-01
5.900000000000000000e+01 1.230153506481224124e-01
6.100000000000000000e+01 1.230202638025204021e-01
6.300000000000000000e+01 1.230246680748873223e-01
6.500000000000000000e+01 1.230328438055162676e-01
6.700000000000000000e+01 1.230394238540293284e-01
6.900000000000000000e+01 1.230436783950010771e-01
7.100000000000000000e+01 1.230487760576437495e-01
7.300000000000000000e+01 1.230554293747828654e-01
7.500000000000000000e+01 1.230526130817668484e-01
7.700000000000000000e+01 1.230264103685306809e-01
7.900000000000000000e+01 1.229863254610793488e-01
8.100000000000000000e+01 1.229328609202976486e-01
8.300000000000000000e+01 1.228821500029132485e-01
8.500000000000000000e+01 1.228345770189628317e-01
8.700000000000000000e+01 1.227962851132416988e-01
8.900000000000000000e+01 1.227649096411178586e-01
9.100000000000000000e+01 1.227397656513224966e-01
9.300000000000000000e+01 1.227143885243591193e-01
9.500000000000000000e+01 1.226890920831346099e-01
9.700000000000000000e+01 1.226542886802478582e-01
9.900000000000000000e+01 1.226055408169599570e-01
1.010000000000000000e+02 1.225493174151922604e-01
1.030000000000000000e+02 1.224851020386019673e-01
1.050000000000000000e+02 1.224143671354542828e-01
1.070000000000000000e+02 1.223367940016805155e-01
1.090000000000000000e+02 1.222557283707655928e-01
1.110000000000000000e+02 1.221800511515057641e-01
1.130000000000000000e+02 1.221089512555919576e-01
1.150000000000000000e+02 1.220430847403157770e-01
1.170000000000000000e+02 1.219816708703587160e-01
1.190000000000000000e+02 1.219092429411314793e-01
1.210000000000000000e+02 1.218262334298169103e-01
1.230000000000000000e+02 1.217329696251697735e-01
1.250000000000000000e+02 1.216470123073114529e-01
1.270000000000000000e+02 1.215681377953697906e-01
1.290000000000000000e+02 1.214967054089390874e-01
1.310000000000000000e+02 1.214341711215403130e-01
1.330000000000000000e+02 1.213806105912188515e-01
1.350000000000000000e+02 1.213286130347527303e-01
1.370000000000000000e+02 1.212807894177406753e-01
1.390000000000000000e+02 1.212452235409358092e-01
1.410000000000000000e+02 1.212222155639838261e-01
1.430000000000000000e+02 1.212127615897621302e-01
1.450000000000000000e+02 1.212160772775615625e-01
1.470000000000000000e+02 1.212321867321296542e-01
1.490000000000000000e+02 1.212611559596631361e-01
