1.000000000000000000e+00 2.921875000000000444e-01
3.000000000000000000e+00 3.158759842176926957e-01
5.000000000000000000e+00 3.312614524039164676e-01
7.000000000000000000e+00 3.435235137474488276e-01
9.000000000000000000e+00 3.533403439458644435e-01
1.100000000000000000e+01 3.619933800446966110e-01
1.300000000000000000e+01 3.700960416775508355e-01
1.500000000000000000e+01 3.777175881064102070e-01
1.700000000000000000e+01 3.847126733098953366e-01
1.900000000000000000e+01 3.910079864807997074e-01
2.100000000000000000e+01 3.966015125114517037e-01
2.300000000000000000e+01 4.015116642448844919e-01
2.500000000000000000e+01 4.058088689100637358e-01
2.700000000000000000e+01 4.095711392403327267e-01
2.900000000000000000e+01 4.129117278581927453e-01
3.100000000000000000e+01 4.158731392220077483e-01
3.300000000000000000e+01 4.185355531911324478e-01
3.500000000000000000e+01 4.209484709007139669e-01
3.700000000000000000e+01 4.231427021432623281e-01
3.900000000000000000e+01 4.251200539848649651e-01
4.100000000000000000e+01 4.268772261828697179e-01
4.300000000000000000e+01 4.284950764009949342e-01
4.500000000000000000e+01 4.300230246593769179e-01
4.700000000000000000e+01 4.314753367953373386e-01
4.900000000000000000e+01 4.328745808577268983e-01
5.100000000000000000e+01 4.342000268642077776e-01
5.300000000000000000e+01 4.354895568299271824e-01
5.500000000000000000e+01 4.367981714821139727e-01
5.700000000000000000e+01 4.381197903716026465e-01
5.900000000000000000e+01 4.394636462337778715e-01
6.100000000000000000e+01 4.408528663981262641e-01
6.300000000000000000e+01 4.422787832315542289e-01
6.500000000000000000e+01 4.436746512211108273e-01
6.700000000000000000e+01 4.450744814183386078e-01
6.900000000000000000e+01 4.464689262741475817e-01
7.100000000000000000e+01 4.478497735693177662e-01
7.300000000000000000e+01 4.491964939931674117e-01
7.500000000000000000e+01 4.504737740210912333e-01
7.700000000000000000e+01 4.516997299276689359e-01
7.900000000000000000e+01 4.529139083384455811e-01
8.100000000000000000e+01 4.541165846359561664e-01
8.300000000000000000e+01 4.553112688476539383e-01
8.500000000000000000e+01 4.564539094001108799e-01
8.700000000000000000e+01 4.575860707647910752e-01
8.900000000000000000e+01 4.587334538468659240e-01
9.100000000000000000e+01 4.599044328301585827e-01
9.300000000000000000e+01 4.610900784624124560e-01
9.500000000000000000e+01 4.622945484642665415e-01
9.700000000000000000e+01 4.634910593873016182e-01
9.900000000000000000e+01 4.646575888415707123e-01
1.010000000000000000e+02 4.658274077866276786e-01
1.030000000000000000e+02 4.670062063730980872e-01
1.050000000000000000e+02 4.682083482621312021e-01
1.070000000000000000e+02 4.694226270768704357e-01
1.090000000000000000e+02 4.705593329204882380e-01
1.110000000000000000e+02 4.716140310313632344e-01
1.130000000000000000e+02 4.726357496690213322e-01
1.150000000000000000e+02 4.736498826824827590e-01
1.170000000000000000e+02 4.746028452035676581e-01
1.190000000000000000e+02 4.754964019937466535e-01
1.210000000000000000e+02 4.763115578924920213e-01
1.230000000000000000e+02 4.769967695784278483e-01
1.250000000000000000e+02 4.775465080712805177e-01
1.270000000000000000e+02 4.779744400169531060e-01
1.290000000000000000e+02 4.782802926833247259e-01
1.310000000000000000e+02 4.785088069652352338e-01
1.330000000000000000e+02 4.786661396772755594e-01
1.350000000000000000e+02 4.788446333927436349e-01
1.370000000000000000e+02 4.790772645286115461e-01
1.390000000000000000e+02 4.793673864434112586e-01
1.410000000000000000e+02 4.797236645589046944e-01
1.430000000000000000e+02 4.801930276666117603e-01
1.450000000000000000e+02 4.807439483957492987e-01
1.470000000000000000e+02 4.813800314144530690e-01
1.490000000000000000e+02 4.820272381185123356e-01
