1.000000000000000000e+00 1.014391829155060210e-01
3.000000000000000000e+00 1.093033151522184721e-01
5.000000000000000000e+00 1.122808499304560614e-01
7.000000000000000000e+00 1.140497671854197037e-01
9.000000000000000000e+00 1.152356445532153328e-01
1.100000000000000000e+01 1.158313321381112537e-01
1.300000000000000000e+01 1.159717405236482257e-01
1.500000000000000000e+01 1.158686629578817850e-01
1.700000000000000000e+01 1.156223020407870505e-01
1.900000000000000000e+01 1.153073368528254594e-01
2.100000000000000000e+01 1.149416527357554063e-01
2.300000000000000000e+01 1.145885594318573064e-01
2.500000000000000000e+01 1.142830878208269674e-01
2.700000000000000000e+01 1.140186901468853709e-01
2.900000000000000000e+01 1.137840888990213628e-01
3.100000000000000000e+01 1.135646661081994857e-01
3.300000000000000000e+01 1.133237997101167460e-01
3.500000000000000000e+01 1.130612298376603153e-01
3.700000000000000000e+01 1.128106271761960544e-01
3.900000000000000000e+01 1.125786129403569813e-01
4.100000000000000000e+01 1.123652170675186746e-01
4.300000000000000000e+01 1.121767139978432359e-01
4.500000000000000000e+01 1.120162325179832052e-01
4.700000000000000000e+01 1.118918865986304745e-01
4.900000000000000000e+01 1.118020714188701081e-01
5.100000000000000000e+01 1.117287711757152247e-01
5.300000000000000000e+01 1.116748754914175246e-01
5.500000000000000000e+01 1.116367667292360588e-01
5.700000000000000000e+01 1.115989966481079065e-01
5.900000000000000000e+01 1.115573925922025422e-01
6.100000000000000000e+01 1.115154191589073918e-01
6.300000000000000000e+01 1.114723572438067745e-01
6.500000000000000000e+01 1.114329789738831566e-01
6.700000000000000000e+01 1.113952175093991803e-01
6.900000000000000000e+01 1.113579130554979146e-01
7.100000000000000000e+01 1.113214507352755511e-01
7.300000000000000000e+01 1.112922816834405193e-01
7.500000000000000000e+01 1.112608996728696731e-01
7.700000000000000000e+01 1.112296214460319899e-01
7.900000000000000000e+01 1.111960207649942411e-01
8.100000000000000000e+01 1.111686643312211897e-01
8.300000000000000000e+01 1.111473005577894302e-01
8.500000000000000000e+01 1.111320561188673395e-01
8.700000000000000000e+01 1.111228425069719083e-01
8.900000000000000000e+01 1.111115300725799004e-01
9.100000000000000000e+01 1.110985783851295983e-01
9.300000000000000000e+01 1.110964505916580691e-01
9.500000000000000000e+01 1.111036250640516920e-01
9.700000000000000000e+01 1.111062162368426920e-01
9.900000000000000000e+01 1.111043000384990265e-01
1.010000000000000000e+02 1.110993534126494264e-01
1.030000000000000000e+02 1.110839575703076454e-01
1.050000000000000000e+02 1.110624737255667682e-01
1.070000000000000000e+02 1.110343836034963783e-01
1.090000000000000000e+02 1.109995338771793127e-01
1.110000000000000000e+02 1.109654227070726584e-01
1.130000000000000000e+02 1.109318812784074737e-01
1.150000000000000000e+02 1.109022464614441983e-01
1.170000000000000000e+02 1.108759053557359930e-01
1.190000000000000000e+02 1.108521208182745577e-01
1.210000000000000000e+02 1.108375845540180427e-01
1.230000000000000000e+02 1.108324286944263326e-01
1.250000000000000000e+02 1.108359287632936230e-01
1.270000000000000000e+02 1.108482607971689182e-01
1.290000000000000000e+02 1.108694385206787647e-01
1.310000000000000000e+02 1.108958056749289600e-01
1.330000000000000000e+02 1.109273616393333661e-01
1.350000000000000000e+02 1.109647094118820787e-01
1.370000000000000000e+02 1.110058274901105646e-01
1.390000000000000000e+02 1.110504309753880259e-01
1.410000000000000000e+02 1.110987890014958346e-01
1.430000000000000000e+02 1.111568803460162291e-01
1.450000000000000000e+02 1.112250112323214246e-01
1.470000000000000000e+02 1.113035143977939567e-01
1.490000000000000000e+02 1.113976952605972848e-01
