1.000000000000000000e+00 9.426811937470391811e-02
3.000000000000000000e+00 1.040294263562407950e-01
5.000000000000000000e+00 1.099931670838705244e-01
7.000000000000000000e+00 1.139935026461073031e-01
9.000000000000000000e+00 1.166697324096984678e-01
1.100000000000000000e+01 1.184407744283778596e-01
1.300000000000000000e+01 1.197653288773327107e-01
1.500000000000000000e+01 1.208440487161407395e-01
1.700000000000000000e+01 1.218038230402617161e-01
1.900000000000000000e+01 1.226790026325081939e-01
2.100000000000000000e+01 1.234576683085907289e-01
2.300000000000000000e+01 1.241218896261321314e-01
2.500000000000000000e+01 1.247037923116361968e-01
2.700000000000000000e+01 1.252171714287585447e-01
2.900000000000000000e+01 1.256628798201883113e-01
3.100000000000000000e+01 1.260575095254372613e-01
3.300000000000000000e+01 1.264125310871927477e-01
3.500000000000000000e+01 1.267382573587526595e-01
3.700000000000000000e+01 1.270378639696044809e-01
3.900000000000000000e+01 1.273188134128258042e-01
4.100000000000000000e+01 1.275817209959563270e-01
4.300000000000000000e+01 1.278265603546492324e-01
4.500000000000000000e+01 1.280548359231099553e-01
4.700000000000000000e+01 1.282594870258320086e-01
4.900000000000000000e+01 1.284389414054161183e-01
5.100000000000000000e+01 1.285978538868930432e-01
5.300000000000000000e+01 1.287411058010797804e-01
5.500000000000000000e+01 1.288740339655426448e-01
5.700000000000000000e+01 1.290015289332743231e-01
5.900000000000000000e+01 1.291300714995423649e-01
6.100000000000000000e+01 1.292500938324833148e-01
6.300000000000000000e+01 1.293559726764733631e-01
6.500000000000000000e+01 1.294484063833298837e-01
6.700000000000000000e+01 1.295321662366301085e-01
6.900000000000000000e+01 1.296136461516238514e-01
7.100000000000000000e+01 1.296941689609979464e-01
7.300000000000000000e+01 1.297751328997194253e-01
7.500000000000000000e+01 1.298565008302626778e-01
7.700000000000000000e+01 1.299313033945519447e-01
7.900000000000000000e+01 1.299987826346795661e-01
8.100000000000000000e+01 1.300591312364053342e-01
8.300000000000000000e+01 1.301046922525044280e-01
8.500000000000000000e+01 1.301351632156160232e-01
8.700000000000000000e+01 1.301601679231867426e-01
8.900000000000000000e+01 1.301769592301953438e-01
9.100000000000000000e+01 1.301732966721574902e-01
9.300000000000000000e+01 1.301555467716900560e-01
9.500000000000000000e+01 1.301346307284169113e-01
9.700000000000000000e+01 1.301115348530780258e-01
9.900000000000000000e+01 1.300873556892864213e-01
1.010000000000000000e+02 1.300619862628575873e-01
1.030000000000000000e+02 1.300434945968449441e-01
1.050000000000000000e+02 1.300309879579009120e-01
1.070000000000000000e+02 1.300219484375559897e-01
1.090000000000000000e+02 1.300159719730518137e-01
1.110000000000000000e+02 1.300119917009875392e-01
1.130000000000000000e+02 1.300099618844866578e-01
1.150000000000000000e+02 1.300004809489939683e-01
1.170000000000000000e+02 1.299675172904248832e-01
1.190000000000000000e+02 1.299126040191351805e-01
1.210000000000000000e+02 1.298550532656401746e-01
1.230000000000000000e+02 1.298026276673592827e-01
1.250000000000000000e+02 1.297418782527143266e-01
1.270000000000000000e+02 1.296812481757196878e-01
1.290000000000000000e+02 1.296159378989204525e-01
1.310000000000000000e+02 1.295493239470015823e-01
1.330000000000000000e+02 1.294816596420281796e-01
1.350000000000000000e+02 1.294170185736490675e-01
1.370000000000000000e+02 1.293558866272694896e-01
1.390000000000000000e+02 1.293063175272519683e-01
1.410000000000000000e+02 1.292662220408876683e-01
1.430000000000000000e+02 1.292335722253195041e-01
1.450000000000000000e+02 1.292007688221611383e-01
1.470000000000000000e+02 1.291700617646099891e-01
1.490000000000000000e+02 1.291554365547475935e-01
