1.000000000000000000e+00 0.000000000000000000e+00
3.000000000000000000e+00 2.717514893013639465e-05
5.000000000000000000e+00 4.344803833111754443e-05
7.000000000000000000e+00 6.222915577525078845e-05
9.000000000000000000e+00 7.779871492341605688e-05
1.100000000000000000e+01 9.003941728835673786e-05
1.300000000000000000e+01 1.014717827864108912e-04
1.500000000000000000e+01 1.138567710962101742e-04
1.700000000000000000e+01 1.266470295318011807e-04
1.900000000000000000e+01 1.397944083971758289e-04
2.100000000000000000e+01 1.530638532860617573e-04
2.300000000000000000e+01 1.660412888373485885e-04
2.500000000000000000e+01 1.787077638839562610e-04
2.700000000000000000e+01 1.911807342858118375e-04
2.900000000000000000e+01 2.037755146643283055e-04
3.100000000000000000e+01 2.166803151761875768e-04
3.300000000000000000e+01 2.298831838706272279e-04
3.500000000000000000e+01 2.434178410382070723e-04
3.700000000000000000e+01 2.572586756657280205e-04
3.900000000000000000e+01 2.714817503797206655e-04
4.100000000000000000e+01 2.861589159890431944e-04
4.300000000000000000e+01 3.012834482045700923e-04
4.500000000000000000e+01 3.167671298022201043e-04
4.700000000000000000e+01 3.325272603815765393e-04
4.900000000000000000e+01 3.484240761526535834e-04
5.100000000000000000e+01 3.643288431692814910e-04
5.300000000000000000e+01 3.801878915293821493e-04
5.500000000000000000e+01 3.960095286053011421e-04
5.700000000000000000e+01 4.118132010111352770e-04
5.900000000000000000e+01 4.276145018998755987e-04
6.100000000000000000e+01 4.434387354884661292e-04
6.300000000000000000e+01 4.593058159351182113e-04
6.500000000000000000e+01 4.751921584317253533e-04
6.700000000000000000e+01 4.910712393425553657e-04
6.900000000000000000e+01 5.069449712403750752e-04
7.100000000000000000e+01 5.228452777199521506e-04
7.300000000000000000e+01 5.388119166191973619e-04
7.500000000000000000e+01 5.548589709366558154e-04
7.700000000000000000e+01 5.709595192635585903e-04
7.900000000000000000e+01 5.871057533403112316e-04
8.100000000000000000e+01 6.033088634278538365e-04
8.300000000000000000e+01 6.195971881517436941e-04
8.500000000000000000e+01 6.359808779432540859e-04
8.700000000000000000e+01 6.524372355221075281e-04
8.900000000000000000e+01 6.689668518939928532e-04
9.100000000000000000e+01 6.855882842894400753e-04
9.300000000000000000e+01 7.023119444410363954e-04
9.500000000000000000e+01 7.191310810756856853e-04
9.700000000000000000e+01 7.360495751232987161e-04
9.900000000000000000e+01 7.530616332411810276e-04
1.010000000000000000e+02 7.701693861918990081e-04
1.030000000000000000e+02 7.873862727795222227e-04
1.050000000000000000e+02 8.047231392114273518e-04
1.070000000000000000e+02 8.221774838189643830e-04
1.090000000000000000e+02 8.397518122728042655e-04
1.110000000000000000e+02 8.574546821064066293e-04
1.130000000000000000e+02 8.752956743863782307e-04
1.150000000000000000e+02 8.932783023918311471e-04
1.170000000000000000e+02 9.114103977917453747e-04
1.190000000000000000e+02 9.297032361185175731e-04
1.210000000000000000e+02 9.481603246703773635e-04
1.230000000000000000e+02 9.667843986537194567e-04
1.250000000000000000e+02 9.855817916423204039e-04
1.270000000000000000e+02 1.004562073855352899e-03
1.290000000000000000e+02 1.023725972116196203e-03
1.310000000000000000e+02 1.043071398376116399e-03
1.330000000000000000e+02 1.062597906243301082e-03
1.350000000000000000e+02 1.082301373005356560e-03
1.370000000000000000e+02 1.102179421275994997e-03
1.390000000000000000e+02 1.122231452035493682e-03
1.410000000000000000e+02 1.142465412266591152e-03
1.430000000000000000e+02 1.162894130061764564e-03
1.450000000000000000e+02 1.183526976672677478e-03
1.470000000000000000e+02 1.204373557106563908e-03
1.490000000000000000e+02 1.225444484511895027e-03
