1.000000000000000000e+00 2.885011677428218624e-01
3.000000000000000000e+00 3.281159575301153541e-01
5.000000000000000000e+00 3.456811557289385384e-01
7.000000000000000000e+00 3.575020515315695535e-01
9.000000000000000000e+00 3.672033724483342310e-01
1.100000000000000000e+01 3.758282836128825632e-01
1.300000000000000000e+01 3.837728287846567943e-01
1.500000000000000000e+01 3.913644821577867416e-01
1.700000000000000000e+01 3.988506708785395372e-01
1.900000000000000000e+01 4.063191071332465931e-01
2.100000000000000000e+01 4.138355844604792999e-01
2.300000000000000000e+01 4.214186657241606460e-01
2.500000000000000000e+01 4.290965361157867974e-01
2.700000000000000000e+01 4.368646767149969579e-01
2.900000000000000000e+01 4.447449704515745728e-01
3.100000000000000000e+01 4.528267815451332279e-01
3.300000000000000000e+01 4.611549019411927963e-01
3.500000000000000000e+01 4.697006691803840006e-01
3.700000000000000000e+01 4.784429656897438710e-01
3.900000000000000000e+01 4.873645230069866274e-01
4.100000000000000000e+01 4.964635598084332635e-01
4.300000000000000000e+01 5.057476434236563012e-01
4.500000000000000000e+01 5.151871611252227812e-01
4.700000000000000000e+01 5.247607710097246247e-01
4.900000000000000000e+01 5.344217829263123720e-01
5.100000000000000000e+01 5.441561498596929614e-01
5.300000000000000000e+01 5.539674618851928578e-01
5.500000000000000000e+01 5.638611965708155704e-01
5.700000000000000000e+01 5.738372495675096996e-01
5.900000000000000000e+01 5.838774175761776153e-01
6.100000000000000000e+01 5.939221374816688881e-01
6.300000000000000000e+01 6.039347424925487484e-01
6.500000000000000000e+01 6.138807121244747034e-01
6.700000000000000000e+01 6.236719419331222536e-01
6.900000000000000000e+01 6.332985897160656741e-01
7.100000000000000000e+01 6.427251701620725344e-01
7.300000000000000000e+01 6.519234683252872475e-01
7.500000000000000000e+01 6.608244685780650940e-01
7.700000000000000000e+01 6.694330382915463229e-01
7.900000000000000000e+01 6.777908766014482111e-01
8.100000000000000000e+01 6.858868364541730323e-01
8.300000000000000000e+01 6.936930334114520535e-01
8.500000000000000000e+01 7.012416512716892480e-01
8.700000000000000000e+01 7.085009737455223444e-01
8.900000000000000000e+01 7.154122479791219513e-01
9.100000000000000000e+01 7.219631344655437211e-01
9.300000000000000000e+01 7.281709051854157178e-01
9.500000000000000000e+01 7.340668731663551050e-01
9.700000000000000000e+01 7.396641187252356309e-01
9.900000000000000000e+01 7.450494395174186435e-01
1.010000000000000000e+02 7.502502718068377874e-01
1.030000000000000000e+02 7.551967259676402033e-01
1.050000000000000000e+02 7.598773369966485003e-01
1.070000000000000000e+02 7.643200175082749404e-01
1.090000000000000000e+02 7.685499081996131077e-01
1.110000000000000000e+02 7.725524255210359792e-01
1.130000000000000000e+02 7.762950087981953518e-01
1.150000000000000000e+02 7.797941581437292102e-01
1.170000000000000000e+02 7.830135965199018777e-01
1.190000000000000000e+02 7.859579999130238415e-01
1.210000000000000000e+02 7.886495164462404839e-01
1.230000000000000000e+02 7.910994182885072723e-01
1.250000000000000000e+02 7.932607611708303308e-01
1.270000000000000000e+02 7.951325450071026202e-01
1.290000000000000000e+02 7.967658080772931362e-01
1.310000000000000000e+02 7.981800102131686447e-01
1.330000000000000000e+02 7.993982858237052014e-01
1.350000000000000000e+02 8.003804531156709645e-01
1.370000000000000000e+02 8.011475921255908350e-01
1.390000000000000000e+02 8.017272492340676848e-01
1.410000000000000000e+02 8.021296047125223705e-01
1.430000000000000000e+02 8.023275486155481140e-01
1.450000000000000000e+02 8.023139389248289399e-01
1.470000000000000000e+02 8.021004059467393699e-01
1.490000000000000000e+02 8.017333473835249746e-01
