1.000000000000000000e+00 6.212139495595511152e-01
3.000000000000000000e+00 6.743178844242372350e-01
5.000000000000000000e+00 6.966058766803460145e-01
7.000000000000000000e+00 7.096652212387474234e-01
9.000000000000000000e+00 7.197521950267469215e-01
1.100000000000000000e+01 7.284004053438879467e-01
1.300000000000000000e+01 7.360555100471237733e-01
1.500000000000000000e+01 7.431095808447645279e-01
1.700000000000000000e+01 7.496821218098062012e-01
1.900000000000000000e+01 7.559062410517217723e-01
2.100000000000000000e+01 7.618756296674064066e-01
2.300000000000000000e+01 7.676509303332983425e-01
2.500000000000000000e+01 7.732920576408517377e-01
2.700000000000000000e+01 7.787434104970126780e-01
2.900000000000000000e+01 7.839486251009654127e-01
3.100000000000000000e+01 7.888960149552957102e-01
3.300000000000000000e+01 7.935957223400771365e-01
3.500000000000000000e+01 7.980816292676332635e-01
3.700000000000000000e+01 8.023782214379465705e-01
3.900000000000000000e+01 8.064758707724068998e-01
4.100000000000000000e+01 8.103382746885251509e-01
4.300000000000000000e+01 8.140000693002217291e-01
4.500000000000000000e+01 8.174728350830859913e-01
4.700000000000000000e+01 8.207712073968538302e-01
4.900000000000000000e+01 8.239484147356748167e-01
5.100000000000000000e+01 8.268891767430220918e-01
5.300000000000000000e+01 8.296162520613369340e-01
5.500000000000000000e+01 8.321814961403817268e-01
5.700000000000000000e+01 8.346004721342163979e-01
5.900000000000000000e+01 8.368442174389919552e-01
6.100000000000000000e+01 8.389254180081149315e-01
6.300000000000000000e+01 8.408474729225270394e-01
6.500000000000000000e+01 8.426111947708896377e-01
6.700000000000000000e+01 8.442375690075925032e-01
6.900000000000000000e+01 8.457315643208463962e-01
7.100000000000000000e+01 8.471009181394288934e-01
7.300000000000000000e+01 8.483257856612943515e-01
7.500000000000000000e+01 8.494198084860149489e-01
7.700000000000000000e+01 8.503995414418228371e-01
7.900000000000000000e+01 8.512792026872573192e-01
8.100000000000000000e+01 8.520737049324613732e-01
8.300000000000000000e+01 8.527662497496697469e-01
8.500000000000000000e+01 8.533733672446750518e-01
8.700000000000000000e+01 8.539083459469805071e-01
8.900000000000000000e+01 8.543747612026633131e-01
9.100000000000000000e+01 8.547733959407813886e-01
9.300000000000000000e+01 8.551050882553977717e-01
9.500000000000000000e+01 8.553641421969601089e-01
9.700000000000000000e+01 8.555537317582930790e-01
9.900000000000000000e+01 8.556852234349816566e-01
1.010000000000000000e+02 8.557315031915999626e-01
1.030000000000000000e+02 8.556936794851494055e-01
1.050000000000000000e+02 8.556243146681419276e-01
1.070000000000000000e+02 8.555273380081631629e-01
1.090000000000000000e+02 8.553666077242145782e-01
1.110000000000000000e+02 8.551415604587924157e-01
1.130000000000000000e+02 8.548783098439423078e-01
1.150000000000000000e+02 8.545684104759938560e-01
1.170000000000000000e+02 8.541841879029553608e-01
1.190000000000000000e+02 8.537320493916431552e-01
1.210000000000000000e+02 8.532131563132372420e-01
1.230000000000000000e+02 8.526509482395470130e-01
1.250000000000000000e+02 8.520494819425383781e-01
1.270000000000000000e+02 8.513949349329343885e-01
1.290000000000000000e+02 8.506805311763201427e-01
1.310000000000000000e+02 8.499104942400337315e-01
1.330000000000000000e+02 8.490971479969713354e-01
1.350000000000000000e+02 8.482534908923426986e-01
1.370000000000000000e+02 8.473969102350029647e-01
1.390000000000000000e+02 8.465398344789587526e-01
1.410000000000000000e+02 8.456901053819954051e-01
1.430000000000000000e+02 8.448404622006058240e-01
1.450000000000000000e+02 8.439975531634538175e-01
1.470000000000000000e+02 8.431534935145100773e-01
1.490000000000000000e+02 8.423092550130349965e-01
