1.000000000000000000e+00 1.321698414387570963e-01
3.000000000000000000e+00 1.398616243634972500e-01
5.000000000000000000e+00 1.436184697067407479e-01
7.000000000000000000e+00 1.463159432422060924e-01
9.000000000000000000e+00 1.487015059401090022e-01
1.100000000000000000e+01 1.510571480804997480e-01
1.300000000000000000e+01 1.533483029546179877e-01
1.500000000000000000e+01 1.554790310899697436e-01
1.700000000000000000e+01 1.574885379428292431e-01
1.900000000000000000e+01 1.593991803890792980e-01
2.100000000000000000e+01 1.612360649343169694e-01
2.300000000000000000e+01 1.630502840189966829e-01
2.500000000000000000e+01 1.649219911489675505e-01
2.700000000000000000e+01 1.669018105140234187e-01
2.900000000000000000e+01 1.690017806259458411e-01
3.100000000000000000e+01 1.712508918560240456e-01
3.300000000000000000e+01 1.736479771277159578e-01
3.500000000000000000e+01 1.761600192140867494e-01
3.700000000000000000e+01 1.787878029081484410e-01
3.900000000000000000e+01 1.815343246073642947e-01
4.100000000000000000e+01 1.843998205717933825e-01
4.300000000000000000e+01 1.873820093003903953e-01
4.500000000000000000e+01 1.904834217302675548e-01
4.700000000000000000e+01 1.937163488288833335e-01
4.900000000000000000e+01 1.970854637564547485e-01
5.100000000000000000e+01 2.005819194699250962e-01
5.300000000000000000e+01 2.042292438648853903e-01
5.500000000000000000e+01 2.080350728301855190e-01
5.700000000000000000e+01 2.120010104638339055e-01
5.900000000000000000e+01 2.161249134408190775e-01
6.100000000000000000e+01 2.204183847154462805e-01
6.300000000000000000e+01 2.248981813170144450e-01
6.500000000000000000e+01 2.295615886955526541e-01
6.700000000000000000e+01 2.344057674944985958e-01
6.900000000000000000e+01 2.394280520724376693e-01
7.100000000000000000e+01 2.446259412976636849e-01
7.300000000000000000e+01 2.499920739859308183e-01
7.500000000000000000e+01 2.555248140822974356e-01
7.700000000000000000e+01 2.612248362241238464e-01
7.900000000000000000e+01 2.670851634540994946e-01
8.100000000000000000e+01 2.730960365932950662e-01
8.300000000000000000e+01 2.792399108192950008e-01
8.500000000000000000e+01 2.855007454610385409e-01
8.700000000000000000e+01 2.918656658783710389e-01
8.900000000000000000e+01 2.983201464735111275e-01
9.100000000000000000e+01 3.048463479522904862e-01
9.300000000000000000e+01 3.114242213159820194e-01
9.500000000000000000e+01 3.180446079004084492e-01
9.700000000000000000e+01 3.246893299140116707e-01
9.900000000000000000e+01 3.313552892686507656e-01
1.010000000000000000e+02 3.380368051535067586e-01
1.030000000000000000e+02 3.447299917031013683e-01
1.050000000000000000e+02 3.514302758561265172e-01
1.070000000000000000e+02 3.581213000390008894e-01
1.090000000000000000e+02 3.647978132139558793e-01
1.110000000000000000e+02 3.714472843305053340e-01
1.130000000000000000e+02 3.780622586206010549e-01
1.150000000000000000e+02 3.846391983908473700e-01
1.170000000000000000e+02 3.911714699552450991e-01
1.190000000000000000e+02 3.976530758612695227e-01
1.210000000000000000e+02 4.040801401014140204e-01
1.230000000000000000e+02 4.104184358224527429e-01
1.250000000000000000e+02 4.166632680039298320e-01
1.270000000000000000e+02 4.228120224118686599e-01
1.290000000000000000e+02 4.288720341016321047e-01
1.310000000000000000e+02 4.348396956108614431e-01
1.330000000000000000e+02 4.407041741697085291e-01
1.350000000000000000e+02 4.464480252369992241e-01
1.370000000000000000e+02 4.520723158107646800e-01
1.390000000000000000e+02 4.575730937127379105e-01
1.410000000000000000e+02 4.629533665510716656e-01
1.430000000000000000e+02 4.682173176962666217e-01
1.450000000000000000e+02 4.733696455077793797e-01
1.470000000000000000e+02 4.783704655259897187e-01
1.490000000000000000e+02 4.832323345994072872e-01
