1.000000000000000000e+00 2.246069719753930327e-01
3.000000000000000000e+00 2.519384822429198145e-01
5.000000000000000000e+00 2.636107624894770129e-01
7.000000000000000000e+00 2.702178382509226040e-01
9.000000000000000000e+00 2.751153082194738309e-01
1.100000000000000000e+01 2.792871876601824566e-01
1.300000000000000000e+01 2.830085397517764223e-01
1.500000000000000000e+01 2.864412678254240063e-01
1.700000000000000000e+01 2.896832316119162254e-01
1.900000000000000000e+01 2.927928072496422951e-01
2.100000000000000000e+01 2.958121554843983203e-01
2.300000000000000000e+01 2.987674227403401828e-01
2.500000000000000000e+01 3.016759489361868773e-01
2.700000000000000000e+01 3.045332596007995773e-01
2.900000000000000000e+01 3.073394871763904801e-01
3.100000000000000000e+01 3.100928774421725098e-01
3.300000000000000000e+01 3.127881677816981565e-01
3.500000000000000000e+01 3.154273900383932627e-01
3.700000000000000000e+01 3.180125557520304680e-01
3.900000000000000000e+01 3.205448858417997426e-01
4.100000000000000000e+01 3.230264812145059450e-01
4.300000000000000000e+01 3.254608683879870457e-01
4.500000000000000000e+01 3.278477772457375483e-01
4.700000000000000000e+01 3.301878624647951455e-01
4.900000000000000000e+01 3.324845364041140172e-01
5.100000000000000000e+01 3.347407664437873631e-01
5.300000000000000000e+01 3.369606465086747438e-01
5.500000000000000000e+01 3.391488477764926790e-01
5.700000000000000000e+01 3.413069763733611595e-01
5.900000000000000000e+01 3.434366797365350221e-01
6.100000000000000000e+01 3.455369267698453761e-01
6.300000000000000000e+01 3.476067696043803057e-01
6.500000000000000000e+01 3.496483069568889768e-01
6.700000000000000000e+01 3.516631970478392155e-01
6.900000000000000000e+01 3.536512229877929459e-01
7.100000000000000000e+01 3.556121493381345644e-01
7.300000000000000000e+01 3.575465563439632621e-01
7.500000000000000000e+01 3.594559144013165231e-01
7.700000000000000000e+01 3.613419123638066388e-01
7.900000000000000000e+01 3.632056896351221198e-01
8.100000000000000000e+01 3.650477779032714754e-01
8.300000000000000000e+01 3.668696377560182187e-01
8.500000000000000000e+01 3.686725564831766500e-01
8.700000000000000000e+01 3.704569049899867350e-01
8.900000000000000000e+01 3.722237685933661444e-01
9.100000000000000000e+01 3.739743010789249311e-01
9.300000000000000000e+01 3.757087587028382636e-01
9.500000000000000000e+01 3.774280923610957572e-01
9.700000000000000000e+01 3.791336087389152176e-01
9.900000000000000000e+01 3.808254736322611578e-01
1.010000000000000000e+02 3.825043486357792011e-01
1.030000000000000000e+02 3.841713120245712210e-01
1.050000000000000000e+02 3.858274538659536290e-01
1.070000000000000000e+02 3.874738509308374157e-01
1.090000000000000000e+02 3.891113491978412942e-01
1.110000000000000000e+02 3.907391797356908336e-01
1.130000000000000000e+02 3.923589489968148936e-01
1.150000000000000000e+02 3.939718946195183147e-01
1.170000000000000000e+02 3.955797292669317455e-01
1.190000000000000000e+02 3.971833898560471754e-01
1.210000000000000000e+02 3.987852171706542936e-01
1.230000000000000000e+02 4.003858944819513876e-01
1.250000000000000000e+02 4.019872380354405639e-01
1.270000000000000000e+02 4.035896511504835082e-01
1.290000000000000000e+02 4.051948587541419622e-01
1.310000000000000000e+02 4.068033215035403716e-01
1.330000000000000000e+02 4.084127914949798877e-01
1.350000000000000000e+02 4.100239148290772961e-01
1.370000000000000000e+02 4.116374115710940140e-01
1.390000000000000000e+02 4.132552081732777660e-01
1.410000000000000000e+02 4.148772732586127887e-01
1.430000000000000000e+02 4.165044545180622837e-01
1.450000000000000000e+02 4.181369535859090769e-01
1.470000000000000000e+02 4.197756285779356000e-01
1.490000000000000000e+02 4.214203754031735638e-01
