1.000000000000000000e+00 0.000000000000000000e+00
3.000000000000000000e+00 0.000000000000000000e+00
5.000000000000000000e+00 1.753877263421799171e-07
7.000000000000000000e+00 6.395638554756999383e-06
9.000000000000000000e+00 2.262365072536187682e-05
1.100000000000000000e+01 4.696755904098903756e-05
1.300000000000000000e+01 7.477620065576839892e-05
1.500000000000000000e+01 1.027240393913775307e-04
1.700000000000000000e+01 1.297148235808176508e-04
1.900000000000000000e+01 1.555394064596260506e-04
2.100000000000000000e+01 1.801651462752795751e-04
2.300000000000000000e+01 2.041808033981240555e-04
2.500000000000000000e+01 2.275339754674865489e-04
2.700000000000000000e+01 2.502018325174493185e-04
2.900000000000000000e+01 2.728293502655132485e-04
3.100000000000000000e+01 2.959345008055613846e-04
3.300000000000000000e+01 3.198674189093253517e-04
3.500000000000000000e+01 3.457045827667259985e-04
3.700000000000000000e+01 3.738168346115733343e-04
3.900000000000000000e+01 4.039305464407227930e-04
4.100000000000000000e+01 4.355213130607937799e-04
4.300000000000000000e+01 4.681452764194737881e-04
4.500000000000000000e+01 5.014495330845081256e-04
4.700000000000000000e+01 5.351934722159779056e-04
4.900000000000000000e+01 5.691788339736714164e-04
5.100000000000000000e+01 6.032239488682478168e-04
5.300000000000000000e+01 6.372530421477895501e-04
5.500000000000000000e+01 6.712169744096385671e-04
5.700000000000000000e+01 7.050106577259906970e-04
5.900000000000000000e+01 7.385556298803441777e-04
6.100000000000000000e+01 7.717923748895572089e-04
6.300000000000000000e+01 8.046517867488223175e-04
6.500000000000000000e+01 8.371171617940209586e-04
6.700000000000000000e+01 8.691728747416416212e-04
6.900000000000000000e+01 9.008385270994345717e-04
7.100000000000000000e+01 9.321712863307185515e-04
7.300000000000000000e+01 9.631981932705091509e-04
7.500000000000000000e+01 9.939428742676836848e-04
7.700000000000000000e+01 1.024467164554510035e-03
7.900000000000000000e+01 1.054862406835055388e-03
8.100000000000000000e+01 1.085243038188798970e-03
8.300000000000000000e+01 1.115654029520518620e-03
8.500000000000000000e+01 1.146060809589122265e-03
8.700000000000000000e+01 1.176413711863055767e-03
8.900000000000000000e+01 1.206733654645519849e-03
9.100000000000000000e+01 1.237057370234939668e-03
9.300000000000000000e+01 1.267406845874230470e-03
9.500000000000000000e+01 1.297784637066312641e-03
9.700000000000000000e+01 1.328217208663495796e-03
9.900000000000000000e+01 1.358746556046175336e-03
1.010000000000000000e+02 1.389417145070570569e-03
1.030000000000000000e+02 1.420241168119229513e-03
1.050000000000000000e+02 1.451223299703707781e-03
1.070000000000000000e+02 1.482377155874625707e-03
1.090000000000000000e+02 1.513706546081738935e-03
1.110000000000000000e+02 1.545203364473390906e-03
1.130000000000000000e+02 1.576863096582892254e-03
1.150000000000000000e+02 1.608665417849874935e-03
1.170000000000000000e+02 1.640584644409748272e-03
1.190000000000000000e+02 1.672596024756445310e-03
1.210000000000000000e+02 1.704682092750320344e-03
1.230000000000000000e+02 1.736856404921494068e-03
1.250000000000000000e+02 1.769161019842480087e-03
1.270000000000000000e+02 1.801631323599894863e-03
1.290000000000000000e+02 1.834279112593595329e-03
1.310000000000000000e+02 1.867077279029905057e-03
1.330000000000000000e+02 1.899972926119652961e-03
1.350000000000000000e+02 1.932941111643549092e-03
1.370000000000000000e+02 1.965964861763147553e-03
1.390000000000000000e+02 1.999047438406731381e-03
1.410000000000000000e+02 2.032219433236170936e-03
1.430000000000000000e+02 2.065515324817135401e-03
1.450000000000000000e+02 2.098947768983228102e-03
1.470000000000000000e+02 2.132517848077331024e-03
1.490000000000000000e+02 2.166236761746320738e-03
