1.000000000000000000e+00 3.404177017204856881e-03
3.000000000000000000e+00 3.789447651440069897e-03
5.000000000000000000e+00 3.856941584319262262e-03
7.000000000000000000e+00 3.846464451576769861e-03
9.000000000000000000e+00 3.815004891924989039e-03
1.100000000000000000e+01 3.784317806148185248e-03
1.300000000000000000e+01 3.761492810817945731e-03
1.500000000000000000e+01 3.767790173105245444e-03
1.700000000000000000e+01 3.791590096964725376e-03
1.900000000000000000e+01 3.821749998116574787e-03
2.100000000000000000e+01 3.853335660258472295e-03
2.300000000000000000e+01 3.890115898037449504e-03
2.500000000000000000e+01 3.935437210336512059e-03
2.700000000000000000e+01 3.989006221612023673e-03
2.900000000000000000e+01 4.051872014045998505e-03
3.100000000000000000e+01 4.124432271896294466e-03
3.300000000000000000e+01 4.201908789967512270e-03
3.500000000000000000e+01 4.285373667287206700e-03
3.700000000000000000e+01 4.373143607262264254e-03
3.900000000000000000e+01 4.462704674512041336e-03
4.100000000000000000e+01 4.552241152215641407e-03
4.300000000000000000e+01 4.640534123811601575e-03
4.500000000000000000e+01 4.726926412944032485e-03
4.700000000000000000e+01 4.810777307172053874e-03
4.900000000000000000e+01 4.892330229493979665e-03
5.100000000000000000e+01 4.971446999108120046e-03
5.300000000000000000e+01 5.049834406188336011e-03
5.500000000000000000e+01 5.128690641601374445e-03
5.700000000000000000e+01 5.208852296804789006e-03
5.900000000000000000e+01 5.290266533041210195e-03
6.100000000000000000e+01 5.373167880890261650e-03
6.300000000000000000e+01 5.457973940699245574e-03
6.500000000000000000e+01 5.544434908737239098e-03
6.700000000000000000e+01 5.631994805829099171e-03
6.900000000000000000e+01 5.720706300243461051e-03
7.100000000000000000e+01 5.810681778744775094e-03
7.300000000000000000e+01 5.902345210764603500e-03
7.500000000000000000e+01 5.994873480910434260e-03
7.700000000000000000e+01 6.087603590673063003e-03
7.900000000000000000e+01 6.180527626083121007e-03
8.100000000000000000e+01 6.274035097515229253e-03
8.300000000000000000e+01 6.368725407710940090e-03
8.500000000000000000e+01 6.465243514972573990e-03
8.700000000000000000e+01 6.563923380756175874e-03
8.900000000000000000e+01 6.665019322432463866e-03
9.100000000000000000e+01 6.769030218980121028e-03
9.300000000000000000e+01 6.876692507930770581e-03
9.500000000000000000e+01 6.988592276306659912e-03
9.700000000000000000e+01 7.105104753502899939e-03
9.900000000000000000e+01 7.226270210247132120e-03
1.010000000000000000e+02 7.351831569070377270e-03
1.030000000000000000e+02 7.481653620745820632e-03
1.050000000000000000e+02 7.614028597409228105e-03
1.070000000000000000e+02 7.748886573479385476e-03
1.090000000000000000e+02 7.886262755469997110e-03
1.110000000000000000e+02 8.024614203820945590e-03
1.130000000000000000e+02 8.164036067900393157e-03
1.150000000000000000e+02 8.304744797757002139e-03
1.170000000000000000e+02 8.446905951550953695e-03
1.190000000000000000e+02 8.590609827485495842e-03
1.210000000000000000e+02 8.736061074734458032e-03
1.230000000000000000e+02 8.883530734591471578e-03
1.250000000000000000e+02 9.032943709101348695e-03
1.270000000000000000e+02 9.184322914647435887e-03
1.290000000000000000e+02 9.337495642833371079e-03
1.310000000000000000e+02 9.492399451629163210e-03
1.330000000000000000e+02 9.648628641061751665e-03
1.350000000000000000e+02 9.805972645213101302e-03
1.370000000000000000e+02 9.964335098089471821e-03
1.390000000000000000e+02 1.012356913277057124e-02
1.410000000000000000e+02 1.028385991477331896e-02
1.430000000000000000e+02 1.044538156590846256e-02
1.450000000000000000e+02 1.060821334537009886e-02
1.470000000000000000e+02 1.077225842393558786e-02
1.490000000000000000e+02 1.093774239961087247e-02
