1.000000000000000000e+00 3.850847457627118997e-01
3.000000000000000000e+00 4.433747371700024198e-01
5.000000000000000000e+00 4.725888342020544419e-01
7.000000000000000000e+00 4.928569308939007021e-01
9.000000000000000000e+00 5.106382170954606448e-01
1.100000000000000000e+01 5.275057496530523027e-01
1.300000000000000000e+01 5.436380794242469117e-01
1.500000000000000000e+01 5.592002193041873959e-01
1.700000000000000000e+01 5.744211410962936082e-01
1.900000000000000000e+01 5.894264383225994441e-01
2.100000000000000000e+01 6.042981696689891935e-01
2.300000000000000000e+01 6.189132050501328086e-01
2.500000000000000000e+01 6.334025508672584959e-01
2.700000000000000000e+01 6.477323018695139156e-01
2.900000000000000000e+01 6.620402402101881467e-01
3.100000000000000000e+01 6.764474497424104449e-01
3.300000000000000000e+01 6.908246154633186364e-01
3.500000000000000000e+01 7.052285604750649917e-01
3.700000000000000000e+01 7.195827009023636478e-01
3.900000000000000000e+01 7.338694435684720574e-01
4.100000000000000000e+01 7.478854407596708942e-01
4.300000000000000000e+01 7.615148606699750911e-01
4.500000000000000000e+01 7.746616992578712058e-01
4.700000000000000000e+01 7.872822174604875434e-01
4.900000000000000000e+01 7.991818411092066476e-01
5.100000000000000000e+01 8.102517343044275400e-01
5.300000000000000000e+01 8.206952175072452782e-01
5.500000000000000000e+01 8.305769438142103223e-01
5.700000000000000000e+01 8.398818789741964164e-01
5.900000000000000000e+01 8.484984237194543866e-01
6.100000000000000000e+01 8.565171552053026938e-01
6.300000000000000000e+01 8.639291113934770561e-01
6.500000000000000000e+01 8.707634585762086266e-01
6.700000000000000000e+01 8.771166739458147177e-01
6.900000000000000000e+01 8.829843970596913394e-01
7.100000000000000000e+01 8.882245174617473538e-01
7.300000000000000000e+01 8.928862217711712734e-01
7.500000000000000000e+01 8.971552252327327226e-01
7.700000000000000000e+01 9.008492229554745379e-01
7.900000000000000000e+01 9.039607679372062554e-01
8.100000000000000000e+01 9.065917023063257973e-01
8.300000000000000000e+01 9.087498153122934852e-01
8.500000000000000000e+01 9.104623021353275281e-01
8.700000000000000000e+01 9.117521891163566927e-01
8.900000000000000000e+01 9.126502399975331414e-01
9.100000000000000000e+01 9.132154941143691973e-01
9.300000000000000000e+01 9.134702698811163479e-01
9.500000000000000000e+01 9.133875396101087674e-01
9.700000000000000000e+01 9.130941560294293380e-01
9.900000000000000000e+01 9.125960854423070812e-01
1.010000000000000000e+02 9.119050855050842008e-01
1.030000000000000000e+02 9.111441265182824711e-01
1.050000000000000000e+02 9.103464763044410990e-01
1.070000000000000000e+02 9.095336525538592065e-01
1.090000000000000000e+02 9.087581686152926830e-01
1.110000000000000000e+02 9.080169557323294338e-01
1.130000000000000000e+02 9.073406067909957073e-01
1.150000000000000000e+02 9.067598778986808439e-01
1.170000000000000000e+02 9.062675055236314448e-01
1.190000000000000000e+02 9.058874218204259199e-01
1.210000000000000000e+02 9.056589117101347952e-01
1.230000000000000000e+02 9.056062602209082879e-01
1.250000000000000000e+02 9.055672354782676736e-01
1.270000000000000000e+02 9.055436114168339268e-01
1.290000000000000000e+02 9.055278627268511515e-01
1.310000000000000000e+02 9.054932399557678036e-01
1.330000000000000000e+02 9.054398950756986642e-01
1.350000000000000000e+02 9.053983759118020558e-01
1.370000000000000000e+02 9.053694116105550638e-01
1.390000000000000000e+02 9.053537432887205361e-01
1.410000000000000000e+02 9.053067661637170804e-01
1.430000000000000000e+02 9.052291532660206030e-01
1.450000000000000000e+02 9.051215459005131914e-01
1.470000000000000000e+02 9.050213821175858708e-01
1.490000000000000000e+02 9.049293430999680865e-01
