1.000000000000000000e+00 1.085941148995795968e-01
3.000000000000000000e+00 1.191676806161859892e-01
5.000000000000000000e+00 1.238454863893847513e-01
7.000000000000000000e+00 1.266191928996883709e-01
9.000000000000000000e+00 1.287353054579858380e-01
1.100000000000000000e+01 1.304898167131502973e-01
1.300000000000000000e+01 1.319925035112771150e-01
1.500000000000000000e+01 1.332979967661217513e-01
1.700000000000000000e+01 1.344486767948153139e-01
1.900000000000000000e+01 1.354738703696786173e-01
2.100000000000000000e+01 1.364069380161148093e-01
2.300000000000000000e+01 1.372481952193462806e-01
2.500000000000000000e+01 1.379920457406061951e-01
2.700000000000000000e+01 1.386415714788560294e-01
2.900000000000000000e+01 1.392008272076964426e-01
3.100000000000000000e+01 1.396882471341801546e-01
3.300000000000000000e+01 1.401191406103746706e-01
3.500000000000000000e+01 1.405037151552640529e-01
3.700000000000000000e+01 1.408474775246957300e-01
3.900000000000000000e+01 1.411636886860553330e-01
4.100000000000000000e+01 1.414515316018661872e-01
4.300000000000000000e+01 1.417069204170299246e-01
4.500000000000000000e+01 1.419290214935658989e-01
4.700000000000000000e+01 1.421162281531855864e-01
4.900000000000000000e+01 1.422718890340112230e-01
5.100000000000000000e+01 1.424082276603040320e-01
5.300000000000000000e+01 1.425172083251056154e-01
5.500000000000000000e+01 1.426037108296505096e-01
5.700000000000000000e+01 1.426884767329970050e-01
5.900000000000000000e+01 1.427730646199003584e-01
6.100000000000000000e+01 1.428579222506300983e-01
6.300000000000000000e+01 1.429428385143365343e-01
6.500000000000000000e+01 1.430130687882251728e-01
6.700000000000000000e+01 1.430739686121518250e-01
6.900000000000000000e+01 1.431273504799124296e-01
7.100000000000000000e+01 1.431769446233249754e-01
7.300000000000000000e+01 1.432316498086925183e-01
7.500000000000000000e+01 1.432901439886082873e-01
7.700000000000000000e+01 1.433538027692182748e-01
7.900000000000000000e+01 1.434070156814257757e-01
8.100000000000000000e+01 1.434502081004010998e-01
8.300000000000000000e+01 1.434858720419851519e-01
8.500000000000000000e+01 1.435152174910325762e-01
8.700000000000000000e+01 1.435384737904296104e-01
8.900000000000000000e+01 1.435584583406817050e-01
9.100000000000000000e+01 1.435832462795405551e-01
9.300000000000000000e+01 1.436133029446864384e-01
9.500000000000000000e+01 1.436371349743348347e-01
9.700000000000000000e+01 1.436536624492061875e-01
9.900000000000000000e+01 1.436626160835527966e-01
1.010000000000000000e+02 1.436736857484808283e-01
1.030000000000000000e+02 1.436865592732217145e-01
1.050000000000000000e+02 1.436871963305633715e-01
1.070000000000000000e+02 1.436760273410960798e-01
1.090000000000000000e+02 1.436661513765761233e-01
1.110000000000000000e+02 1.436574114698169202e-01
1.130000000000000000e+02 1.436491738363994131e-01
1.150000000000000000e+02 1.436413688730434624e-01
1.170000000000000000e+02 1.436321064198214925e-01
1.190000000000000000e+02 1.436121703027977148e-01
1.210000000000000000e+02 1.435795128388986930e-01
1.230000000000000000e+02 1.435381781391551481e-01
1.250000000000000000e+02 1.434916475518236423e-01
1.270000000000000000e+02 1.434339801976703965e-01
1.290000000000000000e+02 1.433655490918706032e-01
1.310000000000000000e+02 1.432932362224775824e-01
1.330000000000000000e+02 1.432171073043861931e-01
1.350000000000000000e+02 1.431433916760945779e-01
1.370000000000000000e+02 1.430843771445341472e-01
1.390000000000000000e+02 1.430333617822696635e-01
1.410000000000000000e+02 1.429874060450470052e-01
1.430000000000000000e+02 1.429472547526126069e-01
1.450000000000000000e+02 1.429132466102143173e-01
1.470000000000000000e+02 1.428886207401419695e-01
1.490000000000000000e+02 1.428696549253289927e-01
