1.000000000000000000e+00 2.802113697773163103e-01
3.000000000000000000e+00 3.321416584344247802e-01
5.000000000000000000e+00 3.541357737450328003e-01
7.000000000000000000e+00 3.652926301095176242e-01
9.000000000000000000e+00 3.722268679628046861e-01
1.100000000000000000e+01 3.772666333571227382e-01
1.300000000000000000e+01 3.813281941624772076e-01
1.500000000000000000e+01 3.848425974790291582e-01
1.700000000000000000e+01 3.880268622826746894e-01
1.900000000000000000e+01 3.909922110249665073e-01
2.100000000000000000e+01 3.937787851906990877e-01
2.300000000000000000e+01 3.964436190234083002e-01
2.500000000000000000e+01 3.990333077248372495e-01
2.700000000000000000e+01 4.015785546230585812e-01
2.900000000000000000e+01 4.040900599828688433e-01
3.100000000000000000e+01 4.065693118189913635e-01
3.300000000000000000e+01 4.090230432169018604e-01
3.500000000000000000e+01 4.114591793724116098e-01
3.700000000000000000e+01 4.138872525386846357e-01
3.900000000000000000e+01 4.163160308857767333e-01
4.100000000000000000e+01 4.187464245410950081e-01
4.300000000000000000e+01 4.211794772232754225e-01
4.500000000000000000e+01 4.236166846480750037e-01
4.700000000000000000e+01 4.260580220371502636e-01
4.900000000000000000e+01 4.285010554063610755e-01
5.100000000000000000e+01 4.309415212145056850e-01
5.300000000000000000e+01 4.333751057237240634e-01
5.500000000000000000e+01 4.357969405784750672e-01
5.700000000000000000e+01 4.382080301094178898e-01
5.900000000000000000e+01 4.406094673356953928e-01
6.100000000000000000e+01 4.430003672038348439e-01
6.300000000000000000e+01 4.453777030608572218e-01
6.500000000000000000e+01 4.477407837863811579e-01
6.700000000000000000e+01 4.500894463239966115e-01
6.900000000000000000e+01 4.524229659382693614e-01
7.100000000000000000e+01 4.547412684366283209e-01
7.300000000000000000e+01 4.570459915116307226e-01
7.500000000000000000e+01 4.593374034997925737e-01
7.700000000000000000e+01 4.616162485073438404e-01
7.900000000000000000e+01 4.638827643563503411e-01
8.100000000000000000e+01 4.661364176602003084e-01
8.300000000000000000e+01 4.683773088905094362e-01
8.500000000000000000e+01 4.706064158143582477e-01
8.700000000000000000e+01 4.728242985887290972e-01
8.900000000000000000e+01 4.750306285468732792e-01
9.100000000000000000e+01 4.772260965973927904e-01
9.300000000000000000e+01 4.794109602697931294e-01
9.500000000000000000e+01 4.815837316914598487e-01
9.700000000000000000e+01 4.837450315866173023e-01
9.900000000000000000e+01 4.858938021526736373e-01
1.010000000000000000e+02 4.880302517245292959e-01
1.030000000000000000e+02 4.901544896577810784e-01
1.050000000000000000e+02 4.922657414096631712e-01
1.070000000000000000e+02 4.943638673270454031e-01
1.090000000000000000e+02 4.964497010611677030e-01
1.110000000000000000e+02 4.985249208241533392e-01
1.130000000000000000e+02 5.005901576085625138e-01
1.150000000000000000e+02 5.026459094559647678e-01
1.170000000000000000e+02 5.046929785191540674e-01
1.190000000000000000e+02 5.067315443031185085e-01
1.210000000000000000e+02 5.087612548794357981e-01
1.230000000000000000e+02 5.107832044966049700e-01
1.250000000000000000e+02 5.127991709225070416e-01
1.270000000000000000e+02 5.148102401331544620e-01
1.290000000000000000e+02 5.168173666944653188e-01
1.310000000000000000e+02 5.188216177413108587e-01
1.330000000000000000e+02 5.208240374389814242e-01
1.350000000000000000e+02 5.228246081687666358e-01
1.370000000000000000e+02 5.248249819498533864e-01
1.390000000000000000e+02 5.268274007888333887e-01
1.410000000000000000e+02 5.288314427882669921e-01
1.430000000000000000e+02 5.308385730110616318e-01
1.450000000000000000e+02 5.328509614888466972e-01
1.470000000000000000e+02 5.348696604164696611e-01
1.490000000000000000e+02 5.368938641948688417e-01
